2.228519099278131410e+00
-1.552102693363009100e+00
8.594690660657302583e-01
1.254232118247121441e+00
-1.395743769982528693e-01
-1.605495443912589693e+00
9.220924737874279797e-01
-5.404720153273379069e-01
1.394618526558559335e+00
-1.076972690115680198e+00
-4.307560610444587934e-01
-6.116149198939654363e-01
-2.461989144466943669e-01
-9.790072722671621097e-01
-6.912655725581339228e-01
-8.306177088865182578e-02
7.623916599549958040e-01
4.177584829784907750e-01
2.506133559893462870e+00
4.410428789235467523e-02
4.852629034069357306e-01
-8.260857973884675465e-01
-3.786166283137956667e-01
1.902499645168314935e+00
-2.168101835192203786e-01
2.470342436103894340e-02
5.545089104332779906e-01
-1.308646113678203271e+00
1.293556965114363688e+00
1.364113879224467585e+00
1.520838299147284634e+00
-2.578964982238060699e+00
7.835562801199900118e-01
-4.526506694164577627e-01
-9.659396263251920356e-01
5.880292739851706862e-01
2.341686815407846733e+00
-2.441256460445603960e+00
-1.417779901231782103e-01
-3.836020674772908090e-01
-6.334027867152985936e-01
5.436387014817974928e-01
-2.576869206591099748e-01
1.491885728613395051e-02
-2.298475241104602218e-01
3.157565095380046594e-01
-7.590559622370053328e-01
-1.593006150462485393e-01
-4.325772047326050807e-01
3.352054895598761686e-01
-1.161435763957011785e-02
-1.616536275774204667e-01
-1.947155824398445062e-02
-8.601862493864928516e-02
-2.056060784602113944e-01
-1.039368383774369048e-01
3.851066893864732998e-01
-4.427938700390827154e-01
-2.877732799293938881e-01
-2.854793538854509261e-01
-2.769687347702188066e-02
-4.705441280764170037e-02
4.803815669049316672e-01
-4.026071058216740273e-01
-1.457812983410429752e-01
-1.025077166034934623e-01
-3.842915807903023867e-02
-5.462412255067174982e-01
-6.828130033317125758e-01
1.061243225438859294e+00
-3.165294925846509622e-01
5.127460843972843352e-02
1.503592449004673426e-01
-3.384124904110054621e-01
-6.573737958116901980e-01
-3.121517601802556441e-01
-7.419656551869768801e-02
9.862010652284995682e-02
-9.822654133544936883e-01
4.034283207380260361e-01
-2.917192889689445776e-02
3.233775702231418414e-01
-1.398163022063683592e+00
5.456225933586517779e-02
4.819579452622457238e-01
1.504910528449135698e-01
-4.146484089438495779e-01
-1.036727726373267572e-01
3.061112344004935926e-01
3.668366848976655215e-01
9.253126325246677220e-02
3.526553045981135059e-01
-6.576628222947276947e-02
8.181714639340026407e-02
8.957688753323070352e-02
-3.682305032552059543e-01
3.798158035087590978e-01
-9.798937258867836952e-01
-1.176559202412780447e+00
-7.449493608118746835e-01
-4.018931689512645899e-01
-1.332796792266846032e-02
1.401595207262910370e-01
4.934924168642760428e-02
8.137802592154934345e-02
1.415892912494721989e-01
-1.242855847643987988e-02
7.552618934689733776e-02
-2.506351371003022743e-01
-1.987013245794367333e-01
1.517324681769088857e-01
6.622825151419415787e-03
-1.624334037720784607e-01
-2.411202853258853640e-01
-1.171644728392807616e-01
1.882456255924648270e-01
-4.019383356791069173e-01
-1.227161324726109976e-01
-1.093260772015643145e-02
-2.419689089164599738e-01
-1.701732892278686182e-01
-2.634180955672238422e-01
-2.275568622068002145e-01
5.092140964764068078e-01
5.419256150091161794e-01
3.089274006979043086e-01
-4.383395453456952473e-01
-5.043622089494180782e-01
4.691819202951942880e-01
3.846031725972698379e-01
1.775039358465819173e-01
-8.212178303863129081e-01
-1.254383986824158248e-01
2.326005992804202338e-01
-8.862213951336334050e-02
1.713730260307585740e-01
4.652231471253932549e-01
5.452782302172862888e-02
-1.251945534136910398e-01
-8.210838508510422129e-02
1.103093953417343953e-01
-3.889323768560876138e-01
-4.494735823726376811e-01
3.629899067371283178e-02
-2.201445700252537829e-01
2.802067372329370420e-01
3.017059454738920538e-02
3.948302474951255296e-03
1.911410714828254420e-01
-1.180714827040804937e-01
2.740469458648491646e-02
-7.963526797124465678e-03
-2.172430662794316847e-01
-2.817725503928474318e-01
-3.433628209808983200e-01
3.984092146816480828e-01
2.747490946582468174e-01
2.760608883398078459e-02
2.370444179480033289e-02
-3.784396439786999466e-01
-4.786174041746767832e-02
2.336294856973117617e-01
-4.547253062251030431e-01
8.274173613671242933e-02
1.877519833357276513e-01
7.266875176658493807e-02
-1.356493750891273053e-01
5.767159909549513831e-03
3.110854499432681441e-01
5.766463856592869003e-02
-2.875024630709127060e-01
-3.371260547568392663e-01
-2.997875557645622302e-01
-3.037279668558542367e-01
2.373058899925284404e-01
2.654122316808841808e-01
-1.274396890601329491e-01
-7.307929713626603041e-01
-6.062673695493532300e-01
-5.114926395837302575e-01
-1.215476573065095017e-01
-3.879197624586231408e-01
-9.951171331064186942e-01
6.300591933088212082e-02
-6.227196406083479463e-02
2.050465561383966184e-01
2.015034169096664995e-01
3.115929961080486366e-01
3.645794876395549999e-01
3.739249810336140456e-01
4.525596936117037283e-01
-9.234711613660103249e-03
-2.205664864820384430e-01
9.255788351282502602e-02
-4.691097692396314217e-02
-3.998324704074572578e-02
7.078864291715528112e-02
-3.054633725397506994e-02
-7.852032088505480623e-01
-1.597977477765416196e-02
1.559997732254143898e-01
9.906303419201048510e-02
1.452285071106305392e-01
-1.770570409148745916e-01
-3.303296306116179637e-01
-1.475246947409907528e-01
3.737524153858803183e-02
-1.777345752604193863e-01
3.788402440708524277e-01
-2.283266276924367233e-02
9.739783472390815822e-02
-1.555551268286406441e-01
1.195553657797525648e-01
1.070540895984244539e-01
1.384304816245947867e-01
-9.263887772242728261e-03
-3.595666938737092644e-01
-4.828122084773135980e-01
2.790729015550184045e-01
-3.326127182033001284e-01
-4.972473400317079517e-01
4.483889891870070921e-01
5.666029253949332878e-01
3.670192184879654262e-01
2.223115063200080954e-01
3.067483107760592478e-02
-7.697501336277842721e-02
-7.327680912340883701e-01
-1.090140374184832783e+00
1.260737432157814419e+00
3.606998639355316616e-01
-6.231328458718354835e-02
-2.174988761690381800e-01
-4.773565052804366188e-02
-9.447218620935485811e-01
-1.309928601312865537e-01
-2.643064679626841995e-01
4.671909479247003671e-02
-3.045728421823947207e-01
-2.232007527978240591e-01
-2.237633735430038032e-02
2.806780008250673863e-01
-8.822435973371175466e-01
3.456021004928993001e-01
-1.982409633056875786e-01
1.830098759274670084e-01
-2.289571052571137133e-01
2.210608926653436224e-01
2.252604952994812781e-01
1.480605777320100902e-01
-1.068862984656017978e-01
-2.894103860343057999e-01
-5.193257867841227782e-02
7.416108526731693407e-02
2.425240781159032910e-01
-1.078247071510963079e-01
1.328914293412721548e-01
-1.000643167067541590e-02
-7.241627409646003155e-01
1.191655884920187897e-01
7.953405577180197583e-02
2.135256071058484750e-01
-4.479821715950442762e-01
9.287630464570346966e-02
-1.721988800878442860e-01
1.181596920430539877e-01
1.239333199836758076e-01
-3.977922291762969187e-01
1.165770496925663674e-01
-7.527554915796758062e-02
-1.317930628064547804e-01
-2.826892504075496082e-01
-5.901924794137650143e-02
3.534167973773415516e-01
-2.839683843527146534e-01
-2.441200041760268127e-02
-1.966048995316094783e-01
-1.641687843261412372e-01
-2.872790705450419813e-01
-8.333086629152873515e-02
-1.470067782201759932e-01
-3.183632210254809247e-01
-6.909102872962429032e-02
6.161944600302552560e-02
4.784128165274904171e-02
-2.083165971459464971e-02
-1.586924679987448406e-01
-9.600495061865589319e-01
-4.547852010222712127e-01
2.418497790794380820e-01
-1.064071102305728544e+00
-2.330128202916074698e-01
7.440373462509808355e-01
-9.389944235843025178e-01
8.305772914775956528e-02
-3.082273868624458846e-01
1.408435669544749191e-01
-2.845173655474126928e-01
-2.313719163806432499e-01
-8.001519574236984900e-01
-1.001326332629469962e-01
1.418621395323538814e-01
1.082250075287417845e-01
3.247652877595162690e-02
1.346431615281158123e-01
2.094524465614557018e-01
2.925739340205629757e-01
-9.492079027848965289e-02
-2.053628774345240063e-02
1.076028141540319727e-01
1.079168985258578406e-01
-1.027035688191960394e-01
-1.473615845924898804e-01
-3.756107587407538778e-02
-1.570447138486939509e-01
-4.756032356500252689e-01
3.837950225075954513e-01
-6.390889736295381207e-02
-5.524595822954060653e-02
3.296038214806976813e-02
-1.224364751928927603e-01
-5.860935379869799261e-02
5.434388680093847901e-01
3.017462270898043641e-01
-7.791537166602864606e-03
1.796720599636012494e-01
-1.995791241867398425e-01
-9.203288239836743267e-01
-1.017335400964839431e+00
3.532999304180380329e-01
-1.402084132423693785e-01
-8.075985617131471450e-01
-1.885957128748250722e-01
-2.100552428576921496e-02
-5.655054136493217198e-01
-1.795421574683813415e-01
4.995173435026727393e-01
5.526183378431257509e-01
3.818236808354716350e-01
-3.933144557339652847e-01
5.420871531674490429e-01
2.327673641166329299e-01
1.042204567388134023e-01
-1.902074722525197437e-01
4.853084779212406552e-01
-9.600040430382097978e-02
-9.743355290688700265e-02
9.108373959386671659e-02
-8.734358432395984695e-02
-6.412962150005836748e-02
1.521652591075080552e-01
-1.843757406679980282e-01
6.700828193773238073e-02
3.919746958234168743e-01
3.268140056515115438e-02
4.930935737896963850e-02
1.091348607588192160e-01
-1.399784426811885585e-01
2.148149142205816597e-01
-3.312119638850302000e-02
1.249938803083710907e-02
3.176470619594428113e-01
-4.008545460938490318e-02
2.908927482086242078e-01
-8.459938805532424277e-02
-1.276406351585454568e-02
2.891133815616223623e-01
5.670161766835791761e-01
2.869917852488705970e-02
4.599208941527211381e-01
1.284081030832624204e-01
-1.520619305913473440e-01
-5.875489340029760310e-01
3.549820539284818249e-02
7.214509519911818103e-01
-3.017992393641030779e-02
-1.358363613617458998e-01
-4.093241728146557179e-01
-2.595809959252819987e-01
3.322909876245178640e-01
-4.326168998054682469e-01
-7.248523232982403419e-01
-9.547133704896606510e-01
4.245227358149446517e-01
-2.819333942269776627e-01
-1.779507987657846790e-01
2.790362843769660373e-01
-1.460196904853595934e-01
-1.477571064099261235e-02
5.512549048283892361e-01
6.447154220633024568e-01
-8.796373057716851962e-01
-5.664460715947035041e-01
6.898152190783402027e-01
2.836366319898543376e-01
-3.504692849429644763e-01
6.125737746769887027e-01
-1.425301694445602063e-01
-4.372923272005926343e-01
2.909888173936594005e-02
-3.523231705084401422e-01
-7.227111956418888483e-02
8.600602842563506156e-01
2.925039573305284191e-01
-4.248933159005477411e-01
6.503781690740436661e-01
2.477645858074691565e-01
-3.830673893308417788e-01
-7.723174291819595583e-01
-5.999644438578609629e-01
-7.400655093357283443e-01
3.645696306188369040e-01
3.878939104358898327e-01
-4.413029894408553866e-01
-1.726276934124350848e-01
-1.634253765780650444e-02
-2.109036558034478315e-01
-3.600100733983203072e-01
3.852919095209734190e-01
-2.270192519148510057e-01
5.109162785819076902e-01
5.828074546713534615e-02
4.334804067623168056e-01
-5.234733813862976239e-03
1.600219137409873704e-01
4.222213734562185738e-01
2.385463366189891077e-01
5.899437561521203577e-01
8.260543937526269032e-01
2.377395639735979394e-01
1.731295850150361970e-02
7.795862148596073293e-01
-3.854073194015789766e-02
1.998385684796954442e-01
9.077326622234692388e-02
1.798290910665847619e-01
2.259017744233945413e-01
-5.328136837465528020e-01
-6.868794101295558896e-01
1.024134517222806906e+00
2.371874787544778207e-01
2.385967378893738278e-01
3.196552746037241710e-01
-2.960318951671551124e-01
-2.278134784084914766e-01
1.475995326788145101e-01
-1.846250225858886429e-01
-2.118918876171442811e-01
1.627124143621810626e-01
3.346510223963113373e-01
2.426386786377204563e-01
-1.033391407348616120e-01
2.565610484807783961e-02
-1.724037010256655733e-01
3.468280888665875583e-01
2.850648661095526171e-01
-1.617828063603080346e-01
7.704604751086445713e-01
4.973471711711139331e-01
-1.106933686415799006e-01
-9.881580928451569323e-02
-4.029580717358388631e-01
-3.079736983795572924e-01
4.379707082623776615e-01
-9.836758106479111252e-02
1.965696008147630180e-01
-8.198421035579216143e-02
-4.019860105983938392e-01
-2.443149956491885710e-01
-1.538706292200255066e-01
3.192395964285332788e-01
2.294706919210891816e-01
2.260282678348410068e-01
-3.575350639334138325e-01
-1.387755358087689184e-01
-6.066690726644027171e-02
2.117387042779079465e-01
-3.988362957345842341e-01
5.058958808275159091e-01
1.361135347215501785e-02
9.583818735020811774e-02
-1.038792333934624723e-01
5.918837465911660489e-01
3.472580740134920685e-01
-2.479432973342258206e-01
1.825065398620346890e-01
-1.325333959572495279e-01
3.450178485437476600e-02
-2.092748743650481580e-01
4.840734876299319644e-01
-6.428167710361675224e-01
6.150256424069551198e-01
5.107090397599004516e-01
-3.350516141341197858e-03
4.379611659187623296e-01
1.973998750445001282e-01
-1.800332738367443342e-01
2.884739527397910397e-01
-6.780356401546380751e-02
-2.698177943449245331e-01
3.692799602835920569e-01
-3.179298871092909318e-01
2.922112027082897634e-01
-1.063503437421383369e-01
-7.148750434307130641e-01
1.892535773786743758e-01
3.892912825272280830e-02
1.980949217540175708e-02
-4.409578489446196459e-01
-1.708869278974880224e-01
-1.616363582542826582e-01
6.695667229016647459e-01
-2.516928760880204341e-01
2.236142099234086356e-01
1.335494956214462181e-01
-2.017685566510583062e-01
-2.292380023298765945e-01
-4.540446470574311354e-03
-7.844238919801788112e-01
-2.318584755851361978e-01
2.011882498643501882e-01
-8.488558728221921867e-02
-3.490871095545179381e-01
3.966098100588250075e-01
3.528128452581431596e-01
3.107386652419178996e-01
7.503158376246948924e-02
-2.241715068287608026e-01
-6.470968867296311711e-02
-1.025025596962037683e-01
-4.307019843634746908e-02
6.550715454531107484e-01
1.469086371420793846e-01
-2.478692634916823123e-01
4.451894228300921630e-01
4.060152854525286847e-01
2.938769115956392231e-01
-1.631670200057953185e-02
4.049222025420475823e-01
1.267023496586358045e-01
2.850576378966123564e-02
-3.065489988659437226e-01
-3.156409873589567372e-01
-2.528187249717252505e-01
-1.069917712393126663e-01
-3.670272875332677293e-02
2.741546646109558338e-01
-2.889700791452866069e-01
-2.472622585853787303e-01
-1.074525630877331689e-01
-1.094723823314515954e-01
3.429990956465576168e-01
-5.473746725685362247e-01
-3.856036849022494994e-01
2.109180691855183920e-01
-1.600103134270463578e-01
4.235365836721196597e-01
-3.530272985108678235e-02
-4.615886217754723853e-01
-2.939252189728036035e-01
1.817317706697473279e-01
-5.887304172034880656e-01
-2.615632579842969707e-01
-6.797182108464623340e-01
-2.555533478321895258e-01
-1.471920917679991545e-02
-3.843130168653222101e-01
-2.109130322789801726e-01
2.336731265846365632e-02
-4.301820424799051579e-01
1.000462615395061733e-01
-1.355445298240597896e-01
6.542273773122504466e-01
-1.015767432018104405e-01
-2.458506152676599166e-01
-1.710786257170060776e-01
2.083379276869283883e-02
3.091959896041855393e-01
1.707542043541093457e-01
6.618838068100212080e-02
6.733259143125547297e-02
2.421101947553817302e-01
-3.879731532107049685e-01
5.211973555537186692e-02
-1.208680302940321749e-01
1.251409115086900004e-01
-1.003576770585576546e-02
-5.361106345712424170e-01
-3.755793321898392434e-01
1.903184993435527717e-01
-4.171091637074903283e-03
2.590137639771494804e-01
-2.483584016788410176e-01
-6.940331356835599541e-02
8.629459555050603137e-02
1.211712223385147391e-01
-2.598700890831693866e-01
1.121989014628105123e-02
1.087647215214381236e-01
-2.963600318835407643e-01
7.405578709585154684e-02
4.403092444621281576e-01
-1.785312879978926126e-01
2.120593859272972004e-01
2.683052353449372762e-01
3.049151836623503753e-01
-4.890704250719517532e-01
5.184000944517852538e-02
9.479620703187609243e-02
-1.599300307547204814e-01
2.895366407744709991e-01
-1.716866134654710385e-01
-1.646473533388211896e-01
-2.150415899707815992e-01
1.845194729464915140e-01
-3.059982274636645697e-02
-3.623473237887461090e-02
3.591256962535754327e-01
-3.548191013786373971e-02
-2.740145247570787701e-01
-2.693599124215156349e-01
-3.136312740700776813e-01
-7.342643862641087815e-02
-2.163706090147540506e-01
2.029922287657264512e-01
-3.644559468639684829e-01
6.596674551788118956e-02
3.626125634525841912e-01
3.101709054468384519e-01
2.598774161924002901e-01
-1.937307464369016352e-01
9.617824688819631707e-02
7.623352525050163253e-01
-2.955184896707446218e-01
-1.496621030961755860e-01
2.417966612436053819e-01
-6.602532979852034911e-01
1.478786379299533715e-01
5.245361560524838263e-01
7.409282159176526494e-02
-2.656087616728500800e-01
-2.464930092078055079e-01
-3.022532434378572552e-01
-5.432127455351575679e-02
8.730244684652567477e-02
3.686115162490403163e-01
-1.743411030640500958e-01
1.493722372539458276e-01
3.032133824537162209e-02
-3.069287924014000787e-02
3.947683880737172246e-01
2.817778953484277316e-01
6.814601658718832944e-01
-4.495449348890217522e-01
1.389396622318406771e-01
-6.655623988328880636e-02
-1.071700463101238204e-01
2.244319605661658241e-03
1.708816383462390120e-01
2.549150425335451331e-01
2.297467557414477890e-01
-5.156246960459278522e-02
1.424676033571420919e-01
3.300418204763725522e-02
1.375444161805769450e-01
3.255229943468392895e-01
-3.890688266036548826e-01
-2.401081791235910312e-01
-3.000892312700119691e-01
2.745040738264593605e-01
-1.968340319339716704e-01
-5.090907864493631196e-01
-5.444883335922595657e-01
8.602964949132718697e-01
-1.549743648249084227e-01
-2.749743803807619402e-01
-1.092317939310887692e-02
-1.060342949726498785e-01
-8.486226438336958999e-01
3.908678857983312049e-01
5.768723844845233262e-02
-6.844639112264184755e-01
-6.854251097965086137e-01
-4.744581103733866989e-01
1.204229419754326152e-02
4.295064088915486744e-01
-2.768334323134803432e-01
-1.803216857171587029e-01
-5.715664402694844298e-02
-5.144119219670464371e-01
2.096380413145919053e-01
-5.149702667622088059e-01
2.785334585321851963e-01
-5.392581255556280206e-01
-1.806541834951002901e-01
-1.777149456105613368e-01
-3.634298581075847689e-01
-9.407797075741740345e-02
-3.453764451619364961e-01
1.855110399024786083e-01
-6.225473167780760930e-02
3.087359207771325220e-01
-2.872633288368625082e-01
1.040743926166737943e+00
-1.349123114243249155e-01
-3.753516213429818893e-01
-7.821051442198073689e-02
-7.390586592852310677e-02
-5.559102022176069802e-03
-5.269811899434412306e-02
-3.430608772381226190e-01
1.176715891270680298e-01
6.386522625092972971e-01
9.817738905570702057e-01
-1.211701901413510946e-01
2.102948234160411933e-01
6.392523184474517561e-02
-2.560544309762202153e-01
2.386651242864125666e-01
2.699301004224763934e-01
-2.657694850534427777e-01
2.728358828142722903e-01
-3.479758918573694904e-01
2.371640195707615251e-01
-3.536410193789979450e-01
-1.070016784184562864e-01
2.149187882492480939e-01
-6.899924463645523698e-02
8.250583089419147309e-02
1.787684969252939238e-01
2.799835672436113421e-01
3.390263607561322390e-01
-2.293079916331708934e-01
4.849378940360243168e-02
-1.746394274987594364e-01
-5.915769097006712274e-01
8.811836334858517972e-02
-1.786766032153951911e-01
-2.492795273699477121e-01
-1.224807534981107171e-01
3.401351892266167853e-01
-1.867172084884253513e-01
-2.831519307289246945e-01
-6.875733497456408549e-02
3.966173256739281144e-02
3.541462315294966468e-01
-5.677302246893286414e-02
2.441966761652436535e-01
-1.007588124181403762e-02
1.133966986439539134e-03
3.726222600253975004e-01
1.860619362003649094e-02
-1.660143170385601843e-02
-3.301208804190884916e-01
3.520910596745196464e-01
3.862295754382318869e-01
2.672662657220803775e-02
-2.942006718225257389e-01
-4.524466994931903852e-01
-1.358123938058414526e-01
-6.653507156012986035e-02
-4.975145382403845518e-01
3.527544175595751508e-01
2.445065174165407806e-01
-7.321480447806565095e-02
-4.787646587055535696e-01
-1.101482388801398454e-01
2.917616602144044724e-01
-1.155568642089592202e-01
3.601796509165036131e-01
-1.308328378004153247e-01
-1.930352605909546049e-01
-1.097511095262806019e-01
-1.553853865034551807e-01
-1.916398572533985767e-01
-8.091695802876200730e-03
-4.547706357016272904e-01
-2.830807741910507797e-02
-4.324873273387542794e-01
-1.299710059190661016e-01
-3.054880027098678674e-01
-1.149048369791876023e-01
1.827849287780372867e-01
1.161979259447729479e-01
1.121251851035140190e-01
-1.556239462327097256e-01
2.552418181871621838e-01
2.919311287539353220e-02
3.692128831208459916e-01
2.865571166402484660e-01
-3.236435461681027442e-02
2.426743403446065817e-01
4.492486400837612526e-01
-1.060044431824802152e-01
-2.041552870471168013e-01
-2.761421939114218002e-02
7.887809587096727970e-02
9.206292584164992021e-03
2.092290186285825637e-01
-3.213163548925931368e-01
6.666669639001000791e-02
-4.882269890869461171e-01
-2.219452793601985052e-01
-3.182233122423184790e-01
9.516956994295276695e-02
4.719804865363976809e-01
-7.110599536484980554e-01
6.699159646891619246e-01
-2.024472004224105171e-01
-7.853132884411535564e-01
-1.822400849247972909e-01
-2.296027996188936549e-01
-1.061185448903283896e-01
-1.326976990960914704e-01
1.421768912285954478e-01
-4.823733410159358748e-01
1.895028540319129706e-02
4.551293060416300440e-01
-2.668767766671587549e-01
-3.699748293439251712e-01
1.047122307839325889e-01
1.498124439531257068e-01
5.331501103152719301e-01
2.554317710824454690e-01
9.081821423759751932e-02
2.834144931288920533e-01
4.540947394138933890e-01
-1.972609456282509999e-01
9.167028893671029521e-02
2.907269486818874760e-01
-2.248865600730758085e-01
2.744717286094500164e-02
-8.067813641951991910e-01
-2.213821014643375662e-01
-1.571222869406891931e-01
-1.239230498209878684e-01
-1.025976865953849709e-01
-4.666606610728669113e-01
-7.324867038129544428e-01
1.404035581711200742e-02
-4.145118505745387649e-01
-4.437916828267969849e-01
1.540598442770047261e-01
7.488429162199936595e-01
6.633782529262863825e-01
-1.751573029234289036e-01
-2.283463767333960559e-01
8.313989337269736546e-02
3.041976721490895208e-02
4.588406807827165035e-01
3.164172815356869339e-01
-5.192440694998967654e-01
-3.854299718901740834e-01
-5.547261116090881211e-03
7.891172352915105936e-02
-8.861409376685477901e-02
-3.932869339429965194e-01
1.733250023731995257e-02
-2.552032038518782797e-01
5.200069711483977786e-01
2.198419431109530919e-01
-1.057991016674610651e-01
1.064744614939494849e-01
-1.289031809702393672e-01
-5.326826188489324210e-01
5.640146801325871539e-01
-2.081531754323426298e-01
4.621557017315070515e-01
2.699150074093639717e-01
-2.988066658402939169e-01
4.000839303015996662e-01
1.365089233222997467e-01
5.942086008947293774e-01
-2.436078687358758932e-01
-7.955306540330364662e-02
6.454471851830805296e-01
4.305684439932014156e-03
4.160591375701176431e-01
6.097544778925442222e-01
2.957899336898182074e-01
1.823855113172473952e-01
-9.265228858576073090e-02
-3.505032689324926731e-01
4.220125896352404371e-02
-5.754309138573038274e-01
2.571417934218695467e-01
-2.830545660998046165e-01
-3.760694487233033900e-01
-5.571926945009742817e-03
-4.776765669028595895e-02
2.735647907832970682e-02
1.203117258761099012e-01
-2.453325203542170221e-02
2.197114247196285397e-01
8.791609966379744165e-03
-2.895702848559796316e-01
8.622245111048654209e-02
2.273277303427461218e-02
-3.058533749366056376e-01
-2.251129177278164417e-01
7.620182909110490010e-02
-3.060991340056715138e-01
-3.933685468437390573e-03
-1.494601084503360267e-01
-3.704007894316609928e-01
2.538870484855694221e-01
-9.188664291060548439e-02
-4.022453338796732614e-01
-5.039005669578651148e-01
1.082037244966334993e-01
-3.338303256082575943e-01
2.788619810152960232e-01
-1.286756961077887840e-01
-1.948111093425248797e-01
-2.298496138626037466e-01
2.077168209251044340e-01
2.924604328384412533e-01
-4.598027564478954221e-02
2.141507504525415329e-01
5.885712156035816794e-02
1.223053955415207006e-01
9.489679181930719964e-02
-6.443551740969295782e-02
3.280353490706823250e-01
4.485017049116673538e-01
-1.069803147861690396e-01
3.003112033849570928e-01
3.543799026320160195e-01
4.250887331256702484e-01
1.074461853896777758e-01
4.674384744339454834e-02
1.163846460282119966e-01
3.881826665688784539e-01
-1.214653228443808297e-01
1.170802785505672544e-01
-1.586561965769249793e-01
3.322003890345665011e-01
-4.847724729919345998e-01
-3.518166300230856636e-01
-2.838958619708995545e-01
2.002845811092782147e-01
1.915714743714888035e-01
1.461383378452194848e-01
-1.979844087292103316e-01
1.228739771478350590e-01
-7.275398398583406145e-02
1.902633098748912344e-01
-9.372315643200608559e-02
1.145235714500534852e-01
1.540475647450268160e-01
-7.373605612275101195e-02
-1.865756683609380573e-01
1.926224832071189719e-01
-6.512036737510562556e-01
-5.056035471926859648e-01
-2.874780352159565511e-01
-2.365921607345823283e-02
-1.402030205289127029e-01
4.270372258280056427e-02
1.058854469545267990e-01
-1.839096388531586135e-01
1.991804744148592266e-01
1.125642508676395898e-01
-7.797394428906284647e-02
-1.189910029906487837e-01
1.656932898115648367e-01
-7.179631788388175784e-02
1.650662708068802165e-01
2.596914235353202094e-01
-3.270855374015496086e-01
3.930837221873001996e-01
-1.875936205174513205e-01
-1.409561671861507548e-01
-4.357952473587510256e-01
-9.304051465329839579e-03
2.824251107051843346e-01
4.617022030511047093e-01
-7.378757215390355784e-01
-1.465320306940750827e-01
3.959727450828817719e-01
8.711614558197368352e-02
-5.820325980822625700e-02
1.986189106562782358e-01
1.406783965046959073e-01
-3.555191179225175024e-01
-3.119630079601538597e-01
2.438834846527043465e-01
4.120937834509809661e-01
-3.525009414950607267e-01
2.714864725978636817e-01
2.798142032683252900e-01
-1.894125660378631337e-01
-2.599151465502125835e-01
-6.174260792702220696e-02
2.442725190805859065e-02
-2.195060350489079215e-01
5.908820737165529358e-02
3.079109166993657110e-01
-1.196986565180533646e-01
-1.533981097640509939e-01
1.582268642806339554e-01
-2.784160961600744555e-01
1.675345409757064696e-02
2.949960773410216230e-01
-1.684339271350560330e-01
-2.314205760171033355e-01
-4.952047327565535229e-01
-2.527488090434479862e-01
-5.733315908935269350e-02
-2.078184897448985546e-01
-2.824180052393759910e-01
-1.259393038710566459e-01
-8.617776310154053043e-02
1.471665333744613946e-01
1.808255521394520615e-01
-4.819018914277394816e-01
-3.244047986214585594e-02
2.798251414309657070e-01
2.534538363277016870e-01
4.748670594029236885e-02
-5.118982820462038008e-01
1.700057428582997243e-01
-3.009653644754761159e-01
3.213179821387565083e-01
3.119705870265286340e-01
2.068793630049184720e-02
4.047239813355447691e-01
4.048927846640437700e-01
9.833821761586511445e-02
-2.289029524110624825e-01
1.357378000319090783e-01
-1.145637368046454642e-02
1.824519210522809742e-02
3.159786027819813103e-01
5.066675768057296581e-02
3.386370485576818429e-03
2.826887533623410054e-01
-6.868732112966322578e-01
-1.707106820806680303e-01
2.974706297008772315e-02
-1.381529132479569488e-01
-4.029454164767870550e-01
3.248763299935906734e-01
2.438997816209304698e-02
-1.099903019782876995e-01
4.144433961402518851e-01
7.562576795444711508e-02
-4.576092789075472678e-01
-5.118253351153223552e-01
3.735390627177860301e-01
1.227238174157548184e-01
-1.669620464899646273e-01
-2.619995489477560113e-01
-5.421375317423460932e-02
-2.550239541116146591e-01
1.781359524843772191e-01
-2.034160685860033346e-01
4.827432251247744666e-01
3.043424989648438328e-01
5.510024373957594923e-01
1.900620352765545196e-01
2.961694453201912380e-01
-8.433763494773516278e-02
1.617692461115593783e-01
2.273322152303828073e-02
-1.893012279430495715e-01
-6.623581751990445521e-02
2.861254329923850204e-01
4.593478924314297468e-02
3.709676516846633909e-01
9.743445824081077566e-02
-2.108238636965292234e-01
-1.093958131209779999e-01
-1.034103442685893187e-01
-2.024736169371659997e-02
-1.397706100870047263e-01
-2.059794101762236485e-01
2.522338257039445919e-01
2.491544385567664305e-02
-4.928472648327718031e-01
-2.632032908893078282e-01
-1.228927491237881420e-01
-5.073497765512355873e-01
3.345459280437057537e-01
2.566225866638085495e-01
2.437622128949150646e-01
2.141590220895722985e-01
3.654652009341886887e-02
4.327741157672588268e-01
-6.344831376201577611e-02
3.772349019112143931e-01
1.697476305551504083e-01
-1.493159901409241708e-01
-3.280248467815120583e-01
-4.648631060624405092e-03
2.835093745828291545e-01
-6.971303334329778667e-02
-3.260111133461737198e-01
-2.671686714877624103e-01
1.211176999945487269e-02
-4.769067458694310063e-02
-5.237744015426462618e-02
2.050738672090172965e-01
2.788109968641671044e-01
-1.825401623894669922e-01
-4.567667246049699759e-01
2.330201557098423859e-01
-1.922207017017314445e-01
9.022377130817742230e-02
-1.065677279008929307e-01
-4.071188709001778983e-01
-3.695930140845329337e-01
-3.750790036968055796e-01
4.557335322047061793e-02
2.004889359928587744e-01
-4.584662896996135606e-01
-1.618736936717714847e-01
-7.713326652573647413e-02
1.022513280261491408e-01
3.463092324087388429e-02
5.946957077927865765e-01
7.413100983231650509e-02
3.931543321726220785e-01
4.792549224807768349e-01
-2.014497435127554914e-01
-2.351552743090693388e-03
-1.752309081214100950e-01
-8.186706752416289534e-02
-2.759911498948786068e-01
-1.611564001602549534e-01
1.178285061925635480e-01
-2.276670248153047846e-02
1.044281198851210180e-01
4.926676788471561208e-01
2.426073348440657418e-01
-2.490967698756775262e-01
1.823942242074912679e-01
-1.636708649209868693e-01
-5.106566927058765470e-01
2.246566886352260317e-01
4.997795346953261553e-01
-5.421660034415406448e-01
6.524518289835373741e-01
-2.425037783275869885e-02
-4.532260618994458090e-01
-4.341128924441809978e-01
-3.134334485628065825e-01
-5.959005017038247753e-02
-1.305167479627784288e-01
2.549743431004624084e-01
-4.603862994109081397e-01
-4.912449633004289384e-01
2.669912512433454954e-01
1.800499907817736667e-01
-8.943189413362942486e-02
-1.827403329373727126e-01
-4.882733077795547438e-01
1.020531637372674938e+00
1.202432281138541004e-01
1.705230455776744758e-01
-2.918245187176741751e-01
4.761242361920103860e-01
-3.716716571380927481e-01
1.056700954523156627e-01
2.895120415734750430e-01
2.644021742958332366e-01
3.758270609796942052e-01
6.030146530936854321e-02
4.136731801099566286e-01
-7.625924209006813836e-02
1.621664368256210409e-01
-1.754749237786626219e-03
-1.175382211616474298e-01
7.291633633491553801e-02
-1.488675197448819376e-01
1.279707194814981852e+00
8.322603062965625020e-02
-7.586143882282946338e-01
-1.210188172542316365e-01
2.607875872983692611e-01
3.875440020046726219e-02
7.506072311134365238e-02
-1.412959567921326723e-02
-3.512861203964935952e-01
2.539216429353893800e-01
5.228400321894880604e-02
-1.785616463143838237e-03
-1.227968432516549496e-01
-1.402829904387588034e-01
-6.353715975578405617e-02
-1.306975872850927589e-01
1.628531408348035947e-01
-2.687668150763037334e-01
2.121872149516026984e-01
-1.512768752952094176e-01
-3.288592311023101900e-01
3.999976320029959842e-01
-2.591002314256485306e-01
-4.090010211566414977e-01
4.619408221397830472e-02
1.298563813650901178e-01
-8.159078396168598091e-02
3.202370632900380931e-01
-6.903883896791565035e-03
-2.009011964642099246e-01
-1.043082568736450610e-01
8.722014083434272147e-02
5.681072752554938016e-02
2.974925726512329116e-01
-5.636572752125309366e-02
-1.616410756336348065e-01
-4.288024751523851763e-01
4.268146075640212311e-01
-2.517522197936673117e-02
3.153676159916075639e-01
2.855741847752924500e-01
1.369058928435079314e-01
7.791244190465521635e-01
-1.331450129072808408e-01
3.250401740205471346e-01
-2.014818904253660448e-01
3.656907815025736003e-02
-4.946502540177348806e-01
1.374661131604470732e-01
3.786573326601496148e-01
-1.362675860408560091e-01
-1.005438445639213751e-01
-1.916626015252493320e-01
1.527824094746020878e-01
-2.316681662082036575e-01
-2.796208175049611500e-01
1.450286922492130259e-01
5.077881346672569185e-01
3.847810510310973875e-01
3.639930719088051991e-01
-1.744255624396577609e-01
2.831977869435883810e-01
-3.557396868609918883e-01
1.955956250181477840e-01
3.160143084120140000e-01
3.082452506549083204e-01
1.485391266621592099e-01
4.037039303904850218e-01
3.186459900263659550e-01
-1.714758242932953591e-01
-9.021512433093217820e-02
-1.673797825161750519e-02
-5.823834181543987437e-02
1.442828634989509751e-01
5.294068386715710117e-01
-4.103740379967279472e-01
-2.218148508171208233e-01
3.541190306664814685e-02
6.417075159377451377e-02
-4.263398674862852594e-02
-1.917199567532140159e-01
-4.109609747127692114e-01
1.400071932671483332e-01
4.460912512884063902e-02
-4.149399522383593331e-01
7.446190865417483540e-01
-3.010833041621307493e-01
7.716995966919587557e-01
1.496781520156331979e-01
-9.478348410646912636e-02
-1.876248801890593731e-01
1.481045331919686181e-01
-7.118591090524516163e-02
1.509088192777963133e-01
7.398751268972623141e-01
-3.132538314574588312e-01
-2.435939352036083361e-01
5.766617800149107520e-01
-2.856527186789929451e-01
2.237546746913900986e-01
8.343834187542584213e-02
-6.645678931438234183e-02
9.022895446655209151e-01
-5.286625328204448415e-01
-2.483118323760755974e-01
-6.284525973739141236e-02
1.102979427562398446e-01
-2.931021912861188072e-01
2.415383536631965644e-01
-4.362719113431375861e-01
-2.082741463078179311e-01
-2.982923173854622537e-02
8.054373665658919046e-02
-4.106523245090563240e-02
3.601032771041061120e-01
-2.154931097672329876e-01
-2.659240793045811735e-01
-3.874655448682539638e-01
-3.555293089231990056e-01
-1.347549127353956377e-01
1.357553061276660644e-01
3.745398964285208132e-01
5.567182104154255740e-02
-3.197178389961665701e-01
3.937381554233172765e-02
1.802190321070799850e-01
6.135946656777636621e-01
-1.122087536504073613e-01
4.796839076720157968e-01
-7.507887742061805647e-02
-3.200663214758299735e-01
-3.768699365914596200e-01
-6.494144050720471739e-01
-8.574479604214293449e-01
-4.942760813235005934e-01
-7.450964598865431610e-01
-1.078789862953914575e-01
-9.705864776185307852e-01
2.288605753866648218e-01
-3.114390648258068186e-03
4.443377391324843106e-01
2.378188580905737926e-01
3.950941224816077457e-01
1.569345701782510760e-01
-1.234499439999486997e-01
3.206112145933529695e-02
4.302883276501803245e-01
-1.319065297210295362e-01
3.982870212988143949e-03
-7.018096909302411479e-01
1.948994403222572558e-01
7.634131775390646801e-01
-3.652813402565056600e-01
-3.505476925804884014e-01
-5.907818086186444190e-02
3.043646017057115294e-02
6.686980630465727549e-01
-2.318304667135243358e-01
-1.564305315102647587e-01
7.769061141061117670e-02
4.678265610894566384e-02
-3.374304322615400142e-01
1.647091210540182482e-01
-1.106804748642471609e-01
3.435965983559035042e-01
-1.168984592955949094e-02
4.579776360724984174e-01
-1.118390546447135675e-01
-4.162652167011868798e-01
3.980507633993880801e-02
1.008386424679502402e-01
1.927507429976004494e-01
-4.136821959553959593e-01
-4.307057639892665768e-01
-2.112114218973688562e-01
-6.027960554475457755e-01
1.834230575720658188e-02
-2.859165974547052749e-02
2.317834791758496271e-01
-5.154936214940774447e-02
-9.762099230180854015e-02
-3.902741219023839747e-01
-1.251366916617241420e-01
3.455638360667999676e-01
-4.447719164859666868e-02
3.118133921056520097e-01
-1.116564500551874006e-02
-2.748293719356544734e-02
-6.927137316799764077e-02
-5.100021061170210146e-01
1.334901136942076398e-02
1.833869844277696837e-01
4.214020221354894957e-01
-4.650407617292344475e-02
-1.752806258352793689e-01
1.320967355997508252e-01
2.024234041295115694e-01
-1.970446342472816359e-01
-1.926465333091709198e-01
-7.241990668781767004e-01
-3.529542565113156366e-02
-3.363575849973503007e-01
4.723712417885742587e-01
-2.655611475038789360e-01
2.856006433322629268e-01
2.606478170655033288e-01
-3.299636274092262456e-01
7.820197246627018373e-02
-6.535121194308801673e-02
-1.480831259125925947e-01
-2.004689179519405506e-01
1.930034973840941692e-01
-6.439050122979214086e-01
-2.993014245418827990e-01
-3.999659911360949893e-01
-1.252240137115233076e-01
9.138240591725334261e-02
-2.445722082643543294e-01
3.805608380657566348e-01
-1.688602657955470265e-01
1.833591399988109827e-01
-1.634016624099912940e-01
-2.791287972632272019e-01
4.747245039176383602e-02
9.349525026100505287e-02
-2.341837686540381991e-01
-1.040062273522809055e-01
-4.225732707847557612e-01
-3.989759631983814669e-01
1.284283834064296748e-01
3.652586747657867727e-01
-4.818464525582225599e-01
-8.675660220186352800e-02
1.719155532804207132e-01
-3.011031344208811578e-01
3.180886721311120269e-01
-3.533363068224641690e-02
3.925363316246614082e-02
-5.533809891470532066e-02
5.281839873358772364e-01
1.676433805002096045e-01
8.503977631421655303e-02
1.694646221817553422e-01
-2.044563597575611846e-01
1.097683898427264382e-01
-2.634597878850561958e-01
2.063157865158425641e-01
1.034610960312449812e-01
-2.074222372740717191e-01
4.687797267539670770e-02
-5.789758393916517171e-02
-4.624634858158490069e-01
1.406650384994189984e-01
-9.184915738595053614e-02
3.017686470436942159e-01
-4.917782705417405448e-02
8.560853609844968140e-03
3.154861331754044707e-01
2.963685762082416963e-01
-1.563641895661763981e-01
-4.784134461986667697e-01
3.434598738303609178e-01
-4.732133097683118295e-01
-9.674036276935544382e-03
-1.692842836072478707e-01
-2.060822174725352451e-01
5.155288577057244304e-01
2.407881391939139248e-01
-4.494800478848905434e-01
2.561808985667384658e-02
4.885262921788607882e-01
3.174723610658654604e-01
9.980653638724593102e-02
2.325069790017411653e-01
-8.819069473718985086e-02
-1.863216667232492629e-01
-3.113847211107719781e-01
3.518950606951637972e-01
3.270855742200110550e-01
6.100374745515888680e-02
-1.165152306211253014e-01
3.341638481520512460e-01
-2.894258349194194641e-02
2.696965428475344151e-01
2.401019971030608768e-01
-1.958602912027335163e-01
-1.352495231169183743e-01
-3.083548687495163768e-02
-7.893494985758336968e-02
-1.157552490817111285e-01
2.751987884654046312e-01
3.200126398584169918e-01
-1.948171026704740849e-01
-4.604475204157467694e-01
-2.366392245569586550e-01
1.212325548410507770e-01
3.245558078498197996e-01
3.813309310330364466e-01
-6.087546087215162799e-02
4.428839178722757813e-02
-7.152728217484956297e-02
-4.527705150254234812e-01
-3.377819648485161919e-01
-1.762259037403579032e-01
-1.939521380862358202e-01
-2.058641939205370364e-01
9.335425909897487884e-02
4.126973744087533147e-01
-2.511982551532594421e-01
-1.024293097702237421e-01
8.750827757610807334e-01
5.771742800252021022e-01
1.904863141015086456e-02
2.534635106414938055e-01
-4.516767844923897934e-01
-7.915893031628866428e-02
7.079717479618478915e-02
2.793237073539284743e-01
-9.549649610029228852e-03
6.956790816773010359e-03
1.818191835185919980e-02
-2.760423474579835890e-02
-7.896431994699601442e-02
-2.911108733419695005e-01
1.196270790429928010e-01
1.051872713056802577e-01
1.619815341988900259e-01
1.090742347277217916e-01
5.567419281073084925e-01
-2.725174368815763137e-01
4.849558430779304374e-01
1.445451491842871666e-02
-2.415424195427162968e-01
-1.462158628253797110e-01
-1.921910169315406147e-01
-2.965326641119841455e-01
4.832861227716559460e-01
1.788828529559131353e-01
-4.434700185184901056e-01
2.350625945657828023e-02
-4.617013467557526951e-01
-3.190215232725688854e-01
3.249810748955269668e-01
-7.622243785545081973e-01
4.205072922105927979e-01
-1.536192835581779714e-01
1.217158522370284483e-03
3.067838702459304082e-02
5.432282708068746774e-02
9.845343940020108431e-02
1.421999751859972239e-01
3.042665241627932060e-01
-9.553176953198354304e-02
3.394347170407394643e-01
1.271022826690163254e-01
-3.461103118979964172e-02
3.151874321526490497e-01
2.494445527646271532e-01
-1.119273244757592739e-01
3.011176492288640261e-01
-3.102451383654533101e-01
1.158529421305289908e-01
1.405982857447381773e-01
-1.278979208425427005e-01
-2.279185970005601081e-01
-3.085526003179090426e-01
1.565009945586796625e-01
2.576134798245641733e-01
2.097663922318268870e-01
-3.827077769318993350e-01
2.836285446884589945e-01
-2.844888327179406207e-01
6.227396935249121523e-02
3.895820183928003777e-01
2.896998947018384341e-01
3.950672833743037460e-01
3.224220724863034737e-02
3.405789550564086721e-01
3.187159736607687033e-01
-3.960638834000960173e-01
1.665575669495412692e-01
-9.105769367947404158e-02
6.598191108575765518e-02
1.339069284152519523e-01
8.401586254501380857e-02
4.571149926753094173e-01
1.415560970918558481e-01
3.817220880981755937e-02
1.168108285544153940e-01
-5.821294566146071325e-01
3.133003133111865179e-01
1.199347528673550878e+00
-6.281017096877666850e-02
-2.692797112415404315e-01
-4.422640084666777938e-01
8.832260862969226745e-02
1.042024688715897041e+00
-6.948277610204874055e-02
-1.189701563773589155e-01
2.104276236007560086e-01
-6.661995573960904915e-02
2.887620835273889408e-02
-3.106018537019858972e-01
-1.018991451416193517e-01
1.643343019633099200e-01
7.504167781396560433e-02
-1.656643336108288567e-01
1.093477932034696565e-01
3.910216066379864491e-02
1.554080131529607112e-01
-2.943563689329497524e-01
2.777535873399007982e-01
2.221173362854448885e-01
-1.029604027895224261e-01
1.995252746227382801e-01
1.858872488692412395e-01
-2.692226253770860223e-01
-2.936416578700170033e-01
-1.091799800513350432e-01
1.349350555863831555e-02
1.579248549373826194e-01
-2.603369683676559632e-01
-1.538206535319619206e-01
2.638423453022271659e-01
-3.292242702332074389e-01
-2.444452119958693548e-01
1.323759659831106328e-01
2.096125372819203636e-01
2.906982004415258891e-01
1.355864925083709316e-02
4.503620165743351667e-01
2.467101731929915720e-01
1.416949485005874199e-01
8.093655105443350872e-02
2.963143963771167622e-01
-1.753658533655721719e-01
-3.176720943813963749e-01
-5.268574558015211295e-02
-4.151489832793113788e-01
-9.065776384629681620e-03
3.918397196218620926e-01
-3.362804112767946996e-01
1.015446622965759521e-01
-4.519069180761988574e-02
7.602370729910289116e-02
3.073741356060190055e-01
-4.873130545384370960e-01
-3.436746693618752957e-02
-1.178089812976898382e-01
-4.861731431373197965e-02
4.647731817306543500e-01
-9.742026400588129631e-01
-4.525633509201180682e-01
2.392526398514184804e-01
-1.341085379974210068e-01
-8.397948815698068337e-02
-8.024148211020648569e-01
3.516799384957446928e-01
2.018590745992431268e-01
1.155655056681252485e-01
-5.707669263631426348e-02
-5.709751744094738735e-01
3.375506429832846877e-01
1.039603926681214457e-02
-2.207771133430896926e-01
1.149660679616252013e-01
-2.973916309801767979e-02
-2.440234154377011466e-01
-4.863020340963300492e-01
2.769660039560573050e-01
-4.472511608406635197e-01
-6.917510190611836363e-01
-1.832948008926899575e-01
-1.363495037640600482e-01
-2.419830987903527977e-02
-3.885569798013487064e-02
-1.446350842517322433e-01
-2.654608840058674812e-01
-2.972959364168349383e-01
-1.393968022578571664e-01
3.511249168488301264e-01
1.789469101192569522e-01
-7.182504599418575164e-02
2.035429083776241765e-01
-1.371482657540129269e-01
8.391199060658696696e-02
-5.250187201710026369e-02
-5.002873930944266162e-02
8.107935517664089931e-01
-9.095215219967658915e-02
-2.790828388572806906e-01
6.964877741661074095e-01
-2.741363418315637679e-01
-4.746357366694308744e-01
-3.193565398851746506e-01
1.538245654062239953e-01
5.061603275834003490e-01
1.479825323991189323e-01
-5.334997065021066520e-01
-8.588705790842324217e-02
-1.951132316602296746e-01
-5.535051488876266967e-01
2.415813585283605458e-01
-2.251535870949556567e-02
8.679012142173089805e-02
-1.562807868259068478e-01
4.353606589221980377e-02
-2.016436822918276084e-01
1.037052789228460892e-01
-2.135537757353616617e-01
-2.130547379387386087e-01
-1.683999975702283602e-01
-5.496185270709726123e-03
1.293327126418009343e-01
4.553323276166790223e-01
1.731063152804981631e-01
-8.769287426137176156e-02
-2.800402256159596481e-01
-2.034810658057009669e-01
-4.811753659198515776e-02
-2.955538101320432931e-01
1.481637196756311337e-01
-5.073453382912280346e-02
5.123272040079536460e-02
3.763980638341961338e-02
3.187068383647780334e-01
-1.673556401334431176e-01
1.467648515961900157e-01
-2.394150478941090288e-01
3.618133596521164175e-01
-5.574111393392418012e-01
-5.421177870997693216e-01
5.086416148998773590e-01
-2.055568957428132726e-01
4.113217636993196646e-01
-1.186307932730315670e-03
-7.741691504475719521e-01
-3.938205776033735228e-01
2.567503915531701986e-01
-2.243596585919753195e-01
7.031346261655500030e-01
2.628545309573434574e-01
-1.951736375603885520e-01
-4.055346983657646120e-01
-2.594629170300337684e-01
3.014106802093107218e-01
3.637384348967361847e-01
-8.344927858501874907e-01
1.982071810080556773e-01
4.147728485180847691e-01
-1.131018896990220179e-01
-2.835002839625295756e-01
-1.158256394367201514e+00
-4.854961670058885459e-01
1.580922723738875102e-01
-1.207824901026583186e-01
-3.793649714494409797e-01
1.029748930827188574e-01
5.292184666994506625e-02
-6.032387334938835721e-01
3.806970028199642697e-01
-1.122045851147076334e+00
4.613454546295502334e-01
1.469619023042016304e+00
2.009657464637528979e-01
-6.924134547708457599e-02
-3.214824369495298817e-01
-2.399721419529593780e-01
3.917749669447629507e-02
-8.419186698365511978e-02
-1.728291022587876979e-01
2.734893024856227886e-02
-4.209156495506853890e-01
-1.015229285570200257e-01
-4.248071998163340662e-02
-1.586794804926326685e-02
3.348395005345308068e-02
1.954509436184176940e-01
2.690699022259344098e-01
-1.461184426013192039e-01
-3.083109372260528502e-01
3.660893900253113509e-02
6.230006650381415545e-01
-2.179310637587705546e-01
-1.746481067446921664e-01
1.727975059550275125e-02
-1.629047035050208425e-01
-9.351598162469687558e-02
-3.097378305434766443e-01
6.810340688549314236e-02
2.160406516092833462e-01
-9.214462171558740478e-02
-2.497442587394276547e-01
-1.101286643263685305e-01
-4.254968684318853889e-01
1.252336107082346606e-01
5.190047815179317514e-02
3.865623123668889827e-01
-9.121962875996678793e-03
4.236220232714079520e-02
-3.598663550623462104e-01
-9.345162067415967166e-02
2.934326601410339186e-01
2.549423167200481344e-01
2.263624765367365232e-01
4.266460744228735003e-01
-6.272124732380898737e-02
2.658511288028959640e-01
1.366978201471712451e-01
-8.753696511016172133e-02
-9.136171843814938631e-02
1.754800358714215802e-01
8.122107343956933012e-02
-3.765519353912383932e-02
3.267815437876143148e-01
2.362761363022657657e-01
-1.016284595592924778e-01
-1.180766412070413246e-01
-2.958159210112663584e-01
1.169456147269326007e-01
4.686847692433765422e-01
3.558582724402334363e-01
2.801638578390699963e-01
-1.788334122505895463e-01
-6.480235987216388660e-02
-2.164821573989451214e-02
1.187862491487431810e-01
-7.429503510185188064e-01
4.964496670863391414e-01
6.372272788432868929e-01
-1.616564382171538361e-02
-3.248777573690258408e-02
-1.831635077630387742e-01
1.660651893619649322e-01
2.963500775421325506e-01
2.891653892329911768e-01
-4.266520366175023393e-01
4.826373419367380180e-02
-2.346983055868107904e-01
4.903307002461659847e-01
-2.342203070079231508e-01
-1.074007415904210117e-01
-1.177200301825791912e-01
-1.135772273560928525e-01
5.457671488490368761e-01
-1.332431816229943389e-01
3.546599633387385597e-01
-3.055743656424942389e-01
-2.528770237604903159e-01
-3.745247298907731781e-01
6.438150843345928631e-02
3.170995082010269472e-02
-1.387819283689420147e-01
-2.961477016962200948e-02
1.801475828886198172e-01
-7.365117229731829029e-01
-1.980716469836136251e-01
-2.296526985850148861e-02
1.764109990469832911e-01
-3.459124175944804092e-02
2.954536531516253062e-01
-1.838124162427652863e-01
3.881487670272965040e-01
9.620838650569520090e-02
-3.076471966418415360e-01
1.878653690998029480e-01
5.312477262895069080e-02
9.555831214615896629e-02
-1.572233681276633821e-01
-4.853081962875954725e-02
-6.071975296284284895e-02
-5.326247391256472286e-01
-2.754185031882708801e-01
-6.090430206670648106e-02
1.521562432760394275e-02
3.792333999173631010e-01
8.394777791912595710e-02
-7.219571520963427580e-02
-2.406995564887406402e-01
-1.377590142311277133e-01
1.197336525537181506e-01
-1.702934101147901558e-01
-5.043284492628574700e-01
1.203489391098896827e-01
1.989587299126882314e-01
4.248636332269090654e-01
-5.418089929843301622e-01
-3.165012214229858123e-01
-3.723971496052242425e-01
2.164054453246469223e-01
-2.125894079134051790e-02
2.650375476345729342e-01
-2.174979769381414629e-01
1.100957387680666227e-01
-2.531422165034028504e-01
2.115233601690636178e-01
1.862136855399144642e-01
-1.399707171627712909e-01
-1.120710649792675540e-01
9.103155924314034753e-01
-2.598574506115210458e-01
-5.065179284981328189e-01
1.777823308075799913e-01
2.494702949387968827e-01
-6.608669196958362191e-01
6.981636448309171128e-02
-4.720005597731060099e-01
-1.475577133232792992e-02
-3.481336687242899131e-01
5.343635587270242349e-01
-1.643086647512550513e-01
3.440328566936048382e-01
-3.980556778910560034e-02
1.766640332289660387e-01
3.872344008366138124e-01
-3.081082435432944688e-01
-4.518684465149349627e-01
6.421053049203390151e-02
-3.283855509662448324e-01
-2.026021783656947461e-01
2.229969628926472269e-01
4.918014935100326057e-01
1.750124197792209679e-01
-2.890543657715311521e-01
2.850426735590896321e-01
5.680101916984364036e-02
2.303185346217220542e-01
1.305083553150859221e-01
1.949900174369154082e-02
-3.131806902951719124e-02
-1.300492250404950700e-01
-9.648013504714453292e-02
9.704823441451174149e-02
-9.601770927889605178e-02
6.674134170186490911e-02
4.543775029321324432e-02
3.956765009917794784e-01
9.487962762002799533e-02
3.369047755415330997e-02
7.982097728531083181e-02
1.698325968590786716e-01
-1.398366837984429123e-01
-1.571927748026449023e-01
3.955151438049377410e-01
1.533412356646261521e-01
-1.133487310060945913e-01
-2.977628179447814813e-02
-7.793858198582226393e-02
-7.809635207376283694e-02
-9.415777897176556832e-02
-4.109753696078449203e-01
-3.482807303309466695e-02
1.646375541820651323e-01
-2.981032756213815027e-01
-2.224436263189973062e-01
-2.936489639120936079e-01
-5.564250549205020935e-01
2.095108823750318761e-01
2.888764701100905719e-02
1.404419147768509908e-02
4.108588926118288132e-02
1.037336754373254510e-01
-3.811261645231820427e-01
-8.913448809613244705e-02
3.022741150683908584e-01
-1.064464645136845439e-01
-4.375350482541733727e-02
-3.655480885689978976e-01
-3.454589575542251975e-03
4.602149647737101279e-02
-2.905743500134632673e-01
-4.963613343941287170e-01
1.302792506420159813e-01
1.324782679892146653e-01
1.567882268317240535e-01
-1.862988150711921975e-01
2.580351954077277354e-01
-1.936899425734787128e-01
-8.057306278718089076e-02
1.607204564759882534e-02
-1.044942567998202732e-01
2.944311075424972390e-01
2.060303108460919963e-01
-6.955521469590819628e-02
5.795422971647685995e-02
-4.342211852212929379e-01
-1.764993752169595753e-01
-1.127487195586839575e-01
-3.580606774584499039e-04
-1.207590067705456988e-01
-4.499667245045724240e-01
4.988260153599882729e-01
6.484808432141885015e-02
-8.355177409462835256e-03
-2.197147658279511862e-01
5.726410064170197600e-01
1.862365045325966029e-01
9.542949702765329834e-02
-3.746142517450642417e-01
8.585889510730081442e-01
3.721303651431068227e-01
2.065679230947265466e-01
-1.706792201930949771e-01
4.261505180761297473e-01
6.436165153273427572e-03
2.880835261592979424e-01
5.668644553977382206e-01
2.187554625191953650e-01
2.108979410501199414e-01
5.631276766633588338e-01
2.433907670000617085e-01
-1.515273797628036989e-01
7.251701776902072516e-02
3.673731328952562630e-03
-3.781548030812839634e-01
3.263426439154515357e-01
-4.549567195757300148e-02
8.782248252206678596e-02
-1.672505972023039522e-01
-9.032815822438654274e-02
-9.226087389292504659e-02
1.753358142766856531e-01
3.958412416654196603e-02
2.472107150339312442e-01
2.443397593567750992e-01
-6.318967947222545178e-02
-6.307962841707749624e-02
1.038858595047216921e-01
-7.824266763950345205e-02
-4.314455358730920342e-01
5.043672322193373109e-02
3.149720385311794574e-02
-1.217790621574807997e-01
-4.863220567894359081e-01
-2.467686088094291769e-02
-1.224470642788515612e-01
2.780090128849488917e-01
7.200584151680783362e-02
-1.598957926573281729e-01
-1.340336609756681840e-01
2.473882245725951834e-01
-2.719702917708807788e-01
1.660086598128073798e-01
3.870891079256337797e-01
5.179434349247335340e-02
2.107203111557724162e-01
1.510664693019071747e-01
2.413695639022545025e-01
-1.636454177287178513e-01
-6.249195066775369012e-03
-1.889438576373554668e-01
1.826008843279311178e-01
7.904103180026915421e-02
4.428352299666504233e-01
4.907986593803580211e-02
4.397234599351287354e-01
3.832971462024683529e-01
-4.336016488315996287e-01
-2.063916297859279547e-01
-1.830529347059986489e-01
1.426625259940577373e-01
-4.786121074818999177e-01
-3.411837779133410353e-01
1.327103003268105264e-01
5.104352486171305492e-02
-1.242362187243246374e-01
-2.894835757699048759e-02
-2.482508214367783739e-01
-8.461263853551841130e-02
-2.815545423366825895e-01
-2.554085150564922024e-01
6.989812844185125384e-02
-2.294652768861735193e-01
-1.673594233438226442e-01
2.743598123657087773e-01
-3.279118282465232070e-01
-9.977855180532038681e-02
-5.700533408282532077e-02
1.992827469390687500e-01
-9.603388329895426456e-02
-4.045846453843864876e-01
-6.735830916112480089e-03
4.330281163131459166e-01
-4.177932563216926742e-01
1.859468264766838963e-01
1.269284011829148462e-01
1.095081177634137509e-01
1.783809487313206266e-01
2.986047953146305778e-01
1.978263453954543505e-01
-3.697238482078851751e-01
8.447683717722694052e-02
2.537468529531982653e-01
1.868241986061587590e-01
-1.486906880805330122e-01
-9.743213189677453478e-02
1.726904142393492769e-01
-3.105886901375279341e-01
-4.726728120868113892e-01
5.106571951497077544e-01
-1.295313352057985423e-01
-3.493159548935262926e-01
8.418683637909450679e-02
2.582935403778297348e-02
-9.640490850614523433e-02
-3.603409510142277505e-02
-4.660961506084496803e-02
3.233665539077960616e-01
1.119031123117670556e-01
-2.393476546518820969e-01
1.367453195931509213e-01
2.399930023753836864e-02
-7.567416226325097972e-02
2.517031783330838102e-01
5.784379164120068140e-02
-1.983454679038906127e-02
-5.919958608718689508e-02
-7.181170262392938541e-02
4.897747080596918101e-01
-1.703683570333485997e-01
-3.858228091754548617e-01
-1.712868242538166941e-01
4.590170709910070257e-01
-3.014508494016834850e-01
-1.595970541083405192e-01
-1.980861842308435927e-01
1.495452584038809984e-01
1.339641812773546270e-01
-4.355597125058483648e-02
-4.505854576877555973e-01
-1.155958456768681891e-01
-3.359072150566023707e-01
-1.556896496867115065e-01
-3.424230529345179130e-01
-3.002554102960883764e-01
-5.412170264275707049e-02
-1.748887477919766897e-01
7.753006097506084937e-02
4.949629492553873633e-01
-3.198544270080972973e-01
-1.488809724647279509e-01
-3.203500482106757478e-03
1.236011112530666228e-01
-1.721347663420440821e-01
-3.896243752139859073e-01
-8.766762647652440177e-02
1.331445113923052925e-01
-2.418923810676356922e-01
-1.198772186248573124e-01
-6.031366309099056577e-02
-1.807901444727406937e-01
1.835278196357556790e-01
-8.807574147214099203e-02
-1.870547789013919660e-02
-8.597358302373452055e-02
1.560864768348794313e-02
-1.116395175517188032e-01
2.077037785852026419e-01
8.868204884998338866e-02
6.163435585961039853e-02
-1.661200691961437492e-01
-2.861742407665036625e-01
2.943667892007333520e-03
-1.934388259870362392e-01
8.988455880052377556e-02
-1.062658788148920452e+00
7.066742839416270128e-01
-3.411334827349036813e-01
2.814492144937340568e-01
-6.263286579811950805e-01
2.998603059360416268e-01
-7.972059433203219081e-01
-1.137035155204023096e-01
-3.953333010527824709e-01
-8.661857721279554445e-01
3.775764585288507447e-01
-6.109318250366517766e-01
-6.921003616619169144e-03
1.248088397752468159e+00
-2.645004982757131473e-01
-8.756228899167495250e-01
1.598707471270416347e-02
-2.515780029587785238e-01
1.688702144112216030e-01
1.451711391403013307e-01
-1.380875276233822224e-01
2.686549642435058782e-01
7.892016399589112108e-02
-3.416192704334636843e-01
-2.153625458611442556e-01
2.065897079157044680e-01
6.302433825963751901e-02
5.944984510456479548e-03
1.063147633977707708e-02
-3.506952626925548544e-01
-1.705662222687357177e-01
-1.717763414368853603e-01
-1.636174803721087145e-01
6.002513353647923738e-02
-5.596804781899762382e-01
-3.481673226558117951e-01
-5.303279011326625381e-02
3.424308279360481766e-01
2.105677911751572817e-01
-5.643535657437490638e-01
4.134661882176576125e-02
3.076788822636265536e-03
1.726428392430746084e-01
6.446040709586761119e-01
2.026835437807196494e-01
-1.820383409288527377e-01
1.561102678709469227e-01
-7.784062506450779850e-02
-4.855193462003239147e-02
-2.727812256601413465e-01
3.360989282753261143e-01
1.545149970862785549e-01
-1.860547116094045383e-01
-3.454239896617232186e-01
-2.494853369790643038e-01
-3.733387757649317407e-01
-2.938145131479470429e-01
-1.992244571621125046e-02
-1.228312805822601023e-01
-2.706086934768388644e-02
2.233924098778919676e-01
2.976874916670839699e-01
-3.111598373244318094e-01
-3.735814018798728209e-01
3.716805076789656548e-01
-1.674585763503286251e-01
2.354961198118950272e-01
7.394315249411764768e-01
-3.544038194961954824e-01
-2.050369989154417760e-01
-7.585745533477645380e-03
-6.518825891519094452e-03
-1.392416816959387849e-01
1.457500593272047056e-02
-4.381052066884376650e-01
-1.832755242111163696e-01
-6.186999011397069370e-02
3.126640362699204534e-01
-1.684091619889797331e-01
1.970594759359448056e-01
-5.155360914745422268e-02
-6.022787443257658635e-02
-2.948121494777095619e-01
7.949744584231763223e-02
-1.942780520047009407e-01
3.969083695589473854e-02
-1.004258640702745398e-01
-4.198065687581199468e-01
1.964066750763614894e-02
3.414224510704880200e-02
-3.820619378324329740e-01
2.158026161331480508e-01
-6.655200352569649036e-01
2.563218711507867509e-01
5.526700297407539930e-02
4.400320883331467620e-02
-1.131254114496671320e-01
1.198110071849061431e-01
9.526856613756384817e-02
3.053361960619330739e-01
2.181296447137336392e-01
2.504475939096627579e-01
3.331804415897393068e-01
-4.941840307763049611e-01
-3.318720146438238761e-01
-1.737576632125100717e-01
-9.669934198370790102e-02
-2.011569399716423567e-01
-1.281466704983969529e-01
-8.033873315063048970e-02
-1.644695844561033238e-01
1.006821548053069421e-01
-3.684340245308762585e-01
-1.958710548159680875e-01
2.037874710279941326e-01
2.668834286724311999e-01
1.800334578772700422e-01
3.468600987166756133e-02
-3.394920387591512934e-02
5.321403094680635659e-01
1.543687262137581895e-01
2.745771826319173270e-01
-1.487950558639911103e-01
3.296479822042253649e-01
3.512251902986822660e-01
1.413489391876269485e-01
-4.707546707943731645e-01
-4.147740363067761726e-01
8.932531814747865506e-02
3.860774332828715849e-01
4.168397535012753619e-02
2.496364626787254404e-01
-2.190890879117570744e-01
-5.471276141469898907e-02
-2.998813220796216483e-01
3.744138394891886271e-03
1.999742846895546100e-01
-2.518900816855703662e-01
-2.454272925918144499e-01
-6.471775105635277359e-02
7.993983070017297854e-02
1.983593193782250963e-01
1.434117341160404124e-01
-3.795744578998289098e-02
-3.117272768711293676e-02
1.472726279254987780e-01
-1.215444721824827518e-01
-2.342463473432542798e-01
1.448968888662758581e-01
-5.293559292402352234e-01
1.407796847517508443e-01
1.030888004640811567e-01
3.985255734511441300e-02
3.076981494536595862e-01
1.361616104022801976e-01
2.512452337528193747e-01
1.137140477415730933e-01
-1.121947784753502958e-01
6.813769730896382382e-03
1.075009751414404413e-01
-2.123529978712798694e-01
2.403959683423121871e-02
2.057492345325890037e-01
-1.204827773589392699e-02
-4.467262254604458804e-01
-3.778809606729621184e-01
1.193938763780039436e-01
-2.627350246973025327e-01
-5.620232676089267354e-01
-7.632562870737542859e-02
-1.735660313239352770e-01
9.185314852347517198e-03
-3.602708619354260122e-01
3.174993062537245780e-01
2.571460663115018308e-01
-2.368055357646973447e-01
2.336003138214531316e-01
-1.619992211242043956e-01
4.354145268555883325e-02
2.095463820027959612e-02
-8.194605109676529608e-02
7.764597886157968698e-02
-5.398120138297315962e-02
-1.880267314213742158e-01
3.604439050239997555e-01
8.192859571967306409e-02
-2.029919261581098755e-01
-3.045172403236959813e-01
2.348841082318243317e-03
2.494483913120048302e-01
-1.423782318437916417e-01
-3.850605157244009202e-01
-1.787641644880572367e-01
1.297412066373488937e-01
-1.514276879416618371e-01
3.663100607032940964e-02
1.954942497185555850e-01
4.993410983943519232e-02
2.357295517913306770e-01
-3.879872561164006244e-03
-4.956269329812918595e-02
2.115005786702517654e-01
-9.967650786890068504e-03
3.897095296502141315e-02
5.891486118341098671e-02
-3.350431818685695728e-01
1.391348336472361114e-01
-4.991681937963868276e-02
2.068894464613914019e-01
-1.891236471897775606e-01
-3.415650900721212135e-02
-1.656049669863028651e-01
1.692908030218657212e-01
-6.612766812160275620e-02
2.313654296529615573e-01
8.075895286216452917e-02
2.008629974172275734e-01
-1.135170054385068461e-01
8.908646280207437040e-02
6.721545760541136616e-02
-2.595030085695465005e-01
-5.665153007054342382e-03
8.389987571998028248e-02
-7.593841718011103137e-02
-2.662418066851662823e-01
-1.109936277096923857e-01
-1.066161222898547728e-01
8.631606072886258141e-02
-1.637550825303794866e-01
-3.226463107407853605e-03
-3.596954711571449526e-01
-1.837830556662647663e-01
3.027302872713439480e-02
6.118076925468921567e-01
-8.794792545700161335e-02
-2.815357555714467219e-01
-1.044231494601552401e-01
-3.407738957731333840e-01
3.705881591476262171e-01
2.637921907861881521e-02
4.639815362090451423e-01
5.572853911924467718e-02
1.250631939803077131e-01
-1.364255444847504717e-01
8.930495374176716794e-02
-5.097347152538042603e-02
-1.460304788359902128e-01
-2.251016476141993738e-01
7.156284488891465241e-03
-1.233036950400698273e-01
-5.190941891605670433e-01
4.076165490094248167e-02
1.135110540581514699e-01
-2.958868105437142404e-01
4.394587293459306654e-02
-3.754052588191988393e-01
1.062188290752124342e-01
5.000755654902577785e-02
-6.185840306092516006e-02
3.489232324836586546e-02
-6.376275844635394263e-02
-4.484230183124948005e-02
3.836016799630573293e-01
1.590243558310786287e-01
1.088431375872380702e-01
1.384610580702322902e-01
-3.444323756846375262e-01
-2.593477476154724681e-01
1.434051854469884646e-01
1.821245577726850196e-01
-3.600151235583912701e-01
-3.192090865888081441e-01
-5.898955510566551014e-02
2.688757711893708380e-01
3.480372154188943884e-02
3.514533787831382594e-01
-2.703398273599642507e-02
-4.075944002368152019e-01
-6.258511762965388026e-02
-3.838380474760222372e-01
1.322684890713575825e-02
-5.578086610181635097e-01
-2.502914054759717843e-01
4.159639203005805475e-01
5.071572937807544701e-01
2.597254948501830918e-01
2.232728378017985807e-02
7.370344242458447270e-02
1.604006018338144934e-01
2.071033941834981296e-01
1.089564458504145017e-01
-3.344023414644754499e-01
-3.465633752877982920e-01
2.031382277120393209e-01
-6.587902978327216108e-02
-1.127427744163279899e-01
-1.932616240000385177e-01
7.129852124810641747e-03
1.840535563062261348e-01
-8.314134825929415940e-02
1.605030718945639756e-01
2.386940148031188591e-01
-1.066547884125916140e-01
-1.023282417863640159e+00
1.817032140202677337e-01
-1.200087494858332882e-01
-4.410258341205886556e-01
7.642196046201873982e-02
-2.219773694434309663e-01
1.178320820656362650e-01
-4.199302016470758958e-01
-2.732997776760638931e-01
1.986444716411920608e-01
2.996832551852799398e-01
5.697344999388590514e-01
7.679306376438352344e-02
-2.468964944702586525e-02
-4.608297391896755135e-01
-1.427416638847511798e-01
-1.232645485977934968e-01
-1.272852902461984737e-01
-1.644079644240336313e-01
3.740298270126248270e-01
-1.513549334306659999e-01
-3.104940119486763184e-01
-1.627156681309641084e-01
-3.416908393877180483e-01
-4.167235674452394179e-01
-1.364402850019887092e-01
3.909675507216579804e-02
8.006206533473003706e-02
-9.879648901017597240e-02
6.925104604314630263e-02
-2.072744885808234794e-01
-9.986381152617929136e-02
-4.005629287019186191e-01
1.648769014327321480e-01
3.090462672576571243e-02
-6.523996489176296654e-02
-3.695271759251050891e-01
1.636131647158743652e-02
-3.665537983790789073e-02
-6.189283384727307935e-02
2.900403926180144532e-01
-6.964073274237923827e-02
3.059139469212921458e-01
1.186080258621661221e-01
-5.875300947393252704e-01
-1.367594264829622708e-01
-7.074056048527507801e-02
-1.941607307704680263e-01
1.993931623967259426e-01
1.330803716909964018e-01
1.042476246000549611e-01
1.020897804349958637e-02
6.350197406136761646e-01
-1.570038502954440585e-01
-3.466790566906304827e-01
-3.438146249136420640e-01
-3.080702288105940934e-01
1.577389920160644221e-01
-2.093258908811672370e-02
-2.604208149043799603e-01
-1.567864016566324903e-01
-5.667212542844785733e-02
3.542650052554486284e-01
-1.771375729323593912e-02
3.708843439149826504e-01
3.794678008825920767e-01
3.398950138067684534e-01
1.291004183572927455e-01
-3.032392849279859082e-01
3.534130594090773569e-01
-5.279991221005853053e-02
-1.295939301315790493e-01
-6.723443418522849491e-02
-4.751406573177996417e-02
8.641603943253228781e-02
1.697904079662269916e-01
-1.988712212085949060e-01
-1.241651398016155317e-01
4.536845996893772853e-02
-2.180228539084960171e-01
-5.305047779844795919e-02
-1.099357841944355457e-01
6.046586767116584465e-02
1.441281130805285582e-01
-1.769297255609387221e-01
-4.692708422045732131e-01
-2.322758222033061426e-01
2.269517756858054625e-01
4.010997913644158142e-01
1.673489941012861748e-01
6.303641798233943806e-03
1.516003526180360016e-02
-3.729917230449237286e-01
1.487969516979273932e-01
-1.999485803950724061e-01
2.854408401523018668e-01
-1.232544200599118150e-01
3.745125466483622545e-01
2.715902908435543495e-01
-2.398229732926241975e-01
2.584942644386574173e-01
-3.990527977679226845e-01
-2.485155977782871339e-01
-2.445021125202009177e-02
-5.129466134306087666e-01
-1.621330545699325998e-01
-7.891014529878638273e-01
2.678522807677966577e-01
1.735552021246804027e-03
-2.877984888158903187e-01
4.086232740501961613e-01
4.471824648430650084e-01
1.365179889551379477e-01
-2.254911227667699344e-02
-5.857484834992911227e-02
1.084014211351877893e-01
2.039107135533822501e-01
-1.681063361708959591e-01
-7.133181187872271733e-01
-4.633263112966902186e-01
1.196196304974163072e+00
2.264800045379920246e-01
6.251510456110050823e-03
2.743413557778397460e-01
2.387498072759760837e-01
-1.170982889370913993e+00
1.013828794350198681e+00
4.312793883426103148e-01
4.653937220889691195e-01
-5.322481128451337362e-01
6.328381784013529243e-01
8.533346629301017394e-01
-7.676831884086009472e-01
-1.232517186462402714e+00
-6.597807306329219745e-01
-3.447520348276936208e-02
1.897284928527324943e-01
-1.344397323617316509e-01
-1.542401594773927520e-01
-3.860008956762134846e-01
-1.701069026307532317e-01
1.457646259448658610e-01
7.588316681623180626e-02
3.702283276737482892e-02
4.460576190115624062e-02
-3.353505825296678733e-01
5.655666115100769220e-01
2.367607182052780257e-01
5.112471043805330018e-01
-3.466309556203672204e-01
-2.837861309993178760e-01
2.950212274518195787e-01
-2.286254737718953350e-02
2.772019714730037873e-02
-3.277966232486312359e-01
-4.850493688920144431e-01
1.530804047434314863e-01
2.023312539075711458e-01
2.831585699041715420e-01
4.625237833514837804e-02
-1.528611079050791743e-01
2.215432670247192287e-02
-1.771783393157103370e-01
9.010501404697014716e-02
-5.213526146607078832e-02
2.755849433289175865e-01
-1.790787601893891190e-01
1.290766872268911680e-01
1.757333424975316138e-01
-2.404793892230302765e-01
2.825841017517879417e-01
-7.762233783459727976e-02
-5.443280261864773956e-02
-1.966942036548487982e-01
1.380723586519528590e-01
1.817608914873739823e-01
-2.075470848300117743e-01
-2.297786961713959575e-01
1.242265376397335003e-01
-2.415713530686973698e-01
3.367133419158971908e-01
-6.399639676317726844e-02
1.663161483285993947e-01
2.689590239864991794e-02
-9.988433643826766239e-02
3.546315832765204457e-01
1.982524002228363003e-01
1.177449270834680789e-01
-1.323983147760893764e-01
-1.140094572789935277e-02
2.891178353640729837e-01
-1.040913506270851469e-01
-1.280266517177182373e-01
4.931100543797536234e-02
3.003022011055094670e-02
1.694336779021215489e-01
1.342015780099240219e-01
-3.691417907981024982e-01
-2.338742266943087331e-02
3.840023461374335589e-01
-4.960024726183345223e-01
1.984363906164434699e-01
1.941268331185347917e-01
-1.259480361446352337e-01
4.207817177667501352e-02
-1.595695854746492504e-01
3.359499424862395500e-01
-2.112266462942581288e-02
-5.295424056569365545e-01
-3.062908399115002456e-01
3.734905831829932188e-01
3.693377787357846054e-01
-1.368575713721741915e-01
3.961454168941406229e-01
-4.672233008229278312e-02
1.899437881490072810e-01
1.036370239997562309e-01
2.327236849936115404e-01
-3.218976296797929626e-01
4.187919719189777679e-01
3.456459849530670314e-01
-1.914764151190087860e-01
6.207713846885962172e-02
1.897512906681785294e-01
-1.066879804772865592e-01
-5.177858669748782727e-01
1.856353284355862637e-02
-1.121910100208100003e-01
1.311667637146840537e-02
-1.395540488600491014e-01
-2.831233697190793097e-01
2.134529465801602577e-01
-2.539110997705223416e-01
4.772642147655953293e-01
1.928786785546099114e-01
1.493848079622021874e-01
-2.183773269140732581e-02
3.315546860054823797e-01
-4.772905727691912486e-02
-9.951570744740782792e-02
8.029617153151613618e-02
4.505894496306556141e-02
1.012394806249420631e-01
-9.286618835561563645e-02
2.187702729469198637e-01
-8.785701681186784684e-02
6.487393352991623063e-02
-5.020852806980707905e-02
-6.381058968193950576e-02
-2.407960435640265906e-01
-2.626444631138049046e-01
2.963650398007213749e-01
-2.581446322078213007e-01
2.403684026081831515e-01
6.072479198174298570e-02
3.229752618518060281e-01
-3.055841048048526642e-03
-1.494934981291836350e-02
-1.144071850555726660e-01
-3.665983638501511543e-01
-3.859573524927671917e-01
1.842801518857222209e-01
8.618423947299987120e-02
-4.734310130917737114e-01
1.469888668793038478e-01
-1.787653164541732620e-01
3.776431427287655490e-02
-5.156150074504851216e-02
1.132890372838705334e-01
9.940180504249401805e-02
2.008470142395668845e-01
2.980263067750372336e-02
-1.531224401446043548e-02
2.420675733590483547e-01
-3.311112660270851965e-02
1.784357117678064472e-02
-2.521036808797418871e-01
-1.159672597387223225e-01
-2.698836381070483514e-01
3.876780184133403750e-01
-3.819620237019514808e-01
-1.185057826262239829e-02
-6.163061033631533209e-02
2.099481486828485011e-01
-8.237029528691545976e-02
-1.345563106194532510e-01
8.526824703957512630e-02
-2.208684546579926800e-01
2.608804577701898664e-01
-2.376066986769057032e-01
2.090828084323526626e-01
2.035838533995775190e-01
-2.117065498677512259e-01
1.062553758790930336e-01
-1.584880342990563906e-01
-3.848073177689460139e-02
-1.611084145830208314e-01
-1.922477247142430623e-01
9.937788004965752986e-02
3.215066572932003264e-01
7.158479421061399173e-02
-1.740682554297011964e-01
4.598842077877809964e-01
-1.478802033126273008e-01
3.436050238895735354e-01
6.979221927901116396e-02
3.501026619773295323e-02
1.619885101441572994e-01
6.682688432856026539e-02
-9.000172787603087643e-02
-1.418398679533811602e-01
-5.093631763450515854e-02
-3.082438223504347166e-02
1.512487301852460941e-01
2.160211435214489939e-01
6.883083167046058319e-03
1.968887788013873319e-01
-3.693444058908383620e-02
-4.734278515675396370e-01
-9.724958039370161511e-02
8.384764472098821253e-02
3.364506061065675180e-02
5.374045657807783455e-02
-9.462289898062682669e-02
-5.495325247657101286e-02
-6.121596998909354520e-02
8.288369911370040144e-02
-1.607229772157975634e-01
2.376948595429854288e-02
-1.727836748080418816e-01
8.956382738570131674e-02
4.942271128373061650e-02
-1.147496805419110227e-01
-1.235290777108564303e-01
-3.361576694587902203e-01
5.446502505783453602e-02
-2.273552495835595710e-01
-3.620988378358280801e-01
-1.674788587713252896e-01
-1.845792466702502951e-02
2.258913655302862145e-01
3.733535308333581493e-01
-2.816100985953949309e-01
-3.831541172448036936e-01
-6.623303182967500702e-02
2.424211761721163372e-01
-6.668148570919021911e-02
3.660958067865234533e-02
2.044350993161058450e-01
-1.328117180375667505e-01
-1.547283783126385259e-01
2.406996703050589548e-01
-1.903485540885050675e-01
-1.468734720630693047e-01
-2.197018007264066042e-01
3.215372085107427447e-01
3.032506847930254157e-01
-7.616430117619996110e-02
-2.231688562557554434e-01
1.602237536920809446e-01
-1.412081991944548198e-01
-2.320718008686757650e-02
1.886619078044127484e-01
-4.033133798461520370e-02
-1.675087660410545243e-01
3.202788696458967466e-01
-1.399385888133031774e-01
-1.889330430334559274e-01
1.136003992832129439e-01
4.561609981599514807e-01
-2.131633128237218344e-01
2.526889082181147383e-01
-6.965314324076785080e-02
-2.259026523247018581e-01
5.137855767710873545e-02
-4.152291880051987155e-02
-4.010371417064619720e-02
3.769457734964429818e-01
4.001284325517266982e-01
1.999986828744873546e-01
1.681015834344189996e-01
7.964567218273871374e-02
-4.948769192715410936e-01
-1.995302220183385877e-01
-2.435257224248970065e-01
1.848875105816029096e-01
2.387032765130675249e-01
3.304976641501218282e-01
1.938927434539473860e-01
-2.201942019675457995e-01
-1.942542495040021910e-01
-1.467530453411013958e-01
-1.780102916349121656e-01
-1.884541060916825883e-01
-3.593905922713199752e-01
-1.255306395178955592e-01
-4.092941925600685621e-02
-2.519900957018547660e-01
2.919404703005338275e-01
-5.681066614341964693e-02
-2.302532451221906140e-01
6.512929376113515967e-02
-4.828739147006181481e-02
-2.227880954980361594e-01
4.351554111208634501e-02
-1.643958946383562714e-01
6.910234825272364156e-02
3.269557161911125776e-01
6.136683774912871092e-02
1.367772242743174604e-01
1.213810110108772267e-01
4.345688990250752837e-01
-1.241620934503064322e-01
2.299597037563268220e-02
-7.158529596829669994e-02
4.177046282128660292e-04
-2.124626559484198707e-01
-1.688120419376585302e-01
2.502373683469332200e-01
3.871628545620231510e-01
7.754938961753281290e-02
-1.003494517834456201e-01
2.547096903924876976e-01
1.792705541022750204e-01
-2.443808428470071736e-01
-1.309899243947168848e-02
1.510120562508727449e-01
2.542903902249161741e-01
-2.694827297334776994e-01
1.029811863751118189e-01
3.810065911564418095e-01
6.425182812756763395e-02
1.334829750555615313e-01
2.705207606894555195e-01
6.284490855262900300e-02
-2.657553228183076044e-01
-2.203219389998559152e-01
-1.120919700015843984e-01
2.502238228134892606e-01
1.153660015922310517e-01
-1.559994356970904328e-01
3.906630681165940699e-01
1.004384024465875824e-01
7.154384664346065403e-02
-1.412086534731618048e-01
4.469944043693405700e-01
-2.652720984088941525e-01
1.724259511477104212e-01
-2.279220354963077400e-01
-4.659000738184976287e-02
-2.019193242640868469e-01
7.966575084429262932e-02
1.950528537901500548e-01
4.428153839343898848e-03
-2.406997331847593458e-01
3.418237191662660823e-01
-3.771063222125085046e-01
-4.551373327363933963e-01
1.177731457792529635e-01
3.325305038171542660e-01
1.290316235422065416e-01
3.949102539045613036e-01
-6.644574715118911623e-02
1.148980686965876165e-02
1.363880370742658055e-01
-1.623679077779212609e-01
-1.817454216458997407e-01
7.667842175121014625e-02
-9.720924388167041796e-02
2.123443593881003677e-01
-3.234289204979043375e-01
-4.720220364617029943e-03
4.069377150663074372e-01
1.486892288440049004e-01
3.204441134855119944e-01
-1.102476479456417635e-01
3.459550280855805404e-01
1.983318451400088722e-02
-1.728563236915310330e-01
-9.190633897122942042e-02
1.823778257251305046e-01
-2.987911807406810200e-02
-1.747299261006990123e-01
-7.988700704737058955e-02
1.890840448188070566e-01
3.837469152469301648e-01
9.517252356637159738e-02
2.361788893901634045e-01
-9.728971741684896979e-02
-2.207138037008967990e-01
-7.216585598103066046e-02
2.982809747873007428e-02
1.209484668391035966e-01
1.128967177104391179e-01
5.499034398510668775e-02
3.098788254115169560e-01
-1.921957426244221834e-01
-5.823242408271261938e-01
-1.298357444965709540e-01
1.555081388240821261e-01
1.653240820120728261e-01
-1.890647620206059865e-01
2.478490409670219274e-01
1.362926478747253090e-01
-5.279139101128828004e-01
-5.268998853565340368e-02
-2.963077618312958128e-01
-1.507611791475344520e-01
-6.787455800890500324e-02
2.175218743436007074e-01
-6.033716645565713466e-02
-7.332944595762821982e-02
-5.841157391948524624e-02
-2.268386210989795440e-02
4.932579700940672301e-02
-1.616110098246848203e-01
1.180211504512474890e-01
2.105700106959385587e-01
-9.135237816674460221e-02
1.850502521122980026e-01
-1.254058381119916854e-01
1.212335404557264434e-01
1.611757415566450191e-01
-3.269725624874280090e-01
9.295209734235009014e-02
2.476223424236146942e-01
3.025866441630216674e-01
-3.243084992497817232e-01
-5.527535384911246297e-01
-1.330154364227827402e-01
2.481529907718933448e-01
3.823940485047677695e-01
1.408664850120635581e-01
-3.282507314354633499e-01
-3.427152311911643157e-01
-5.563036381377352291e-02
-9.934840957480169099e-02
-1.145369150679110409e-01
-2.218477564391258261e-01
1.679840682834530391e-02
-3.397115376346679372e-01
2.400263220243037399e-02
1.616968529905181140e-01
-3.790402807404258945e-01
-1.985862714390474459e-01
-1.292707913450341639e-01
-3.023462129217795516e-02
-2.280913178472114555e-01
-1.939524810158839707e-01
2.575119995595270272e-01
5.672317887086365529e-01
4.587334528908491027e-01
-2.765072385441499359e-01
4.269255425498244549e-02
-3.255759807507019876e-01
-2.374932436348116127e-01
-1.619139100398374054e-01
-7.847090338817711563e-01
5.415365538598656547e-01
1.134923963499966520e-01
-4.239882459304439855e-01
2.278962501608011448e-01
3.097986375332105746e-01
-4.542043830962918527e-01
2.324345851265850749e-01
6.813379663822720644e-01
-5.774525549597600005e-01
2.800453882576594555e-01
-2.751400189463185653e-01
8.169725256716707795e-01
1.601727715231926752e-01
7.285038625391945799e-02
2.534203575488157001e-01
-4.148426507315620265e-02
1.277177830165968780e-02
-1.160854147921991375e-01
3.505382373582203170e-01
4.060332453524524016e-02
