9.704466960042712476e-01
-8.374999317716648461e-02
1.450937186115538013e+00
4.738395485861209844e-01
6.320685479697925047e-01
2.435704627774404329e-02
1.637795706649512739e-01
-7.934987711201436644e-01
-4.062343824762434386e-01
-2.099224182273141948e-01
5.649505925131421691e-01
1.326329806899355646e+00
1.663279820775121820e+00
-9.512482978853991078e-01
-2.554322086914257106e+00
4.485234453688320966e-01
-2.909240718015949079e-01
-6.191346635162400247e-01
1.107520735930374700e+00
-8.562884310220765238e-01
3.520076804170846896e-01
2.546344316033688493e-01
-2.148116807288622532e+00
9.427658692415767927e-01
2.104492413586300792e+00
4.869690828167149155e-01
3.015247993922017589e+00
4.735883269309027477e-01
-2.605055049417639434e+00
1.289928812763399879e+00
-3.164979420498486018e-01
-1.255395402170374375e+00
2.047516953097795189e-01
-6.229025069376248336e-01
-5.863954839583128686e-01
6.894169196440540492e-01
8.805119038190466485e-01
3.489785914195078220e-01
-9.755648180363782895e-01
4.139781644808591121e-01
-1.801880442254128356e+00
3.234135787353985547e-01
-1.832105622881837315e+00
4.293326685972889689e-01
1.446601228911348125e+00
6.699270018034744201e-01
1.756793299312238599e+00
-1.123416613037183209e+00
-2.456261439855911721e+00
2.545337314125316386e+00
-2.053689472833739149e+00
-1.181360512205168023e+00
-1.392857419801662111e+00
-2.519541626609303364e+00
-2.222339437222855985e+00
-2.221100351683915342e-01
6.149827699846828200e-01
2.962142478690828362e+00
-3.421444625392422445e-01
1.726037064577021329e+00
-2.431009818197377714e-01
8.601925412732756016e-01
3.409924199165604852e-01
2.983575593722807562e-01
-6.912953328106291595e-01
1.881965164468445417e+00
4.463953837663030000e-01
-6.748250261963643082e-01
2.368663187812912740e-01
1.230408355072631910e+00
3.564148921510842394e-01
-1.274504216263337320e+00
8.106683904479793368e-01
-4.436401375293139160e-01
3.974167155279433317e-01
-9.956499550596983328e-01
-6.498405079516675342e-02
-5.638138764249155388e-01
-2.105056871368195248e-01
1.236290217473569264e+00
-4.155271791510821711e-01
-3.356262749155666247e-01
-1.303246473096664471e-01
1.581883199819790198e-01
1.439677185576644092e-01
6.056056832426695014e-01
-3.727693150521939058e-01
-3.849368349147910817e-01
7.615875237478161308e-01
3.795574571594917401e-01
-2.656675738851332902e-01
-7.024434259847475714e-02
-3.183736433212810968e-01
-2.608654426677342597e-01
-2.553582573127453625e-01
-3.065192209438754034e-01
2.099295457527869113e-01
1.636445414008183830e-01
7.408456205011434426e-01
1.618513553244302350e-01
1.841057383970791661e-01
-7.132318099994074956e-01
1.403022882315676956e+00
-3.243255199500432728e-01
3.893115580771552287e-01
-7.669282451202807938e-01
-7.895568708583406980e-01
3.962348867081466053e-01
-1.903780010927678401e-01
-4.473436516263322726e-01
-8.961766993543894833e-01
5.579400119405809599e-01
-5.474752753624016754e-02
5.793643024114440987e-01
-6.109515880004408039e-01
4.606356482710858291e-01
-2.081495345520689155e-01
4.939949876243355797e-01
4.730414678672120732e-01
-7.004191504635742804e-02
2.583333335861632413e-02
1.041835590993327010e+00
-2.997253379678266674e-02
5.428504763777887432e-02
-5.540208910764972128e-01
7.328080548870775646e-01
1.321037731171731178e+00
5.675841463520988617e-01
-4.455070775310771558e-01
1.995172550070236916e-01
1.419310971848749325e+00
-1.219769968276029681e+00
2.940149981383596289e-01
-1.231898763828205151e-01
5.235360126433090677e-01
-5.431458440197479698e-01
7.653169773757223515e-01
5.847913008929406936e-02
-1.057059108429624139e+00
-4.874276659913658744e-02
1.281494548518510301e-01
7.845081730604044901e-02
-7.571988525631664357e-01
-4.761040359860712057e-01
-1.304416643220548400e-01
-1.801940943115135862e+00
1.939871743774828627e-01
8.662384748043530092e-01
-2.341991453007344071e-01
-3.387761104004193696e-02
2.971892666646074876e-01
6.410967806511841394e-01
-9.961822453883594219e-01
4.381423538979345444e-01
3.973862243527592764e-02
6.078542679291811801e-01
-3.055822584997860414e-01
3.013853457769346406e-02
-5.392708982133944673e-01
-6.127512239915958725e-01
5.237156459337520831e-01
1.232043818841973004e-01
-3.319409586491882114e-01
-4.910210611208304377e-01
2.174292055480226693e-01
-1.832078638571981832e+00
-3.881827548284262908e-01
5.953578238591055172e-01
1.894496071529666870e-01
-9.457620330904304984e-01
2.061065558995254718e-02
9.247634529316904883e-01
-1.138764230997138416e+00
5.686000295576523200e-01
-5.603544979933784420e-01
7.053262319215403142e-01
-3.992132944069386458e-01
1.269745606555448547e-01
-8.471871276571503462e-02
-9.487742546874026184e-01
1.719184028465924330e-01
6.116556392110750195e-01
-1.082545432562621812e+00
1.369124987505476454e-01
-9.720423436069534073e-01
8.107277566749298073e-03
1.285039824758203331e+00
1.990210302843125889e-01
-2.352218730573071570e-01
4.016853170828731945e-01
5.820693582112095310e-01
-6.608197697905094925e-01
-7.830567767656393396e-01
9.468166340042290241e-02
5.056672903282476428e-01
-2.834188168894555826e-01
8.688810367406200885e-02
5.450098746537068717e-01
-3.510834918734888066e-01
-4.073072906066249610e-01
4.105713748446053746e-01
-6.324986278915607496e-01
3.488431803801566033e-01
4.571922815184509825e-01
4.407150476787902171e-01
7.792233625758252513e-01
-5.155740542502879054e-01
-4.920495538452964723e-01
-6.728285626721851320e-02
-4.023657993427401935e-01
-3.492139343895145909e-01
1.840988051719722185e-01
1.273897384988028070e-01
-9.157671877913924063e-02
5.778548848813735983e-01
-9.058036872628425495e-01
-1.040602988409484064e+00
7.829253035781242875e-01
7.629728495942795785e-01
-2.921130523179791272e-01
-2.500220739170064821e-01
-1.865528562070396301e+00
1.346696571802447950e+00
-2.633662798680173611e-01
1.009615167767175858e+00
-5.180071260800881427e-01
-1.930183822939155913e+00
-6.474277395477329167e-01
2.434797031244924914e-01
-5.126177977614108094e-01
-1.230838757975974529e+00
9.975792286061939684e-01
-3.030825991765150329e-01
1.421390297114732415e-01
-3.572670368339667668e-01
1.948440767620962522e-01
-4.519060082573639892e-01
-2.587342658716517696e-01
8.853586813389520138e-01
5.618105660782946043e-01
1.641341865600106503e-02
5.257536485555222017e-01
-1.493440664131971296e+00
-6.747229196227585817e-03
-7.555129083861368278e-01
1.825950701764103012e-01
1.661020603814580721e+00
1.754374739673545680e-01
1.104555938541842974e-02
2.416061724788697851e-01
9.649079073483298741e-01
-9.443132452420591738e-01
-1.353760100701944524e-01
-2.815023980675904758e-01
1.343512782266485621e-02
1.029119839008017789e-01
6.226740130293986208e-01
1.994015844117226488e-01
-5.238880312943918760e-01
-2.912702816224083113e-01
2.273185361167160690e-01
1.686709782827071069e-01
5.366007957999292532e-01
1.485847033320327956e-02
-7.878145918564949390e-03
1.406128470611421322e-01
1.867083478033830235e-01
5.113239095937588408e-01
-2.483615211192637118e-01
-7.877928931233184329e-02
3.452265346894565212e-01
-1.912507321646726710e-02
2.863611177263929997e-01
1.337340185713978558e-01
-2.996120531842200521e-02
1.283149764391912639e-01
-6.023046979874320250e-01
4.656343901418140696e-01
-5.548820028125623915e-01
-1.173880463621420830e-02
1.294473013838448594e-01
-6.440721464176625277e-01
7.793025181676902502e-01
-1.789071997484402987e-01
1.239153372161576200e-01
-9.082547415896448095e-01
-7.863110133249844313e-01
3.006430270050402531e-01
1.199493661461601274e-01
-9.692468560523089804e-01
-5.909675430484483405e-01
6.327551447673002150e-01
-9.508110232695947406e-02
7.502183737145640130e-01
-8.649280426599226246e-01
1.013006983072302525e+00
-6.746823046024098547e-01
-4.641249738179729911e-02
2.448872183394295438e-02
-6.972393651810211423e-01
6.736965142670430229e-01
1.786857601566033821e-02
4.520369894277576073e-01
1.778234675581595314e-01
9.096852546013747820e-02
-2.739668064643201451e-01
3.969554165247423660e-01
3.997669110621121513e-01
-4.630066043300421486e-01
-1.995548646245839386e-01
3.591888959935393699e-01
-1.677427645752130325e-01
-4.244120567322283155e-01
-7.587122110388175300e-02
-3.706026594010702335e-01
4.313583366540814645e-01
-7.128058850702715388e-01
8.710379343211201511e-03
-5.766595034898406302e-01
-3.299553564268685735e-01
-2.526222197281161042e-01
2.178754419053978986e-01
1.318094033391404185e+00
5.696141692018881209e-01
2.577058653938408272e-01
2.849438385153801434e+00
3.053971570218059761e-01
-1.170117126409148556e+00
-1.706178104200859746e-01
1.297150134993066528e+00
-3.986610527950086857e-01
-1.354605081228327013e+00
1.955556561549077310e+00
-8.389480967339582040e-01
5.903861535758752055e-01
-1.210247195238103313e+00
1.350672804908235047e-01
-6.238316093892060099e-01
3.164806782919290205e-03
1.068761646998021675e+00
-2.166182778997599034e-01
-4.730769209503309369e-01
1.000263526074429921e+00
-6.014552360828077926e-02
2.055044085164260959e-01
1.535865960104493055e+00
3.080703190036056527e-01
3.280884848036586671e-02
-3.759483179917915696e-01
-1.694101393766190011e-01
-2.144831915391863797e-01
-3.967065919369561766e-01
7.668828253413008111e-01
-1.800779311362550872e-01
3.983412337659151814e-01
-1.668454445586254054e-01
-1.011691924933044717e+00
4.686851951012956929e-01
9.912104068050320294e-02
7.694463827499618824e-02
-4.083581318571883334e-01
5.119585239174336833e-01
-1.242298171391179179e-01
-1.044979961727623419e-01
-2.527276311570444967e-01
-1.308728662557848255e+00
5.618410385939005547e-01
7.503547404389622200e-01
-3.503653231925615841e-01
-4.276886393998508007e-02
4.387517240669335239e-01
-1.285433020258857917e-01
-2.997063245986190116e-01
5.702677882443909496e-01
-3.436841016565267970e-01
8.097148307683255108e-01
-2.103440856332285669e-01
-2.335449353908268799e-01
-7.146594386961282463e-01
3.691279867460633968e-01
1.597461471590423676e-01
1.214270939237745095e+00
-8.660014967598388402e-01
5.323015774324091343e-02
-2.029666236841169424e-01
7.966917473082246737e-01
7.609949050067812415e-01
3.320970947149019525e-01
6.338964501329761303e-01
6.296893757638978295e-01
3.951427239365542521e-01
-5.897875050611709469e-01
6.995556054222722142e-02
-3.424225390742607900e-02
4.203639354231324954e-01
-5.427614669840521433e-01
7.029212665214834566e-01
8.539931551762004747e-02
6.913847125836854179e-02
-4.094931864130819110e-01
-1.709933523884008266e-01
-5.748411902874916990e-01
-7.167597909007462631e-01
1.465536694822587305e-01
5.273997116382077993e-02
6.885317605433596277e-01
-1.629892393709546916e-01
-1.330284158626381830e+00
8.712256225180592395e-01
6.726836537674727445e-01
-2.466225006100048744e-01
6.813428854553341997e-04
-3.566909321241603648e-01
-6.547437077553348861e-02
-5.197136361695632589e-02
-4.788830010521410441e-01
9.872862827676203157e-01
1.578886949037336673e-01
1.220675685750434836e+00
5.623257557155201397e-02
-4.270315959720494270e-01
-3.068770494044049668e-01
4.533705773592475174e-01
1.821864342861703179e-01
-1.216762027136995966e-01
9.023049199606034687e-01
1.507272238673877385e-01
-3.803683079219912222e-01
-6.572961828109632476e-01
4.308062050025615042e-01
3.212785302455477554e-01
-8.132464277410290932e-02
7.015956866768354727e-01
-2.776625533126115819e-01
1.012861474062295292e-01
2.584279365984762933e-01
5.271245598025959406e-02
-1.233700860735996579e-01
-8.221866931190252581e-01
8.846862059864049055e-01
-8.554474194599334669e-02
-7.890799692378589469e-01
-1.671889721537400675e-02
-2.570862657797366446e-01
7.118525991793099861e-01
-9.505872741843490736e-01
-5.879068946305154864e-01
-8.774408776718112257e-01
-2.477353224299328610e-02
4.022411317414935628e-01
-7.196419014684830584e-01
7.499444375620883951e-01
-3.750770491793677941e-01
1.102803100172989326e-01
-4.685707353929630670e-01
1.341556054843426327e-01
2.728936880603205495e-01
-1.020593509800084113e-02
7.234288320070939582e-01
-6.573116967442979575e-02
-4.538905203761196550e-01
1.213804382614778410e+00
1.434176250356566096e-01
2.685596431400177342e-01
-3.006484503228756267e-01
-2.128843258311193143e+00
-2.691972056118853707e-01
-6.633019478388231249e-01
8.762933348031566316e-01
1.101600899785016408e+00
-9.674822490270960917e-02
-1.478056423182784407e+00
-1.725330862048080061e-01
4.156840269338660243e-02
6.521630938377692699e-01
-2.916834940963644041e-01
2.819397118091403254e+00
-1.271806264374737649e+00
9.971965229479437531e-02
9.927218920557694393e-01
3.100779197822558508e-01
4.578003972992876758e-01
-2.378378521093283543e-02
2.280238940424954008e-01
-8.246941609391215122e-01
1.949549548565873425e-01
5.579158320779709079e-01
3.187337043857227381e-01
-9.126036823572060142e-01
-9.327676512816275300e-01
1.123949463868775478e+00
-7.365029140337814306e-02
-3.058802053297385304e-01
1.276828579052031509e+00
-8.220386181732482200e-02
2.364405282200127134e-01
7.424535503563655103e-01
-1.509928032978764267e-01
-2.430022032508103724e-01
2.125552689992100397e-01
-3.700702931084611791e-01
7.920311770686556674e-01
-6.305875549367552235e-01
8.096271569599799989e-01
-1.452367218966467366e+00
-7.616687489353853036e-02
8.858175042588520842e-01
4.650833139052638066e-01
-1.497104338065626150e+00
-1.766265789154057186e+00
1.005757774060878074e+00
-3.457628147501874000e-02
-1.613322747826480219e+00
1.302391293481874213e+00
1.070656719689373260e+00
-6.449492364698854452e-01
3.325880775399496780e-01
-5.969955934662329877e-01
-8.500557233896554044e-01
-9.522541026529923736e-01
-3.654882938292617345e-01
-5.022475557263791357e-01
-4.431948925451514310e-01
1.990131744620373955e-01
1.445604214878537963e+00
-9.634968240991382826e-01
-4.177341778908760239e-01
-5.112280116692084243e-03
-3.989254836436371132e-01
8.788826997204074454e-01
1.297745277935984098e-01
4.091027286184401035e-01
-3.008381812193607896e-01
2.871719562636020351e-01
-2.344911852679160136e-01
5.312520208549570411e-01
-2.241813231624688874e-01
8.908028082970671779e-02
-3.361364878014273805e-02
-2.744971896776172704e-01
-2.041459861841705692e-01
-1.253609971619409902e-01
-4.644389099746595306e-01
-8.546240306399750797e-02
-2.377761191068883395e-02
-2.657869959540486993e-01
-2.392925094306612710e-01
-5.952160356880558112e-01
-1.361455059190909422e-01
-2.918123587009611997e-02
3.347302668019588312e-01
-3.365615740197681061e-01
2.099444972669658460e-01
-5.503350217859566129e-01
4.755150253469800359e-02
3.595121565267193620e-01
-3.391253269820130312e-01
4.341206251609314865e-02
5.457692679303430966e-02
1.022607325156463243e-01
-2.320123780734094088e-01
-6.151026246046042978e-02
-1.532742466003310655e-01
-1.978885951299518831e-01
1.271604720168715730e+00
-2.403951227461638973e-01
1.518634694838699450e-01
2.685751480596183516e-01
2.867158242423823999e-01
1.221427650658013286e+00
-5.513317334398742942e-01
-6.727525885633883762e-01
9.354676571479118019e-01
2.183265399350611119e-02
-2.845388778795851503e-01
-1.502203729184767127e-02
9.759442072647032118e-01
-2.139656673113707330e-01
2.759556986367481257e-01
4.569657639748685996e-01
-6.278605752039458920e-01
8.064846017854745419e-01
-1.557354605338063358e+00
3.619107485927555157e-01
6.353795591147567423e-01
-1.080945537821603963e+00
-1.815674503003936457e-01
-4.202026294007870644e-01
-9.564816106408128293e-01
4.618139228358460191e-02
5.405982817189507461e-01
9.643587062364595841e-01
-6.090159726906995141e-01
-1.597021302899571116e-01
6.082125904884875256e-01
-8.245152034884468684e-01
-4.459414666745139533e-01
-8.956197234765527204e-01
-1.723424043784699933e+00
-5.407934251234374212e-01
3.113201572546831636e-02
8.666236431794070022e-03
-2.873248555529842041e-01
3.575449412767962021e-01
-9.253724340813961058e-02
-1.861719281718911267e-02
4.772153110420034872e-01
-1.022652296406857120e-01
-4.009354657246859133e-01
-8.120673410949114102e-01
1.279359440396554248e+00
-7.922756356745515316e-02
-1.363470509450754632e-02
5.464713761679488302e-01
-2.583381062069858292e-01
-4.372310514855878294e-01
4.984067951356797033e-01
8.811709378168962326e-02
-2.578480019087497910e-01
-1.447385357628626634e-01
3.267320657899832614e-01
8.756131091846079961e-01
-1.209602312162514348e+00
-6.121416692976537899e-01
1.211902063147549287e-02
-1.448098910345571033e-01
1.516541729199132327e+00
1.094684552371500752e+00
-1.071722911453813820e+00
-6.174409451899441903e-01
-1.137597032186334900e-01
1.539038222235987186e-01
-7.895899840394603464e-01
1.519719393873042002e+00
2.117879920851448994e-01
-6.833960981115390076e-01
2.416456116836432355e-01
-7.378902841565561088e-01
-9.900441408597971948e-01
-4.988172351297442964e-01
4.327150866483797653e-01
-3.727007425600115664e-01
2.245257842325783404e+00
4.919579071689737515e-01
-7.155445439114803685e-01
6.056956018955149679e-01
-3.235678682853669330e-01
-6.503196085045740427e-01
-1.975949183159207978e-01
-5.973380094674751728e-01
-1.957382933693843641e-01
-3.750749016455325879e-01
5.382095595381816144e-01
7.027166168305617466e-01
-3.051722717327958745e-01
1.142099140744917030e+00
1.079245524649374011e-01
1.051765275918738363e+00
1.405109372566971659e+00
1.140665521507683744e+00
-1.519891128097227706e-01
-4.585409143877630100e-01
1.321456934958666896e+00
8.855485822083333236e-01
-6.356181179559298178e-01
-6.793920758030830287e-02
-2.603574129699356421e-01
-1.005527306105752361e+00
1.203155688611836860e+00
4.483597506141333566e-01
2.394364066643697719e-01
-3.287819741169397680e-01
7.796319617463528528e-01
-9.865189513444760916e-01
-1.945491370633808115e-01
3.113772807529128217e-01
-7.705223375486109916e-01
4.812561949365947722e-01
6.952487198477279584e-01
6.337709408179952320e-01
5.004064484066167440e-02
2.421900945209033706e-01
7.362455862358173730e-01
-4.204853224414520363e-02
-2.343937600175358960e-01
1.543644505243448040e-01
4.973202468278711819e-01
1.354369719357974011e-01
3.294303940277945597e-01
-6.166723779915316284e-01
4.490494250103003182e-01
1.295166558604480544e-01
1.855319545318301899e-01
-3.702067735429245832e-01
1.366180387842087507e-01
5.562378063247547938e-02
5.483075123926876848e-02
4.872153762278997879e-01
6.085659215021259616e-01
1.556656523176653539e-01
3.777552719149652738e-01
3.095686925266413203e-01
-1.012785483485362681e+00
-3.005244248790598371e-01
1.261459959925447682e+00
-1.436064232759757253e-01
4.229037816504490066e-01
1.614808034814096072e+00
-9.334839071273967614e-02
9.728374257384558854e-01
-1.212259681118611709e+00
2.670830597014664520e-01
5.893814349725636781e-01
7.269571219552966035e-01
-3.209648459418119049e-01
-2.640981549080488253e-02
7.139152110018391895e-01
-2.559773455026981281e-01
-4.103559889266945038e-01
3.118803878425208675e-01
-2.460062237572199495e-01
4.824377642124205723e-01
-1.731003418504025948e+00
-3.181702543189811605e-01
5.495970048234796734e-02
-4.400393085128000981e-01
1.694083590336580292e-01
3.225730486781451245e-01
-3.111166301759942798e-01
-2.855315821616100092e-01
-8.215253016086669635e-02
1.295110639273403530e-01
-9.777618286390203917e-01
-5.006005487320464020e-01
3.132747378559796458e-01
-9.619414253672143866e-01
-6.185331409317246232e-01
-1.006269656959617675e+00
-8.973256911657339074e-01
-8.413699255056821258e-01
2.907523177335515352e-01
-6.759638879954939228e-02
-3.610168063321067544e-02
-3.177063150361108396e-02
3.518353013432612975e-01
-1.149236064620432103e-02
-6.646049960052375916e-01
-1.544116690096378475e-01
9.577879578308159392e-01
1.168257096584388366e+00
-1.374569776540172761e+00
-4.611294619060328226e-01
1.397303459323221864e+00
-1.215918665919138331e+00
-2.827613641718257353e-01
1.008706431087600608e+00
-1.759881687791696181e-01
5.569823690392493587e-01
1.072119398944901381e+00
1.095331396864751339e+00
-4.298619158956205055e-01
-6.270524485128735614e-01
-2.686027383262643009e-01
-1.739300810391297414e-01
5.737336511143528023e-02
-8.747830753800910075e-02
-1.794594807347560383e-01
-2.872065808206128446e-01
-3.979300558795491050e-01
-1.015486125207286205e+00
6.242835960110515447e-01
-2.322100068972684228e-01
-5.841793210646564205e-01
-3.200221787236090520e-01
-5.631873592502607828e-02
-8.642150472787402116e-01
-1.143498601428089151e-01
9.771886523481100595e-02
1.126112214763856818e-02
-7.795049355276963965e-01
6.791812396099415894e-01
-5.798379325159154218e-01
8.887503808965808716e-01
5.325139115357594433e-01
3.820328789554153226e-01
6.600967533050901004e-01
-3.066988333346231110e-01
-1.564242974982074305e-02
8.878077418195209347e-01
1.227364465693029594e+00
-1.515310841254227547e+00
-2.950719444235945232e-01
1.274154072854338793e+00
7.196913668876844250e-01
-2.870688612098151182e-01
4.699309700261024014e-01
5.276141371154583481e-01
4.094823753342089478e-01
3.180204685098756978e-01
8.516603478694952933e-01
-1.743989415578804936e-01
-2.788896946285890910e-01
2.076193543311766199e+00
1.089765701622926741e+00
-1.118152372374946246e+00
4.953131857378801906e-01
-5.279179836975167461e-01
-1.776507171901971605e+00
1.439907523739784478e+00
-3.693005644514525398e-01
5.542235304265030749e-01
1.641542906661938306e-01
9.739197066979582429e-01
-2.177736411016717000e+00
2.563443329790946468e-01
1.069154590507616742e+00
-1.159213073381941239e+00
9.513277937288180386e-01
1.369538879508360507e+00
8.310389946438156983e-01
3.461979390136574186e-01
6.178531897263034312e-01
-2.605497184666841215e-01
-2.800512251894896609e-01
4.098101558094589120e-02
3.850712101295313272e-01
9.407937862903952286e-01
8.923677281800471706e-01
-9.341828244129541936e-01
-8.568289939344608808e-01
-6.026122778812068731e-02
1.726554544771978228e-01
-5.711804925364442065e-01
1.490350386138938665e+00
-1.210817603425936861e-01
-5.490716182289551162e-01
5.161855837925832802e-01
-5.285167811894435630e-01
-7.532634161781578408e-01
-4.183405664119919654e-01
-4.761752100520466047e-01
8.657272665836972525e-01
-1.682169691564398439e+00
-6.632228122765283507e-01
4.534359573683919287e-01
-6.148259727384416395e-01
5.332994505678927410e-01
2.870968836820589898e-01
-1.023580686604216528e+00
-3.990878084062938758e-01
-9.806819569548356208e-01
-1.581246298831348318e-01
-8.267291425258632698e-01
-1.508823551790511863e-01
4.066404478301228753e-01
-1.314882331839084317e+00
-1.631597495094346539e-01
-8.018875909419080905e-01
-8.913500450075255710e-01
-1.243641717085079090e+00
-1.851447487748137111e-01
-4.060913322759570621e-01
3.087801725707188250e-01
6.110360237357534974e-01
1.789459031494111951e-01
3.712961272793938172e-02
-1.497979379708576753e+00
-1.673220672541872567e+00
1.797669236803941528e+00
6.394606488693200808e-01
4.764456244096958448e-01
-2.235665649410875921e-01
1.535318923060996044e+00
-2.328658142587616275e+00
-4.993876464435356155e-01
1.371640486960439054e+00
-7.960640491369698202e-01
1.171673303164972646e+00
1.460075335164434662e+00
8.621888029172213308e-01
-2.955156839062247909e-01
4.844180029820499001e-01
-9.039990151403285434e-01
-1.516271611538624331e+00
5.517634753779069312e-01
3.401522183150101353e-01
1.543265193577253620e-02
7.349888043345665922e-01
3.069955605840375412e-01
-2.369801399825011146e-01
-1.056516456181307628e+00
-8.524323819465032814e-01
-1.386724185158550726e-01
-1.716177299287290126e+00
-1.520355208608424602e-01
-5.521639088631752346e-01
3.354599299911412702e-01
-2.239936040415309026e-01
9.116176039117727115e-01
-4.878479186738191031e-01
-1.165955528573874855e-01
-6.202184770900404098e-01
8.640549468905994734e-01
5.221093075752817336e-01
6.730731262494336897e-02
-1.089946502971713249e+00
-2.986912331426459510e-01
-9.629424200338032591e-02
-5.700476909175603568e-01
8.992376862327533527e-02
-8.413863660634947339e-02
1.064439721011690709e+00
1.596415653864664552e-01
7.918937869281725828e-01
4.359191074540871846e-01
-2.594864427915044569e-01
-1.444621411968546598e-01
1.282011902666874148e-01
7.180020095741931341e-01
-4.424244707885731098e-01
-3.287439319499319001e-01
-5.519560773457160563e-01
1.074857018015349386e-01
1.637554852989328846e-01
-1.008693794014337008e-01
3.038186046325902501e-01
9.246255962411567553e-02
-9.698783718967804446e-02
8.260282085495310178e-02
2.612611288869240989e-01
-9.818720935875037137e-01
6.660875620272029840e-01
6.860355166603282484e-01
-1.583943801145173969e-02
1.977403409982200211e-01
9.865438562772525788e-02
-1.631121730196664066e-01
-3.520429604634061627e-01
-7.930006706400036798e-01
-7.749718511502366736e-02
5.278636024451116571e-01
-4.900210091025446191e-02
1.074913589485958360e-01
-1.732688248215176752e-01
6.703781287731498673e-02
-2.991054315181233547e-01
-9.235306883444895920e-01
-3.444548031302243629e-01
8.763969787704281034e-01
2.355778084258868532e-01
-3.194105563558040650e-01
-1.689117388425005029e+00
-2.067907783157718893e-01
3.243705673258061584e-01
1.663562321996501017e-02
-6.296753749061462235e-01
-4.172223457544682601e-01
2.053161120531751538e-01
6.590833756417141531e-02
1.078135577411138968e+00
-5.262803914107251346e-01
5.499517650933504198e-01
2.966443439641953672e-01
-6.710224969395365280e-01
-2.983153256062451852e-01
8.065783203781277111e-01
-1.087109615858079525e+00
2.668773768857854445e-01
5.411843986452954391e-01
-1.543841708814673030e-01
-3.731754401608842336e-02
-2.096354819980009054e+00
3.117400820266172934e-01
3.652317588401926551e-01
-3.223112539208768945e-01
1.866075713304562456e-01
-1.153921409240784346e+00
6.292722950785175628e-01
-6.368735600545955000e-01
1.465159950643966091e+00
-5.846388816734621185e-02
-1.453954373585621962e-01
-4.138274262909647644e-02
1.111769767515494167e-02
9.053689208340853778e-01
-7.287306994068749599e-01
2.704952657012278938e-01
-1.802786325827144265e-01
-1.696827633815028435e-01
4.031049198432415936e-01
2.454685592257566107e-01
3.128079608479825136e-01
2.441846523990479079e-01
-9.783285315823226913e-01
-7.911125253290607340e-01
-4.802788279187752418e-01
5.225853703677117990e-01
-1.683885150051181556e+00
6.882128549355484015e-01
-1.489938092664697455e+00
-3.097067759881335647e-01
-1.865816385598465077e+00
-3.712871179336865723e-01
3.660906444540040772e-01
-1.657143012132946125e-01
-6.765453664127213385e-01
-2.125442095492191541e-01
1.016300298641618305e+00
-1.509225847602414239e-01
-4.997768717877107969e-01
-1.535422178913032620e-01
7.333823449424068386e-01
1.798058061678426411e-01
-6.164520753070008158e-02
-5.473732131900831133e-02
-4.484967888679380899e-01
3.371348129953232776e-03
-1.699922865285635742e-01
2.473487689988806970e-01
-9.818818115286398474e-01
-4.261139279328631652e-02
4.587706985518413133e-02
-2.071343635483841039e-01
1.023829011825416052e-01
2.195252141566390314e-01
-7.696110485104618038e-02
-1.485614130435910785e-01
5.668723038313466106e-02
1.834096982988916158e-01
7.894287608841296655e-02
-7.494623114508486283e-02
2.528402612155982165e-01
2.286281263635443761e-01
3.222148272228406163e-01
-3.539166129738186561e-01
-3.568596081017171295e-01
-7.928028965675790740e-01
1.281481511190253053e-01
-3.898244345091704255e-01
6.301143044813823924e-01
2.691649290339625522e-01
-2.651011918921856170e-01
-6.173232992395173008e-02
-1.556866519089346590e-01
1.133223557746311894e+00
-3.116384230731387706e-01
-7.097588162346596397e-02
-3.571369048708295524e-01
3.301917485841265182e-02
7.125142991401298143e-02
-1.137222891660426560e-01
-1.185180080439782735e+00
1.676446268844211662e-01
6.798999770557266897e-01
3.014370480662672547e-01
-7.739846250538477690e-02
-6.319495054980679427e-01
-3.166916787197531225e-01
1.837326462232804491e-01
6.473778098757670962e-01
1.308813358652268465e-02
-1.611152462325232015e+00
-6.455914330344808549e-01
4.467104199647875529e-01
-1.461131312382909053e+00
-1.234181425622232320e+00
-5.384702235689689531e-02
-1.285937519344110963e-02
6.127633099946201006e-03
3.694498994346209764e-01
8.933136609883847168e-01
1.473564631132156189e+00
-6.744000773557309314e-01
-1.097776840597634918e+00
1.067427325883156530e-01
-4.205737732905673876e-01
7.633435840318006371e-02
-1.015968274574988950e+00
1.163701619182757607e+00
-1.408921019122806095e+00
2.505427676291313022e-01
-2.969625650067586053e-01
6.685115239351167860e-02
1.428664771634894082e-01
3.770030797143084644e-01
-1.382189093080437248e+00
-3.606077132808287872e-02
-5.077609378380510963e-01
6.623302573179333796e-01
3.400414990151860994e-01
1.209780201478279249e+00
-1.124171621399974175e+00
-1.462927635947872951e-01
3.721641440145366797e-01
7.830640574627632799e-02
7.073400899476697812e-02
-5.315834009133785232e-01
1.083843207971957989e+00
7.520840804255780609e-01
8.283494466957784796e-01
4.471868869564981502e-02
1.922614486016552382e+00
1.146944731708496590e-01
-5.699268190524220401e-01
5.466111339695450821e-01
2.540629255621633220e+00
1.925033110032921824e-01
6.105035275559170943e-02
9.477402306200009008e-01
-1.363106450575043149e-01
-3.728410934341153116e-01
-2.543364238611086847e+00
5.351717513871442344e-01
5.877826835162290875e-01
-9.974918895845888978e-01
7.234671137938220031e-01
-8.554665338218765402e-01
4.216704138486898623e-01
-1.539663443953850130e+00
1.367625464301913230e+00
-1.838573343045402930e-01
7.784122052090395316e-01
-4.670479052340788251e-02
1.369416791919251530e-01
9.663950339503200870e-02
3.267109921364478864e-01
8.338504819986840566e-01
-2.431450286807541883e-01
-6.169025617678285112e-03
1.394737192661401892e-01
9.372570165421978405e-03
4.264943143076154741e-01
2.770169799460358018e-01
3.921925726831840264e-01
-3.168717128824990459e-01
6.193950370391115845e-01
1.390083416678805361e-01
2.566953782213193813e-01
-3.075678287187396109e-01
-1.109801629294826231e-01
3.904160853118682217e-01
7.635243756743513854e-01
7.608599534737989778e-01
-2.326507031815442661e-01
-3.407403019412214018e-01
2.419760879840331114e-01
-3.596074670527703576e-01
-2.298267346964235347e-01
-2.867395617485602247e-02
-2.585183022223165941e-02
-2.393135412326802824e-01
-1.253733120874736429e+00
1.382600352925352216e-01
1.268570736608632954e-01
6.591313081336831470e-01
3.936454825691285686e-01
-3.710812794576442974e-01
7.293842897473608033e-01
2.216731991070920726e-01
1.072700190907655449e+00
-8.791840095170272429e-02
-8.821200089551654855e-02
-1.652263472397829114e-01
-9.792073034530390796e-03
1.034722170852398371e+00
5.144327566352180359e-01
1.064154246180134405e-01
2.087602704999507175e-01
9.977271619787636547e-01
3.014827228766553957e-01
-3.108186919419856920e-01
-1.645212016258143617e+00
-5.662291608004987875e-02
8.422968582537762039e-01
9.764565568395933148e-02
-9.860063045061567832e-01
-6.357137784817853410e-01
-1.424870532377896515e-01
-6.599037118375730149e-01
1.113483874639988658e+00
-3.529902989934977087e-01
9.504079169264453286e-01
1.111050531796992091e-01
-4.477724708518940888e-01
3.831990708573284055e-01
9.953790045460438884e-01
6.412623724924150226e-01
-1.822014744646248963e-01
-3.252792257428303024e-01
3.843060026145034280e-01
1.273299990410150240e-01
7.010337293722145036e-02
-1.197552678272330029e-01
-2.342475048790982617e-01
-7.604042104114723255e-01
1.553859912297737678e+00
-5.748050044461728431e-02
7.789602443924381614e-02
1.253272584516003894e-02
-4.294120037910773707e-02
-4.658873490042341747e-01
-1.563880804642563627e+00
-4.276015259499683641e-01
5.600970178559289137e-01
-1.704447423405632683e-02
-5.196335850776819809e-01
-6.259023387670382688e-01
3.612346114639524153e-01
5.853670574356661938e-01
2.136933233047436098e-01
-2.458520693583876038e-01
5.358984620459719128e-01
-4.643719766676370972e-03
-4.187253043682152565e-01
-4.105947182231166059e-01
-1.228708776862920571e+00
-3.487877681449664258e-01
-7.273960560679547660e-01
3.938615843106587633e-01
-1.461310188820330369e+00
6.412860539401533666e-01
1.193344643892222612e+00
4.620123199743640385e-01
-6.937023805428726986e-01
6.185878004307512334e-01
1.385805882763240460e+00
3.009593800120528156e-02
1.517279400925935773e-01
6.672642359604858964e-01
-7.399456110970994982e-02
-8.244902638761553160e-01
-2.142731440431699053e+00
3.953018194571460420e-01
8.509753059623315075e-01
9.435027079575232511e-02
-1.437000653216184975e-01
-6.143318935680496251e-01
-1.975090101672800635e-01
-1.278434453620498790e+00
1.390259969270493556e+00
5.407040425174120674e-02
2.168520840734152744e-01
5.515771489479656120e-01
9.368963323023554723e-02
4.956192661865959082e-01
2.244424627448307896e-01
-5.500984243614280844e-01
1.197263181014149025e-01
7.171154742987996267e-01
-2.776756652490011690e-01
2.496645046865954287e-01
-4.006468916814243109e-01
-7.623451210742233919e-02
3.356583746193626538e-01
-2.731838541982167801e-01
-7.883673600592872033e-01
-3.603420473931491785e-01
1.808271368266871348e-01
3.799365469826515018e-01
6.832660485536724559e-01
-1.195054811326680122e-01
-2.010129580622313505e-01
-5.037059743099737696e-01
9.768303116546220299e-02
-6.034263527551371187e-01
2.662836403957656306e-01
-4.785532875294203903e-01
4.966533461696482910e-01
3.228241402940309479e-01
-6.523069083527083256e-01
-6.518156977786331019e-02
-5.147771247313925186e-02
-1.179612456059388713e-02
-6.415510315238058536e-02
-3.837929384367095298e-01
-1.076648363983126605e-01
-6.004155544148067625e-01
-1.691630443724481681e-02
-3.339041609256505616e-01
-1.343713241034167616e-01
9.303352616558430155e-02
-5.776557120638800003e-01
-3.989638321778903873e-01
3.730699695567633034e-01
-2.417247943040435054e-01
-3.115308464491439722e-01
-4.735024832094532621e-01
4.432253003465435603e-01
6.051391133876279915e-02
-1.357743878335971877e-01
-1.070511911550687117e-01
-9.873700431657105314e-01
1.863975747583813958e-01
-1.357073513146793975e-01
6.399217323719322281e-02
-7.337066508794144459e-01
-6.007787763152370314e-02
-1.357691750721775337e-01
-2.033703494962878222e-01
5.120705643467915458e-01
5.704873534354381048e-01
1.113903931374224499e+00
4.025887422499381807e-01
5.572216617726753751e-02
-1.090973619780541082e+00
2.220611597949989080e-01
-3.307826648008947434e-01
3.291872044367159522e-01
-8.684990050063479128e-01
-9.326290439280509048e-01
5.793885563321862081e-02
-1.946519509007930693e-01
-3.726840954663016015e-01
-4.988454348725430143e-01
3.615369950478788397e-01
8.177325508943923404e-01
-3.938685595638257153e-01
6.996297143391264628e-01
-2.885061617990769545e-01
4.711148718702922733e-01
2.899272736904338621e-01
8.533776799029008098e-02
-2.447289791687024263e-01
-1.092305138816320520e+00
1.862846619693790118e-01
2.075406309096020432e-02
6.715734244875732895e-01
5.444112141000047034e-01
6.021576343233824291e-01
-3.266067559046105795e-01
2.188351665625905551e-01
-5.802197313872311524e-01
-3.819385360996688933e-02
-6.183554767737401425e-01
-9.438607271680709010e-01
-7.578719617060450942e-01
3.702007280872880446e-01
-7.922375285134399814e-01
-4.480130014642604852e-01
6.199379633953368274e-02
-2.653155059903100077e-01
7.663056664184920708e-01
3.425835981457066026e-01
-4.421105607060399900e-01
1.950786823272979698e-01
-5.633628109069628298e-01
9.071416696876170860e-02
-3.929431175423347411e-01
2.930837889604812063e-01
-3.053538605665501726e-01
3.272806409067518518e-01
1.840485268954152043e-01
9.540587320586292608e-02
-4.774586242282020110e-01
-1.239459500186109731e+00
-7.539388756820831761e-01
4.915308787704378846e-01
2.635901153840762567e-02
2.146720698757189905e-01
-2.414900374139102024e-01
1.492056782496280487e-01
1.276630210266158194e+00
6.622830778980227651e-01
7.285482649835950397e-01
-8.659690593635823719e-01
5.983968380047409719e-01
-1.191918589611713486e+00
-1.087312939739440293e-01
2.826153615553398946e-01
4.468400333479989606e-02
-9.909992828690885602e-01
9.065303988988134831e-01
3.276636729147009430e-01
2.517906196806692920e-01
-6.795267475554180869e-01
-3.174162158345040976e-03
-3.221042953027264955e-01
4.785021674239091638e-01
4.836809257514450566e-01
-5.272012225730001722e-01
8.025007488615558404e-02
-1.177914628830363464e+00
-2.021724001515136093e-01
5.866055158923830781e-01
-2.383211920974409592e-01
-9.660245690674426622e-02
3.130477714015710289e-01
-1.630124916672533555e-04
3.707293555392270901e-01
3.063768612015071446e-01
-4.079140752659575209e-01
-1.611543962520047280e-01
-1.856348092038140885e-01
5.510027332039729719e-01
4.711850457552281823e-01
1.043696861068710152e-01
-1.632420377105391895e-01
5.600670165654654253e-01
4.708527016046595293e-01
4.283314952739327164e-01
-4.175416262766776243e-01
1.065310767640658823e-01
-9.092918516500383963e-02
1.304088024480512420e+00
-1.321368148893355132e-01
3.557447884660236981e-01
-1.424932076688731231e+00
-2.747866303803962740e-02
7.934126201697175862e-01
-2.973297200436393339e-01
-2.139248847276491450e+00
-6.071981385339998427e-01
6.219503342980463589e-01
1.618999184928006985e+00
-1.906795897178908739e+00
-1.353971901751586659e-01
-3.237387734207953782e-01
1.124216097639480383e+00
1.749961713806575947e+00
-3.024503939068769465e-01
5.461217402375940777e-01
2.659934956049306298e-01
-2.253795965766167142e-01
8.798394169552987698e-01
-8.703440065086905930e-01
3.394943958091467540e-01
-7.656658612341750159e-01
-3.674713822035468036e-01
-9.573755785972897225e-01
-3.133975129916145574e-01
-4.342628384968221233e-01
3.398431358112291578e-01
9.489801730379268108e-01
6.859654014336046268e-01
3.868866781423662138e-01
-3.102601349882678217e-01
-1.320591289577269567e+00
-3.369840747285469118e-01
9.018490446539215721e-01
3.977953818126507834e-01
-5.403137777672083475e-01
6.629868331858378427e-01
-5.421739170841582273e-02
7.945235258934649214e-02
-1.616271156427090683e-01
-2.881143073839826374e-01
-3.872995944405805968e-01
7.979934710896847694e-01
-1.569311881376709017e-01
-9.655349428470769713e-01
-1.106881265820957999e-01
3.212715181036112644e-01
3.553902419743316665e-01
8.363534106858980244e-02
-1.818184239702715366e-01
-2.815850011493213345e-01
-2.453332442615897835e-01
1.913087467241048334e-01
9.730175384122913274e-02
6.311934776357062127e-01
6.075734060762497668e-01
-1.424066554721519218e+00
-7.516019065296892787e-01
-3.534103058146484400e-02
3.480868368693666448e-01
-9.076042687955655774e-02
6.192171906835278183e-02
-3.171339946249381730e-02
8.614272060417745014e-02
7.658281212730486120e-02
-4.288050342648029312e-01
-3.891652512462857594e-01
3.874469205059669769e-02
-9.887627938882401213e-02
7.780572855011153033e-02
3.172285579602422967e-01
-6.973714505287859078e-01
2.623879523780036083e-01
-2.764058670970018783e-01
-2.341877663775090712e-01
3.304842821134336139e-01
7.702389934261801852e-01
-2.648089234282363091e-01
1.174720087889727260e+00
-3.507596266471289526e-01
1.689606209066638748e-02
-9.071431738524463606e-01
-2.948593919600656088e-01
-3.548826007381526426e-01
-2.072196642761084673e-01
-2.879110932672746537e-01
1.856528665560891189e-01
2.639008928504965601e-01
3.153427981552166526e-01
1.079968679193997888e-01
3.057961232619845274e-02
9.690946036471642308e-03
-5.068267036442580808e-02
2.141588882359958812e-01
1.505768167197999441e-01
-3.921394719624022307e-01
9.278362853989945425e-01
3.261873754529775460e-01
2.939339907202014324e-01
-4.653167302638253622e-01
-1.285588281977107731e-03
-5.970721463945474206e-01
1.812226059828395131e-01
-1.370154503942378199e-01
-3.946963900392972957e-01
-4.950304659846758715e-01
5.103309585326069042e-01
4.338707448045343168e-02
8.059498307953619212e-02
6.281519161495762171e-01
1.033442342937545971e-01
4.390609033075285605e-01
1.774089961663040949e-01
5.071139207431708540e-01
2.507025898453525414e-01
4.060273496604512866e-01
-4.651159800042037884e-01
-1.645727225523175852e-01
6.422699168669480096e-01
-1.000343033433322287e-01
1.687280380178761974e-01
-3.644426938842156294e-01
1.385283558562546480e+00
-3.698452118677785228e-01
2.186624575901373047e-01
-6.140141133863389333e-01
4.011130643295933718e-01
-3.960114031737620444e-01
5.521246003960382509e-02
1.070686167860369409e+00
7.751476360197424587e-01
2.693056163788107304e-01
1.202055976310322905e+00
4.438354447574741068e-01
4.763050822965673725e-01
4.030823162378762703e-01
-4.539783460451766173e-01
-3.461840728931899758e-01
-1.077788358284453851e+00
-5.792661546491566504e-01
-1.690056957082099465e-01
8.441073581974263274e-01
-1.409317436236727228e-01
-1.020456219542674736e+00
2.653666745467218591e-01
1.950920407136710055e-01
6.271754697082986274e-01
-7.883207355078301060e-01
-6.082602465545473569e-01
1.868368246392205112e+00
3.070386773476737607e-01
1.621890717400427673e-01
5.735086822647881277e-01
-8.707733665984529470e-01
8.382968844612507242e-01
3.838565552770060729e-01
-5.854720368081134385e-01
-5.770042289131701585e-01
9.284212719422731130e-02
2.051358011718701635e-01
-2.837617021327130673e-01
-3.676877915088840876e-01
-4.742739635238316653e-01
3.810444120658393885e-01
5.794590160672720425e-02
-4.189129085718193979e-01
-1.179107850103701116e-01
4.961670229865111637e-01
2.368276115575244090e-01
-1.871560758849587225e-01
-4.265504181178541021e-01
-5.903311056396988166e-01
-4.533375856584189179e-01
-2.314342017947669441e-03
-4.836937478132526946e-01
-3.411068847555496220e-01
6.731459945680816626e-01
6.734911701692434249e-01
7.610135070502791477e-01
-3.072945994327633823e-01
3.960826480580419418e-01
-1.040114558609302797e+00
3.553915932331292993e-01
7.678807953739132941e-01
-2.562309532292780107e-02
-7.279237496876951319e-01
3.975894213754089801e-01
-1.339564247318525414e-01
2.359272296615556319e-01
-1.027071771034388181e+00
1.597894275750316728e-01
-3.124366281272843160e-02
3.355730415135490530e-01
9.791211097740456504e-01
-1.977454018429069399e-02
-3.196690002587562196e-01
1.582788091316262580e-01
2.074657727121688999e-01
-1.751843697546027756e-01
2.919131800798226983e-01
3.829511367024370228e-01
4.494701795215683138e-02
-6.308557502158245178e-01
1.947789238001894907e-01
1.039983973134279149e-01
3.295733404078447087e-02
-1.027826324411820064e-01
-1.634476379839333304e-01
5.460712356852160179e-03
-5.328133291380051650e-01
-3.636861297451846053e-01
4.807870215885808873e-01
-1.268469956001277543e+00
-1.101818009543896082e+00
1.818476050095790136e-02
-6.836431207181214997e-01
1.361128911734257763e+00
3.236478691986484080e-01
-2.657631340290151911e-01
3.551282747339383206e-01
2.751244739819994067e-01
-1.867598424832378201e-01
-2.024193886357150141e-01
-7.664124678397260526e-01
1.537942794225266308e-01
1.340777605063390610e+00
7.582718302539783739e-01
-3.357782629157970988e-01
7.605792755144583084e-02
-3.674255366503478837e-02
4.804576188405271925e-02
-1.394397775255293119e-02
-6.676293934908322791e-02
-5.857320003336849989e-01
2.385113114486097363e-01
5.462385364722686931e-02
-4.179423061130421724e-01
1.992284881093840387e-01
-1.062490473000869740e+00
-2.991318358069938177e-01
-2.577797254394041393e-01
1.329010920302489351e+00
-2.454387211733967122e-01
-4.644544170917979109e-01
-1.020205181183251042e-01
5.299766845778511870e-01
-2.753150918991648100e-01
-1.938608815169961530e-01
-1.388427020605725315e-01
1.139666914140295528e+00
-9.210690353912481809e-02
-1.184840840703674653e-01
-5.957229508858329359e-01
-7.150100179696572411e-01
3.213494038069458214e-01
3.937510102258727218e-01
2.867229894784519353e-02
2.751985051397228266e-01
4.472443831815100732e-03
1.857078660102101098e-01
5.171365362956120704e-01
-2.569502726507670864e-01
4.621597234003319565e-01
-2.736711607397998014e-01
3.194076970512142732e-02
1.027861397698472956e+00
-5.331929731980862563e-02
-4.952161927426660705e-03
4.702695679234397685e-02
8.927219459680976188e-01
5.403999826775115478e-01
5.990910515572763773e-01
-5.818648742387810824e-01
-5.965585175877166080e-01
-1.838617178885922909e-01
-1.210305222926733731e-01
9.173496483146279662e-03
-5.580077440448678525e-03
-1.253982022628598703e+00
-5.432482135455124483e-01
-1.748423514914314303e-01
1.233362451298550377e+00
8.652328210231025052e-01
2.003642438399454717e-01
-3.766487786074519672e-02
1.513870235039347145e+00
4.058367315735870173e-01
-8.757682252985089510e-01
-7.708150973050477139e-01
1.531183742777046941e-01
9.671941659445561223e-02
4.618025097902397347e-01
-1.917247340182429982e-01
-3.479752343853892982e-01
-3.039210207643169848e-01
-2.406594146179273086e-01
1.034555014211622881e+00
1.048582840863069077e+00
1.238756960038653210e+00
-5.339414442956944562e-01
5.222345246971542565e-01
-1.262971874445134812e+00
7.610166674666014874e-02
8.546932907654301026e-01
2.397223838432120946e-01
-7.945847842883863033e-01
5.095259653627048912e-01
1.877115387391084800e-01
5.598716583510594536e-01
-6.360254451447328039e-01
1.694334018902940719e-01
1.090627407257414583e-01
3.376972381994234884e-01
5.542926906051357516e-01
-3.652858526555974317e-01
4.484339149802887836e-01
-8.383007272497161599e-01
-1.132300297427155100e-01
3.649230946737107573e-01
-6.754383502034532194e-01
2.631884090921203789e-01
-3.660135972940891519e-02
4.030025510318356319e-01
-5.221520079344905696e-01
2.931894507270281225e-01
-4.077261296667585855e-01
4.425837786057196799e-01
-1.641524303078933655e-01
2.461070995152883079e-01
1.858594978235499129e+00
5.773931951449312594e-01
-2.341914499554232920e-01
4.486944374385295475e-01
-1.243084463718131666e-01
3.273128537998034049e-01
-3.654199768797649628e-01
-2.806077688747982135e-01
5.986775294024205829e-01
-1.944374095250805679e-01
-5.233256997164369428e-01
3.780149793966154359e-01
-3.575892613931708763e-01
-1.191990312568090016e-01
2.890370281474845537e-01
-3.227554783148625650e-01
2.081700864874354850e-01
-1.566197005265173858e-01
1.644652176051058234e-01
2.150996085386869816e-01
4.653802446502743329e-01
-5.247425111267232101e-01
4.778211170978818312e-01
1.855715085824504937e-02
-6.427380798220370950e-02
-1.489008731328822673e-02
-4.781575173766742792e-01
-2.754960362786906813e-01
4.059112495449450075e-01
-2.774062924896593119e-01
5.257219493580919112e-01
-4.258888502359760020e-01
1.637524797785860214e-02
-1.615065388765668866e-02
-2.199237650132521982e-01
-6.369540108601232098e-02
6.313878788661839714e-01
2.093022239942808338e-01
1.104255221083323829e-01
-9.229462443433432695e-01
-2.796522660931751725e-01
-3.819155882976792427e-01
-3.921165516321297728e-01
-7.304664331913278685e-01
-4.060562431920697324e-02
-2.710842605164597713e-02
-1.767917477359097489e-01
-2.532926896097416058e-01
-2.097050435881174235e-01
2.465913915907669840e-01
3.857833218122449503e-01
-6.523468441392601402e-01
1.801854621904017961e-01
1.264839759212165425e-02
2.198890219797238477e-01
5.864349939040638393e-01
-2.917103814194559330e-01
-6.791425650191371677e-01
4.864011982810586554e-01
-5.394495500906782218e-03
5.035379907717629777e-01
1.615557255816070237e-01
-7.800812886522019429e-01
-6.571545484703110729e-01
1.836567629893403331e-01
2.595661745831666645e-01
-1.823750657145165044e-01
-5.780041922318090997e-01
7.262537427652984157e-01
-8.152973244451945378e-01
-2.700533439264423130e-01
1.244499456220191508e-01
-5.625173331854775860e-01
5.078273744511063725e-01
-4.413117149672471373e-01
-1.673100113233945974e-01
4.468618010792081707e-02
-1.400923015033934960e-01
-2.871391064245070179e-01
-4.964397517629048351e-01
6.920925946367477710e-01
-8.769997589037786812e-01
7.803947177354499110e-02
-7.078529691540957902e-01
9.145252252180570418e-02
1.178352576198018253e+00
2.648374225391961559e-02
7.741292827497144868e-01
6.091451003648961082e-01
-5.773351396521054779e-01
-3.166817493787516535e-01
-2.381335580424569776e-01
3.971438878255155180e-01
1.579412235464393022e-01
2.873468062215324137e-01
7.636779934940310377e-02
-9.256387068759307502e-01
4.414369397543023710e-01
9.244117500786942776e-03
2.906976554601138907e-01
6.092815837703497994e-01
-2.889351964077825352e-01
4.916631148861921874e-01
1.853346968580313059e-01
-1.573584623588643872e-01
4.814193176131962293e-01
-1.685676985461925237e-01
6.769530453640421053e-02
1.166718915524663780e+00
-4.412582748868427718e-01
-5.005339393526128666e-02
-4.004949878122309181e-01
-2.075798632371943508e-01
1.529013749663445387e-01
-7.775919142805485240e-01
-2.765594856352114328e-01
-4.361978569688674257e-01
-5.597825344108431356e-01
3.308245937982992602e-01
-6.121384182220022951e-02
2.647678499220723625e-01
-3.693377464630300255e-01
1.916730609826105824e-01
5.778677884272955673e-02
-2.085461315622438860e-01
3.064669627615060343e-01
-5.307220664245137359e-02
1.849695143973836831e-01
-1.108089480538585248e+00
5.258224453515878416e-01
2.539384328956058590e-01
-2.781820482068801392e-01
4.574523757571758442e-01
-1.073249292421939310e-01
-1.918165592501639150e-01
7.176374922004069568e-01
-3.083436125871801270e-01
-9.199597883480840899e-02
-2.648175428985753976e-01
-7.660137859398839788e-02
-8.728250505983176089e-01
8.336005572501093974e-01
-5.057515423123394305e-01
-3.347231885694295084e-01
5.915616337982798623e-01
-5.440660665274109631e-01
-2.524570621307966056e-01
2.327109294988877475e-01
1.784724798174564669e-02
4.488646436708678550e-02
-8.838145241274393549e-02
-4.033354987766907818e-01
2.317019330737826732e-01
4.798171103742409627e-01
6.888638077494299017e-01
1.027356068759835095e+00
-7.173489585333400198e-01
9.805703326622309257e-01
-2.048298287011100782e-01
1.800655962221269779e-01
-1.515275290643931100e-02
2.566059113232981304e-01
2.402985073925837101e-01
1.208573185004735651e+00
1.598059242154193857e-02
-1.039293353025702915e+00
6.354875275363797149e-01
-2.967650540339199505e-01
6.033800106188176929e-03
3.019368065384455124e-01
-4.977880677871108217e-01
3.273448878338535706e-01
-1.488439341695992457e+00
5.290941151725998548e-01
-1.318096388910753314e-01
7.737399799730098060e-01
8.415175176862036421e-01
-3.273009441950752163e-01
2.991565587590228614e-01
1.446942232260333555e-02
8.173721987245007314e-01
-5.184282717093159354e-01
4.682785232801731090e-01
7.430880047884520778e-02
2.959298539945331430e-01
4.295726856987389652e-01
-1.268889945810717512e-01
-2.674478554081484716e-01
-8.838754290075614417e-01
1.969842550501962608e-01
-1.774716825008361074e-02
2.850653951472355563e-01
3.108085382831658472e-01
8.086180848492439954e-02
-2.021305547520702017e-01
-1.253736009049549460e-01
-3.278694034182874084e-01
-6.266560989548161098e-01
2.342433566091996558e-02
5.414430454324326708e-02
2.376813294300602064e-01
7.621686146349800905e-01
-6.440816500123862642e-01
-2.462033145612172180e-01
3.599585750509081139e-01
7.355388664490725148e-01
-8.996097099988487056e-01
6.245739756062927972e-01
-1.033967432065820313e+00
7.077228282981133933e-01
2.563150827947097143e-01
-5.088849757293456566e-01
1.234576030148803572e+00
-5.722820119711250486e-01
2.657451727203709035e-01
5.023457917691107610e-01
-7.420327106313705512e-01
4.372648671616608529e-01
-6.309384345709867503e-01
3.319884522842497798e-01
-6.872200493000008015e-01
1.258423309984522565e+00
-2.154957878064095722e-01
8.088398681332306106e-01
-7.539394645709897314e-02
-1.151241980449542401e+00
-3.490808717252708582e-01
-5.566668850276310643e-01
-5.608680179240509434e-01
3.128430800568123699e-02
4.239641972413194515e-01
-8.813257962182782790e-02
1.734205205923990134e-01
2.986205792161414907e-01
-3.077913027999967244e-01
1.470761502889613437e-01
4.526976477480198491e-01
-4.828338800496014827e-01
-4.706748739381530489e-01
-8.240220533871517317e-01
9.210073520561629090e-02
-1.539924937622307033e-01
-8.131184815796390630e-01
-7.059107505556154738e-01
-1.336424840823713656e-01
4.440609240060549578e-01
-2.846158534367591170e-02
7.212752297937072288e-02
5.416207203500641443e-01
-5.347862389974434860e-01
2.806781354530817757e-02
5.350780674567430228e-01
3.374867628319175861e-01
-4.957733065193412614e-01
-1.451721274619063307e-01
-7.474037308095715648e-01
2.052107367151872475e-01
2.791057460691656611e-01
1.183124770602746040e-01
2.432949364857386887e-01
5.260575640929904262e-02
-8.312168968706588057e-01
3.231559551425672305e-01
-3.931213020549815251e-01
-6.712732890929213880e-01
-1.900079177250881268e-01
2.129211712327381267e-01
-1.830565717554524241e-01
7.092629614942616012e-01
-2.341015383357386570e-01
-1.489391744943735496e-01
1.791570469015343059e-01
-5.747283160054794671e-01
-5.154887139949255320e-02
-4.569172781600910893e-01
-1.588322683055858331e-01
-8.925397615029193044e-02
-3.829554794697865860e-01
-2.132123600788203566e-01
1.003333367528466136e-01
6.166931539881204127e-01
-1.791964811392429691e-02
-1.163896197651163172e-01
-7.938448952372095802e-01
-4.380198626887393809e-02
1.424586897240659900e+00
-8.542914045029438297e-01
6.772211604391941142e-01
-4.436712396281041748e-01
3.376180003209830471e-01
4.043524451230715577e-01
-4.214832278878555827e-01
1.623210319837563365e+00
-4.984057495325266984e-01
5.044224765972884494e-01
3.470016762375452979e-01
-1.613307105388019247e+00
4.416774181217760775e-01
-3.262668098710125864e-01
4.790592700325208564e-01
-9.623810516139301718e-01
6.604587634961993636e-01
-1.041728420728385673e+00
7.442876516057594927e-02
5.144947312048965271e-01
-8.804141930625937196e-01
-2.697310809708857171e-01
-9.077528713099625168e-02
7.200054671076713819e-02
1.459657996163816474e-01
-1.646900964050277139e-01
-3.313754104294139996e-02
2.476111968900576721e-01
6.763569094427954731e-01
-2.998022367242519359e-01
3.345254360205181521e-01
-5.359475009483757324e-01
2.350226802978234997e-01
3.055817688833210033e-01
-5.281868647656231541e-01
7.320776942263154119e-01
3.150756143174762158e-01
7.123193891934077870e-02
2.592926430195960363e-01
-3.598432182194506723e-02
2.021567177275905569e-01
-9.082707436414257096e-02
-6.381552966397046056e-01
3.486450853694805698e-03
5.280842636589269112e-01
3.619628456501214342e-02
-4.983747898893841621e-01
-2.376178696703803717e-01
3.373153991199486224e-01
-1.308890478403062774e-01
6.282335641946612537e-01
-1.453162676087286220e-01
-8.699396652103840166e-01
1.333204353456827473e-01
-5.124016325464403332e-01
3.269000421218138941e-01
4.092249571296008859e-01
-7.191708407204221165e-02
8.869359607624024977e-02
6.171975632666869549e-01
5.024208299656786059e-01
2.622993235674191403e-01
-5.735651923996147872e-01
1.249818329818679075e-02
-4.171772975561250929e-01
-5.449104614002711067e-01
1.238712593298693793e-01
-1.349114029195300990e+00
6.506861931397043275e-01
-2.548102886024222191e-01
1.215263278079348752e-01
1.154394407222484098e+00
-5.677120543279201570e-01
1.156578681440874473e-01
-1.291660194855423827e+00
2.597052896681765199e-01
-8.396690327092001249e-01
6.523692943978420811e-01
1.066587486827872133e-01
-2.289225430283429452e-01
6.087783283498602316e-01
4.328460178081667276e-01
-2.823526903853327275e-01
-4.514163666993926127e-01
5.134690591337124355e-01
3.116090225636105604e-01
2.715905407410830197e-01
-5.464925991548296169e-01
-5.405990634562275049e-02
1.710370359516837357e-01
-3.372002715480756363e-01
3.972612021324833376e-01
2.644934357850199369e-01
7.550172625014507366e-01
-2.918158123940527426e-01
2.996234425652848921e-01
-5.288152524983837921e-01
-7.548299802807022507e-01
-2.394858472022102780e-01
-9.701495870580865988e-02
5.055850117479607775e-01
6.622617715297297591e-01
-9.892277603635596384e-02
4.552574165333717060e-01
-3.786671112076845369e-01
-5.808173016603376815e-02
-1.339985271458294935e-01
1.484909815509964925e-01
-1.778512930320964025e-01
4.736235322634449463e-02
-4.593252372427276686e-01
2.628220276380620612e-01
4.535014422334522344e-01
-1.019114296999669433e-01
-1.673558699565143859e-01
2.593973264779900756e-01
-8.200000627090257010e-01
9.822564332556678046e-01
8.370011747720162987e-02
-1.754851169890882245e-01
-3.017043084372572070e-01
7.248418411070903233e-02
5.234107339150571025e-01
9.630827132139053726e-01
-2.961744850172734478e-01
-4.219204143647503069e-01
-3.931095959209442436e-01
3.070854090770010481e-01
1.309544706157435012e-01
1.450083039558599796e-01
-2.716794200075350885e-01
-5.720493742163808015e-01
3.290911559900449590e-01
-1.200898543746909408e-01
4.678587718713933530e-01
6.017151617205126479e-01
-4.763810017140343023e-01
1.438077297046533587e-01
4.649003144636756346e-01
-1.532725321036677857e-01
-4.078729792181087221e-01
6.026922855296268366e-02
-7.803393676234356979e-01
-1.838978578049559609e-01
-1.408504977875872088e-01
3.796957870455788808e-01
-5.222679384551236481e-01
-2.992606237883330689e-01
-8.941129586299745302e-02
-3.856278480692545974e-01
-4.676204520026607248e-01
4.070306619803230608e-01
1.924858977695974860e-01
4.750399546950171414e-01
-5.663283783453687548e-01
-4.933983031544308395e-01
5.013126952202974218e-01
3.334745098138421904e-01
-6.883415332220710336e-02
2.396982582219475411e-01
5.661604339165641209e-01
1.728320860009995852e-01
5.252031523414342207e-01
2.006304661385676091e-01
4.171496525559493240e-01
5.878908855757157825e-01
-4.136093869843254223e-01
4.951406095363824478e-01
-2.887441542800599503e-01
3.621191048755157960e-01
-3.970669477469606495e-02
6.908969504358571934e-01
-2.946049717787375677e-01
-2.638840530419080399e-01
3.404860015906928661e-01
6.668877954277999676e-01
-7.630292644908556188e-01
-2.390529522760565795e-01
3.788077913032499369e-03
1.070280596973598453e-01
3.369465051645983977e-01
-3.437139749758486573e-01
-1.240256657795163919e+00
-2.826279872919346126e-01
9.636927924960082825e-02
-4.082308467264554874e-01
5.181256435184450337e-01
-5.749885106876900798e-01
3.338824905818913447e-01
1.998247372645547137e-01
3.167812799371504950e-01
-6.375804767613697521e-01
1.693914825821644932e-01
6.391188324296056544e-01
-7.113292872784289234e-01
3.800232782244167273e-02
5.181343120920861578e-01
5.471513359879025540e-01
-3.305557325498776899e-01
-3.095190479025519137e-01
3.499730877977385024e-01
5.440787024129326577e-01
1.494109118242343826e+00
-1.298995386630389659e-01
-1.803644698046301675e-01
7.171377724590320968e-01
-3.489764315658007154e-01
7.086980640484455973e-01
2.792379182492559786e-01
5.344630579840873308e-01
-3.636671859266382145e-01
7.557531182288651506e-02
-2.140233880640854125e-01
-3.713264551035035388e-01
1.022454973736742323e+00
1.728984242988181597e-01
-4.919827722862172292e-01
-1.081523294765288856e+00
2.529092745671276954e-01
9.837563236147465195e-01
-5.354315552771490294e-01
8.414839286726722989e-01
2.014224371094129884e-01
2.290572596738535416e-01
3.689770387911263660e-01
7.649489450526840706e-01
-1.306439794512526786e+00
2.427815296351650276e-01
-4.305673236544940718e-01
-9.207186512996743399e-01
-9.768939209575919769e-01
-1.635384058207765279e-01
1.409251482014268197e-01
-5.513942139775148688e-01
4.674184262258515021e-01
4.713902443729134362e-02
-2.044924871408294875e-01
-1.361867623936736937e-01
4.871677730500782455e-01
-2.879884509328047293e-01
3.708053811985404641e-05
8.649393051466089388e-02
5.970080968463226112e-01
6.267287110374077097e-02
3.858755155076847854e-01
5.384582564256382153e-02
3.950541484700336170e-01
-1.727447759479946443e-01
-7.856692769750823757e-01
-2.212092548896244237e-01
-8.530251698749634348e-02
8.463329431813966519e-02
7.024182720073152142e-01
-4.553582938561524518e-01
7.607326689827151323e-02
5.294048216267249751e-02
-1.592192788215961718e-01
-1.597146903019908692e-01
2.988296755684333172e-01
-7.540518282919562720e-01
1.373400693856426102e-01
8.379708837448910375e-01
7.701911418332924031e-01
5.490316813779840821e-01
-3.814702129396178032e-01
1.651383402144905199e+00
-1.138291682522239778e+00
1.443052518018428820e+00
4.436478740325352499e-01
-2.612917466053555904e-01
1.177317625420055691e-01
-9.866142153237287271e-01
9.192375728017461445e-02
-8.405698011455936536e-01
7.973655264797490094e-01
5.404983219499415181e-01
-2.547884822353709278e-01
4.744275698848666734e-01
4.851811853924301032e-01
6.239402472890951401e-01
-9.225565314302922038e-02
-1.097604907706996702e+00
-2.926244613206360201e-01
-2.586552897574445065e-01
-4.868513274122217016e-01
-1.317741580516694322e+00
9.867656198622458685e-01
-5.657913589142217203e-01
4.673069051021309650e-01
2.211042928988744272e-01
2.041728188897364293e-01
3.638970343239806282e-01
-7.073359910382891191e-02
6.742023750795664849e-01
-2.703347784481367477e-01
2.762863362497608999e-01
2.516338186778689923e-01
-2.394720051076487943e-01
-5.854221885927775038e-01
-2.133019317810481638e-02
3.786775770998212498e-01
7.270499288854651576e-01
-4.134926256007370182e-01
2.852132427180306129e-01
8.470274740745052933e-01
1.157341235597535878e+00
-8.307727753227052148e-01
1.004201564144761687e-02
-8.277221667620743295e-02
-3.575972852613583663e-01
-7.550896971036384908e-01
3.553181959261407785e-01
3.802607481966920888e-01
-9.889940150271896158e-02
-4.878642647845369829e-01
-2.194542204310822447e-02
-1.256495592995499344e-01
-6.306248495815275357e-01
4.885657058353591320e-01
-2.976155327211447155e-01
4.839538854675478063e-01
2.433908246748726564e-02
6.102496494426398188e-01
1.875919498937470564e-01
-7.913034124187277030e-01
-1.765347777811670238e-01
1.292411950909993015e-02
3.583861616273181783e-02
4.015738577057896830e-01
2.835876544686496414e-01
-6.790102566950526608e-01
3.009360174671360522e-01
-9.573330112076422482e-01
-9.204488015858812433e-02
3.526899656149198869e-01
1.400684653236613231e-01
5.566735245880741756e-01
-3.720507161902102400e-01
1.716832594408799484e-01
5.449041704564884236e-01
-9.210210823445087736e-02
-1.174603214046946675e+00
-1.346716566585091313e+00
-3.104576268529312677e-01
7.398507484451175564e-01
-1.465034978384161635e+00
1.170259137455829546e+00
-1.109382536545462816e+00
-7.336184358378636805e-01
-7.018476438492848857e-01
-2.089423708494839160e-01
-4.027563674728024123e-01
1.264345068657060533e+00
6.917748567541116556e-01
-1.453158376110615491e+00
-5.103876760829098025e-01
8.391183820087079193e-01
2.772086357930630962e-02
9.797192823343551238e-01
-1.932619176975456377e+00
9.882860006563095601e-01
9.059233585944144185e-01
-5.417445323978277161e-01
-2.676687780907172076e-01
2.435726733440312375e-01
3.302675969772770892e-01
-4.004157558220890478e-01
-1.518781423866570335e-01
-9.208179682754338291e-01
-2.817206922086494258e-01
-7.133613651996153493e-01
8.390831027085473570e-01
1.536621788290901403e-01
1.151069087595577578e-01
-4.157129256403153117e-01
-1.630141877790362570e-01
-4.584250734100079328e-01
-1.058570835724437886e+00
9.012505921089863925e-02
-6.224621054698039474e-02
5.077600629177149161e-01
2.960017574875604685e-01
-6.079244031651064306e-01
-1.922553450689947277e-02
-1.671785308368366751e-01
1.013142440285927703e+00
-5.423072567616691320e-01
-6.329560540550300818e-01
8.667079793565315993e-02
-4.219305923164066996e-02
-3.975697472660930099e-02
4.065067990105630247e-01
2.809543768616248327e-01
-3.982173329384963711e-02
-3.249992723162153374e-01
-7.896580265187373993e-01
4.127961679464490774e-01
7.641339182710933375e-01
-3.572767298913770428e-02
1.301699440093585791e-01
3.387327664677389910e-02
1.976744540603497247e-01
4.169134611641253096e-01
-1.676592923656783918e-01
4.449781292616140638e-01
1.115638416991370452e+00
-2.590565053866666911e-01
3.509890800419995793e-01
2.976085036222875235e-01
1.343122233563984746e-01
-1.474403182330989888e-02
6.131362046603499039e-01
3.197245815291235860e-01
-9.194746130549313889e-02
2.726762359297178473e-01
3.387827268642604195e-02
-5.736361780150917022e-01
-2.574738608345230606e-01
2.834859879057348708e-01
-5.999918349754589791e-02
-7.497403522437903756e-02
-4.892404877761127868e-01
5.640228528770251798e-02
-1.813508150740215374e-01
-1.175228096940940381e-01
-3.027272233292566117e-01
3.428846800608269518e-01
-3.453638511259726762e-01
-2.626135715207771337e-01
-2.452762422793660496e-02
1.612761625815513633e-01
2.770931047885654697e-01
3.183700618629905499e-01
5.517449762617310238e-01
-2.014681914654984085e-01
8.193664196319637438e-02
-1.398914253351737358e-01
1.492761933645423977e-01
-1.746252035093173449e-01
-3.065988882206631128e-01
1.701255661984632239e-01
-3.991769094967181353e-01
8.757367340857383775e-01
4.133171402159359353e-02
1.234756838483287295e-01
-2.438788931007866700e-01
6.893243637989195927e-01
1.051950862365847117e+00
3.259868455046334712e-01
1.921500771695398846e-01
5.661848898666750618e-02
-2.975705517338333300e-02
-5.850732590472349504e-01
-2.025321437153166371e-01
5.856736649931725269e-01
1.632169555957752871e-01
3.692224405298129980e-02
-6.931299074656210868e-01
-1.011250125797187316e-01
4.064981076873167010e-01
-1.186589241833632680e-01
-7.355032705659133585e-01
-5.764316082337869185e-01
1.365867817367893422e-01
3.703202121420264836e-01
-7.412676771115687124e-01
1.183452088809380243e+00
-5.991408842199338336e-01
1.000826275358186329e-01
2.385272894684161982e-01
3.067113796673484605e-01
1.140166598899606115e-01
1.387418561229925018e-01
7.874993415862269197e-01
-1.210781574958683215e+00
2.560915278847857371e-02
5.910754746472610677e-01
-3.091431585383403249e-02
-2.512418590368729610e-01
-9.874453960339514558e-02
-8.635876737733549913e-02
-2.588801124252727154e-02
-3.985377088314641381e-02
-2.449892515594941922e-01
4.030903648845005072e-01
-2.990748617031888101e-01
3.910454608609421068e-01
-6.823948695702602985e-02
-3.363509023465856007e-01
2.698195726507295333e-01
-9.962317356737356855e-01
7.799747517126248697e-01
-4.560724845637723623e-01
6.208581889751855210e-01
-1.940096925080831147e-01
1.548092691570465973e-01
1.405652234156028364e-02
-1.630149090305451187e+00
4.475170232325859088e-01
-5.395551595153089131e-02
5.742124906748042878e-01
7.017670857335943368e-02
-1.550177472586919125e-01
4.938753545641316745e-01
-3.971840736007478667e-01
7.875452645824920772e-01
-8.090732689745732120e-01
3.390896707444159275e-01
2.023066358381681584e-01
1.310943661641568447e-01
-8.731470302538248962e-01
-1.419638144538071800e-01
-4.177201855220632476e-01
6.207788465629312524e-01
2.744828932285233725e-01
-3.337986907090504385e-01
1.348930340750961188e-01
3.713627892970904343e-01
-1.505224414396128529e-01
6.398287030551140786e-01
2.771592269637388611e-02
-5.513461908047728732e-02
-5.243727669711675983e-03
3.925690319839310050e-01
-8.425943556269828161e-01
5.958623268385287997e-01
-6.907508061785129216e-01
4.847932679260681943e-01
-1.516101989063340649e-01
1.378486516596702516e-02
9.835322852046768372e-01
-6.901522315791889239e-01
4.824003841159884252e-03
-8.284532910162525909e-02
2.759551043416236249e-01
-1.448183706126348613e-01
3.981944101337083208e-01
1.704068469442457046e+00
-1.232904907118120147e-01
8.264033294071244651e-01
-3.228787045231484160e-02
3.273540876346392459e-01
-6.300447957604822236e-01
2.267167821632443403e-01
1.519514521564256371e-01
3.916001772642221379e-01
-1.368594185027941501e+00
-7.244255811834366954e-01
4.050594399785192173e-02
-5.410210648259851096e-01
-4.227500045353617120e-01
2.218776827399027429e-01
-4.333467755284212131e-01
7.518546892578652496e-01
-4.809303264852016757e-01
-1.480357237586230168e+00
-1.930746142702159385e-01
4.662657358999635071e-01
3.498923075244341208e-01
-2.610593757282948513e-01
2.726587487291029510e-01
1.472549443250871781e-01
4.163130103148543482e-01
-8.708539960115020684e-02
4.314451856457673928e-02
-8.122208493529267104e-01
-2.247276384008496108e-01
-3.354250020359865192e-01
-3.933848670430721561e-02
-5.318088435761839650e-01
1.062545994155350386e-02
-3.119071766422792935e-01
-1.207023997131793536e+00
-1.777746232908707646e-01
-1.461788380485409045e+00
-8.326732680921053453e-02
6.682171928212394807e-01
5.111842704690819916e-01
7.267173829197604018e-02
-4.038578831012974435e-01
-7.362475379588540036e-01
-1.353032596190806812e-02
-2.154748957460038070e-02
2.949678789315295924e-01
3.047014777105368569e-02
-6.977387958707370608e-02
2.423459166066745107e-02
-5.399985691820320399e-01
1.130988558637744251e-01
-2.516721578831744299e-01
-6.666611909044540818e-01
3.332118178485374838e-01
-1.457834024065197687e+00
8.717238711193550649e-03
-7.806064314120829684e-01
9.165589424195504098e-02
2.085472606947957885e+00
2.732449232936323691e-01
8.201007767519749581e-02
-7.196671229029373285e-01
-1.004089193810860259e+00
-4.289164921884967563e-01
-4.898672503086018426e-01
-1.252530789343148765e+00
-2.417124612845946707e-01
2.451581926540276901e-01
-5.420458173476150332e-02
7.948931123592392067e-01
-3.909712685553306533e-01
-2.494028689230039231e-01
-4.249783199444609472e-01
-3.335032120971470060e-01
9.212267451952987907e-01
1.713993229476264146e-01
6.335487453864082630e-01
1.629686309325089622e-01
-1.121307557138086164e+00
-2.409141312586845218e-01
-4.840619603489491884e-02
1.464190158533407171e-01
-2.788362957826471394e-02
-2.594205268618255955e-01
-4.849923561943472738e-01
-2.574043299764648962e-01
1.001954176297054216e-01
-6.547500159141403930e-01
1.122567189352198375e-01
3.635323226328825985e-01
3.279377661821227807e-01
2.856863290911564879e-01
1.361835716587463718e+00
3.280436052289560367e-01
-1.020004122056179074e+00
-6.802148769137064677e-02
-9.587307315920184925e-01
1.645589475503771992e-01
-1.681257518339520640e+00
1.272580352541413218e+00
-3.771538721477433742e-01
2.450997360262766739e-02
7.990958347667423967e-01
2.579148805465898975e-01
1.713618499463627765e-01
-2.357111586714366047e-01
3.964501986374986964e-01
8.597617073928924547e-02
-4.040800949154674249e-02
-3.158178581856230793e-01
-4.163637316822019763e-01
2.564929038036104503e-01
-4.190348582145832501e-01
2.022842192229606373e-01
-6.072271077741265843e-01
-7.161574052192870576e-01
-3.041721546711532165e-01
-4.329221605110306625e-01
-1.122653348116760125e-01
-4.767017828783868920e-03
3.265949245793037248e-01
-7.669895733825060624e-01
-1.482431685756054607e-01
-3.971240865270727477e-02
-3.276319706980946322e-01
2.289917582566918797e-01
-4.050756488764797880e-01
4.123938051640071989e-01
7.285306452820668188e-02
8.045886942208716475e-01
3.378673885087497553e-01
-3.094440497885644348e-01
1.249104483144507949e+00
1.027434579091795336e-01
7.259149283063645042e-01
3.776650839324169895e-01
4.837250659376996498e-01
-2.611227770439057683e-02
-2.107349763686407140e+00
-1.433373717782218948e-01
-1.400361869148154248e-01
1.489360849247421292e+00
2.213482931212146454e+00
4.463112577850759100e-01
5.897336055190834925e-01
2.701153919969943029e-01
1.097620755638358120e-01
-1.531651782074605339e-01
2.523655887596449113e-02
-4.952436519091872325e-01
-2.773602155678189449e-02
2.883423939700369143e-01
-1.042492309864395450e+00
-1.785693431339628878e-01
2.038006975419982270e-01
4.813975976681598712e-01
4.539952312440839050e-02
2.068450749928431864e-01
9.418903416757254954e-01
-1.999804029163872454e-01
3.858878383318249394e-01
-8.550310727189063265e-01
-1.266200554960618119e+00
4.674256628216146708e-02
1.956806673196710422e-01
3.738788530215321759e-01
9.124789127463962812e-02
-3.084197387828719467e-02
-2.123289292803896278e-01
-5.554418998793425599e-01
3.047901222150932801e-02
1.900176209612339240e-01
-4.206164885823847621e-01
3.817112745486406916e-02
-5.438045020429632670e-01
-2.983290117483579640e-01
5.992158678823855666e-01
-1.829986557254817403e-01
8.608419327698146883e-01
-4.764297872576450099e-01
-3.181273143474658456e-03
-2.780861895570188036e-01
-4.776003211616864919e-01
-2.676585453147184088e-02
3.748789334643731763e-01
-1.862226014508418515e-01
-1.492326761648657685e-01
9.027624400055249410e-02
-4.490660409489245497e-01
-2.693755878321990593e-01
1.334191927715569215e-01
5.078855359559288074e-02
-3.750449531215416799e-01
1.807595308709785686e-01
-1.710570875802907009e-01
-1.839409284126750921e-01
-1.322399401748077241e-01
1.114210207813079029e-01
6.076223633421705406e-02
-4.579456101567391246e-01
-7.987483890747824888e-02
1.216730527488620039e-01
3.618549637623556525e-01
1.679870981379325001e-01
3.484569078189151403e-01
9.564945051094445594e-01
9.357109343460423556e-02
1.140863710724275393e+00
7.336893253469681589e-03
-2.808090016777846087e-01
-2.301192884995129084e-02
1.920302146436043966e-01
-7.312692494313406399e-01
5.164172373599795751e-01
1.039687629861118179e+00
2.951726810302479076e-01
1.636804828314062155e+00
-1.027948675909311216e-01
2.883514692297931559e-01
-1.169262514637626760e+00
5.201245773279352669e-01
-5.984402381651962033e-01
-1.062078080282779391e+00
-5.917240181596359339e-01
-3.057259893879636370e-01
-1.143504338410158638e+00
1.761505893116887822e-01
-1.078657352292144322e+00
3.692792578393708225e-02
7.292795806468090891e-01
-5.785093695267130576e-01
-2.395567152348213324e-01
6.845344338074346724e-02
7.913337887508486990e-02
-1.013150905208096697e+00
-5.204693759904265304e-01
-9.532480675705065076e-01
1.341004676414819241e-01
6.033477950380879973e-01
6.301424699748318092e-01
2.950321127014378653e-01
-1.361568542759788135e-03
-1.504944683318239392e-02
1.361826374472162871e-01
7.423841432633437876e-01
1.369303558027646250e+00
-3.108163884165311974e-01
2.782735781052902979e-02
5.379680395969590329e-02
-2.351014662828589674e-01
5.276300643173930105e-01
1.950900975741492738e-01
1.766725923522886321e-01
2.788240327195667390e-01
-3.683429225650161620e-01
3.690846551290727917e-01
8.059935717065813687e-02
1.106615705070275596e-01
-7.770410559215671364e-01
-4.101001939443265493e-02
-3.234665565738672477e-01
-2.010836890204307711e-02
5.862746239929750303e-01
-8.842655710528624091e-01
-2.819131408248260473e-01
-6.562736143076126627e-01
2.082123281002099535e-01
-1.568053727972631151e-01
-2.922425501040983864e-01
4.679664108879500461e-01
-4.621591785880582726e-02
1.623363594266336862e-01
1.351168810760663641e+00
2.080350416376552658e-01
2.889076443777348624e-01
-7.010562794348217386e-01
-1.937596732118089006e-03
2.001310385382100709e-01
-1.526718090942882577e+00
8.041382840817982158e-01
1.222078399383615642e-02
5.842420780218302578e-01
1.333883001361259479e+00
1.082040272644222284e-01
3.106881678453601303e-01
-4.300046886739958829e-01
7.702910427977106324e-03
4.813883665318584026e-01
-2.542968939683519156e-02
-2.796066527650941103e-01
-3.605395098606546389e-01
-1.333108051687671713e-01
-1.096495734517720422e+00
-5.916360233533459745e-01
-2.143201934364582228e-01
-1.314323691088433756e-02
3.845445218404803245e-01
-3.813718422454572266e-01
1.414092884675618000e+00
-3.140956558790932718e-01
4.560734112442390575e-01
-4.215069989613809964e-01
-9.269780242257346092e-01
-6.093093009593709697e-01
-1.973146459961847010e-01
-5.940907037558207371e-01
4.156092535984540204e-01
-6.404931387292090994e-01
-1.095179662615864136e-01
2.240168222842495727e-01
5.598639115328381960e-02
-4.527496284897044032e-01
1.695136632188938841e-01
3.351419220718260816e-01
5.228717105126074599e-02
1.258884227890156027e-01
-2.857868527697473016e-01
5.417065592857753797e-01
-7.208085450472834221e-01
1.028024566171345661e-01
-2.237031619671065730e-01
-1.834783786395837168e-01
5.649674906661452528e-02
5.465979686105056079e-02
-2.535737674634781502e-01
4.737872440030201915e-01
2.559099236471982786e-01
9.364975106046774522e-01
5.529089838395914724e-02
6.168150480035028416e-01
-6.968778901929457981e-02
4.345312701434863589e-01
-5.639461825766966391e-02
-1.467207222022716140e-01
1.017558126627069459e+00
-1.254503368304503708e-01
1.227271414330428634e+00
-2.366539976179107482e-02
-2.337633616886058530e+00
-5.632671134596957119e-01
2.149389728256476673e-01
6.600849158886432644e-01
7.939608735686033425e-01
-1.242958517333317275e-01
2.170257341653570593e-01
5.773270375776004548e-02
-7.949892184908381731e-02
9.917686867353275870e-01
-6.116232413172077026e-02
2.835016734004994210e-01
1.683822999283842436e-01
1.944962083719277979e-01
9.186155059272002044e-01
3.740159772115020376e-01
1.750951574312769710e+00
6.609254711584716668e-01
1.042390304597453632e+00
-1.131942298848739037e-01
-2.065419871934229157e+00
-6.286093808501751479e-01
3.922838354133670324e-01
2.870869875240763536e-01
4.579525527502158466e-01
2.291845752351263088e-01
-1.526255845149314672e-01
3.830727017278209162e-03
1.761595644346312661e-01
-4.047445588198745475e-02
1.235906273509472242e-01
1.157676342834373096e-01
-6.625874799873029963e-02
9.999050361105014939e-02
2.576358771446190521e-01
1.929311234898866689e-01
-5.307978428873760812e-01
-1.895153018414934831e-01
-3.409597977994961449e-01
2.185017204839682092e-01
-1.798613382480838407e-01
1.901874375177246279e-01
-8.627917019036902835e-02
-3.238614135992938514e-02
3.171214970529699917e-01
-3.909453011366666453e-01
-2.963565526556973806e-01
-1.310399761973800592e+00
2.309028330318696753e-01
2.105758486102011218e-01
4.901564082590895849e-02
8.241132295262113550e-01
-6.119953861791677108e-01
-3.506169531352235635e-01
-4.679980701554781186e-01
-4.337954612418881695e-01
-5.486506435455161812e-01
-5.149331322835349889e-01
7.038996490753555990e-02
5.853228593874811037e-02
6.243071429847701914e-01
-6.354748345337329907e-01
-2.473675596677440969e-02
-6.595461675861581663e-02
-5.105259905124028830e-01
2.785866966386126853e-01
5.556976891736035290e-02
6.390534473707617513e-01
1.833486994033885209e-01
4.049326145720635872e-01
-6.928785188711405682e-03
-2.951380014153506814e-01
3.275688893182776562e-01
4.488300363355446354e-01
3.659837187792069901e-01
2.728210606865917875e-01
4.830804852328547949e-01
-4.063548568036894904e-01
3.472471279381880022e-02
-1.075367816684406341e-01
-5.860934519238384377e-01
-3.181603882898616231e-02
1.627826954099263479e-01
3.781241866357389764e-02
5.958835504585601184e-01
-4.584088151322464055e-01
-3.098081125610483433e-01
-1.770434350978791760e-02
-3.276288122769956401e-01
8.090338101110212954e-02
2.473599608430777641e-01
4.427397153942792540e-01
-1.008531341573191548e-01
1.817343305279166543e-01
-1.893267978258434403e-01
-1.242453901275045736e+00
-4.864994125281105197e-01
-4.811288977914059961e-01
3.323824831234246657e-01
-3.931211193352561473e-02
5.905877413541084087e-01
5.674676634073048120e-01
1.944648038871382989e-01
3.982764059792928135e-01
2.205820494940165521e-01
3.876840796643730158e-01
4.716445137349598027e-01
2.323446001130353711e+00
-9.614282903262628688e-01
1.609226832610886504e+00
-2.681748885109925817e-01
-5.306287777498663177e-02
6.778721782554542052e-01
-6.666447407128445191e-01
-3.597118851176585252e+00
-6.491984059553942421e-01
6.159175132532512364e+00
9.702274950213650717e-01
2.631855252656419175e+00
-8.306371170467857779e-01
5.615476716664457690e+00
-1.800919080102080461e+00
5.592428741078406818e-01
-1.315337392490563140e+00
-4.167629264234525621e+00
-2.094781579466404420e+00
