-4.852792927633763909e-01
1.482523251206908366e-01
-9.088356129602050970e-01
5.518859647434402049e-01
1.004926752277764124e-01
2.654154281382870018e-01
5.742688784148610726e-01
-8.428579341047029994e-01
1.011676101515172954e+00
-4.529523228462347118e-01
1.732483501107611179e-01
2.644786307996613850e-01
-4.861106858445176510e-02
2.266093737039970024e-01
-4.932281242960002282e-02
7.128065591899699349e-01
9.876840023861595264e-02
2.141156312634227843e-01
-3.450310946649442490e-01
3.876650621887686721e-01
-3.239586804826659616e-01
8.825556414955008089e-01
4.533537361023592394e-01
1.149986821304775475e+00
-7.055577181684060672e-01
-5.033549629926189484e-01
-9.726221406192370189e-01
-1.072633932415834712e+00
-4.297152138462836946e-01
-7.410522938737204024e-01
1.024169053452880451e+00
8.260090966048237726e-02
6.286710275427571659e-01
1.541775279062309378e+00
-1.463846775487782192e+00
-4.972726559805145108e-01
1.415227922908757430e+00
7.960765461756896810e-01
-6.325012805958465933e-02
3.439223504184293900e-01
1.116743367008505572e-01
5.042533919900644701e-01
4.274276913817646739e-01
1.396092658659592589e-01
-2.700117644446374879e-02
-4.493884981965168279e-01
-5.196456543883812840e-01
-1.521415599808819130e-01
-5.430704445275312819e-01
1.687181188942903365e-01
-4.668491991461057311e-01
-2.457065851924755684e-01
-6.003590985186956219e-01
7.333934015817707985e-01
-1.224033620209288575e-01
-4.973242705181016299e-01
1.040847634172099856e-02
1.108640168089384814e-01
-9.808955731935509181e-02
1.392185302263902399e-02
-3.596400621710679757e-01
-1.917368329580368957e-01
6.078363805191721453e-02
-2.693175372139215984e-01
1.479341211124195477e-01
-5.984769271520182926e-02
1.787177440028503705e-01
8.890998031657428025e-02
-1.082256446582814946e-01
-1.566043205489384971e-01
-3.117001456328415965e-01
-2.470716424719262838e-01
2.666709667364480785e-01
2.304493131186795829e-01
-3.320135980304031453e-02
2.041667003919609980e-01
5.176358775263309453e-02
-1.088129906864519769e-01
-1.801794039429418792e-01
-2.334054123504337441e-01
-4.909774328526412233e-03
2.206173106067470246e-01
-3.696743978197537112e-02
-6.212571211592819720e-02
-2.486977805039920428e-02
-3.553146912733918250e-01
6.147558490296644446e-02
2.090085291710447879e-01
1.827462689083380332e-01
4.155365872805946714e-01
-1.663901412276606873e-01
-2.315548380664463057e-01
1.139506636055371766e-02
2.645853316895230289e-01
-1.412192587055362825e-01
3.459745585661572753e-01
-2.068554047737973245e-01
-3.645218937364337608e-02
1.335163144769157539e-01
1.506099127005256222e-01
-3.930994381539205107e-01
-1.963061367635180188e-01
3.483828453873147324e-01
-2.807914621770128960e-01
9.550115860173067350e-01
4.376614765747733338e-01
8.245011799137209885e-02
-2.241955416135302526e-01
2.248576388256296743e-01
2.546224901491712152e-03
-4.373049460240751030e-01
-4.315111532206707123e-02
4.372932406768451630e-01
-2.307543568282491644e-02
-2.578344409407092724e-02
-9.014921639691109503e-03
3.776371593542076077e-01
-6.615837045883307677e-02
-3.198222138842860551e-01
-5.442770904317825176e-01
1.229970337656861173e-02
2.599036812855590878e-02
-2.664608000803276311e-01
7.232437853605297451e-02
-2.468924049028274614e-01
-3.036494268311483100e-02
-2.224354234885055348e-01
1.756741491229474317e-01
-1.781800207791663093e-01
1.104125544860945080e-01
-9.408655494453582735e-02
-2.014739672516227542e-01
-2.950817052962990128e-01
-1.346871482996131464e-01
-3.243849916051625426e-01
-2.879707796808943232e-02
7.423712450278983910e-02
1.893501589609298819e-01
-1.451073906439326600e-01
6.295846687294333333e-03
8.082625547211023942e-02
-1.640457196777643234e-01
1.947560474704566891e-02
3.898808301295540457e-01
8.297438097392059730e-02
8.006660326939878114e-02
-1.266587672078511584e-01
4.013602483057605863e-02
-1.050098165441158832e-01
3.395883980548984604e-02
-3.802133646928048671e-01
6.718837399560557977e-02
1.358462686679714204e-01
2.740157147395344550e-01
1.274983301929840662e-01
-9.966394584084314889e-02
1.290382227339348375e-01
5.028513733138165742e-01
-2.688535214407709595e-01
2.502993730243232573e-01
3.561180363467363330e-01
5.201731020195549809e-02
2.915312951870024927e-01
2.757349804113453096e-01
-1.105025325290346846e-02
-2.164061656836954173e-01
-1.568580150852639521e-01
2.753139182259058404e-01
6.117773859798112529e-02
3.878622235995887041e-02
3.514186490295789222e-01
3.653869238065602515e-02
-4.289602543129302642e-02
-2.768786116297103014e-02
-5.113571443298395858e-01
-1.938805871150379168e-01
1.697261582579426831e-01
-2.414319137749607325e-01
2.205690747122087680e-01
1.988291991584472396e-01
3.537730265743264102e-01
-2.399631219079816913e-01
1.040028896103522560e-01
5.683936208568668436e-01
-2.756637925070282713e-01
-2.256613798967590789e-01
6.803785789791251537e-02
2.107678472346138573e-02
-3.315840885200703747e-01
-1.535186892592035612e-01
4.005716647552897136e-01
-4.435384782512655222e-02
-9.138082888819251681e-02
1.229774361119627818e-01
2.246516082815561317e-03
1.134685330042972534e-01
-2.461888060539239864e-01
1.108858076333315845e-01
6.243402112492495853e-02
1.958915818533685516e-01
6.100591636788092048e-02
1.201548678365814554e-01
2.756204780799372811e-01
-9.107415126082984980e-01
4.624761889120930225e-01
2.078921039808389604e-01
3.591154596460114368e-01
-4.167763593923763388e-01
-4.072700167527699977e-02
6.252900772439946853e-02
2.445734071863370218e-01
4.261599439539399126e-01
-2.132208146247332736e-01
-4.027644608661377218e-02
3.020910920435823654e-01
-2.339607542821128816e-01
-2.503659439898261452e-01
-2.716285135680074903e-01
2.817214506134964047e-01
4.010481820762789029e-01
9.764507008643055208e-01
-2.688491184246964427e-01
-1.279103901968458024e-01
4.020787471778625166e-01
-4.744142614891322940e-01
-3.842943481985078291e-01
7.695575225491253779e-02
5.738146442623863475e-02
-1.040691262334038220e-01
4.102574819007119844e-01
-1.947703849617287153e-01
8.349915868453289258e-02
-2.603056418722708432e-01
-8.383230073817597716e-02
-3.673630314949704601e-01
-6.484788575605019423e-01
-4.492257199951801838e-01
-2.692351468151913951e-01
7.540639273227013606e-02
9.554074956461444668e-02
-1.062147335745588644e-01
2.182303010981047342e-02
1.370072818980291041e-01
-4.740938864095448624e-01
2.772459150556610963e-01
-1.856800631097572582e-02
-2.883307797680968454e-01
1.656698176244455478e-01
3.461949397942831186e-01
-9.771887541726949344e-02
7.865175996902984412e-02
7.558739634159128418e-02
-2.582212230928179753e-01
-1.197641706690976138e-01
1.866225857323037529e-01
2.961050058527823700e-02
1.506812948942359287e-01
1.822978568173394265e-01
2.483711068033362668e-01
1.721178840432356916e-01
-6.508080958792685777e-01
-5.159687643063661788e-01
3.338715767810738200e-01
1.097851732992015661e+00
-2.548758556285148358e-01
9.838698437198134528e-02
-3.507329076839287851e-01
6.194947380090225497e-01
-9.770356980081983111e-02
6.132812297339255286e-02
-2.679211473415561984e-01
4.127166437969352342e-01
9.117380324000651237e-01
2.928595540088266835e-01
-4.015222573747589951e-01
1.113145456559098828e-01
-1.779168776668846319e-01
3.730310816066970819e-02
-4.180551269381819757e-01
3.556290655548129120e-02
3.925476242431549800e-01
1.545503110301287009e-01
5.672371507304100474e-03
-4.106183456066778148e-01
-1.690249336107356171e-01
3.267183709194102642e-02
-5.121858531192476083e-02
2.437662357444214944e-01
-1.863889299112260756e-01
2.038240022967460763e-01
1.391559741807300854e-01
-2.652124599472762898e-02
-1.038410448359246979e-01
-9.250973833670178559e-02
2.379948223291871168e-01
-3.207925413039616758e-01
-2.889407889387669570e-01
-7.421690286702462003e-02
-3.311015816823709157e-01
3.716297729166293529e-01
4.092208466569797753e-01
2.284174251671485800e-01
-1.326096944876082873e-01
-4.662951023306014520e-01
-4.271621067483764578e-01
3.637218208575264122e-01
1.204595624961694311e-01
-2.730557482818838366e-01
8.710785356070607777e-02
1.873500184547354508e-01
7.020387202013604611e-02
5.412757968614381188e-01
-7.532973187087926847e-02
-9.099944791229412633e-02
-2.855940905087425707e-01
-5.000057075172265053e-01
-6.558758981727200177e-02
1.922185862969052472e-01
2.220695664395899993e-01
1.088052717313744699e-01
-4.295658515478308903e-01
-2.296475758942177203e-01
-4.094781671249030364e-01
5.552656633626443794e-01
-1.826765649326149432e-01
4.088317628419593786e-02
2.101209667201463516e-01
5.702164177076743945e-01
9.655073809676364971e-02
-3.457788212066081335e-01
-3.305814731050496502e-01
-1.986260426573217552e-01
7.777040994270408847e-01
3.742541580954676372e-01
-6.037999371350882133e-02
-2.266517495563090123e-01
3.825765570545449634e-01
-5.684971721902707387e-01
-9.429560181300969957e-01
1.756817840413924803e-01
2.598451148128793631e-01
6.558550197174970453e-01
-8.558826166909375144e-02
-7.240350929117959078e-01
7.484498133845453316e-02
-4.434563987015104763e-02
-1.779171794140057931e-03
-1.335837080327011983e-01
-3.236958956099718066e-01
-1.942591716579712968e-01
-9.112690605175062519e-02
4.273287699093262226e-01
-5.437007673059798263e-01
-9.697579217566906218e-01
4.588537868157536725e-01
3.592286986670212290e-01
-3.127734680736653505e-01
1.950485421799332819e-01
7.117629456258467435e-01
7.652019397233483788e-01
6.222747639922040497e-01
3.968582469515069544e-01
-1.622097434749067979e-01
-3.385958972821020291e-02
-2.439549557485788667e-01
-8.850130001756899290e-02
-3.562454827489727194e-01
1.845400285208240454e-01
-3.762798214122665685e-01
-2.141633453298052436e-01
2.006197409586772396e-01
-7.492227667341812281e-02
-4.662305706621892587e-01
-1.816187438508069796e-01
1.368504336137345290e-01
-4.232924118632420685e-01
-5.027211666562239056e-01
2.855056984715446666e-01
5.748913660753723898e-01
2.004014263272692331e-01
6.875308760989835843e-02
-1.242094613305280842e-01
2.426378046360942453e-01
3.528726154940823867e-01
3.754768871220705018e-01
3.677111814709645848e-02
1.678197179011705134e-02
6.388281039988769061e-01
2.804445597878060803e-01
-1.376548179370555014e-01
-3.138333896554316715e-01
-1.327479436307157645e-01
5.863708955786815606e-03
5.505504794007702596e-02
-3.783422352388110532e-02
-2.319534798695525590e-01
4.366934327978345132e-01
-8.287667921040409169e-02
-2.769571825533824749e-01
-4.304368907142397394e-01
-2.614957085663060510e-01
-3.260222092481784850e-01
1.069452564606467732e-02
1.119838496604198680e-01
3.889292782551791866e-02
-1.182797858898087945e-01
-1.897873977953708213e-01
3.889411460767930873e-01
7.350534281722917451e-02
-8.637649637519892454e-02
1.563022326163048259e-01
-1.966184725896849006e-01
5.111943562741400049e-01
2.816514372859165727e-01
-3.066913904450148665e-01
-1.060006519236496997e-01
-1.026644183386672682e-01
-8.747872345544549511e-02
-8.182220563675358938e-02
-3.336647194107991710e-02
2.317439099298365945e-01
-7.174006958171299381e-03
1.711232083670942150e-01
-6.148928621636993164e-01
2.920489167775908168e-01
1.115434797771396452e-01
4.767725834909933291e-02
-3.033898333862039554e-01
-4.186946430013382403e-01
2.558176982323620910e-02
-1.104349247919640953e-01
2.328339357242149021e-01
-2.054990162006458954e-01
-2.212876997788978950e-01
-2.068592455723919643e-01
-7.344376705201748068e-02
5.729652789936960644e-02
8.887398198710315389e-02
1.986102320132989152e-01
2.946498639771725769e-01
-3.562400770836613439e-01
-2.299399515460673615e-01
4.618164831174790264e-01
6.861275919054335981e-01
-3.326048444347126098e-01
2.945874016750182900e-01
3.258497298023771416e-02
3.437629068119550935e-01
-2.596127160390072630e-01
-5.425187369193629205e-01
-4.656530967673571109e-01
-2.371143115357594588e-01
-4.828606511244912247e-02
7.530696946042398920e-01
4.985474258323748242e-01
4.827265389332924955e-02
3.360139067318698158e-01
-1.795208556069000372e-01
-4.932201638786065101e-01
-5.036180770056462030e-01
-4.885014856610908618e-01
-3.029483722790391603e-02
-6.078396673316399657e-01
-1.229706173082478898e-01
3.935513582807360078e-01
-6.260673950290266410e-01
2.870036368080740308e-02
9.197388460439975821e-02
5.319805438727864821e-02
1.563551305601268981e-01
-2.167462593805452586e-01
4.280777462037477915e-02
1.187662726206827474e-01
9.214357201208479842e-03
1.234939404854062533e-01
-9.458405580769192744e-02
6.118539471375342848e-02
2.073450135102283265e-01
1.689345487542146806e-01
-2.850462828215183375e-01
1.717436903056360764e-01
1.708238434834263297e-01
2.830540718996717997e-01
2.436005545721017518e-01
8.696016223252259203e-02
5.272634638501390025e-01
1.888020518955184357e-01
-3.431311776889400811e-01
2.221758147474629241e-01
3.664887876401233258e-01
1.812060984771271810e-01
6.766885680497324307e-01
-1.085371974546202878e-01
-2.330323468745997342e-02
-6.834492266099047031e-01
2.849167862289234132e-01
4.473154998445766362e-01
8.657406368755450610e-02
-2.267031388442503348e-01
-4.973301647534052877e-02
5.953920018275966376e-03
1.016582615301658832e-01
1.914730733881893354e-01
3.109792187545727948e-01
-1.033643644360700831e-01
-1.326817350719597666e-01
3.569905508663393651e-02
-8.028049838112071013e-02
1.027336535344212931e-01
-3.208724481084766073e-02
1.578634097540863868e-01
1.082367029469770148e-01
-2.299289065402288640e-02
-4.444555394203529575e-02
-2.014943605540517046e-01
1.273503027588969994e-01
1.916797849174909640e-01
8.141054233022994302e-02
-4.026309625646656842e-01
7.888240736199540748e-02
-3.206707921501746883e-01
-1.497322978219276235e-01
3.286516879105181310e-01
2.044191152692924340e-01
-4.290157032228030243e-01
-3.891862219175083459e-01
-3.635828237264369656e-01
-8.771673287040716860e-02
4.673244405153790804e-01
-3.293321701507545551e-02
-9.111341650082138699e-02
9.400049393084582844e-03
2.253131472448484940e-01
-1.945182189067588829e-01
-2.275274104062823266e-01
1.356157923487725792e-01
3.899647964625109486e-02
-7.288280388034633350e-02
-2.500674521081729385e-01
1.999635978478974535e-02
4.083801507637759842e-01
-1.206185149846083493e-01
2.143806340306890490e-01
8.328367876011615045e-02
-5.731011519442943958e-02
-4.271589775347031104e-01
5.812838581285515449e-01
2.571033244220524705e-01
-7.011752921417684081e-02
2.408055932091726359e-01
2.853237276955230550e-01
-1.340672496612921576e-03
-8.941141542646943718e-02
-3.520395298440804344e-01
2.758819738336358851e-01
4.000087738971820905e-01
4.125873141485010276e-01
4.799080271771054285e-02
-8.922143724277459276e-02
-2.024610870034031784e-01
-5.444663698082514297e-02
-1.437909175721504007e-01
1.737177731750216003e-01
-1.176625887683510757e-01
-7.418302270436062662e-02
2.599388398398058686e-01
-2.849400700178613202e-02
2.065920339299968378e-01
-5.477825747935451128e-02
-6.754456353982533079e-01
-4.243452388334849612e-01
-1.014841744986366007e-01
6.976139274983428340e-01
5.085268637775389733e-01
3.113051821421415344e-01
5.551322482063564441e-03
-5.430923541281907907e-01
4.724010970973535062e-01
3.759671561394859005e-03
1.523669223987288990e-01
2.232423342685568302e-01
4.465810084568547778e-01
-2.385865093052436381e-01
4.167104425967987358e-01
-6.333741873960818669e-02
4.426979739051032370e-01
-2.116061226372628890e-01
1.079067571644124618e-01
1.418975266946099767e-01
-5.721746933961569664e-02
-6.862853295205189053e-01
5.666451973230086647e-01
1.366788589757838568e-01
2.771823668435097754e-01
-3.605702314442366802e-03
8.013613173765088415e-03
-3.090759980830600287e-02
9.127413721191371399e-02
-6.000174857585552912e-01
-5.193008557410564580e-02
-2.061626324162531970e-02
-5.775320902409950552e-01
-3.932556302738239862e-01
7.712473114724698042e-02
-1.139156431182565682e-01
-1.249606919135926204e-02
-6.861497164849288122e-02
2.340482416302982482e-01
4.744806704378601303e-01
-1.343393101335289830e-01
7.111528798151281472e-02
7.840721069812542354e-02
-1.717915028358504848e-01
1.076397066709506856e-01
-1.064352381365831907e-01
-5.613146217022944168e-02
-5.227049217890854527e-01
-8.256414302815581752e-02
-4.147937786258098503e-01
3.982675398364727837e-01
2.581010679207119685e-01
9.283081966525216777e-02
-7.234167350042661204e-02
3.656779664363462024e-01
-2.009633890501738573e-01
-2.436980230347388782e-02
7.234704196645690422e-01
7.432655006473593007e-02
-1.029339660384230998e-01
2.933397170850119418e-01
1.478596679428800242e-01
7.613554966155944292e-02
-1.891208439340038572e-01
2.418795827887581795e-01
3.879955427308560134e-01
-4.840630833651980713e-02
2.196589372516290495e-01
1.880306254445752306e-02
-3.133261817862948578e-02
1.658531561536703003e-01
-1.461114636028902070e-01
-1.175273737051860251e-01
1.676093643212245854e-01
2.355300171470774140e-02
-1.556130274028953153e-01
2.639098619848537219e-01
-6.195938390711627775e-02
-2.851059347343975481e-01
-2.623709994973913440e-01
5.804281356553418064e-02
-2.773785432833999337e-02
-2.483034524119721864e-01
7.385288423956794246e-02
-3.520366851786380785e-02
8.874287476613028358e-02
-2.843037861276891398e-01
-1.837032709260942309e-01
1.532531560782013635e-01
-1.643441343848747183e-01
-1.995929946980205261e-01
-1.274277050481611717e-01
1.775044330883090715e-01
-4.263923546687004018e-02
1.708168750729079921e-01
-7.980814359194747520e-02
2.593823778983403994e-01
3.079373574731917862e-01
-2.465998617553494532e-01
2.737246494164003938e-02
9.792476253276573284e-02
2.467929682385014076e-02
3.224947999477882910e-01
-2.353846180907733232e-01
4.442820698438817995e-02
2.305306616656071506e-01
5.855452732750201367e-02
1.571017830994923467e-02
3.465981359197420342e-01
2.628109633776004039e-01
-1.009743317741856744e-01
9.136997197357038525e-02
2.283302751933694030e-01
3.142468818186905377e-01
4.082491507864119962e-01
-8.429495764324480833e-03
1.891357777683602137e-01
-1.686223117370936886e-01
4.781213403324018583e-03
8.493459890702964588e-02
2.791379804529139919e-01
-1.107172284985223909e-01
8.651743095062849886e-02
-2.225090147291645948e-01
-4.117143485602914321e-01
-1.150847382432934468e-01
-5.692716131501828619e-02
-3.897485586241596078e-02
2.696435696547163086e-01
1.436027789253900566e-01
-3.799585354582379337e-01
-1.250717579088867215e-01
7.159747449766327987e-02
-2.286631700150601465e-01
1.425302200363809113e-01
2.877635447174669570e-01
3.083498806608834797e-01
-1.081081356607142552e-01
-1.819178678626039158e-01
-3.997074887615477690e-01
-2.120400608908163120e-01
1.173936980081881701e-02
2.857202368760871081e-01
-3.294128245725075899e-01
9.459217996812835372e-02
-2.990166556118725727e-01
1.574715212319009738e-01
-2.579195039279381652e-01
-3.875000803030524965e-01
-1.385707356313245486e-01
-1.513451916095779649e-02
3.537453371778609967e-01
-4.475163706566255284e-01
-5.707977403669012989e-02
-2.005079262482560298e-01
3.734287249020900590e-01
-2.564835392172175599e-01
2.849540338886771274e-01
5.360029880898272703e-01
-1.649718270020220645e-01
2.749996492309622065e-01
-1.134421291101367357e-01
4.233293252798064898e-01
-3.090101105320815500e-01
2.484316212474266539e-01
6.385268807513436728e-01
-5.269712412716469618e-01
4.699692744504475050e-01
-2.360738939356130384e-01
-2.989359127558651741e-01
6.361988187296025998e-01
4.357470751730403019e-02
3.364486710549971504e-01
3.252112235712872335e-01
-1.618879858008879513e-01
9.049685299503127181e-03
-7.956123908329744421e-02
6.414718807606475948e-02
-3.250570184536250712e-02
2.984021522976988416e-01
1.277936426567375938e-01
1.215693053130734733e-03
2.132284387203758069e-01
2.659039126576271950e-01
2.251225618010756213e-01
3.686073406556083371e-02
3.426577415724144093e-02
-1.769319679023448055e-01
-1.500091449023543411e-01
2.183201536760786404e-02
1.216505272888590422e-01
2.759154616629137524e-01
-4.549302779644453371e-02
1.340764074644670290e-01
2.493946223327726808e-01
-2.270868765961468194e-01
6.925000511699674899e-02
-1.085273181482555166e-02
2.860432275802986535e-01
-2.398351115338520911e-01
-1.392329057036494899e-01
2.049122327685667100e-01
-5.037071079615754177e-02
4.483817134591732700e-01
2.440472735749059374e-01
2.770366982403718592e-01
3.485352813548842632e-01
8.834539152959072772e-02
-1.084909547159520343e-01
7.901176818401002555e-02
-8.206261732045740109e-02
2.137149956818140129e-01
-6.407961130336852218e-01
-4.388562094648290612e-01
2.382316169634868253e-01
-2.361502796454109931e-01
6.302440302574162379e-02
-2.080955628225651943e-01
-1.488827516546339380e-01
-1.129153573387386145e-01
2.158554416534027437e-02
2.063709187824322722e-01
-5.370484882836132901e-01
7.770857751172639827e-02
-2.113214006485558127e-01
-2.228942429941436487e-01
1.421431757373713134e-01
3.170171349036993158e-02
3.455437436145764041e-01
-3.990283274636474004e-02
1.828929510894002630e-01
-5.113271112387715034e-01
1.580832851216384394e-01
-2.244021578307351383e-01
1.900291750332650659e-02
-3.690387651250662954e-02
1.204779115976177262e-01
-2.586326505837886480e-01
2.062299166676563322e-01
5.286786167108414869e-01
-1.420829230667487453e-01
5.642615841659799347e-01
-1.812525011351276971e-01
-2.640683850852855175e-01
1.287660087940995790e-01
2.012956080467971920e-01
8.979377146047667901e-02
-1.731960952106822438e-01
1.293668670660162723e-01
-3.093587427624377995e-01
1.212859235428176141e-01
2.533463565659674344e-01
-2.487723478452330828e-01
-3.613918129498380760e-01
1.496569020252752624e-01
-2.898564516170449301e-01
-5.146363961050964136e-02
3.359954492095860168e-01
-1.412213010115566381e-01
-5.256230257356203639e-01
1.163739506549825026e-01
-5.804151249177465915e-02
-6.673705490486134817e-01
-8.834157945189256844e-02
8.606506427482826793e-02
-5.025699320771821466e-01
1.015903202987770565e-01
-1.348551902833148575e-01
2.913132165329374579e-01
1.527122555035959894e-01
2.723187706026533594e-01
-1.214720064391972415e-01
1.208020946994792788e-01
-3.854267945886936109e-01
-2.097953537230503873e-01
-3.809321697024161679e-01
2.714070427752443004e-01
-1.142334932072232301e-01
-3.280641690594930937e-01
-1.609863557014143132e-01
-3.079009225693689067e-01
-1.566048485840223492e-01
3.742241529752540763e-01
4.137751536808902952e-01
-4.723120447687794710e-01
-7.485893975874803319e-01
-6.520642698440574925e-02
-7.122427722672652894e-02
7.560328275986129276e-02
-1.150384471817603310e-01
-3.236795356048840500e-01
4.383134047111013620e-01
1.217269702278271221e-01
1.418893741684545962e-01
2.149810430533671546e-01
3.049217054858931880e-02
2.156399515918371382e-02
-2.443694133616816921e-01
-4.797534659389352148e-03
1.070569441090759161e-01
4.537268959215182695e-01
7.419588016901873528e-02
7.449146715813811381e-01
-1.618067745039965255e-01
-3.647314192856132009e-01
5.321422288867066336e-02
7.385951281540549529e-02
2.028591014985363927e-01
8.023856071125930189e-02
-4.835501191703835411e-01
2.161598026172358855e-01
-3.338193447956755988e-01
2.553190891196041590e-01
-3.086935444282620233e-01
-1.005503978767504844e-02
8.737391629450465269e-02
2.130019933487660999e-01
2.755179172311800206e-01
1.188010581289104250e-01
2.018280252845992551e-01
-1.626024137059941255e-01
1.029224009171669507e-01
-9.948467088084823884e-02
3.817802858399917953e-01
7.325583120791882841e-02
-1.227329926091907802e-01
-2.317069165267984787e-01
-2.153191957149026559e-01
-1.219572071338646119e-01
1.302218910187775691e-01
6.362009489531522677e-02
-1.121316640503826761e-01
2.880884921775943575e-01
7.562219089148229656e-02
-6.607642591686614664e-02
2.460930101418208615e-02
-2.035909131449801235e-01
1.229777106799602102e-02
-1.058580073920687842e-01
-8.205986201451287432e-02
-1.323925020906830674e-01
-3.631480406183483223e-01
-8.444563136294719330e-02
3.391260661862623982e-01
-5.178758435696492052e-02
3.073833931318209825e-03
-6.355825363443905196e-02
-3.087009442978017604e-01
2.237272427230097838e-01
7.602855231184148244e-02
2.348470392076424662e-01
-3.058586472449824623e-01
2.629399131376569110e-01
2.098471291664558425e-01
1.457771092139419078e-01
-2.789556985790773158e-01
-5.134402116972310859e-01
8.843074311632334594e-02
4.030465012755306553e-01
1.254750872906419401e-01
-1.864351110908882003e-01
-2.042228107173478524e-02
1.044381615839923144e-01
-6.126585020029865630e-02
3.156020698692477144e-01
1.816951271588895522e-01
2.237583733478361869e-01
2.761491234645382375e-01
-3.441391212242981279e-01
-3.568765511706317173e-01
-6.260704785031483144e-02
-7.182346751865645307e-02
1.364202868706229921e-01
-1.001461910085463536e-01
-2.890102204200237224e-01
-3.289974757264506056e-01
3.337682323725599254e-02
-1.079610171049653622e-01
1.295364462744355571e-01
-1.890024454974630758e-02
-2.487078620827265774e-01
-7.654364518011526342e-02
2.309286796075894488e-01
1.794453418661411948e-01
-1.650100030788210492e-01
-4.313137541933987351e-01
1.737759720476045322e-01
4.838964875028639034e-01
1.988776370362887458e-01
8.169251952786785176e-02
-6.487567724874221398e-02
-2.290985527510840392e-01
1.612298994979390054e-01
-3.519305414137079840e-02
6.809830041045725202e-02
2.142153260359357103e-01
1.517108020078823671e-01
9.640849120262968974e-02
4.408439667789973426e-01
-2.545544956876318321e-01
-2.518350757212383662e-01
-4.466337922035548691e-02
-2.640081185678948006e-01
1.722823627371309618e-01
-4.392530576323817604e-01
2.107326828040460565e-01
1.537875793356191234e-01
-2.767183133028988107e-01
-5.065069402326996539e-02
-2.942735354911832357e-01
9.129185200289524627e-02
-4.443124863705216754e-01
-1.466835679091826050e-01
-2.675473933572663499e-01
2.593523757227261806e-01
8.680605416632040938e-02
1.563211019600110885e-01
-7.900694658003043491e-02
4.823638730643335648e-02
1.889943015621732211e-02
-1.378497070689650439e-01
-2.036508274750822162e-02
4.840759318705607772e-02
1.887239118944268601e-01
3.460640302342299912e-01
1.543986554567818303e-01
-8.853463517105397348e-03
-1.255433127950577321e-01
1.645484679657657490e-01
6.690491151391461666e-02
-5.640869340497995932e-01
-7.865928014640557325e-03
3.834683430271679794e-01
-3.764102488397931823e-01
7.851768961929848911e-02
2.004057990180902263e-02
-4.183520427797197683e-01
3.578301763939580049e-02
3.713492963417277526e-01
3.785634478948376458e-01
1.277414983957490535e-01
-3.110772299490983661e-01
-2.354161585614527874e-01
1.522407117076111094e-01
1.954397009010070130e-01
7.399576685586373159e-02
1.405402347770669802e-01
7.041588794960681151e-03
5.335424669842643228e-03
-7.603813403560875928e-02
-3.778511651261093340e-01
-3.984364563384993341e-01
1.690334786009829726e-01
-3.784995491242361676e-01
-8.185314770507903237e-01
3.959058078388891233e-02
2.874521351408667602e-01
-2.933881728497504948e-01
2.083589939965827253e-01
-3.425873471604578002e-01
3.104451857068783460e-01
1.084357920510597983e-01
1.307879639459170462e-01
2.049070065715777600e-01
-1.272275656227916107e-01
5.547253201302193570e-01
2.743626957867227253e-02
-3.051776456059849263e-01
-2.330490503372786015e-01
-6.709696418989686065e-03
3.325256241139259560e-03
-1.019875135304464830e+00
2.792558920732328143e-01
-3.087397611728741054e-01
1.259207493504465036e-01
5.846121601459738915e-02
1.971752185968293769e-01
5.558651030724762743e-01
-3.929327016565981601e-01
-2.011740389110492078e-01
4.696498861632297794e-01
-4.486237942001065626e-01
3.965731012697854552e-01
-2.585860146599486264e-02
1.238111914262932448e-02
4.131009821247051961e-01
-2.618226854592937691e-01
-4.175720568247441311e-01
-2.079459951705146248e-01
6.320424241431304990e-01
-4.033494869558616469e-01
3.065636427033354150e-01
5.630645258208885062e-01
3.892212635524566200e-01
5.055938247810568553e-01
-1.870914803002923232e-01
-1.080394489262987701e-01
2.284522161829352083e-01
-4.229265589574938145e-01
-1.732493917097479019e-01
-1.076750890559171198e-01
-3.321534798456551307e-01
4.229860964052763878e-02
-6.954841937084650649e-02
3.129404006066205390e-01
2.077875016973451949e-01
-1.687049803456100727e-01
4.713972189526702827e-01
4.895718906108181834e-01
-4.022502635452090969e-01
-2.751455179365847603e-01
-1.138833067871158206e-01
1.234221262281776643e-01
1.243395779624071884e-01
-1.067166051508102176e-01
7.414568323177085640e-02
-2.124322682839339671e-01
2.738457329782167937e-01
1.771736679740289755e-01
-2.393292694680427268e-01
1.933529470033568398e-01
-4.115240557544189159e-01
2.914385967488664075e-01
1.458989492307736502e-01
1.559770152185369907e-01
-1.314934131416521379e-01
-3.278282181948876106e-01
1.204492403600496420e-01
-3.763595036696217311e-01
-2.295434667862969735e-01
-3.225171742267657349e-02
-2.706636719229435495e-01
-1.626747111505576215e-01
-2.621165348580845600e-01
1.985435546436717380e-01
-4.493179941953508449e-01
2.456764512708177473e-01
-3.728022298280357916e-01
1.090779870317649392e-01
-2.729744490281508368e-02
1.507754885690527347e-01
-4.726647729110525914e-02
6.776581033515156893e-02
3.820064068242010613e-01
-2.417591809328069885e-01
-1.627443076744978234e-01
6.209533720735858908e-02
-9.974705008115611338e-02
1.875903333189438693e-01
2.230570374866150396e-01
-1.114411032015383690e-01
-4.008375370203067223e-01
7.664474720604527724e-02
4.693875510211250601e-01
2.508568539319379065e-01
-2.137308940053699036e-01
-2.672679159156884365e-01
3.055453992446360845e-01
-6.316927431946980920e-02
9.437939092292604859e-02
5.477677589052563079e-01
-3.909340324827632052e-01
2.174191552331605770e-01
2.372464914313652251e-01
3.662171069738304890e-02
-8.800576853558176454e-03
-1.742440235760319422e-01
-2.679712420593790556e-01
-3.944905141734464937e-01
1.443524091813330745e-02
-3.613939401376143890e-01
3.002885110987165151e-01
-2.008441632948551048e-01
-4.117786788587444735e-01
-2.991689998652450333e-01
-2.290066977098249579e-01
-2.323551439832778898e-01
-1.151340260705399771e-01
1.788237962184049679e-01
-2.134218197998377989e-02
2.224742399324109721e-01
7.475991438158364165e-03
-2.866581723525146730e-01
-1.475609259720382094e-01
3.117959033813099690e-01
2.865673809910115888e-01
7.751499608685935572e-02
-3.531229560010028523e-01
1.315367197458930937e-01
-1.522183652464411396e-01
-5.349724694961308785e-02
3.558231309044232460e-02
-1.428386517976743819e-01
-2.065254572600267735e-01
2.218874742530470012e-01
2.045925761716158031e-01
-2.628557655872137411e-01
-5.916269501723080138e-02
-5.172189256885758590e-01
1.352216556723730423e-01
7.553088602718564804e-02
-2.903099247418327103e-02
2.483882245175062994e-02
-2.808129775718911092e-01
3.471451588375870090e-01
1.205766301786195677e-01
-3.204972244423134886e-01
-7.354776868771294163e-02
4.014483423349092250e-01
1.502427569308830424e-01
-3.334553385995447372e-01
-5.418584806569853862e-02
2.277329630793020407e-02
-1.833908961921792424e-01
1.185590551648552232e-01
-4.191255227964481994e-02
-1.743420178785191621e-01
1.754583607011949986e-01
-3.244591418825544249e-01
3.675622963667720192e-03
9.230965288949222192e-02
3.523746961698043800e-01
-3.526259077957122345e-01
1.274808506722876766e-01
1.155547223903517495e-01
6.341224474509372933e-02
1.196415606796643293e-02
-2.687050741308806834e-01
-2.768264601348465193e-01
2.200475791038080942e-01
-3.666753481019919270e-01
1.842135189598542722e-01
1.037881689992856404e-01
-8.094394224440173979e-02
-3.026140981263903407e-01
-3.249356887632843804e-01
-7.879923545097461401e-02
-2.492503109365578617e-01
1.884504854830449661e-01
2.231946769690683896e-01
-7.325300446443043512e-02
1.668683585144844495e-01
-6.826053847173013667e-02
5.354056051056739207e-01
-2.965595295123707453e-01
-3.014227590318311889e-01
-3.516191124384091538e-01
-2.325866594944995258e-01
2.810734263073964012e-01
-4.729328123213621393e-01
-7.579976339875826863e-02
-3.679999391728784874e-01
-4.070337514634149445e-02
-1.311558633283312625e-01
-6.482034886315800604e-01
2.187853086966613445e-02
1.503812677920536300e-01
-2.707185611306601181e-01
2.022436457686284939e-01
-2.071559534164491567e-01
1.046489882094308321e-01
-3.883475646247565582e-01
3.908341345436768255e-01
4.874872480498529947e-01
7.491444967678703715e-02
3.727889951894229337e-01
1.016355785708569076e-02
4.950926631509606352e-02
-7.453853382793246274e-02
1.276087131051359402e-01
-2.802780536155480523e-04
7.714875372727861280e-02
-3.181227709152305017e-01
9.977042598833722742e-02
-2.686568765734856368e-01
3.697574760557200135e-01
-4.409680490040032153e-01
-2.563264580389502112e-01
-4.658033463962697740e-02
-8.379937913540072558e-02
-1.142507064009131851e-01
-3.862795359614640267e-01
1.217013681210054182e-01
-3.650452861593708742e-01
-3.583924272577679315e-01
-1.449418621399005958e-01
-1.725889599161237464e-01
-9.726846858810664354e-02
1.037254242338054785e-02
-5.642718692668957647e-02
5.150455798464432799e-01
5.581467728236141346e-01
-2.092826593115763023e-01
-1.446174055898559740e-01
-3.392745689308556689e-01
-1.188720909020016814e-01
7.100460489116545981e-02
-1.419958852087710166e-01
8.818072662556378227e-02
-3.391006017070402612e-02
-2.790113380335310089e-01
-2.938682043817109069e-01
-3.011945635820407197e-01
1.935167754980863242e-01
-1.352431183187944030e-01
3.071891110730449737e-01
3.582096093741889420e-01
-3.456343812163809037e-02
-1.231335957396719888e-01
-2.033913273312846770e-01
3.131250081432243593e-01
-7.401669225573216382e-01
-1.637512000670619250e-01
-4.527444566267374571e-01
3.664899882629074623e-01
7.146466665929601669e-02
-3.675060018095876319e-02
3.275525430425176854e-01
8.544016821775253512e-02
-1.523304169542796793e-01
-2.007805970613780674e-02
-5.878164154204049835e-02
2.349110591635102385e-01
-2.680627064903053913e-01
-6.689298632239755460e-02
2.428726382751967006e-01
-2.659841351692862621e-02
-2.301435220233404855e-01
-1.830364784092466390e-01
2.212297217091674928e-01
7.963898644087630263e-02
4.048807879245357455e-01
-8.682003842303914753e-02
3.343563787626212258e-02
1.329412556511860022e-01
-1.477378032175092892e-01
-8.134810909717933580e-02
1.343772238364150315e-02
1.247366148400995550e-01
1.677035781396846448e-01
-3.720100742277278050e-01
-9.712006656474657385e-02
-5.131553778203115646e-02
-1.474151484492571863e-02
-8.414770607158125748e-02
2.656934855696297393e-01
-9.907417478329379537e-03
3.732953715203817802e-01
1.436984780721887664e-02
-3.876112844812024116e-02
-2.317899771757199190e-01
6.096174653899492230e-02
2.637064176348848932e-01
9.187648988854131560e-02
3.602216886873363388e-01
6.615911645006478103e-01
-1.730894380765518048e-01
1.432557811658353997e-01
-5.619635928715379508e-02
-2.410891408711137440e-01
-7.637326000881845822e-02
2.190635142718631578e-01
1.293679678861280880e-01
-6.512223946781143802e-01
-8.702367813536683247e-03
1.009084774861068214e-02
-8.780534948219732849e-02
6.471851143426468611e-02
-9.163101159143675900e-02
-4.285226310064410571e-02
7.427888101578165037e-01
-8.295453946102585019e-02
-1.380013422487253449e-01
3.796155527636773525e-02
9.783647019242473764e-02
9.499168325384046985e-02
4.902772090907078772e-02
1.431848740615308119e-02
3.179218763518895097e-01
-3.262475197954690931e-02
-2.049760603525945246e-01
-3.605312275150315132e-02
2.039277511573228396e-01
2.088310943811879164e-02
2.210428898040507628e-01
2.466057598553230978e-01
2.051356704719615315e-02
-5.049740166768409422e-01
5.464975349941795374e-02
2.748704437188774843e-02
-9.759880924002400926e-02
-3.032920154242116917e-01
-6.382996931919672490e-02
-2.800597312402651751e-01
9.320714597439497262e-02
-3.496039880612741846e-01
-5.871200123457721159e-02
-4.022321540522561523e-01
-1.035083276723148260e-01
1.812755474258697375e-01
1.495068125763401312e-01
-2.030678060831470066e-01
4.388494808589553653e-01
1.247701119593790271e-02
1.928687593323679672e-01
-1.226209885981437847e-01
-1.405523060892986120e-01
-2.263893035363749584e-01
9.581763876122571799e-02
-1.863469122218479046e-01
4.701692163491413279e-01
-3.716349522688568441e-01
-3.159044546832246447e-01
6.110070185747115135e-01
3.276164001188183739e-01
-3.975762454813539654e-02
2.953609202169754644e-01
3.251073915156751926e-01
7.528497293128715018e-02
-4.353806276962864374e-01
1.539901766953502386e-02
3.920951838113983512e-01
2.529828165636663351e-01
-2.704754531402868145e-01
-1.493382753317565037e-01
1.020339653537996744e-01
3.964544076952755125e-01
1.402218728834449257e-01
-1.856123149147952400e-01
2.818254808404288547e-01
-8.640716193721276195e-02
-2.318227173468092803e-02
5.075975021826081290e-01
-1.603430307783688669e-01
-1.164339653724964646e-01
-2.829600702753304331e-01
3.286031602271792806e-01
-2.759816302053750836e-01
2.531295732204258964e-01
-7.748918186961108179e-02
2.136131645382870203e-01
8.893811230777046162e-02
1.168871800444819947e-02
-4.961915269362929259e-02
5.675965113958032493e-01
3.144654567988729998e-01
-1.765975001489827542e-02
7.366691490979586365e-02
-3.109088451606244474e-01
-3.874212918894934243e-02
-6.517805045198002412e-02
2.610497431418964398e-01
-3.182906447708267472e-01
7.295453304147504737e-05
-4.105457905050124423e-01
8.835564521791948456e-02
1.423671640958423246e-01
1.077469133266422963e-01
3.273789617509613448e-02
2.092995804981894747e-01
1.165020719319772302e-01
-9.694135946819401953e-03
-3.812470317231446137e-01
4.295578266720028182e-01
-1.812243592427563998e-01
-1.490572871314090053e-01
-1.833694184779542935e-01
6.640280469079476444e-02
1.197666204369186166e-01
3.663567810371885503e-01
2.833712454141685266e-01
-3.941625822126493262e-02
-3.104954845233474092e-01
-3.373292818219210398e-02
6.251358095682367499e-02
1.637852194426074603e-01
5.187013174859672615e-01
-1.610215870021678986e-01
3.257007449210538863e-01
-1.283211316781316669e-01
4.420898953867634651e-01
1.082731455674900145e-01
4.819710955503937466e-01
3.086245577076246471e-01
1.534902634921855857e-01
1.953637527192066681e-01
9.113059228910101728e-02
5.900227372576836299e-02
3.281871243179559916e-02
1.752748417617614254e-02
-1.602499435259684968e-01
3.202921141929057636e-01
-2.566644582372017425e-01
-1.362594743214599891e-01
4.956430863292680122e-01
-1.466290562129022590e-01
-2.834714804263423482e-01
7.264568822832166706e-02
-4.686340720042219132e-01
-9.648544177173469516e-02
7.533349768456831796e-02
2.314553547136747047e-01
-5.255729547669656387e-01
4.178661163306896520e-01
1.984483298926113803e-01
-1.122116046830306663e-01
5.345330551478361808e-02
-2.141215111060680854e-01
-1.025390217147327254e-01
-2.798948192927253054e-01
-5.107369863864744675e-01
-1.083959678416335087e-01
5.487830420817853966e-02
2.893863986929758880e-01
1.842775353758943080e-01
7.589835754165358273e-02
4.971131971247420150e-02
-1.295921370669375627e-01
3.744658306286023919e-01
5.847354638751764422e-02
-4.244885076758835307e-01
4.281762063256991380e-03
-3.507033797879130499e-01
1.387451438885542732e-01
-5.388712983154111957e-02
3.432252609848478464e-01
1.227298902309617579e-01
-2.551838608868847030e-02
-1.833781015683217663e-01
1.772709080489636227e-02
3.369983395388103653e-01
-1.666159575798049353e-01
-2.833373899221159897e-01
2.567484023970224979e-05
-9.901484946899964668e-02
-5.474631162235337606e-02
6.651832103611771130e-02
1.451029926874020659e-01
1.128784961543278509e-01
-3.432888430594304707e-01
-2.549354682321200438e-01
1.190947750081812612e-01
-1.858312216491280755e-01
4.936696354094730621e-01
3.842876603709246552e-01
1.870053810880655532e-01
-3.276864063739770572e-01
-3.579653705701763000e-01
-1.441333179342964288e-01
4.535315287468823509e-01
-2.695887128588601023e-01
-1.727477606333445159e-01
2.041612712482553105e-01
1.835589446183969603e-02
-3.309738975443248243e-01
3.966401311351946402e-01
-3.283667635367243376e-01
3.496224200874491483e-01
5.008785845039391560e-02
-1.733273357101529355e-01
3.104161125375523578e-01
3.206447292153051798e-01
1.162747910436713744e-01
3.381317515925106876e-01
3.673775595216368095e-01
2.382561812974332352e-02
5.159912977435671122e-02
-3.214404998379344347e-01
-2.185125362846878361e-01
1.645656674019467802e-01
5.433582979564515192e-01
-9.637681015351043379e-02
-1.622072318109493427e-01
9.219038383493288746e-02
-3.629469244189157950e-01
2.933858862659604119e-02
5.768606043692418028e-01
-8.519169876456364476e-02
1.468824681343698091e-01
-1.509758569834367681e-01
1.083017334550062521e-01
-2.329834931724403257e-01
-4.463251535691897115e-02
4.255481373996340411e-01
-4.879782632029435185e-01
1.500866745801250901e-01
1.976257311934726535e-01
1.232920445367453530e-02
1.571233195334458543e-01
-5.555429764394282932e-01
-2.316273525359220931e-01
-2.845925158819923584e-01
-3.255343927432167300e-02
-1.395545864821012005e-01
1.340888788099078022e-01
-1.257843864910183629e-01
4.745292781430212464e-02
-6.766799336311390967e-01
2.366083641237395063e-01
7.976480204821304043e-02
5.473103864989169870e-02
-2.979904590752959215e-01
2.368572864527258848e-01
-2.202251249801829847e-01
2.260280684370305770e-01
-6.008535561903118744e-02
-1.456999347403295231e-01
-5.205486050950887122e-01
-7.942890137631412883e-02
-1.806131716972262935e-01
-2.145637226458243785e-01
2.097141834289311113e-01
-3.288163419401140541e-01
-1.316710876804474406e-01
5.808899729804156697e-01
1.451271463328268618e-02
-3.940210189549021580e-01
5.425293179863499571e-01
-5.239776909841807606e-02
1.483375971436212692e-01
2.630567244020102224e-01
8.761281316849574285e-02
3.872296597856780820e-01
-3.545136245446298129e-01
1.123383799593895421e-01
-8.775792397198863004e-02
9.727341134395561806e-02
1.984020546818816844e-01
-6.972061558410724835e-02
-1.062599137140101402e-01
3.138694243649493565e-01
-2.278369359388729143e-01
-2.364660616713675223e-01
-7.387556750213551855e-03
-2.913696596919084780e-01
8.099502153667557935e-02
1.068328782676686017e-01
1.815151860188592148e-01
4.047917619321724780e-01
1.602216502945267851e-01
2.126783990380615164e-01
-9.160166912870261469e-02
5.107019076091298126e-01
2.291250618718832562e-03
-2.273533401279067764e-02
3.962232165460437550e-01
-5.607670283837448144e-01
-2.532783631773637134e-02
-1.389776972369080044e-01
-1.001278768727593693e-01
-6.026981797985775380e-01
-1.202906194387620142e-01
-1.330506521935197473e-01
4.430250016144517827e-02
9.262294658931352620e-02
-1.207498305366649233e-01
2.934554748055645881e-02
-1.119120487880397308e-01
-2.965017075397110569e-01
1.859352117450340791e-01
-1.139951946238551700e-01
-5.035442317958665343e-02
-1.781036802590627299e-01
-2.904520200816423925e-01
1.143325824492667647e-01
3.023910486975667222e-01
-3.629269648010551019e-02
3.159559706004093638e-01
1.616579678211176874e-01
9.996679852358270058e-02
-3.798088033811757025e-02
-1.620621817800927678e-01
-1.037328784560965778e-01
1.022916071704148555e-01
9.677417854989080193e-02
3.566364813988073812e-02
3.092772509891277277e-01
2.782639998983118534e-01
-1.765757246070006892e-01
-2.307133393834559509e-02
2.470861482691786015e-01
4.457598104099509684e-02
4.027942316237888981e-02
3.291097095372046977e-01
-2.609547999380507632e-01
-2.833270017790220831e-03
-9.089690940921534013e-02
-9.644779210290697902e-02
3.108671580792433595e-02
-8.368319823337749472e-03
-3.632886581385160185e-01
3.590754379135422947e-01
-2.262162159218825963e-01
1.402948598699716720e-01
3.804678764583589723e-02
4.397127515737848241e-02
2.711116934586844662e-01
-2.538328987109797485e-01
1.530492089910254483e-01
3.452744936787931901e-02
3.715950387503454966e-01
5.821160995765561723e-03
-1.796845011100398071e-01
1.872944927654628389e-01
5.846265580826324193e-01
-3.458386874896353103e-01
-8.884355284054132329e-02
2.153604172112900117e-01
2.955630911363523183e-01
-1.792193454863490187e-01
8.552149866755541507e-02
-9.298140869021145893e-02
-4.768729060341466569e-02
6.028027732470511157e-01
-3.142513239056771712e-01
5.987480790787620168e-03
1.711734459901634864e-01
-2.038292480206059520e-01
2.066511553510932686e-01
-3.049957036830815982e-01
2.197210083079541298e-01
1.947592984206381606e-01
1.389863192216172529e-02
4.511168928966257652e-01
4.174597931453426503e-01
4.256703034001170227e-01
5.865758640535418955e-01
4.333410197121778662e-01
-2.754683807096736103e-01
1.207823316799494506e-01
-2.854606281693361503e-01
5.404603824689995645e-02
5.465821006507556312e-01
-1.203435041415444190e-01
-9.527171116525930128e-02
3.318753181156601506e-02
-3.705018922012535965e-02
-2.362106135279276597e-01
-4.222579067096732253e-01
6.488697961229517031e-01
-1.273639577591991479e-01
2.385532238093072965e-02
-1.979688601872994502e-01
5.974127851090512559e-02
5.783242707112872250e-01
-7.552000801401705099e-02
-5.032230607279782886e-01
3.969054857838733019e-02
-2.253704469471156935e-01
-3.017111469977873939e-01
5.341143922536729649e-01
4.234953743532887671e-02
-2.658315268350215366e-01
-2.631375964635634390e-01
1.225409437751364267e-01
-1.924054051399420873e-01
-2.818173862858024958e-01
5.291810538998299729e-02
2.954787439735873100e-01
1.458687822251279187e-01
-2.964270985812781506e-02
-1.324429280725762936e-01
1.728458845423172519e-02
-2.428198553001332527e-01
-2.983408078009795461e-01
-9.549215378406788329e-03
1.495641003316957873e-01
-7.573269926580492549e-03
-1.674386661193632553e-01
1.609202301569618784e-02
1.993408702974366897e-01
1.702823381937959915e-02
1.695228285252943458e-03
9.846046264615332388e-02
-1.600838494662474853e-01
9.074295613308758224e-02
1.670424993754302811e-01
1.661406713637932908e-01
-2.421436656522897145e-03
-2.616677234744431771e-02
-3.292395373231522537e-01
1.414723226631536268e-01
1.148910794581437383e-01
2.184791841801448919e-01
-3.703346698178481278e-01
6.037463066098577302e-01
-4.678800300022655650e-02
2.159193110345620503e-01
1.863017136779731298e-01
-1.426643733847057227e-01
3.792377681910933385e-01
5.261807614558362128e-02
4.054443489116232313e-01
-1.879097156007307756e-01
2.094690488725879998e-02
-2.123942813136825702e-01
-6.662747786911550618e-02
1.469453991355297584e-01
-2.868653316932316955e-01
5.606236129925939310e-02
1.975538365099343552e-01
-3.202874731354171667e-01
-1.485340592110770928e-02
-1.464989420047252411e-01
-7.049213445438463621e-01
3.978251434646042362e-01
-1.445947100332165003e-01
6.916416647841923393e-02
-8.370000321341092286e-02
3.476704713575816674e-01
1.891061202360791171e-01
3.207951584966711733e-01
-1.306496848477149419e-01
1.213318553736257993e-01
-8.136653709110487978e-03
7.649576998914836556e-02
-2.351343006214737241e-01
4.352378296265568269e-01
-1.443445884307801297e-01
4.814735459690098196e-01
2.573057962402721666e-01
-3.029320147102699812e-01
3.741316211415217086e-01
4.767700216909245489e-03
-5.484835251080268786e-02
-1.830516079591812395e-01
2.080672279464247654e-01
-2.557287139331633208e-01
-3.406868012950794444e-01
2.620513578808857935e-01
2.206348466533134822e-01
-4.969266286254564458e-02
-1.088051989624977678e-01
-1.168523366980675354e-01
2.791164299958975858e-02
-1.570029573184802962e-01
1.244912523320171049e-01
-5.429113850457121387e-02
-1.620253161744171222e-01
-2.283571428130511116e-01
-5.977403057821992216e-02
5.907832678140379629e-02
-5.904844415865863338e-02
4.906776058860682910e-01
2.190783014818547814e-01
2.551289258487555722e-01
1.419120151674155561e-01
-2.703906304630055990e-01
3.274590568251201095e-01
4.254935750992049903e-01
2.116670407625750594e-01
1.087622862717510658e-01
1.848157260711249250e-01
4.010333454542173715e-01
-9.036236741913038217e-02
-1.718700081753666009e-01
-1.506863297131194046e-01
4.539292006630888388e-01
-1.893629032509237531e-01
4.278343083632759614e-01
-4.029048305960298282e-01
2.183982427970579954e-01
5.350324098113942370e-03
-3.157431977716573246e-01
-2.355129290327033151e-02
8.004423492754651759e-02
-2.877258035214523557e-02
-2.414950407153739764e-01
3.438308309776789973e-02
3.365500014831376840e-01
5.009014846598888182e-01
1.520308701440611088e-01
-8.506113231209554149e-02
2.225872622195358003e-02
-2.020628136944045972e-01
6.850243818769162496e-02
1.212425932564123454e-01
2.255333245649580043e-01
3.038204272559337227e-01
2.968484607911969775e-01
4.610884628890818404e-01
-7.446056750448507011e-02
-1.262034180017595209e-01
-5.537504560002685094e-01
4.555086867260803030e-01
-9.622219647232664597e-02
2.464135770274271664e-01
-1.467697474800314650e-01
-2.283422800392686802e-01
1.016676453792861312e-01
-4.168397358951198700e-02
5.917274708082225221e-01
-5.004846547428637438e-01
3.153154361998919963e-01
3.299615965699708164e-01
-4.358095672822371314e-01
-4.128112420409478789e-01
1.757631018521903510e-01
-2.935865401725856194e-01
-1.408055529199190026e-01
-3.235494732686384212e-01
-4.932544559072425672e-02
-3.397495767712560011e-01
6.491381008267502750e-01
9.924956684843468102e-02
-2.026574998588656640e-01
-3.062916497340160693e-01
1.101585490024388492e-01
1.208291085634397716e-01
3.778515026526869935e-02
2.830690518633127151e-01
2.924932461105407833e-01
2.108568575768647868e-01
1.199914380846920231e-01
6.355772887313072828e-03
5.237228596361926947e-01
-2.327349771820345359e-01
1.287315869917708411e-01
9.155832329137889025e-02
4.325970098413552400e-01
1.559863166123900274e-02
1.745971478358048223e-01
1.345900874420989102e-01
2.495297034033319150e-01
4.384681180913928555e-01
-4.999496333513503976e-01
1.969261196301190509e-01
-1.605625703713628727e-01
3.652663964966814114e-01
-1.790820186035262107e-01
3.069721778361880204e-01
-6.496333371859060180e-02
-3.379140429705967258e-02
-6.088741561083310661e-02
-1.008509659766144706e-01
2.499369713516130798e-01
1.442765157174127344e-01
-1.084333983225982539e-01
-5.696598640534231706e-01
2.173083704706728000e-02
-2.385560458283812191e-01
4.871961560490462029e-02
1.345286520309553480e-01
2.497364595962413281e-01
-4.258491146458004417e-01
2.988698066572316736e-01
-6.572685714387888067e-02
-2.240586163376950546e-01
-1.107686960060655090e-01
-1.790026844428945219e-01
2.420246150971891719e-01
-7.657446256132682816e-02
-5.461494969979445446e-02
-3.245254298587837982e-02
5.894592171639373435e-02
7.680816990310501170e-03
9.166570921526072391e-02
2.230302107655087462e-01
2.587143361814654430e-01
2.044837382672814660e-02
7.131406991293078035e-02
2.739927102424727923e-01
7.822953348831919451e-02
-3.493332634542517523e-02
3.929706711927381524e-01
-2.552448352675289467e-01
-1.266860555314289760e-01
-3.448338516958314726e-01
-8.739205941576137782e-02
1.655264827653558646e-01
5.597608258791979263e-02
-8.933771675218334096e-02
-1.351668076109708086e-02
4.818659301091762076e-02
2.183164709614165422e-01
-3.113975909982091839e-01
3.295811932537687228e-02
2.911373739371404534e-01
2.695335978997648874e-01
3.055345464523260279e-01
1.856433553775310441e-01
-7.477158421252580456e-02
2.128727446800776080e-01
-7.036633211336124072e-02
2.862389730048979161e-02
-4.062139188963158065e-01
-2.880232310888836134e-01
3.139259311479469794e-01
3.361653621632473277e-01
4.376016643364746828e-01
1.258849800879476011e-01
3.748975290389319759e-01
-2.302776195215817390e-01
-1.332348960036170149e-01
-1.621613506334602661e-01
-1.635551714106381616e-01
-1.970328638974750690e-01
-1.215883948264390169e-02
1.395265997677675729e-01
8.605114502329405668e-02
1.279001066865056158e-01
2.078454133997184594e-01
-8.437377373765318767e-02
5.173259052903039779e-01
-8.295510073763995643e-03
2.686335375988849888e-02
4.267663309244286718e-01
-2.153299455286201980e-01
2.793331942805419854e-01
-3.453822790859413516e-02
4.086576830099718505e-01
-3.453050231443171025e-01
-1.807225874423024903e-01
5.221493527867366799e-03
-2.893468658795186332e-01
3.687006298946620686e-01
-1.681367341249759562e-01
1.618314939865969082e-01
-1.186931468257273470e-01
1.532577232519043431e-01
1.606382660858012290e-01
-9.941090284379532072e-02
2.565271572982288362e-01
-2.878489110182381183e-01
-5.512508078411106766e-03
-6.929137341828513208e-02
-2.811317088550301935e-01
8.804480679020164346e-02
1.869971490353322663e-01
1.239138632237473253e-01
-2.997211656038991645e-01
-3.583566247491546536e-02
1.174819879381447385e-01
8.966378838229985271e-02
-3.320291648460418996e-03
-9.849652743800285659e-02
-9.494092364267643636e-02
2.335325694455612777e-01
-1.756406178127067064e-01
-6.606428857986018643e-02
-2.294354965980506811e-01
-3.170660070654061080e-01
-5.845312760733167856e-02
-1.402143862343428748e-01
-4.757383720141794003e-01
2.797929854825070839e-01
-1.321844452620703492e-01
-2.055759708393300467e-01
-4.325535056270883583e-02
2.201077561985037290e-01
-5.467304775938326006e-02
2.140904160611533658e-01
-2.049399037244772626e-01
1.117273040684875762e-01
4.745880152308926125e-01
3.833447270221023717e-01
-4.383200203696746011e-01
1.140516446641006293e-01
1.036574050998667201e-01
-1.083811874777033529e-01
2.435243283327457597e-01
5.208603525024068509e-02
5.180573269373537348e-01
-1.011474603776565812e-01
2.969977936978330235e-01
-3.585408460358971983e-01
-1.649086072814581402e-02
2.260429523385744377e-01
-8.839116301976815415e-02
-4.635995103265565520e-01
7.670043484385233312e-02
-2.207018597409272365e-01
-2.949837837368122218e-01
3.299838942521365337e-01
3.966132678934633504e-01
-2.759707952536855635e-01
-2.372805465846267725e-01
9.370520689982199392e-02
6.427799017902958989e-02
-2.405177659964300718e-01
2.691799506527070007e-01
-1.617193236656553901e-01
8.889130325382249564e-02
1.307224906218565873e-02
4.734096821112242504e-01
-6.220569309743848724e-02
2.914416064553602692e-01
9.988695895910919276e-02
-2.579888511111012028e-01
-6.907870746454962407e-02
2.154115413396179846e-01
-3.141315928638807042e-01
2.895038838464295688e-02
3.791277545485201572e-01
-1.732704605390598673e-01
-2.643262928054616601e-01
4.378771305068786257e-02
3.285561230427738177e-01
2.078204769152027787e-01
2.982612756409565302e-02
-2.315317414457034872e-01
-4.890975003498330281e-02
-1.381447025199630287e-02
1.862249459234742166e-01
3.130760685415867606e-02
-3.305113155517553358e-01
-9.913293904358896902e-02
1.458499706310563138e-01
-1.674906890068453558e-01
-1.048837193547515062e-01
1.531594000510476117e-01
-1.984860624466981693e-01
-1.101128850879548593e-01
-3.871408749568674978e-02
-7.288659435023382184e-03
-1.039542393381185509e-02
-3.140712280319499783e-01
-2.222519423290573448e-01
1.504256525697447722e-01
2.982828387141659432e-01
-2.479872462846938186e-01
-1.965506633151885285e-01
-3.289034132368240382e-01
-2.845775722462472457e-01
6.108306109719753574e-02
-2.701221861716419648e-01
-2.304593753292168423e-01
1.486389699813275844e-01
4.276657380392032137e-01
-9.188854800924651026e-03
2.615693326530839635e-01
3.652568790281404687e-01
-7.229582222265888702e-02
-1.562652928829815768e-01
2.213491650323418380e-01
3.080175746259117622e-02
1.164499924098962164e-01
4.419853111035796367e-01
-3.036403089430477972e-02
-3.131210736183206444e-01
-7.260242375879689958e-02
8.543025687332231333e-02
7.014867937240519546e-02
-4.892233376546459289e-02
1.768940596080829097e-01
1.970357999922622561e-01
9.489562167239380674e-02
4.177007025133183671e-02
-3.868888965643773603e-01
-2.308111186156232009e-01
9.569000627054151387e-02
3.139517900026433939e-01
-1.690322264042680434e-02
-8.614034357822293597e-02
1.298401099477730358e-01
2.713110610050705751e-01
1.651410625808890503e-02
7.085115973317094307e-01
2.096914793656589893e-01
3.740220163834027112e-01
-8.890838359285123393e-02
2.719721614464214454e-01
2.782980644124516401e-01
-2.362470016753207558e-01
-2.762923016133215781e-01
2.941743973036236026e-01
-2.224599231843801816e-01
-5.293251468917377078e-01
-5.227158775865681922e-02
2.327539506903089916e-01
-4.503565999438582379e-01
-9.326908757246422932e-02
1.818524344525033754e-01
4.021252667401631342e-02
-1.210010740763159398e-01
-3.513003859885985292e-02
4.521165235233677582e-02
-2.198458360442370474e-01
-9.724022626145681358e-02
-2.999900606586254539e-03
5.421867729308495198e-02
2.103081725898674481e-01
-2.452450045884725996e-02
4.871881173686157807e-01
4.883247641916638182e-01
3.947736942106178787e-02
-1.757447562466700822e-02
7.739149925197112700e-02
1.665228132131857733e-02
-1.448933088972511884e-01
1.171010458290594643e-02
-3.749303700491887770e-01
-8.862269432187674933e-01
-4.502293847824439532e-01
-9.447926569528559970e-02
-1.058253856807344351e-01
7.002106902525598309e-02
-1.577550368334201258e-01
-1.946090588640089214e-01
4.587348280518045024e-02
2.329975908393280837e-01
1.423838163880461749e-01
1.198225917816795882e-01
9.363673378782123857e-02
1.047197116862764871e-01
-1.749389253071583494e-01
4.362291142389530807e-02
2.889825898601188284e-02
5.484056888038143368e-02
-4.451035139577215194e-01
-3.034179201526030975e-02
-2.682686793584875828e-01
1.425723042099120430e-01
2.788977507227614200e-02
-1.005889090001678143e-01
2.508771898870834627e-01
2.069447792256354224e-01
1.743349115448280251e-01
-1.391767722194729717e-02
1.713284641984456902e-01
5.107321645917640984e-02
-6.921130730745857218e-02
-1.850944968162911430e-01
1.850733712805311404e-01
-1.238344445490718870e-02
-7.872599559719914986e-01
-1.333776591827722791e-01
2.124703567293143580e-01
-2.015179003968435856e-01
2.063380693816075084e-01
-2.781697371505306715e-01
-1.664681907639076475e-01
-7.976862010381835510e-02
-1.093573493364443372e-01
-4.856838346345410118e-02
-2.422304071408742099e-01
3.089382107443725684e-02
-3.698117190977948110e-01
2.232280888885597794e-02
-1.913194054241739162e-01
4.330482099529482376e-01
-4.436614478795687933e-01
5.468613114330050928e-01
2.721391640792821254e-01
-3.457754665402537272e-03
4.110762501200591057e-01
1.601625643207666982e-01
-2.216397940654971366e-01
-1.154404382323260259e-01
2.476666406474112569e-01
6.479961502231389170e-02
-1.061054542613451383e-02
-2.434761472860135986e-02
2.780142199966281757e-02
1.191558656994050891e-01
-1.688839303292879179e-01
-1.375270686859586255e-01
1.113378924354952934e-02
8.854802629740818332e-02
1.116922628434091763e-01
-3.656669962088455739e-01
-1.667148066089686465e-01
-3.561827182262301550e-01
-1.408026333505711103e-01
1.160788693302131913e-01
-2.309036587804718862e-02
-3.764658777912230359e-02
-1.227590710865216900e-01
-1.848158144026132155e-01
-3.193583216451871265e-01
-3.231034389676612495e-01
1.213583580520503497e-01
3.700732713501141830e-02
-4.214581848316405199e-02
-2.769076097101068057e-01
-1.308002041753655309e-01
8.801493783501714019e-02
6.857762810780079765e-02
-1.243821124579648496e-01
-8.996795266651801473e-03
-1.822006378214615085e-01
5.097250570410317705e-01
1.114888939325437978e-01
-5.211084826938342518e-01
-6.274187423793906038e-02
6.396693191523901423e-02
-2.248490639713700001e-01
3.157776834240318964e-01
-2.410860305881319943e-01
-7.469318825419647701e-02
5.959207105134379373e-02
-9.741008385323043440e-05
-5.026251037448249692e-02
-1.244050461468486773e-01
-1.384684578778956343e-01
1.894718493900942879e-01
-1.013589161308703773e-01
-1.769551596191181464e-01
2.092668818078147197e-01
-2.396369396320758086e-02
1.170822356339892428e-01
2.418940867120611404e-01
3.671851624513724349e-02
-5.607092746857365861e-02
-3.732204519307189688e-02
-3.369300230260019458e-01
1.061595335949627600e-01
-9.070787575256333835e-02
-1.938652968786850339e-01
1.239473424284754238e-01
1.999540941510243031e-01
5.326415521926901320e-02
-2.742245819242748461e-01
-1.746352142275703623e-01
8.013694190953112029e-02
-1.855691926480841913e-01
4.469699102525290929e-02
-1.391038499419501862e-01
-2.484504352685808493e-01
-2.869726202280631702e-02
-3.632861689945026673e-01
2.664288730584524756e-01
9.656907246798943079e-02
-3.315770515095514126e-01
-1.563100910416219402e-01
3.258634412457887541e-01
-3.606467197768587485e-01
-9.899656805698828221e-02
1.086323747291869368e-01
-5.850581617140000468e-01
-1.389852786264496876e-01
2.103795976507274457e-01
-3.040477699471276773e-01
2.279144917141298632e-01
4.948338376193174848e-01
-6.304186492792569806e-04
-6.571036974171247727e-03
-1.186597112824154948e-01
1.025192386566858849e-01
-2.065950266629403842e-01
1.978668628057316525e-01
3.928811817882687518e-01
5.458321331689386380e-02
-4.376849491488153387e-01
2.620044988558546950e-01
3.568288900104641947e-01
4.012261530449498514e-01
-8.572805779916024826e-02
-2.027355144080198457e-01
-2.136967230608073920e-01
6.718510755619225838e-01
3.745573842307164392e-01
2.684895935915110679e-02
-1.397323950607856358e-01
6.754429140219496419e-02
1.586550778968492947e-01
-2.389756602871850877e-02
2.676801786223979504e-02
-3.188058618151036749e-01
1.213394276784052622e-01
2.736941398545972293e-02
-2.390558569446538800e-02
-7.270979308828760812e-02
-3.830049020139548177e-01
-8.618650603321988124e-02
8.695895489998253791e-02
1.210048775075626831e-01
2.376350213869820871e-01
-2.025629902366481438e-01
1.568017792539678490e-01
9.973505207096132474e-02
4.666043443905915078e-01
-4.799692047755042129e-02
-3.208828232725218776e-01
6.547043477745817519e-02
7.272504910676762246e-02
-2.257003801699772327e-01
-5.042388047114480798e-03
4.744418466282642084e-03
7.105417287449990182e-02
9.524953017372464470e-02
1.402316324710051465e-01
-1.465865222803166834e-01
-1.739392764062599461e-01
1.074007766667691988e-01
-1.808658574111459694e-01
-1.007738458830019224e-01
-6.802532608040802453e-02
-2.504369006371294226e-01
-1.235424932739684484e-01
-1.497138108522125255e-01
3.928192881095813327e-01
-4.913345188170152589e-02
7.333780076564776207e-02
1.843568743364364659e-01
-1.386528743058059732e-01
4.260143101375146180e-01
-3.038207639594134313e-01
1.667329192673840110e-01
-4.263545919720198030e-01
3.106991203797047907e-02
7.900512515278614034e-02
7.689864758797840261e-02
3.893807793290188224e-01
1.684079688622047988e-01
-1.209014068106926271e-02
1.709615701265224663e-01
-4.801745104519718199e-02
-3.272125126109283744e-01
-2.025539076764904141e-03
4.019507634609912339e-01
-2.390617121345954207e-02
-8.878030115525654964e-02
-4.104072825306386285e-01
7.312114349979377537e-02
2.586747729228588977e-01
-1.394360746701283349e-01
-5.857135194077112139e-01
-2.590828758368741158e-01
-3.288456510932562249e-02
2.951481294725950000e-01
1.483056721600975736e-01
2.127631525463783979e-01
-3.155928095027642488e-01
-1.724480636725306826e-01
1.737980485234053851e-01
-1.557824248266868536e-02
3.982990616681744145e-01
-1.912988517184033288e-01
1.082751577848330565e-01
-9.301266251734353506e-04
6.231263867580607574e-01
-1.510382974410917623e-01
1.053196867254794639e-01
-4.502093612148340696e-01
-1.574862855757735713e-01
2.971135625233453093e-01
-1.723025967009536863e-01
-2.473611668787086548e-01
3.154655045581569728e-01
-1.071384068041294213e-01
-1.071367732344920831e-01
5.583842409763879466e-01
5.040922430876675353e-01
4.167768495464218570e-01
5.736747330283867852e-01
4.129063281876144825e-02
6.160037700977101516e-02
-2.020569080954677244e-01
4.487994002386688774e-01
-9.351270576886000496e-02
1.072539623454119850e-01
-1.884831066283199075e-01
2.609811135944428151e-01
2.820359472519097799e-01
5.625308708781674716e-02
-2.028419999693351905e-01
1.793581285686508542e-01
4.161752817872964028e-01
1.099581055148684400e-01
3.636072452022702794e-01
-4.785691403018720314e-01
-3.301003304472561323e-02
6.042827076233526357e-02
8.160703062148315368e-02
-1.784535645344028643e-01
1.088055503949170166e-01
-2.919121599453067262e-01
-3.335052783977988100e-01
-6.034844504508231067e-01
-2.414006062661389340e-01
6.186025712380217173e-02
-1.748439708312462260e-01
-1.660264119602190558e-01
-9.301609318155147632e-02
-8.518367287268388544e-02
1.768271258579025241e-03
2.081030012278317909e-01
-3.043444542395093433e-01
3.382847587681869772e-01
-5.653459187810978559e-01
3.000322051626304609e-01
3.339741421463477411e-01
5.486284485456368598e-01
1.283131972909644092e-01
1.566979400744453743e-01
7.088119888837231264e-02
-1.212734067179257053e-01
3.051946709581237344e-02
2.620151713200897237e-01
3.321670720941246602e-01
-1.078222144982545205e-01
-4.948804490348829299e-01
-6.994117763322529879e-02
-1.137675480842078729e-01
1.475294465852698411e-01
2.645481631059228844e-01
1.138067380834492243e-01
9.272741722423685773e-02
4.007460069858798102e-01
2.255460512443084875e-01
1.023408699189980002e-02
-1.407571689743604970e-01
5.511002658129647569e-02
-2.190650550556389464e-01
6.157760812807551443e-02
-1.667642204806001616e-01
-3.401242173846235478e-02
-5.782575341335658425e-01
-2.649970929383017038e-01
-9.508224588373301311e-02
-4.828143671580216734e-01
1.100983227835911765e-01
4.563930269236079473e-01
2.455414725772668005e-01
1.943339014704907886e-01
1.260482040526709688e-02
-3.206893278957095306e-01
-2.202059710540519855e-01
-8.176774959221606853e-02
4.223870416199930478e-02
9.304155583132583951e-02
4.923001245600099329e-01
7.219910186751050951e-02
9.712078815428812351e-02
-1.203214281418301251e-01
2.369261018994635870e-01
3.410675608365876937e-02
2.188367015355116921e-02
-8.280465283977078705e-03
2.765847604473153920e-01
1.447453794625740142e-01
-7.300925947022553208e-02
-4.230691270982680358e-02
1.440441349012461514e-01
-1.378192574989252350e-01
2.104319867166074831e-01
-2.665695408336668515e-01
-2.024016608557556718e-01
4.832136546613951533e-01
7.066390953868879887e-02
1.261514907875628706e-02
-1.023484085182072983e-01
-1.568441224375298482e-02
-1.998130536971450683e-02
-1.955092231555974336e-01
-3.087757501542635549e-02
-1.672454651720874375e-01
-6.326529797101598795e-02
3.657855216302731416e-02
2.597261715002728844e-01
-2.885980896193051093e-01
8.545323650035044349e-02
-5.030032718549151682e-02
4.896728802928831947e-01
-3.113065532673198188e-02
3.699658352309146414e-01
1.484795153712110960e-01
-2.919325790114027930e-01
1.046529818662767508e-01
4.873294033532812319e-01
1.837040592331672106e-01
5.069029504558213856e-02
-1.260812529566380513e-01
3.749074609371113448e-02
9.636666537923227124e-03
-3.544920754024733500e-01
-4.504670029679624932e-02
3.440730824608652094e-01
1.302237946051170228e-02
2.905552359295522358e-01
-3.944340653296747878e-01
-8.582253607670332907e-02
4.094427541410413651e-01
-3.749229046350200933e-01
1.961565455409676195e-01
7.332124557822722322e-02
1.084512472658982069e-01
-2.271471430127339763e-01
-2.624355468580084061e-01
2.759686797565998051e-02
-5.848245146728824340e-01
2.056979592662352696e-01
1.405889049520751555e-01
1.987621201015004890e-01
2.552212487066621294e-01
1.457925475719005215e-01
-3.849227851203649436e-02
-2.833911584108151915e-01
-2.099296846542019479e-01
-3.501491263700081125e-01
1.952234861693905310e-01
8.026793101056778346e-02
4.074455156312001974e-02
9.888443774075252046e-02
-4.435594398051880688e-02
-8.016380316364342742e-03
3.543846440461866781e-02
2.894479096420653486e-01
-5.549953571887655118e-02
7.839516106363066117e-02
-1.092573878432452211e-01
3.342730869229651458e-01
6.300440571529981881e-02
-2.610518044424930961e-02
-3.809860383680648832e-01
-2.200807758133572697e-02
-5.905661128466604265e-02
-1.569163879570002473e-01
-1.685454810013833349e-01
5.651302730291542231e-02
8.687006401921006093e-02
-1.824080609716554613e-01
-6.961893929852889240e-01
4.716725550286900853e-02
-4.373205242987637797e-01
3.098685076868952226e-01
4.147969343754520123e-03
1.320184190972344823e-02
-2.048259305756299775e-01
1.986860835531626124e-01
-1.884953156755209414e-01
-1.097167086295763039e-01
2.581246972013372942e-01
-2.499709830252628273e-01
-1.709893076870886153e-01
-5.758210143378345719e-02
-2.039316625555658846e-01
-5.095687437065704595e-01
-4.229001862372835374e-01
6.603247326853523003e-02
1.790396156076726752e-01
-3.988629518074355840e-01
-1.195369246980026723e-01
-1.451846077079203268e-01
-1.759947767400581453e-01
-2.513464073969988721e-01
-2.345598478429463118e-01
-6.736856129797834658e-01
1.369763500873291961e-01
-1.574986204235648279e-01
-1.322981384029711938e-01
1.044353932341542390e-01
9.523961788894845515e-02
1.907009274052984260e-02
-1.799264678149050389e-01
-8.822717061319387821e-02
3.421662703171891029e-01
1.256614263505401730e-01
6.052645615289423131e-02
-3.904615008048614722e-02
1.423268492634337801e-01
1.287814270367011737e-01
6.193252033517284705e-01
-1.029531108695216912e-01
2.915157409810250622e-01
-7.096119738886898232e-02
1.242199215994949368e-01
1.626972223135325635e-01
-6.575369553291210423e-02
-2.011290817097194719e-02
2.805300463751260187e-01
1.881772293470563295e-01
3.579286214832812507e-01
-7.695636562079541387e-02
-1.423612930046958824e-01
1.385425524243917572e-01
-2.093329342271587068e-01
-3.092972003527206248e-01
1.277100804311844806e-01
7.829834859421364035e-02
-7.332476081127016487e-02
-9.440730808609706926e-02
3.308249297734514038e-01
-4.091012370291920489e-05
1.535542996803369586e-01
6.991113439827860432e-02
1.461551170739782413e-01
1.357280783225830664e-02
1.211366262698350404e-01
1.750810579928388233e-01
-4.440223674009122212e-01
3.174752550251773164e-01
3.534735107406294929e-01
-1.091632960394793989e-01
-7.075225880306725001e-02
8.475023917587180822e-02
4.072464334822797905e-01
-1.226185114910461303e-02
1.309907894502552739e-01
-3.873220533045582670e-01
-1.852281139497707896e-02
3.470792657832098838e-02
5.237928071641744232e-01
-1.984547583366533252e-02
-9.130656260719356709e-03
2.560665247721168325e-01
-1.771788086878561541e-01
2.245295616418578263e-02
1.589602851097405845e-01
-3.860444441396121418e-02
4.198391413638842828e-01
-5.114925061370204640e-01
1.193556430215280129e-01
1.496954985649949499e-01
-3.194321216102322669e-01
-4.202508941998383540e-01
-1.612099088847820938e-01
-1.646863518632256107e-01
2.867309409560914735e-01
9.230941702512551750e-02
1.068872864589573840e-01
-4.067291162421756145e-01
-1.864934564819773211e-01
-1.811962832401949608e-01
-2.144370200297845419e-01
-4.510651794816876448e-02
8.358381457501207201e-02
-7.941597958111520569e-03
4.870301867873833013e-02
-2.151361936295668326e-02
2.309649760309245570e-01
-4.807276325650503696e-02
-1.725612964343065658e-01
1.110641459290364480e-01
-1.862137872613139344e-01
1.506927703132705521e-01
-1.560715921959247299e-01
-3.313051128238937992e-01
1.895633834295330777e-01
1.191155344490581469e-01
4.252814053956130436e-01
2.057655303913252243e-01
3.328346563848193496e-01
-3.635899882706500330e-01
1.047989921472325114e-01
2.598340480050080614e-02
-4.917900432139915012e-01
-8.845586395782205347e-02
-3.023823790034670389e-01
-4.094812635252986256e-03
-1.528487403918320220e-01
1.037739356842973769e-02
8.604733480020541891e-02
-1.021513482393233280e-01
-1.953207448127201040e-01
-1.173148743252561410e-01
3.038610324004846486e-02
4.045346843312217638e-02
-6.913286936629498003e-01
-3.274859049571463704e-02
-4.227193216318994029e-01
7.927116756115075435e-02
-1.849186988337280619e-04
-2.919339623871544109e-01
1.688927633880508705e-01
-1.489269064389743269e-01
-1.123514043272350327e-01
-1.402448724335683961e-01
4.159722280695102858e-01
-1.455991489325379196e-01
-8.486399297813591869e-02
2.578547150642239161e-01
3.827760780982833455e-01
2.472783316114521013e-01
3.658779416939032525e-01
2.109103484799987605e-01
-4.301293732231103312e-02
-2.224311100101000402e-02
2.611423450543042257e-01
-7.992063775172039697e-02
5.214462999839978284e-05
2.440751925240430831e-01
5.349456091933210006e-02
-2.811412990874487955e-02
1.919949335706078453e-01
-4.036983720488704908e-01
-9.469481003892431248e-02
-9.964920947270998475e-02
-2.136938840455554489e-01
-1.306293518205637293e-04
-3.490345107438447836e-01
2.332961199260960294e-01
1.118842278532621998e-01
3.961664712429808013e-03
-1.061716532028722099e-01
-1.612188958181292320e-01
-2.777552205770419946e-01
-2.218329433306101828e-01
-2.370741739720494401e-01
3.552974765210081126e-02
-6.212550448072281378e-02
2.951189147823831682e-01
-4.284204379680667946e-02
-1.304691175301537776e-01
2.526248914927065048e-01
2.799367471414505870e-02
7.499092642887322802e-02
2.444388382030353302e-01
-1.174643655955856375e-01
8.677401139948426323e-02
2.948132165072707145e-01
-4.804133591706623990e-02
-2.656524698002647733e-02
-1.665729676277560162e-02
-1.394413295932562802e-01
6.056412973952791934e-02
-2.336711274848374820e-01
-1.609694236825097990e-01
1.287346950442886107e-01
3.726767896124675294e-01
6.504040160525861314e-01
-2.332418837240887444e-01
1.389798515849502980e-01
2.164082629079903120e-01
-1.179848522621004675e-01
-1.162306382707886249e-01
1.070854951692435109e-01
1.566997745188101754e-01
2.104657440334876950e-01
3.963527423506294639e-02
4.753972283318204373e-02
2.518657430983154977e-01
1.425297270073133671e-01
-3.246710305814012876e-02
1.487864748226922218e-01
2.002324574606554053e-01
7.350362841801336145e-02
5.060966729009446219e-01
-6.282291549735113945e-01
-2.395654207471792363e-01
2.106359974387572720e-01
3.582077234241735630e-01
-5.086540136089476860e-01
7.839062299826707325e-02
2.672708285484605151e-01
-4.171201700290943504e-01
-1.428967980978094188e-01
-3.484400703665567200e-01
-6.589464570516763431e-02
-1.256189720944476396e-01
9.077151918974499245e-02
1.624012649954133681e-03
1.683628388207744631e-01
-5.624550703390367445e-01
-3.873467148942442151e-01
3.699883317340996181e-01
-1.615086138649514946e-01
-2.485032963945165152e-01
4.902717252129478766e-03
-4.768238536735204258e-01
5.190406814293013760e-01
5.024759072385855951e-01
1.890604094563886617e-01
4.040820077972598345e-01
3.780583464676744443e-01
-1.015573518108811857e-01
5.046301211743706716e-01
-3.097031564633767609e-01
-2.664850703605317617e-02
-2.338481087923766910e-01
-1.387877913673090380e-01
-5.906749628368044430e-03
-2.214390828450355786e-01
2.862266091162227188e-01
9.105358194180629416e-02
-2.565453265668804494e-01
-2.987401089657996112e-01
-3.329201093474029594e-01
1.397956812893337564e-01
-3.958617494714898877e-01
-4.157112314489787297e-02
9.406089014761401593e-03
-3.297677721387236305e-02
4.579042618623872518e-01
2.026613374881287011e-01
-5.154482647408292761e-02
-1.945890878011164171e-01
-1.205667419951770292e-01
-2.937022400130839261e-01
-3.352191998639223597e-02
-9.251459404171345768e-02
-8.245465056818009064e-02
6.714059833587726622e-02
8.452097354494585157e-02
4.161989634778290870e-01
-2.971627755372539537e-01
1.683832559716616495e-02
-2.923790825628582168e-01
-1.980290632294409436e-01
1.301975277704882916e-01
1.793279908049877358e-02
3.947822076175441786e-01
-5.953652260039312694e-01
3.494701131949919382e-01
1.265172914563084949e-01
-1.314147685357673345e-01
-3.412150105514766829e-01
-2.978046000444664609e-01
3.121915355434874417e-01
-1.479580190243457161e-01
-6.351841426645567223e-02
-4.530601715013461428e-01
4.630694817838632016e-02
-1.554255400942570198e-01
1.153244270077161682e-01
-4.057290288649385152e-02
4.038227370545634243e-02
-1.005949241802595040e-01
5.219968434546313762e-01
3.262898886749517335e-01
-2.977788522095851098e-01
1.964968124538139516e-01
-2.358237060985872088e-02
-4.771462117756762600e-02
-3.715415547154372611e-01
-9.952049368287632647e-02
3.128018297340431353e-01
-1.862234506352306584e-01
-1.486331328444012168e-01
1.891365967281646160e-02
2.769281457266480062e-02
5.205280869551654616e-02
6.038960825067754556e-02
1.421468372061097662e-01
1.826904772979047464e-01
-9.091273052120965592e-02
1.880729179087179542e-02
-1.020189824652112248e-01
1.372577066389860656e-01
-2.595132697925967569e-01
-5.946689467852957905e-02
-9.975613456443728488e-02
-1.660667447897299365e-01
-2.426644000995580031e-01
-2.747794052398040976e-01
2.262623439611292225e-02
-4.801882679753489147e-01
-2.873669528786080840e-01
-1.195090514360302031e-01
6.028129103024786745e-02
-2.021679322158208281e-01
-3.230470205649036419e-01
5.659821792022633885e-02
-3.143303728154761001e-01
1.585337654155260512e-01
-1.657916738266114465e-01
1.676139724771437411e-01
3.603023333043431364e-01
-1.806231650816070289e-01
-9.675981482652636079e-02
-2.943367003365380818e-01
-1.736566931531678681e-01
7.429146956972224047e-02
-1.652994920617648633e-01
-4.962068656350805407e-01
-1.755857501752055294e-01
-3.768620861997422633e-01
-1.855932588366476232e-01
1.695167668944127515e-01
1.443806725009076641e-01
1.730103052625447668e-01
-1.661805054069399323e-01
3.295251753630701157e-03
-5.003086646146681638e-01
-7.921398207030878880e-02
1.504795372650636620e-01
1.825381110015162067e-01
-1.720799673502658445e-02
-2.547182987412320854e-01
-2.273472683431023988e-01
9.326993237225109090e-02
-1.157079704050312380e-01
-3.109149790430084104e-01
2.255530864593192630e-01
3.905877751774193829e-01
-1.727364224912500967e-01
-3.547469557879358304e-02
-6.072863848487511929e-01
4.005898282308344438e-01
1.103143038228694556e-01
-4.734923983637874256e-01
-1.563455616905835843e-01
-2.338596970973789713e-01
-2.309943409303520934e-01
-3.069278899340127098e-01
3.976064793949320997e-01
-3.691024232168088060e-01
3.426710198774183813e-01
-3.458272138755029146e-01
-1.273947187032099249e-01
-2.013290080775730767e-03
2.800479569301387861e-01
1.579903948772953259e-01
-1.008799000559667536e-01
4.758133867397683348e-02
-1.643526828746638691e-01
2.314396301192617189e-01
-2.091532545990969771e-01
-1.180447853704790634e-01
-4.836825213842131932e-01
3.097888000586443424e-01
-5.924634432977108484e-02
9.826040816133090050e-02
-1.883579523196946548e-01
2.755534300797274350e-01
5.819977425519409081e-02
-1.161974532187236703e-01
2.289510534688189991e-01
-2.182870703313363470e-01
2.219569641597599063e-01
1.920380212815469764e-02
5.080313729485516627e-02
1.232296004153065824e-02
-1.767794209498533831e-01
3.073365248730130714e-02
8.765552003441039186e-02
1.533820138458558135e-02
1.031574174762761587e-01
5.009942895606405572e-02
-1.014742122442682977e-02
1.453441752806942655e-01
2.310711129805509689e-01
1.499916892328723717e-01
1.606614669726183775e-01
1.385979837396393783e-04
-9.236396813197821076e-02
7.090690407925989702e-02
1.091923674749348122e-01
3.835620752587196730e-02
-1.061387061874597033e-02
-1.385873605396914232e-01
2.401456405515731418e-01
-1.012248199033155771e+00
2.675955070223393628e-01
2.106398586148936491e-01
-8.296774121068073438e-02
-1.780645964945511694e-01
-5.604436946609679948e-01
-5.232572127389536337e-02
1.093864601989809164e-02
-4.016819200329774797e-01
-4.405343806919511662e-01
8.959589910566512216e-02
-5.347018857223173605e-01
-1.478921538105021083e-01
2.300543547868214300e-01
-3.796352715470739936e-01
-2.941182358215075898e-01
-3.366679815814658250e-01
9.864237580205338640e-02
-4.548206506228803514e-01
