1.615420904447962824e+00
5.066472272580845315e-01
-1.491336364492560629e-01
3.445698302833810622e-01
8.685131472726537183e-01
2.615451051589375853e-01
4.363452519719579481e-01
4.484800718582065970e-01
1.240153347312264800e-02
1.318594560525556958e-01
6.230310242594665482e-01
-2.041394253087134569e-01
3.260423813237563802e-03
1.979398822173001893e-01
2.959801793857187668e+00
-6.140774684136557360e-01
-4.644225915029764895e-01
-2.133039925979299534e-01
-5.492164488758564111e-01
2.201328723995958359e-01
-5.833668833388271774e-03
-7.510775975720179742e-01
-6.243822888657241110e-01
-2.281374578078074547e-02
4.743137433099817862e-02
3.259163475586464576e-01
-4.188472931889971607e-01
3.572938450728765231e-02
3.432080376316636039e-02
-1.940327188394803948e-02
3.263401863750879373e-01
-5.635691652745388192e-01
-1.233151508118412037e-01
-5.772057420745736050e-02
-1.257143567298824038e-01
2.974644211037031916e-01
9.371707963902728422e-02
-3.720732440732853197e-02
-1.471374837320561790e-01
-3.054379035438539169e-01
-3.682425274059182851e-01
-1.039831272019361291e-01
2.885387425890272306e-01
-6.822185839386406270e-02
-2.665010124937003955e-01
-1.564955522580916414e-01
-7.029407103631356291e-02
-1.313013353776848191e-01
-1.623320563299715177e-02
8.657032129909666973e-02
-2.080247887090616588e-01
-2.051086262376035918e-01
9.406483873234711135e-02
-1.273150445706057732e-01
-1.442347420927965862e+00
4.691608363214949118e-01
-3.569822101132983927e-01
5.895368577860963730e-03
-1.964942514649719585e-01
-4.240365295843205318e-01
9.253035299330943098e-02
-7.026776375683142506e-01
8.288457732095374508e-01
-1.597737056283599910e-01
-1.525176567300125796e-01
-6.033351898670512303e-02
-3.854948696175198863e-01
2.505052933355648714e-01
-3.108746437856947931e-01
4.779433961813003284e-01
6.839353601563945284e-02
-4.143689321937730208e-01
3.928414455483866807e-01
3.514636151305170625e-02
1.629618860495771482e-01
-2.108319366782836213e-02
-8.193932399345202344e-02
4.135854769033138201e-01
-5.832469941328635166e-01
-1.749720507084733812e-01
3.680309566714610181e-01
-3.234140452160932377e-01
1.215407550382450325e-01
-3.131605146411950980e-01
3.785909257753960477e-01
4.508829901175352983e-01
1.839654821434691945e-01
3.103177964038255632e-01
4.692654525282092259e-01
-8.990140855655388841e-02
-3.255653916188955832e-01
-1.604172003036453686e-01
-6.209016442201682751e-02
-1.931720533703188414e-01
2.671498287055362186e-01
2.255876186689634300e-01
9.868445174027586086e-02
-1.613595582210795021e-01
5.268452837910770903e-01
-1.015624852940539558e-01
7.248498030014341453e-02
2.267092560394565193e-01
1.000084995803246363e-01
5.805028986133622948e-02
-4.260142808227178612e-01
1.167428374657316498e-01
-1.167638521448048222e-01
-4.852636379401293470e-02
-2.279592954278740480e-01
-4.595861610439781753e-02
9.988084478088739282e-02
2.782541001386898971e-01
1.318419159053933754e-02
-2.446433272488135191e-01
-9.381798673060849636e-02
7.753289869473768692e-02
1.961988920009743176e-01
-9.731648915267707145e-02
2.483633123887661054e-01
3.877306522940272837e-02
9.890898630753332255e-02
3.286817442891911550e-02
-2.103388532381551268e-01
-1.611822393648156826e-01
1.050750545685327914e-01
4.356988051986974975e-02
3.488489493131113339e-01
2.971243170888930307e-01
-1.968628823079577317e-01
2.682772807330823794e-01
2.461890422299543579e-01
-9.932704582890407308e-02
-3.967239225578068906e-02
-1.105973967938906899e-01
1.122360578319707702e-01
-1.814499912096109724e-01
-4.075252719685121955e-02
8.413540829839639967e-02
-9.336649436633470689e-02
-3.043830339816363043e-02
8.566686760302452686e-02
-1.944406768364341787e-01
-1.676060382988780462e-01
1.429080126142388829e-01
2.755617808906234423e-01
1.928150762832609999e-01
-3.915576179134617196e-01
3.679539101978129834e-02
-1.773787464201270203e-01
4.272247658830735095e-01
-7.663797806699666759e-02
-4.035986534583589358e-01
-2.883994987204377414e-01
-6.807166668380044972e-02
-2.389640599819891631e-01
1.325832674712648478e-02
-2.701709774598523017e-01
-1.624572228678672348e-02
-3.581136255427794790e-01
-1.199308484053746016e-01
1.257320560414398880e-01
1.126010822578166898e-01
5.340761122807543074e-03
-3.256189236362301287e-01
3.045895358887245052e-01
1.775223128146441176e-01
-1.143563933671787151e-02
2.124847259455629189e-01
-1.142748837461863148e-01
3.810743225103305765e-01
-7.622074237243302297e-02
-1.751739125884320958e-01
-1.412981134272008055e-01
-2.250276810121921711e-01
-3.090714636891564449e-01
3.311872761716304174e-03
-3.954941445737451544e-01
-1.169555486335190422e-02
2.422061703989301928e-01
9.576875718263190562e-02
5.078493841936162351e-02
-2.219842838505597660e-01
2.796738807577620056e-01
2.282961018155493238e-01
2.433848369241263243e-01
3.607136004697105575e-02
9.674812211076179447e-02
-5.467067061532768918e-02
5.382850425205575329e-01
4.068336882037438401e-02
-1.832314616175801658e-01
-1.624935780737265523e-01
5.218654968555884455e-02
-3.166316587159154206e-01
-6.273815893201482863e-02
-1.697760995766926795e-01
2.030337372062170076e-01
3.805359782789869971e-01
6.134277131179729364e-02
-1.049732586815899510e-01
-1.573004808425440826e-01
-4.973355866518682222e-01
5.740784764191734710e-03
5.170310923281233595e-02
1.253685669163130123e-01
2.495841444511248675e-01
-4.903457113857790511e-02
5.603328407249129617e-01
-2.505627899772342460e-01
-8.260809942821674412e-02
-3.021505561861425604e-01
-3.663110543084016624e-02
2.475451442066424479e-01
-1.766984101535724883e-02
-3.927190935311785092e-01
-1.352782932659666038e-01
1.042150067860047463e-01
8.633013526011548699e-02
-3.541810840135555249e-01
4.856697947224541262e-02
3.639784606106091780e-01
1.091531114319028856e-01
4.348865490058110850e-01
2.372392303156463933e-01
2.490489380788633161e-02
9.810619980564647125e-02
-1.992849308149763354e-01
3.157264163010552183e-02
-2.324047777488106314e-01
9.424536365585661768e-02
3.323599062297820372e-02
8.571689403351057113e-02
3.923410296729298863e-01
3.497135130359100286e-01
-3.330026734070059419e-02
-1.366002449805622278e-02
2.343019075981575550e-01
3.326677885916062838e-01
3.954271259478299438e-02
2.206089477402080612e-01
-8.211409998230553842e-02
-1.077887137534887588e-02
2.815311526088414840e-01
1.382039757205810182e-01
-3.347646629868451518e-01
-2.630270253536113878e-01
2.439953690500151484e-01
2.065545997441412540e-01
1.024886918277258391e-01
-1.151806324814453608e-01
2.294412559214470682e-01
-5.650040902681593286e-02
2.042524596672742054e-01
-1.450193230212026840e-01
5.272198899901289065e-02
4.473826282388498193e-02
5.576239201338904772e-02
2.277536064882749456e-01
-3.443703062056915343e-01
9.709579079761493370e-02
-1.018961998193131796e-01
-2.058167421842329314e-01
3.248537298656470340e-02
1.327170474392386224e-01
3.032265790081841161e-01
1.480753144022787793e-01
-1.044211341384915052e-02
2.009038170235855070e-01
3.178504942994333192e-03
4.677946821623699680e-01
-3.552123250167046886e-01
-1.909007748566861817e-03
4.764723601161488520e-01
9.820122368450086292e-02
2.279922112959428537e-01
-3.078361502935205163e-01
1.426590623807197922e-01
7.632080312523395471e-02
-7.829918224485891629e-03
-2.966518155306352988e-01
1.081771722667767277e-01
-2.415266418342971178e-01
-2.578492038880604298e-01
-1.438992598383581900e-01
1.902838890086737400e-02
4.232871567722072959e-01
-4.779297088323894438e-01
1.005311986393071094e-01
3.877759308820351025e-01
-4.430498039552298040e-01
-1.428041630769685544e-01
-3.494310998294530290e-01
2.912516339583607131e-02
2.544384249762917660e-01
2.035475866256671595e-01
3.101496339050645312e-02
1.691799734919218756e-01
-3.864302683773651603e-01
3.880569568620710896e-01
3.463094050341252172e-01
5.387853997233064962e-02
-8.249651991129311468e-02
2.213783194667814092e-01
9.222893365405626653e-02
-2.305270786169110603e-02
-6.490469415618427274e-02
3.216219153836050171e-01
2.349358035194253069e-01
-3.610311375691262897e-02
-1.001338941961955886e-01
2.249661637755254739e-01
-3.944490038722014286e-02
-2.100120868294943210e-01
-1.189847208042378035e-01
-2.289721610078075120e-01
4.598651715199753576e-01
-4.986424031713552751e-01
2.005082978825279139e-01
1.780310728463181669e-01
-8.155736440440340684e-02
1.771232785931645126e-01
-4.812726178754660883e-02
-4.002224831630510349e-01
-1.435823145486648245e-01
3.248940811939475815e-01
3.854568663640171172e-02
-2.924871090019219855e-01
1.648159725419581778e-02
1.396248145271463958e-01
2.102605058459572629e-01
-2.293549442471533029e-01
2.110340517820573913e-01
-1.108414015980015016e-01
-7.107451095522607058e-03
-2.382702152765575898e-01
-6.794073814630774422e-02
-4.875663692274028183e-01
1.044042089609726470e-01
2.488206684910609923e-01
-1.408066778459968194e-01
3.275137871319704352e-01
-7.589981637104571410e-01
1.221556450151472850e+00
-3.538394713542167280e-01
1.465841622534634070e-01
8.162672056742657778e-02
3.496959546824200404e-01
-3.923927983686883447e-01
-1.318813017843493626e-02
9.799691814098560050e-01
-2.333253794081186494e-01
-3.362066323264422674e-01
-2.514578001477095759e-01
-2.316513847640116752e-01
3.297002457916986540e-01
1.388462920610442353e-01
-2.508927628220187361e-02
2.050306742350430644e-01
-1.037234531924220882e+00
-2.967112186523368153e-02
-3.370807510556991793e-01
3.626241098976092925e-01
1.193079488225338158e-01
-1.296777275387381023e-01
-5.927068055745580155e-01
2.419427114412470506e-02
9.316673439064120099e-02
-1.465014872732137152e-01
1.658135340530392521e-01
-2.563170452005029271e-02
7.000420269446514833e-03
6.440561322754877471e-01
1.457533158002503326e-01
2.027255708677395130e-01
2.062239763315933949e-01
1.159311134735941480e-03
-7.625782266191438730e-02
8.404298812768098981e-02
-1.265417224154873239e-02
1.270915363225685879e-02
2.390134013626276643e-01
2.305639325455869637e-01
6.572731136728068857e-02
2.689030693968798014e-01
7.031046415477178180e-02
3.256399649354673742e-01
-1.737575036869425660e-01
-7.976672465877074347e-02
1.845086807746571522e-01
1.220766515454920070e-01
3.127042403613448929e-02
-6.498709468123878286e-02
-1.742658256812938400e-01
3.766647180148469110e-01
-1.016236917260624623e-02
-1.259523482622963986e-01
-2.173134193905522094e-01
-6.041907256954167499e-02
-1.689428200143484604e-01
-1.515992189130294931e-01
2.141203862408773695e-01
3.475499404672772186e-01
-3.035605911941416934e-01
1.246802307108654390e-01
-8.655246063996646644e-02
-5.290817088563579823e-02
8.899168505184831823e-02
-9.893094135834649971e-02
-6.643079030895285286e-02
8.826971888619394857e-02
-4.515185886180373420e-01
-1.970424792419046278e-01
-1.272718194755926291e-01
1.278178465723249502e-01
-3.750164441936734705e-02
5.828077305157659121e-02
-1.108359407751048215e-01
-3.098914254919206065e-02
1.567111316471192228e-01
1.614558933864960744e-01
1.104969441502260813e-01
1.682855949034963716e-01
2.230096692049597998e-02
-7.794798155873282341e-02
1.852972364620149026e-01
4.103040996975785420e-03
1.318616609529875139e-01
-2.093636090091820778e-01
-3.039991943743336131e-02
-3.520921944041791041e-01
-2.129443044645782171e-02
1.867402366994547480e-01
-1.769474993251029526e-01
1.978516765978806380e-01
-4.249464748425667571e-01
2.243752844480684794e-01
1.832683154776659426e-02
-1.655050277840604545e-01
-6.498814451614246535e-01
1.294813075763448680e-02
-1.919816979336230744e-01
-3.915264617245524555e-03
4.451984508919852590e-02
-2.887186094565683536e-01
4.118390390918105770e-01
-1.192539411611493461e-01
-1.106656484146145564e-01
3.779648032863160839e-02
2.184902904502651275e-02
4.817660316805594256e-02
2.115590429684562901e-01
-2.194079842108113687e-01
2.841207751304590870e-02
-3.046777472910026652e-01
-3.043153608546961611e-02
-4.647415959450483525e-02
-7.295233601123601863e-02
-1.988011154900751476e-01
3.277255977050241298e-01
-4.963204515743539491e-01
-9.078926166106235374e-02
1.702970382179121445e-01
-2.887797464078331600e-02
1.619281670766353765e-01
-4.158400019154970817e-01
-1.314222232901360587e-01
6.447400876966163930e-02
-4.331441018373268642e-02
-9.200330244559820625e-02
-2.095416728109170679e-01
2.470539375365682078e-01
3.790623931386223333e-01
1.551385736893231837e-01
-1.856256121737525078e-01
2.022716978230687523e-01
2.133504284005562635e-01
-5.612251703762433791e-02
1.833341638737739365e-01
2.866486204600148247e-01
3.961016385364751202e-01
-6.660580787647643608e-02
-2.140730524329713114e-01
2.615953890312321950e-01
-3.759876416035958235e-01
-1.223106029905567382e-01
-3.554158612521112759e-01
2.144792017196793799e-01
3.408004567047875910e-02
-4.887286268831946695e-02
1.239703160326340453e-01
-1.282126065223939543e-02
-3.172158253045753717e-02
1.342130277695690876e-01
3.651348972731888187e-01
-1.045663295314228081e-01
-2.377815008941963903e-01
-1.478941192817350980e-01
1.884263924307397892e-02
1.426786564086638953e-01
-1.854325476840645026e-01
-1.192655780116745196e-01
4.616575707303784970e-01
-5.000294557106484961e-01
4.551542660718767286e-02
5.486962017795136148e-01
2.594617072100045829e-02
3.571800322241965031e-02
-1.651082387950754959e-01
3.552805309863002470e-02
-3.163135748904776778e-01
5.697929060216150310e-01
6.455613687340197582e-02
6.092951183586692993e-02
1.566579588141207013e-01
-2.015504221117858652e-01
1.671546582056452068e-01
3.214578837552805601e-01
-2.185828203744737686e-01
2.684242536338244944e-01
-4.646636816012178484e-02
-4.087647355105893943e-01
8.827745665098702954e-01
-4.915121455064883765e-02
1.344761439990756757e-01
1.745763838917420152e-01
-1.246887723184729457e-01
-2.596030558017450307e-01
1.204470798774861962e+00
3.691104853489929893e-01
2.633190246096787646e-01
9.482574954623010921e-01
-4.188788536217525477e-02
7.563371851726711226e-01
-1.128901153888185044e-01
2.869445517201269502e-01
-4.813181788228512725e-01
2.153899956904587465e-01
-1.128163176974077003e-01
3.201599772291024437e-01
3.487622328993868481e-01
-6.753544945148780287e-02
2.708564588350750868e-01
2.692450332307610647e-02
-3.303307008948195844e-01
4.173492044099383867e-03
1.195215511848018858e-01
1.689318881639004788e-01
7.761857517909399005e-03
5.491472811507918522e-02
-1.649805879823775800e-01
-4.561973247493115308e-02
-2.902406016251250498e-01
3.003756159824597649e-01
-3.834348378275115321e-01
2.647700097793258545e-01
2.837857069584547864e-01
-1.563461143468222042e-02
7.768058384429045449e-02
3.055301385640322165e-01
-1.817166325366116608e-01
2.940753747262143669e-01
-3.732729702993673460e-01
1.275707425028898001e-01
-2.354672273468155497e-01
4.143262254603892469e-02
7.675314310455841338e-02
2.270681248712361766e-01
-5.688705591150472474e-01
-2.463251353673330535e-02
-3.542677634250899349e-02
-2.104046114070189377e-01
-1.112916386351570919e-01
4.667288678058787582e-02
1.287359590850269933e-04
-3.632752671534379973e-01
8.862894239935982174e-03
2.939346345880474581e-02
-2.475410470337098545e-02
-9.860328625239411782e-02
-3.693748552065356239e-01
1.749049561212543957e-01
3.015198972048477311e-01
-3.478147765667575220e-01
1.805351673955031266e-01
-8.551658275848668389e-02
-1.780859413971760952e-01
-2.248784724311683469e-01
8.858215176657576601e-03
-4.177378096726645784e-02
2.774519474846013148e-02
5.905260269049094485e-02
-2.043291284037876965e-01
2.536180329290786684e-02
1.693844557955013208e-01
-7.138135389938522757e-02
-1.911962376524382334e-01
-1.806647875947105936e-02
-1.132716946146484771e-01
-3.722159970839551690e-02
-3.866989022073882148e-02
-1.512567479856056496e-01
-5.303037666116527937e-02
2.624222137931085941e-01
9.626878859845880432e-02
2.392764065985543143e-01
9.238459435868932867e-02
1.036834304538494234e-01
-5.000031332259706751e-01
3.087165045667735197e-01
1.479779755536293206e-01
2.410867296786596004e-01
3.626970488168314299e-02
4.799704057423437864e-01
-1.374657421965529147e-01
1.304389217049534699e-01
3.336015359005917863e-02
-9.250875952156198401e-02
-3.219986949836441820e-02
-1.805062624883110867e-01
-4.013855240535809110e-01
1.423995179718873239e-01
-1.192378160433909817e-01
4.399458283878067144e-01
2.009197191959448681e-01
-4.224103306724975165e-02
5.158874445526822061e-01
-4.583570786869342606e-01
-1.210973416875826408e-01
-1.436352460310554580e-01
-1.789836615758038096e-01
-2.007406244663753614e-01
-2.667272738057095971e-01
-6.734536905048760236e-02
-2.594609562832366212e-01
2.045109324377731089e-02
1.563068023431951892e-01
5.528633064492469718e-01
-1.704397354508489434e-02
-1.464646819661466204e-01
-1.746211755443448921e-01
1.562753429315286158e-01
-2.106782452142349493e-01
-1.817934869734425668e-02
-6.597702976454405954e-02
-1.583405850731982312e-01
-8.003811837972918397e-02
3.567543939035833223e-02
2.939357624726040563e-01
-2.277382373783426027e-04
2.423412258092139671e-01
-1.735064494371089117e-01
-2.840009452536683132e-01
4.385039566482137330e-01
4.337946034341203516e-01
-2.589881539086176798e-01
7.559257783818432164e-02
9.836530311554167461e-02
2.160468282770386106e-01
4.918401300704270951e-01
-2.071323947757288397e-01
-6.461880695001207542e-01
6.981515332853551747e-01
-1.198905275681640542e-01
-1.472726914042555013e-01
-2.799198903529928964e-02
-1.473142605786255388e-01
-4.122711299892258263e-01
8.036618133504945805e-01
7.341404185246848402e-02
3.798575439646408869e-01
9.268995180034349524e-01
-2.536879243295571684e-01
5.838749721746060439e-01
4.976646283427825224e-01
-2.559641733446228057e-02
-6.224708695584179052e-01
-2.783056223843573540e-01
-6.178958392047986248e-01
5.751250809737582514e-01
2.136641327314209027e-01
-1.318926130043780454e-01
1.006326490378998961e-01
2.970092310872756713e-01
1.837914977454039867e-01
3.922766004171201470e-01
1.952684521802777462e-01
3.091406074207767030e-01
1.732062240566008271e-01
5.223338533698345110e-01
-4.318088883983532411e-01
-1.656892958338731514e-01
-1.510832794373394294e-01
5.703965155113282365e-02
-1.956965329561773936e-01
2.054833628034523074e-01
-1.726108217356798480e-01
8.937851014896279478e-02
-4.869164324624226242e-02
-2.087703952010571407e-01
-9.409756898030598171e-02
6.920181501503643029e-02
4.927139286542497887e-01
-3.576056391404782153e-01
2.186551380689328861e-01
1.249990918274232476e-01
-1.721998601036457133e-01
3.415504515237620387e-02
-3.514902583175359974e-01
1.636562458477280185e-02
-6.478250696517604545e-01
8.205297014932066979e-02
8.426771070002923858e-02
2.622587141905382557e-01
1.680647385488555356e-01
-2.677205337613940972e-01
1.560777036108424165e-01
3.254786940654733757e-02
1.695303840406511831e-01
1.771873179597422410e-01
-9.065509814876747396e-02
-2.443965179657213438e-02
-1.858456262065071862e-01
-2.575127131683836446e-01
1.685210798107385499e-01
2.495483442139811159e-01
2.003955742785405170e-01
1.359201124564742014e-01
5.586730574546001638e-01
1.427514194815921733e-01
-1.369737819342893015e-01
-6.197193668685793133e-01
5.774799734689847752e-02
1.887464891529835043e-01
-4.661975040738668974e-01
-1.370909551729712628e-01
-1.040983917248522322e-01
8.549840224371341169e-02
3.006480971850518102e-01
1.158431628647765832e-01
5.411725642135765957e-02
-1.078751210348860706e-01
3.256420727034767260e-02
-2.893121255378902079e-01
7.745889901787729286e-03
-1.083474712720727540e-01
4.003216573222854319e-02
4.933749177221864041e-02
-2.689387450353153963e-01
1.438069176984385633e-01
1.800157395453421683e-01
1.192255640258454014e-01
1.405630282884755555e-01
-3.264376344566510130e-02
-2.562540548926597536e-02
3.119493005554154208e-01
2.380533974262745156e-01
4.460272900269056651e-01
9.472898579451315138e-02
-2.715184531193623116e-02
-2.549623422829069286e-01
-5.266340118756833721e-01
2.316748298164197917e-02
6.098451378461414163e-02
-5.198415000567687544e-02
-1.405379311288127431e-01
-1.475035998366766229e-02
1.135854853091642219e-01
-2.465087690400860343e-01
1.535286090151452010e-01
2.235502282310093593e-03
-2.426101170109336846e-01
-5.619350717701751541e-02
4.460840670442055567e-01
4.452187464327068134e-01
2.051096117178298761e-01
4.114641225270556646e-01
-5.299571839032769793e-02
-1.089084742668851302e-01
2.694334466378758841e-01
2.400503642370573620e-01
-1.821279712590406497e-01
1.548314129962138630e-01
8.898623818563226873e-02
-4.281450037679831316e-02
-1.556087757570729924e-01
-5.504035003815804100e-02
-1.250022831552305980e-01
-1.992344416501294069e-01
-2.663370462825077611e-01
-4.191052980730088362e-01
1.876594005174319069e-01
3.803840448326196166e-01
-6.973056249473648383e-02
2.818992582831721938e-01
-5.023298184091375823e-02
2.512583109283333949e-01
2.171686261188130185e-01
-8.297622381845005946e-02
-2.009987738749047514e-01
2.090207047009998709e-01
-4.414477093904360661e-02
2.719586303818012363e-01
-1.324701009201972590e-01
-2.135871753493230052e-01
1.208371054783481113e-01
7.555023392589643727e-02
5.785370474752609370e-03
1.181582760457393702e-02
-2.852239814184592270e-01
-3.367500516257125598e-02
-2.094302892887170697e-01
-2.187010424933787944e-01
9.351326103783148824e-02
-1.075416694716075650e-01
-4.296787938990072331e-02
1.732699211409908513e-01
-1.637081991939144665e-01
2.166196586157951853e-01
3.219981258327775930e-01
-2.497132888985559851e-01
-1.985688798490603535e-01
-1.183750646787662120e-01
-2.726647663388077208e-02
-2.634730653667113343e-01
-1.372750822362930334e-01
-2.639706798050927769e-02
1.422489330963238596e-01
2.632903506713179728e-02
-2.644038190335193939e-01
-3.157438197300684313e-01
2.057137902352365044e-01
4.698318648660139429e-02
-1.818533933594758401e-01
-5.493299718969551354e-02
-5.418739718260211224e-02
3.532665980741949152e-01
1.245466741849503983e-01
-1.623124384212718818e-01
-4.503771857722565497e-01
3.249441935144445903e-01
-1.578084850739190081e-01
-4.155709270610272177e-01
-1.600636436759524661e-01
-8.447273324884786716e-02
-1.899882901052219464e-01
1.871489127256883434e-01
-3.828539295674331794e-02
5.393991775805663247e-01
-7.841061892207228101e-02
-4.471207424596167490e-01
-2.786045466711801200e-01
-2.033198806082455179e-01
7.376492759728217607e-02
9.464836564409208342e-02
2.890789511096277242e-01
4.954297230401854407e-02
-2.062675729430522020e-01
-3.185516446467986373e-01
1.508810754583297387e-01
1.253735552661406349e-01
-5.530084185130894336e-03
5.186155719135057129e-01
1.198062155444257898e-01
-1.552733232043805311e-01
1.750491256463769796e-01
-2.695347015993056483e-01
1.226784692105235691e-01
-7.978125987195582025e-02
-5.366888416058773759e-01
-1.292662222130226968e-01
-1.386273526499299524e-01
-1.978163838457934753e-01
2.471641176723800848e-01
-7.133758297593492670e-02
5.036186172628676072e-01
1.114395827978479220e-01
-1.109532969452815543e-01
2.584729402848991442e-01
-9.878233191004757996e-02
4.278923194647871880e-02
-5.099570724897953822e-01
5.562120551863856122e-01
-9.991835017503328253e-02
1.655768264028812109e-01
9.146324953722297091e-02
6.792143911524076150e-02
3.233748065183281867e-02
4.731647525263529275e-01
-2.962165716820258088e-01
-2.967165042847112466e-01
4.533867653306936779e-02
2.698619849176998875e-02
5.937504008914404885e-01
2.376468713975780911e-01
5.931229939026594344e-01
-1.408517803356404974e-01
8.167473943640826683e-02
-6.525587643766175838e-02
-1.071048370212540207e-01
3.819909661837834203e-01
-2.200443538951576128e-01
1.777845616008437712e-01
2.180105451044804521e-01
9.529027174341165446e-03
-1.729092091999568925e-01
-5.482331014063332453e-02
-3.971048721321077113e-01
5.747836071241365641e-01
-7.179432874384175656e-02
2.454501625208889148e-01
-2.060983244599895181e-01
9.202196760478921489e-02
1.471697949095161426e-02
7.889283873608586573e-02
1.755490404507289437e-01
1.864007158093308192e-01
1.214921730160779811e-01
-1.546372933695996932e-01
-2.492021871889537818e-02
2.061229119277055710e-01
-9.131036804177031230e-02
-5.404941923123297576e-01
1.267283836622211390e-01
9.906051193806923727e-02
3.264115275622300194e-01
-1.538059613326760722e-01
-4.469577958024781306e-01
-4.356069817955585677e-01
-3.815880240205750118e-01
-2.557356718606741963e-01
-5.832638795315050473e-01
-1.378939509100964855e-01
9.723553066437382042e-02
-3.150546970823284165e-01
-3.657574998017574242e-01
1.416622081644558495e-01
7.097081849611808733e-03
4.068085322729076414e-01
1.262158315848774595e-02
-1.289477116994513783e-01
5.234087423882091139e-01
3.373640711294970673e-01
-3.336246271164533539e-01
-1.311911661915258487e-01
1.797430213976912716e-01
2.313329845570648302e-01
2.297810010309107864e-02
8.904400154823761959e-02
2.158046740413234812e-02
1.305724546358340565e-01
-2.368750469177760554e-01
-9.603927438727322130e-02
3.160760731664521428e-01
-1.899732548710864749e-02
-3.198748055792449696e-02
-1.468379677246276771e-01
-1.691813983749293204e-01
3.035770613129685769e-01
-1.407155122349490473e-01
1.727821030499946675e-01
-6.400546090900832708e-02
-2.986644209217560464e-01
1.734420335478628616e-01
1.505452200182105238e-01
-5.780096627160348499e-02
1.537092445590926559e-01
-3.001650763881575160e-02
-1.568445306324504351e-01
-8.017864219188003405e-02
1.827712360376718415e-01
6.816443289064907929e-02
7.277665615755538053e-02
-2.394553741621866794e-01
9.340587139933163863e-02
-3.679131587222225080e-02
3.532373637961018498e-02
1.725700393199147697e-01
2.710264710709918701e-01
-1.803939475652709679e-01
-8.662154894963705609e-02
-1.120615808879759506e-01
-5.278792267240622199e-02
-1.608845028834401392e-01
3.512507585535106780e-01
-1.916923780007585010e-01
-1.997281565232714717e-01
2.120688725005777028e-02
2.639195960076320957e-01
-6.795337496135252231e-02
-2.284644990429283429e-01
-1.223758854175001770e-01
2.793149056959243759e-01
-4.004314479251437353e-01
-2.687540600065890795e-01
1.612518637954702683e-01
-9.117872393808663933e-02
-2.372177826715956284e-01
2.289488619600164587e-01
-4.831517354101306366e-02
-2.529978051769381509e-01
1.659491382863529860e-03
1.036025345172030682e-01
4.723467515712423404e-01
3.141424981956051909e-01
-9.730697992528433704e-02
3.598120523436821455e-02
1.221652264289734002e-01
4.991191823928230881e-02
6.438595646227741887e-02
5.741355719077946285e-01
-2.195349611049131067e-01
-7.766368186473950053e-02
-6.076792520479876170e-02
-7.228535261397711631e-01
-4.474632873912172681e-01
1.417893538487654259e-01
1.374089688487318585e-02
2.789252278958843090e-01
-7.020618415336174478e-02
2.224984171854777204e-01
-3.858839507283265413e-01
-1.038972487602806138e-01
3.690474718515852209e-02
2.251360214172654084e-02
2.947815883372023604e-01
4.321503374296895572e-01
9.851124845401823538e-02
-1.398149825250950828e-01
-5.344103248328482270e-01
-3.439220877398556087e-01
1.764753068280817128e-01
-1.011847781608784941e-01
1.670943598818295794e-01
-3.292561826323943674e-01
-1.351878892010235089e-01
-7.902755151656808141e-02
2.368379845941853690e-01
3.919598929325971981e-01
-1.163227297579880540e-02
-1.959090199890905770e-01
2.131909959305985230e-02
-1.581647558239037965e-01
-8.765883845433813937e-02
-3.632140978634326167e-01
-4.990079894636913482e-01
-9.883014112998918244e-02
-5.971034828498462677e-01
-2.890027167722447055e-01
1.185087518763503905e-01
1.056147050282931765e-01
8.175545033628550673e-02
-1.493412895241113536e-01
-2.721362719926813667e-01
-4.691245860124245715e-01
-6.034664349891737389e-01
3.283842438248067708e-02
-1.809039451199471737e-01
-3.700672811878588653e-01
5.224097656166589582e-02
-2.507243057156409161e-01
4.069458923500336445e-01
1.931478646807611721e-01
-1.065645899344231512e-02
2.919889896126462436e-01
1.991871195544535900e-01
-1.201117297895334113e-01
2.479754403427634202e-01
1.714141087303407418e-01
2.283241586701805215e-01
6.928468165454357286e-02
-3.508117765591025061e-01
-1.310158819213139147e-01
-3.838870776677544283e-02
-1.563005136130344586e-01
-3.318707823499474074e-02
1.463053635330520963e-01
4.149988768140118467e-02
-2.639099019781493416e-01
-7.303322807144586870e-02
-7.179064672873580744e-02
2.960649633663787750e-01
-9.278767761857542595e-02
-2.703460148903433224e-02
7.049654374875376217e-02
-4.720559090574302091e-02
1.524847668288276392e-01
-3.948734444274162314e-01
3.443217494378467691e-01
-1.964904754838184830e-01
1.272156502893882594e-02
1.001960507581577467e-02
1.497733208643826641e-01
-3.474132184481653618e-01
-1.201871151395932924e-01
3.564668182091128013e-01
-2.855159156529871178e-01
-3.573306044902532091e-02
-9.700799927447693871e-02
-1.160026094896459276e-01
7.895795111033326874e-01
6.813312926696886429e-02
-1.071493723576661949e+00
-3.338955377518550982e-01
-1.632403927124505827e-01
-1.980193748831828859e-01
-2.956392438872624262e-01
-1.018723007476914022e+00
9.956425394397626361e-02
4.146819814002890014e-01
-4.035928768101512132e-01
-3.969672699257693615e-01
-2.873521713254469784e-02
-2.429013582520669345e-01
3.615732310298132024e-01
-3.614551346895714667e-01
5.806616282665797435e-01
1.343165592938776187e-02
-2.808753171966017481e-01
1.951735182213495123e-01
7.675657188670853559e-02
-1.914340256235350091e-01
3.422018172435083855e-02
1.493371175473303114e-01
-1.568777425502620171e-01
4.594630263201797682e-01
-9.856690948326378432e-02
-1.808673164544656597e-01
-2.616619317325913352e-01
4.598617883992616590e-02
1.325144743110598100e-01
1.705114273818312820e-01
1.352426929763900776e-01
-1.697108993517741082e-01
-3.444109214449852518e-01
7.431760338635938490e-02
2.308059145334594164e-01
-9.883906415530538392e-02
2.412547775002666373e-01
-4.513647332009413510e-02
-4.266078846607474634e-02
-1.883074213912122874e-01
-6.627007048926860655e-01
2.181217964382377028e-01
-3.875036376903108759e-01
-1.630260585715846353e-02
-5.669702344398854787e-01
-8.975332858209744691e-01
-1.846578157212119264e-01
-1.528013292020254932e-01
-3.745524240418850875e-02
2.182752640625061288e-03
3.308776076535699384e-01
1.344295601285548092e-01
-6.320708684809355216e-01
-5.947242358973082732e-01
7.608164608734042655e-01
-6.174078142752188747e-02
-2.138181652241438468e-01
5.825894797037478590e-01
5.218112816247975905e-02
4.213778954729937576e-01
-2.865652817916476969e-01
1.582735263339855591e-01
-1.523279703022666631e-01
-5.243435968958666260e-01
-9.770783669689514506e-02
-3.139612368598337366e-01
-1.196951675311128810e-01
1.623800875691231160e-01
-1.875898019197933253e-01
3.881011699034589424e-02
1.017062978672580859e-01
-9.086829627858071801e-01
1.920427152519776914e-01
9.305645785301275286e-02
2.237746681160801554e-02
3.751528005251297815e-02
-1.873804049553840778e-01
2.480616827246559797e-01
3.100435780714930201e-01
-3.114188419012415832e-01
-1.341037656635636344e-01
-3.259407777328852257e-02
2.109445905021022638e-01
-2.163451936319411573e-01
-1.465494956991209574e-01
1.190555181190206813e-01
-3.987528395049416696e-01
2.715988690945641548e-01
1.097568792158356982e-01
2.766730845808604844e-01
4.779662227150912462e-02
-5.140331650086051724e-02
-3.141287032886137531e-01
-6.197211135263056558e-01
1.584340471712187837e-01
1.010711485477815662e-02
-1.679656882874833446e-01
2.606039585748064491e-01
-1.439678424995038397e-01
-4.254212846719912511e-02
1.068227255293748013e-01
6.787107308823449314e-02
-3.223686307471246987e-02
1.871074699960357524e-01
8.976308332949987923e-02
1.627021143140685022e-01
1.581900059455118301e-01
2.125442278478900937e-01
1.757457033550074432e-01
-4.375815972484632665e-02
-3.665084478722445138e-01
1.827405675280590891e-01
-6.232945989307488999e-01
3.245976376607326297e-01
-7.664990853902004658e-03
6.156032869289687626e-02
5.232623632648469858e-01
1.506726927486377876e-01
-1.537322961666126309e-01
-2.832847621239212854e-01
-3.420868699741037577e-01
-1.186692988442261329e-02
-2.327675527408115674e-01
-1.908438578765856708e-01
-4.173369684236596933e-02
3.921257139113238921e-01
-3.120033955461331762e-02
2.199590732147261030e-01
-8.527903758644024210e-03
1.784523332807147478e-01
3.555888907022619616e-02
2.544943523747210667e-01
-2.361613284555449943e-01
1.212055961327949682e-01
3.491111829679276468e-01
1.192314985216074985e-01
3.058345466705358340e-01
-1.376994640365859501e-01
-2.463060574355262124e-03
2.878512540899217376e-01
4.143668820780848083e-01
1.967467140478980012e-02
-6.483624773482027891e-03
4.278493639203855697e-02
1.422014107260360094e-01
-4.630091467616527789e-01
2.051084629212035840e-02
1.140967077991173889e-01
-3.823451035054795111e-02
9.727108887429004869e-02
6.211227819897047198e-01
-1.881879068758096074e-01
-1.472889595230490734e-01
2.992726540308709438e-01
-5.363851868500295605e-01
-2.209408508342068089e-01
3.332780979864875537e-01
2.424812830496645699e-01
3.817719717101170779e-02
3.115268036016501929e-01
-5.403166419148437011e-02
-1.977409908226144541e-01
-1.641169792104149039e-01
1.627754772781108417e-01
-2.333613738911230195e-01
-1.476546703481667611e-01
7.228402928032347241e-02
-3.602377744475705051e-02
-5.370796467222359594e-01
2.822838445701397747e-01
-7.955036236666674504e-03
7.581745568820311143e-03
2.577113432723611708e-01
1.627241989529989719e-01
9.765951145895597485e-02
-3.436424193975544661e-01
1.729315603812560387e-01
-2.716380631409671675e-01
1.359871490232222035e-01
2.098380512533393194e-02
-5.436679156082636216e-03
-1.062120476480724052e-02
-1.636984797899340149e-01
-2.696863533885484054e-01
3.755297018211876114e-01
-3.053335195282516623e-01
-3.495783739032167214e-01
8.384149857825998198e-02
-1.110034277357911797e-01
-1.177596850614302804e-01
2.768100634315326380e-01
2.571027761305403336e-01
1.085662873526376804e-01
-4.589131643844243102e-01
1.891352150354277672e-01
1.698698976414411976e-01
7.184831472184251798e-03
4.030214321636244601e-01
-5.753699410494578226e-02
-2.093530157535547775e-01
-5.637193240275519823e-01
-2.256343500399846103e-01
-4.079139336184176012e-02
-1.577002437479919916e-01
-2.928755243171411449e-01
-3.007110251621596952e-01
-5.055929414444868542e-01
-7.399559436482396058e-02
-3.264438762613756095e-01
4.091833483571446356e-02
1.007103424998339880e-01
-1.211484339961595852e-01
3.637956909482021328e-01
-3.325788985613964410e-01
3.306525510646029509e-01
1.897623642598225691e-01
1.468172251732563216e-01
4.692550666875187626e-01
-2.738105664188435484e-01
1.354324881455612473e-01
-1.913673635620727342e-01
-1.241618358538457423e-01
1.408273485383339414e-02
9.397679657766538908e-02
-2.407549607009749626e-01
1.244689149728856886e-01
4.657881951158735490e-01
1.964527566564377992e-01
-4.088534184891320367e-01
1.129975177455829483e-01
1.021398790213889768e-01
-1.804618133636331223e-01
1.102071315830534637e+00
5.325985947305342805e-01
9.818395278977307128e-03
1.279764848976975289e-01
5.768913878119209110e-02
-1.449789352838732059e-01
4.499913418671667720e-01
6.281428878668403604e-01
