9.141352471943455793e-01
1.607840483429869627e+00
1.983395585860208143e+00
-5.006490114783780365e-01
-1.848647725441611434e-01
1.998110784018561903e+00
-5.525885955570983971e-02
-3.032033490893618066e-02
3.474449542289014675e-02
5.209887619132055336e-01
4.288818649533894245e-01
8.519194770359471702e-01
1.760484419708513715e-01
-5.424141285440782223e-01
1.540261085224823578e-01
7.270395849397223165e-01
9.743737452722712744e-01
1.651767055728566858e-01
2.494933749437058257e-01
2.360779811542250695e+00
3.832470159074969351e-01
-1.011290438250463053e+00
2.195464712644620509e+00
-6.259752878411060095e-01
-1.872159371121449034e-01
6.480577844535613252e-01
5.197375625206420713e-01
-6.218025051646757645e-02
-2.583362837106089605e-01
-8.045309863990585120e-01
4.261897479508905962e-01
-1.089436733668026847e+00
5.991913723050081853e-01
-4.667336114732450469e-01
-3.856462668934171334e-01
7.681111746990005873e-01
-2.223631973253048955e+00
4.766143319831737113e-01
-6.889560960568594794e-01
-5.097191336792810112e-01
-3.198747408136249359e-01
-1.125135986044264458e+00
2.962405714051519756e-01
1.629922678737042441e-01
1.883370149295323648e-01
-9.247209600447725553e-01
2.054252741013876671e-01
-6.894427225445511065e-02
2.387620444426198363e-01
-9.648626714759817036e-02
-5.588560108813650507e-02
-2.092762154116353975e-03
1.043215474384669023e-01
1.020615004309108342e-01
1.475260094006966907e-02
-1.830387987673037509e-01
6.251790206875370570e-01
3.750183367580081084e-01
-6.874275563239101716e-02
-9.575315516635514168e-01
9.907907618317666198e-01
-7.797407495079257877e-04
-4.756237588498551938e-01
1.381131773070370383e-01
5.729991435179224157e-02
-2.522824002906072782e-01
-3.613381562301177241e-01
-2.160300736637701668e-01
1.429077608894338547e-01
5.500258724708713132e-01
-1.096728277083589137e-01
-2.396014976679257114e-01
-1.701823023488465703e-01
8.183927478947163880e-01
2.281998611207754490e-01
5.236193698248996498e-01
-3.562621601889169320e-01
1.550215921606291902e-01
2.415673309933287216e-01
4.015032094423366671e-02
7.567298052511685080e-01
-2.020852407998760258e-01
-1.376011010436249737e+00
-7.716099481494453904e-01
-6.112705919956636924e-01
1.954988943043156069e-01
-6.310634615578650797e-01
6.826691587078732859e-02
5.017095392803074816e-01
4.825955572358103796e-02
-7.058415553422452415e-01
-2.340603450467818869e-01
2.370992641121791034e-01
1.593735033494440290e-01
3.073923603825646222e-01
-5.027430581082189542e-01
1.503133499989990352e-01
3.853395188007322503e-01
-9.435615419945096727e-02
-9.356355608228181242e-02
2.527373879675894219e+00
1.383390982519975589e-02
-1.251876597066741426e-01
3.614215979069058671e-01
4.362728839177868467e-01
-1.167489653496880803e-01
-4.743650697371875058e-01
-3.247679576390831158e-01
-8.225721186191832235e-01
5.877055311994261455e-02
-3.238106458739947735e-01
-6.221747400506761894e-01
-4.037374059587158781e-01
-1.871614581700210833e-02
2.012064238399095539e-01
1.226356069117126441e-01
6.581089817152964427e-02
-2.207936008049053711e-01
2.688343433476557062e-02
-5.494986160976604861e-01
-3.953989943685606162e-02
4.737429670441873492e-03
-1.816136311912763812e-01
-4.096087186252910795e-01
-2.497995694979184000e-01
-2.178572446729442891e-01
-3.967683326623838713e-01
2.426517119354775209e-01
1.219008550126284146e-01
-1.329038583211291646e-01
2.994041629162276785e-01
3.095127068722705599e-01
1.174864256599647133e-01
-5.964245374749955336e-02
-5.336962661750642711e-01
-9.949833654435531471e-01
-9.728858784283329897e-02
-4.885675165752617066e-01
4.674626955062689826e-02
2.920654955591636681e-01
-2.442691591501255366e-01
-3.099410171063977579e-03
5.661925675875049448e-03
-3.769622650179038081e-01
6.377507541077746811e-02
-2.026304806095114985e-01
1.194001043023186215e-01
2.470167841626192684e-01
-2.474089987638587035e-02
1.781410300590099624e-02
2.331743470405107377e-01
1.610359360165376230e-01
9.613932690679409532e-02
1.311417555912146662e-02
-8.490042778084021247e-02
1.420867597524758386e-01
-4.390123743192961836e-01
1.452723638274009132e-01
2.253291033047952474e-01
-2.857772108175112291e-01
9.625136276107313371e-01
-1.282869987524165312e-01
-9.651240681795562049e-01
-1.756500440277247721e-01
5.115993283963777838e-01
6.432780890932443540e-02
-2.693437612456458727e-02
-3.209674457878078369e-01
-1.535491210254977257e-01
3.051779793083757020e-01
-5.168848278627226067e-01
-6.230652360515286370e-01
-2.034814226329782483e-01
-2.072865204340707326e-02
-3.686779736682305741e-01
-2.476706345808299750e-02
1.245041199717518698e-01
4.022844960682225302e-01
1.626288996293111522e-01
-4.616739673968429658e-01
1.558869862452313959e-01
6.477079133263994315e-01
-4.848895434591891651e-01
3.285063337602588951e-01
-1.051296828416423655e-02
-2.419272335776725125e-01
-1.830054687075541864e-01
8.392354968685985517e-01
2.518134009478447122e-01
2.423698973603702900e-01
4.894727582131619403e-01
8.704472862570836189e-02
-1.862331537594920094e-01
-1.650321249149112046e-01
-1.757960741832655938e-01
-2.256807481577835783e-01
-2.396307380446867641e-01
-3.104551999544328811e-01
1.560038533310380560e-01
-1.976693667691009348e-01
2.778223454421843153e-01
-8.728035282131041406e-02
5.944225039969767976e-02
6.923948437834961944e-02
1.796842114150798975e-01
-3.583403710117231689e-01
-2.797093626515806397e-01
-2.615105968609516759e-03
5.890462660934408373e-02
5.582568605984289389e-02
-2.157016043805329297e-01
-2.165310203799181848e-02
2.165252461236272796e-01
2.889865560877110107e-01
7.064703229629391845e-02
1.085105871539878558e-01
-1.745410588612477110e-01
-1.263187275081717742e-01
2.431213520242642978e-01
9.360787242760719440e-02
-6.857525712210298385e-01
-4.623133828647419397e-01
-6.553341180057367654e-02
-6.180400654995554105e-02
2.732519519824015974e-01
6.523605698359662142e-02
-1.581399284126129914e-02
1.300893846704702372e-01
5.247467334884821089e-01
1.189226761921748088e-02
5.724891192816020102e-02
-1.525851184460864929e-02
1.817907237081378691e-01
-3.718118749158018377e-02
2.229009146506563954e-01
1.707686647029352800e-01
8.082027257306280974e-04
1.695410098697165135e-01
-1.532582449176839445e-01
2.224796519208933898e-01
-2.319847437537537471e-01
2.087742405669793522e-01
-2.904876650652988765e-02
-1.756954965735305907e-01
-1.833514962227657807e-01
-2.369380837903289905e-01
-1.106696158665040480e-01
8.203804926229811903e-03
1.548278305248815268e-01
3.031000309159770367e-01
4.301608790109581193e-01
-2.069778664431747850e-01
2.058686839189921847e-01
4.440949905365281641e-02
-1.347462119846548623e-01
1.864519348142918143e-01
-2.640911443114207224e-01
-2.592527794501824356e-01
8.107402327838351963e-02
3.376844843884062586e-01
-4.684614250683715730e-01
4.304021017364728467e-03
-1.513707818592237297e-01
-3.909122739816993097e-01
1.058476866117045861e-01
9.850279953561093260e-02
-3.051976408329703516e-01
-5.522543846833011250e-01
3.092178523745122698e-01
-4.641008872008530184e-01
2.379559206540997895e-01
8.127539424181037808e-02
2.930796808375219289e-02
2.537928805336035487e-01
2.578204777673132608e-01
3.890192606847493462e-01
-1.695655748636357707e-01
-2.340164432691006768e-01
9.963231283493493781e-03
-7.932095593942095624e-02
-4.202301018233781105e-01
-3.633145929838137445e-01
1.420690496041154272e-01
-1.317450023049452079e-01
3.300158745357458998e-03
-3.294696622027576405e-01
-5.202212051329455772e-02
-3.445254175113116601e-01
3.162482800875408007e-01
5.059201128755759676e-03
4.230028824465197346e-01
3.639133371274900219e-01
1.319034065591474236e-01
-6.781384356781122724e-02
-1.798788922871988605e-01
-4.650458967198031757e-02
1.176277564788396623e-01
-2.207389391107877630e-01
-6.577046607624162933e-01
-1.463146373903680963e-01
1.891936472371401334e-01
1.585556137162463242e-01
3.826862275027405613e-01
4.980317764947432557e-02
8.848815281724113635e-02
-1.652943690197318238e-01
-1.661775659684537887e-01
2.252847252019932189e-01
1.643425724035785518e-01
1.224145532720957892e-02
-1.257884012269414875e-01
-7.670363054160012073e-02
-2.890760495864982405e-01
1.123022678529188439e-01
-1.511009474435610067e-01
-1.341978097905020539e-01
-2.242804095019299560e-01
-3.892540611129693406e-01
-5.514246373446741734e-01
4.731960102034807325e-02
-1.007992235188749780e-01
3.397411931124007523e-01
1.256614307280821685e-01
-1.625039591112988069e-01
-1.232262558246035172e-01
-6.195746877455048096e-03
1.817665423602178587e-02
-1.755735240410442599e-01
2.545491288926239881e-01
-2.465719718318424569e-01
3.385102991536836220e-02
1.317069970719234560e-02
2.227391788371194808e-02
-1.190513780003695093e-01
-2.919961956905288702e-01
-1.798171059938164784e-01
-5.356889627728732284e-02
1.196554848539345545e-01
1.550746900091351244e-01
-6.803465300246526459e-02
-2.097572491287812702e-01
-4.382392601054726361e-02
1.641605683203053133e-03
2.381600089026160993e-01
-3.090159290839494810e-01
-1.739014398312476589e-02
2.635152617667699815e-01
1.757727880289834399e-01
1.484104690916724090e-01
3.605136457128511190e-02
1.877310751717131774e-03
-8.695802846326027361e-03
3.722153364393642611e-02
9.565466130078316420e-02
6.896073492028449714e-02
-1.158482120370221274e-01
3.314075664400663590e-01
6.497542639780494456e-02
-4.507620709116892388e-01
1.521672208642379509e-01
1.586845298563333839e-01
-3.927425902496987087e-01
-2.156252170076876640e-01
-1.053158727347222046e-01
5.080395167862176153e-01
-1.969842120880661296e-01
-1.038123665583912669e-01
-1.927379160315270679e-01
3.179563257179375824e-01
1.816100557089316836e-01
-4.722607516280745710e-01
-5.993191287402448858e-02
-2.419589838748762711e-01
-4.107850889072756639e-01
1.365976386286284552e-02
6.556128237944525150e-02
-1.343304868733370960e-01
-5.206584114388307372e-02
9.112532084382792830e-01
-1.612391237665735527e-02
-1.378711018015919665e+00
-9.635022881566550346e-02
1.229638683277203687e-01
-4.424045947738961676e-02
-7.556474664755179205e-02
-4.279281441379793050e-01
-1.982210486380723419e-02
1.749106840284297415e-01
1.502010768468769131e+00
-3.301460916998568695e-01
2.353918593509048141e-01
4.496261844406992392e-01
2.184504487589877531e-01
-5.858714837299090483e-01
4.262480567848082047e-01
4.648269180942659617e-01
-1.820052172400521417e-01
6.584236169010233841e-02
-2.049294530681886051e-01
1.626346705060821018e-01
1.877264812360600332e-01
-2.718002799728206579e-03
7.395171947803630408e-01
7.201429282153557487e-01
-2.286662317098451802e-01
-5.229401206386935508e-02
3.276981113557383973e-01
1.015184496709025108e-01
-4.712157607552024396e-01
3.056585465589355122e-02
6.765527607679082400e-02
-2.613870841385191324e-01
-7.130372853166494496e-02
2.168378284314851634e-01
2.421990697888374566e-01
2.394227331147398830e-01
-1.365623701690770776e-02
2.264793417624639052e-02
2.901796913917324972e-01
-2.000127510989553048e-01
-3.164455048783675895e-01
-1.335611203460288221e-01
2.035046073758663698e-01
-3.235903928505623472e-01
-2.056439999738128230e-02
-4.096352851402450257e-02
-3.452263002735573294e-01
-1.822961493976129055e-01
5.858691338172282714e-01
-1.998274745965646360e-01
5.986348177161304740e-02
-1.933946500211551622e-01
-2.943650056890258493e-01
-1.933362121767026043e-01
1.847968423903284252e-01
7.056504769075576389e-02
1.008928016371967440e-01
-3.137926577882263479e-01
-4.043241297775397869e-01
-8.101148868164941008e-02
9.282518146976528328e-01
-3.138781107086809075e-02
-1.129476947040691348e+00
-6.342180010005873392e-01
-9.140516081169915152e-02
-4.251088679230028977e-01
-1.927783452612435722e-01
-5.406528437716580093e-01
5.451556928875441743e-01
-2.350158624451160472e-01
-5.809927372448127070e-01
-4.005638688692355620e-01
2.750201597397744502e-01
3.776030528218569104e-01
3.437142582695619786e-01
-3.684574722924735535e-01
-9.949276037321672095e-02
6.601738471779766693e-01
9.367253147241802469e-02
-5.379955524502039177e-01
-1.348590986333667807e+00
-5.135761545407422322e-03
1.533967577899916224e+00
2.595719531556249238e-01
1.880451774026506151e-01
2.998819592573978010e-01
-5.144192652160737428e-02
-4.652956591196482500e-02
-3.932334140125705035e-01
-8.663960038642595785e-02
5.390202780283558093e-02
-2.224596035753047540e-01
1.877858755738884625e-02
2.179345638186210299e-01
-2.443753451082905925e-01
3.806070741811667935e-02
-2.445204670441668837e-01
3.485590197300246218e-01
2.168619433153346765e-01
-1.714454106061449601e-01
-3.283394651322752988e-01
-3.774098276420508324e-01
7.499645018007353725e-01
-4.327590255209294856e-01
-3.323405847868113328e-01
-2.107193620843451909e-01
-6.262479368019476800e-01
-1.474573863636115645e+00
-4.770383653511104938e-01
1.262546724388813046e-01
-3.634823131781089733e-01
9.900154366016794549e-02
-1.379539708610265369e-01
-4.076255933356593419e-01
-4.748744350460681329e-01
3.269628412099079978e-02
-4.788032519122705222e-01
1.312328019012107549e-01
-4.581064373070806162e-01
-2.612130182217898833e-01
-1.655611716347166196e-01
-1.391576753303619685e-01
2.098155406786293697e-01
2.905301100221160393e-01
2.215481445027520091e-01
1.090474793577069085e-01
-2.471639868033000675e-01
-1.600847019966979978e-01
6.619741684799908266e-02
2.425697920750982672e-02
2.640868078708207001e-02
-3.926642116515511316e-01
-1.513086826712076172e-01
8.517346098803969812e-02
-2.928811638702329412e-01
-3.240746874632887686e-01
-2.162758068413933865e-01
3.153204355156439403e-02
-1.234531659637847119e-02
-1.198437482678018223e-01
-4.505879688056951826e-01
-2.748216174888207242e-01
1.181944127972317071e+00
-2.569602448739827238e-01
-6.205034498130289622e-01
1.161386916090104693e-01
-1.522322797041208708e-01
-1.981847268157715281e+00
-5.274667546943074825e-01
1.723568082971478344e-01
3.991637986671755511e-01
1.631426061129969199e-02
-4.854851105175024550e-02
-2.183963562045421192e-01
-7.177728493030662849e-01
-1.150274379867507850e-02
4.110864121464450488e-02
1.307571643309877740e-01
-6.849654604744941366e-01
-8.430912387807231179e-01
-1.088919768468196714e-01
-2.337300032317689569e-01
-2.647329221858611414e-01
-3.504956319456266067e-01
-2.852119995776731809e-01
-2.585583005352623531e-01
-1.897995666924729985e-01
-8.882447491192577704e-01
1.341324917068653921e-01
1.835271074007827075e-01
6.964436020914989145e-01
-1.003961205917899141e-01
-2.589608887978106511e-01
8.242864841781950835e-02
-4.635723153757537740e-01
-3.461571820148480749e-01
-5.714954605214862815e-02
2.323057682128253365e-01
-2.481566029158854270e-01
-8.831424230161377675e-02
-2.704334718562927398e-01
-4.366975073948122232e-01
2.894432929118254116e-01
1.025858030782893365e-01
1.629336066698496011e-01
-1.514434033728093432e-01
-2.295513187955302570e-01
1.690387925258925172e-01
4.971148123360227822e-02
2.167621305074956262e-01
1.886913341291596713e-01
-4.273135601051399890e-01
-2.077752018975456971e-01
4.749479148121780736e-01
8.778473707896226885e-02
-4.753781375046329249e-01
-4.761506751977555574e-01
-1.366334898270208098e-01
2.590282233863880901e-01
4.238606019674061587e-01
2.830061258504229516e-01
-1.110166887042413342e-01
3.238916143272728143e-01
-1.342784551835053686e-01
5.763207540310934934e-02
1.406274403913692628e-01
-4.015724137992737926e-03
1.712075610205081033e-01
5.610921619420410067e-02
1.788891437380683846e-01
7.397475204155125328e-02
2.626232893638787980e-01
1.623963473478808039e-02
2.710746392318746367e-01
1.788329190900800891e-01
4.031762205199032612e-01
-2.873719720610071748e-01
-1.854920112183586775e-03
8.535057133223457326e-02
3.093061902544453345e-01
-1.875442761859222873e-01
-3.317876884487328676e-02
-9.801293718193415661e-02
6.952427849233662471e-02
1.864636124122503735e-01
-3.637644114869967304e-01
-4.616324143705924365e-01
5.925985147674031062e-01
4.033752137635958634e-01
-2.899793698223257499e-01
3.443939046053050568e-01
-1.249339362039719042e-01
-2.475141654776675526e-01
-3.617950381190955800e-01
3.604913667134971855e-01
-1.071738665976234711e-01
-2.766730845553982965e-01
-4.283322681260772202e-01
4.539816562916229037e-01
9.044056238153570515e-01
-3.409149052093786714e-01
-2.988607162407205808e-01
7.937731230437738983e-01
6.565465434581856385e-01
-4.953291623160548385e-01
7.013080280043650083e-02
-9.688947730916196155e-02
-4.404094447926162892e-01
-2.656028412804513072e-01
1.935917655314211006e-01
1.978836789401405283e-01
-2.091033037565730168e-01
-1.538047365279791301e-01
-6.598465716120872904e-02
-4.403645648451233741e-01
-5.767269285584303296e-01
2.115649032287047204e-01
-3.299810574821130937e-01
-2.404039877865010028e-02
-8.707264744655142386e-02
-4.901075908413923266e-01
9.115113826795825380e-01
-5.491335711850543477e-01
3.088439418413460591e-01
-2.233495983032856291e-01
-1.004451171518712521e-01
-2.964506469564163749e-01
-5.860834238897569826e-01
-4.253085344278234592e-01
-5.422885952234606233e-01
-3.045571353274439952e-01
4.161298228287975132e-01
1.875802706613125537e-01
-1.191233608270804434e-01
1.522522395314269417e-01
-1.285764921280973735e-02
-5.526545315883505394e-01
2.296713365324292988e-01
-1.503469831307567839e-01
-1.272972969825160172e-01
1.724411726751267915e-01
-4.098924619593109497e-01
-1.587880062678219129e-01
1.831941063445301499e-01
-9.144803454913443680e-03
-2.903233303685714452e-03
-5.065558249147283920e-01
-4.681287543363562426e-02
9.528625395894128880e-02
-6.737288743622667220e-02
-2.190161883703567181e-01
1.645168206388477605e-01
-1.995432355301475502e-01
-2.281536223987363776e-01
-1.748954184952880853e-01
1.392224784780825564e-01
2.699629287090468677e-01
1.578002298493334093e-02
5.172503278866409371e-01
1.487589490967214101e-01
-1.724174903645184775e-01
-1.279604359515013057e-01
2.483544866085945213e-01
-7.183373527668188707e-01
-4.260659134861856656e-01
9.705562352750610189e-02
-1.151256194849106240e-01
-1.765878647796213174e+00
3.659720763364174290e-02
1.356885972508322102e-01
-5.093055814719670005e-02
-1.472451896021644557e-01
-1.796299749413108049e-01
-6.201190942927741617e-02
-7.862151021418346541e-01
-4.831814963010781505e-01
4.808899960500240267e-01
6.515639340690849990e-02
-3.366936976346467381e-01
-5.295157982610195768e-01
-3.109625012974279179e-01
2.186854807307569148e-01
2.264577890376292535e-01
-2.328066027612112621e-01
-2.031826365623262409e-01
-5.160954163941945394e-01
-3.291633252237662899e-01
-5.887011110062682073e-01
-2.728084279761126552e-01
-3.050545578273620717e-01
-6.714597765659278961e-02
1.972522706244228263e-01
-2.642753217033547153e-01
5.438118208255015434e-02
8.558128727732593199e-02
-8.418393349059546948e-02
1.065795414651121154e-01
-2.355011692849396931e-01
-6.618563162938152604e-03
4.164318678497246351e-01
-4.386165840086610895e-02
2.050834997457212094e-01
3.071004400242702617e-02
-3.170746319211629333e-02
1.264355622619137420e-01
1.563313864535380987e-02
-3.201592235304805221e-03
-1.879105870771548281e-01
8.862218253531249645e-02
1.575759170864479419e-01
4.214231292792024186e-02
-1.226912041098396355e-01
3.384420244392633004e-01
-7.717871542126854001e-01
-1.522368218340906278e-02
1.873515558793264202e-01
5.738174530470223356e-02
2.213812510737566130e-01
-5.041240145137980688e-01
1.647119449093006061e-01
1.594538800173022353e-01
-3.043384513895395771e-01
1.548687023848411559e-01
2.901151519032483805e-01
2.454964605111452369e-01
1.536495014891936517e-01
3.204944916908527563e-01
1.347793074531339064e-01
-2.409309645832036911e-02
1.597679004425451577e-01
-4.542640772611747368e-01
1.712000374036647815e-02
-4.182115681341908031e-01
-1.326388087256951953e-01
-1.894066108202036025e-01
9.110239459250893401e-02
4.222580423739272920e-02
-4.962303428284291218e-03
-4.549958416592563004e-02
-4.663427834670865191e-01
1.039574006099046322e-01
5.682370964497739790e-02
5.453478575942339451e-02
4.367506463006027850e-01
3.258482782315459958e-01
-1.317572163081666137e-01
-2.967447803030510145e-01
3.168636414055507888e-01
6.381215778553188389e-02
-2.028146114178349668e-01
-2.192517022512100733e-01
-4.331466259462562335e-02
3.646406850150674811e-02
1.246844608778198832e-01
-3.384038024691902735e-01
3.034548008097866512e-01
-1.267963521668853955e-01
2.616917694554950491e-01
8.856324556133306561e-03
1.339990358277853566e-01
1.901361931013865469e-01
2.508418840471383082e-01
2.479051068721423168e-01
-2.161216037832700554e-01
3.986659902733740712e-01
-3.292889637380171791e-02
-1.486315850675389849e-01
-5.312521746024068646e-03
1.155843477453638440e-01
2.759326256269148750e-02
-2.379061996428524506e-01
-5.745897145618802243e-02
-1.990989753541465568e-01
2.947377077847700977e-01
3.590573380577625207e-01
3.729565230134097020e-01
-7.719654499083851429e-02
-3.747773404044559276e-01
5.300415744575928123e-01
4.089153789075830603e-01
3.186885157790558254e-01
8.795550202325641553e-02
3.518494560201550908e-02
-2.082097959439021262e-01
2.985782789474791810e-01
5.797073165215603507e-02
8.381992627738120427e-02
-5.107793971542443634e-01
1.969507462459384461e-01
1.140157889691532228e-01
1.775048494656158160e-01
2.609472938615721160e-01
-2.420062998281785061e-01
1.024968607549047589e-01
2.211219101205652571e-02
-9.368540165234952311e-02
4.221722762696316078e-01
-8.211882971583690793e-02
-4.083342415569909956e-02
-1.882223257977208575e-01
3.325425168518063301e-02
-6.185214138594864741e-02
-3.194022264910817421e-02
1.197049432436268490e-01
-5.861101668493341466e-01
-7.139393063869020617e-02
-1.921703866635379454e-01
2.484061370598238949e-01
-4.233843628364810860e-03
4.358122910208185874e-01
2.889220004052401869e-01
2.188005238198835467e-01
3.646343540467707200e-02
1.561968337384423700e-01
3.784811154039898207e-01
-2.014052741826791171e-01
-2.206640794284801255e-01
-8.252239381827235210e-02
-2.992201976498883309e-01
1.781444180846899761e-01
-1.279264041993656391e-02
-1.713256494201203795e-01
1.400440903708873031e-01
-8.650051316846876781e-02
-5.398190972394548148e-02
1.479036310621093808e-01
1.168434299129438164e-01
6.065105016037590779e-01
-3.480050482937091950e-03
-2.534481404750563854e-02
1.114747247036230876e-01
-2.037395896413699004e-02
-5.045734962464570872e-01
2.350417796303782558e-01
1.819020435078440301e-01
-1.073371189296433437e-01
-3.601443775519703738e-01
-2.408640146088125156e-01
4.194518415443113102e-01
1.228990813330040621e-01
-2.102219937181867560e-01
-3.847450226414653729e-01
-5.579647094387859413e-02
-1.954742901989627857e-01
-5.261120116711686112e-01
2.107659578144414902e-01
-1.877614362317286956e-01
-9.400437512702709553e-01
-3.565842564220066402e-01
2.855809109436787119e-01
-8.711815795712730959e-02
2.164326151999530212e-01
-1.351553237560998710e-01
-2.639907025938285079e-01
-5.263031590939136750e-01
3.527472163727349841e-01
-1.158856989229545276e-03
-1.631939279366765305e-01
3.831174996296377588e-01
9.388174924112617503e-02
1.693296126464921003e-01
-2.152628329617118641e-01
3.368431873191585768e-01
-1.456227956682094038e-01
-2.876824929563150460e-02
-2.840140752195326190e-02
-1.419243407490305142e-01
1.399654787954137891e+00
-1.291593589750560100e-01
2.432879482196576570e-01
4.173993902030274233e-02
1.225259514672532024e-01
1.515292198045916361e-01
-3.596104315132071100e-02
2.911186015089570200e-01
3.190724555366081794e-01
-2.229485495589940136e-01
1.590329958895651818e-02
-2.454982640079196587e-01
-7.071920532627753997e-02
2.753747205410709831e-01
1.541611829512742893e-01
3.651502639133498151e-01
-4.117950846886034300e-01
-8.039048961937562965e-02
-1.023500031872354304e-01
-1.791190504603274725e-01
-6.152508661313869226e-02
-2.861205909815992543e-01
-6.646141608550371060e-01
8.087786199076274496e-02
-1.358163622458702924e-01
4.206953348483468691e-01
-3.071963884233750997e-01
1.554642641959764820e-03
-1.413531997603129919e-01
3.247568868391000341e-01
-9.612694782906415492e-02
3.117066516830695466e-01
9.114297884650897352e-02
6.581154745320816346e-01
-1.008006997945666908e-02
-4.921001156823018863e-01
-1.844977338569642467e-01
4.657395910119326299e-01
2.743162794253083819e-02
1.701420606317319562e-01
2.954518678920193403e-02
4.652147137233562935e-02
-8.764989261518137120e-02
3.400158585169257147e-02
2.849471848990867834e-02
-5.424233944102891947e-01
2.268990345255503804e-01
8.919951878834531112e-02
-3.152073059558129220e-01
4.699140069195020114e-02
-2.132787758392421917e-03
-2.419842801838803514e-01
-1.635556004224921270e-02
-3.698739464932055410e-01
-3.274240696551931618e-01
-7.845137313748543062e-02
-2.720438296598292616e-01
-1.130436463390491530e+00
-2.273653691645562691e-01
-5.087032077841029398e-01
-2.249447476986298766e-01
-3.896519099620952553e-01
-3.543313124825830940e-01
-6.478977843484422516e-01
-5.589955367258769847e-02
-1.954152760425900970e-01
4.990930943031673395e-01
7.901712241790256885e-02
-2.115881139400410393e-01
-3.221983916282551430e-01
2.896997915223179509e-01
-3.939397358113072012e-01
8.216949075433163663e-02
4.960532864939924402e-01
-1.519637525234523168e-01
5.389407390406835141e-01
-2.239839374205184752e-01
7.647035167960011814e-02
-8.232128343196094822e-02
3.919635123779330842e-03
9.996949454420989145e-02
-1.157916684623924719e-01
2.074760009444151232e-01
1.536150283832135414e-02
-1.906662824968613848e-02
2.853719769601589795e-01
-1.860603237376110275e-01
4.141378025218438869e-02
-3.234801991236365692e-01
1.418315118855326684e-01
5.225102924254496073e-02
-1.153731766275529480e-01
-1.977441060442978182e-01
-1.601237564658347656e-01
-3.199323010966734770e-01
1.239231120190015384e-01
1.682092222791272684e-01
3.950505357065584588e-01
3.362076594780847860e-01
1.856831643068292473e-02
2.513105203181267844e-02
2.556954012449541569e-01
1.925141516111077700e-01
1.483938964290656137e-01
2.994766890525148439e-01
3.813345521152894935e-01
3.339085624759436516e-02
1.490727875810864411e-01
-2.171906152823599792e-02
7.237137954518960137e-02
-2.975509067504041316e-01
3.319496438545276318e-01
-6.551553141832985871e-02
1.067155969573098107e-01
2.160302946962042725e-01
1.188217917173179650e-01
-1.335188155831497081e-01
-5.069242481079027501e-02
-1.028526663216003390e-02
-3.212286056952446955e-01
-1.639446281222423918e-01
1.063435199963245620e-01
9.596061606619106510e-02
-8.304145459609652002e-02
3.096000012160360360e-02
5.765421623305872628e-02
-4.615916358553817656e-02
1.309158892322732914e-01
4.567014765387671787e-02
1.584420759198302275e-01
3.627911445996154782e-01
-2.253114138935560090e-02
-2.625105230422863367e-01
3.313168582000396989e-01
7.148060062633000422e-01
-1.188706747930360075e-01
-1.630715504431156371e-01
-3.274103279737008987e-01
6.752852752120855340e-02
-2.346674142343859737e-01
-1.982126029146390189e-01
-4.021920911089090778e-01
-4.225779152752137668e-01
1.602684176061388022e-01
6.256035497877060481e-02
-1.006145312486964039e-01
-2.284231143709692102e-01
7.416574971064830712e-02
-1.160323372900535499e-01
1.016168219490655167e-01
-9.288773575415021355e-02
1.968456953585530356e-01
2.284939266782739786e-01
-3.427139626711199760e-01
-3.877377647577379682e-01
3.517384849475230779e-01
-1.553418010822070483e-01
-3.595717477699930664e-01
-1.562863620422869915e-01
-4.983313802102520285e-01
-7.964207373525396261e-02
-2.319529271675637994e-01
5.949372592730260978e-01
-5.448853023870546541e-02
6.884228094629412098e-01
1.302920556311156552e+00
1.983144928187753342e-01
-8.013505046872212434e-01
8.443441016287833722e-01
-2.203717595754540182e-01
1.860111442756401390e-01
1.908555743982150332e+00
-3.544700716037862409e-01
-5.273112813383801223e-01
9.299658909526282990e-02
3.745384041731238123e-02
2.577731788779024091e-01
-3.136118851775107075e-01
-4.280996924865761999e-01
4.031265729866687630e-01
1.489082866476302836e-01
2.224344577526400912e-01
-2.432858292055247451e-01
2.318758621374122919e-01
1.533333669676141264e-01
6.077265874989118410e-01
-1.927452163542549279e-01
9.642643704019125683e-02
-9.366351250729380851e-02
-1.506906106349827634e-01
1.856812084548959407e-01
4.331638299965321903e-01
-3.333959863707747218e-01
-5.132360987858285151e-02
-1.769369468325412142e-01
1.484776756695098954e-01
8.732600991912298216e-02
-6.812488654196704463e-01
-1.543604630674159928e-01
-2.393240015285416633e-01
-2.989147094699492468e-01
-1.497180495676697365e-01
3.280221137085843619e-01
-3.022585913139253511e-01
6.682290492010932448e-03
-1.371344211028535653e-01
3.206130731602428729e-02
-3.658253026968397714e-01
1.693010945106715459e-01
-3.517484415411435972e-01
3.659184434606502917e-02
4.584167690545631890e-02
-1.787576410780709057e-01
-3.202576495368505971e-01
-2.756597535883335004e-01
-3.732847339873667791e-01
-2.620437812205008710e-01
-3.659874290389971141e-01
-1.060380935330819813e-01
2.244581751344485732e-01
5.623072640950906725e-03
-1.198688019637105945e-01
-4.708406369102195732e-02
-1.315862093441914626e-01
-5.541274093433275205e-02
-7.367034559182859474e-03
-3.761152270430261346e-01
2.021486668701315270e-01
-6.781645062965745152e-02
-2.828554578848189727e-01
5.008303865210395750e-02
-4.776594532388496739e-01
-8.538963078376254900e-02
5.846838598972737416e-02
-4.733419523507514381e-01
-3.595665334257878154e-01
-3.075786669073329871e-01
3.356151190328718892e-01
-2.894491614504919597e-02
-1.564786291479019487e-01
-7.275899148277430867e-03
1.619696351488068009e-01
-6.403933474066125786e-02
-1.046441315879130113e-01
-4.060022953386126510e-01
-4.436386834718721861e-01
3.731712077775454772e-01
1.328308606332022912e-01
1.049994478662341357e-01
-4.773166956892444662e-02
-2.837578638547721410e-01
-2.711271355316135501e-01
4.731422215702413281e-02
1.978213726506823644e-01
5.914699236728602205e-01
-1.688928639529426734e-01
-1.963901967406472826e-01
4.863491597265939825e-01
-5.761832184358332831e-02
3.278361519592269957e-01
1.806878885421590586e-01
2.293735159310942573e-01
-6.984026957342057140e-02
1.888301209399066150e-01
6.057185672929124576e-02
-3.735273174255248491e-02
4.605361603829225860e-03
2.542510012440312162e-01
-2.721339885435191119e-01
-8.518683922849856760e-02
-2.555032315987656455e-01
1.568111793926149911e-01
2.605099065262587166e-01
-9.642753716501492600e-02
-3.938853034795859465e-01
-3.396405971030357768e-02
-2.087330665041077504e-01
-3.768373878748162986e-02
-3.385761472023949281e-01
-2.437675477100279264e-01
8.437214146004466675e-02
5.492945341523992886e-02
-8.092711299367304489e-01
-1.698580188387535314e-02
-1.779755007459074556e-01
1.113025155636851588e-01
-3.245386209600261695e-01
-1.764030022371443351e-01
4.158787293423680809e-01
2.426030523391756732e-01
2.406767294520373995e-02
1.964484477954197769e-02
2.054725249775483237e-02
-4.516409108982186726e-01
2.978386069575461037e-01
4.320020214615110099e-01
3.257369044189009633e-01
1.355954954542823443e-01
-3.429917388721562821e-01
-1.531514360723015833e-01
-3.948492763270150530e-01
1.349887188664921633e-01
3.157001691276555833e-01
4.819851254792604789e-01
-7.613846336250697233e-02
6.091740822414229983e-01
-4.672431038875429210e-01
-4.348411502196820183e-02
1.405316733719916278e-01
6.119562574208982364e-02
-2.910431841940734898e-01
5.038483823893953328e-01
5.790796778674976025e-02
-7.355831117019975829e-02
1.135195840445656773e-01
1.280534184187987479e-01
-5.781816064003123534e-01
-1.848598636197301137e-01
-3.420168573504394627e-01
-8.466450951742177100e-02
-7.954227526454167932e-03
1.227069767853563725e-01
-7.828854049297589990e-02
7.907648440286761671e-02
-3.361288886986232294e-01
6.428211405854714067e-02
-2.690967852692090490e-01
6.068564435314937056e-01
-7.783015897444059417e-02
1.730801468021815337e-01
-1.106938743188751184e-01
2.984684134960231550e-01
2.025562318379856286e-01
-1.499511977391951301e-01
-1.960155025268369156e-01
4.199461800932258737e-01
-9.088880962669382280e-02
-3.293620151837955978e-01
3.356266950694989926e-01
-1.416862853645107709e-02
-5.573428315488376805e-02
-9.191239384822609548e-02
-4.177651459186934590e-02
-4.050582361660359787e-01
-4.154836628167452584e-01
-1.327486845134711983e-02
1.535471521905214798e-01
-3.377247244547507687e-01
-1.642267940146203281e-02
2.024249886985362290e-01
1.401102906170165752e-01
-4.387795599094232446e-02
5.468536666612684727e-02
6.218635927655844498e-01
-2.329479680791547436e-01
-2.774257766719152030e-01
-1.368766061135837653e-01
-1.104942566594508818e-01
-7.084518697212269789e-01
9.359559207823459070e-02
-1.156314618531404381e-01
7.330566455441875351e-02
-4.820737652028976861e-01
-2.491785101998257868e-01
-1.154079250859669885e-02
-4.543653061919399327e-01
5.373846429044517592e-01
1.702463401492270156e-01
1.835338414813325325e-01
-1.206803347414273919e-01
6.729991391691816927e-02
1.979183568236214941e-01
-2.963997642569326033e-02
9.509349053557615561e-02
-3.538587703673498064e-01
1.283194215852095366e-01
9.475135936366509137e-02
4.562180080679457267e-02
3.202278178931144970e-02
9.998093021265340441e-02
2.425134574927205744e-01
-2.697870992635176962e-02
-4.552978645258433377e-02
-1.765178282013317168e-01
9.886129722158765176e-02
1.862244852549629348e-01
8.457239559392946970e-02
-2.287516086589909958e-01
3.099349092278718132e-01
-1.056359819004999978e-01
2.169061505835242522e-03
3.438854550962535117e-01
-4.346566486748866254e-01
-7.611723791736661748e-02
-5.771625777898971993e-02
-9.601200482770048950e-02
2.866052190797012122e-01
2.699814269633161179e-01
4.874491716258427115e-02
1.393443096617946464e-01
3.294506475719656269e-01
3.425418475578665967e-01
4.577058951669796955e-03
2.309710685564321242e-01
2.065782647868292521e-01
9.087809611811756838e-01
4.742450742876821307e-02
-1.754912998947093516e-01
2.873336317642569138e-01
-3.532006648906638787e-03
3.166121320591873123e-01
5.000077369198032695e-01
-6.859475818621797727e-02
5.095296572766539606e-02
1.289112164392596238e-01
3.274066149465034159e-01
-5.527833823800186730e-01
-2.571364101285196213e-01
8.653335784902477235e-02
-7.152995132557221636e-01
-2.763729805099857106e-01
-2.712125488685482311e-01
-7.694553871578029003e-02
1.333946359348771593e-01
-3.165696126701699614e-02
2.603728002387493135e-01
9.097641203463639747e-02
1.489835420332525917e-01
-7.474795206545377380e-02
-1.683175866730825809e-01
-2.078948051027491584e-01
-5.656609500117970590e-02
-1.825318927162083160e-01
2.381417562710730351e-01
-2.330296655949304907e-01
-2.493761448667456415e-01
-1.258337040994809281e-02
-1.522886343054294100e-01
-2.015025488809928933e-01
7.582298944943037522e-02
-2.128416142339402406e-01
5.165700020700461081e-01
-1.454530603803002309e-01
1.377141230089960477e-01
-1.898444484513440722e-01
1.193644705073481221e-01
-2.073147298468650535e-01
-2.368960134965385766e-01
-2.027492915021810449e-01
-3.634954068770206992e-01
2.797957723523534779e-01
-2.322974985600648190e-01
-5.561976175741931150e-02
-2.643885118880707208e-01
3.915017056703984921e-01
-2.373193325898274517e-02
1.200287116906455405e-02
4.603010052080402370e-01
1.753221026563395180e-02
-7.108447191006651844e-02
2.305219615331051131e-01
-6.204216901327694149e-04
3.943968158032281068e-01
3.001289511078582550e-01
-3.232342262547806544e-01
4.612094640524602024e-02
-3.250722922006426541e-01
4.771971362386076554e-01
-6.651680240712899705e-02
-2.888772828760713396e-01
-3.457589270693759431e-01
-4.508812410946085314e-01
2.897145547057704551e-01
-4.015430530174842749e-01
4.284403866341811584e-01
-2.278782206818928124e-01
3.460791588586579759e-01
-6.552114555221690839e-01
1.459700485982619034e-01
2.357187140763992717e-01
-4.953799447978382564e-02
4.209748711890884398e-01
1.947327601540866857e-02
-3.312377458080408843e-01
5.838629347382195967e-02
2.865039773714764260e-01
-3.025243667177774862e-02
-4.242525448491433204e-01
1.864760626414457279e-01
7.740843468215971579e-02
-2.528770000340478386e-01
7.236247740720264110e-02
-4.206370444959288690e-01
-2.788531613580130242e-01
9.820255727144486246e-02
-2.657288247898728084e-01
2.245428406869495741e-01
-9.796138267997593629e-02
-3.430795989816491920e-01
1.547085215628327126e-01
-1.700143460896997027e-01
2.018734003147818756e-01
-6.395586565240535259e-02
-1.345340834431084098e-01
1.473553391372383892e-01
3.651782492680790554e-02
-1.597939467052001128e-01
-2.427669691188627243e-01
4.681012206874265447e-01
6.855900466691892958e-02
9.978748788729950581e-02
-1.790307952931332117e-02
-2.481081548180129881e-01
-2.926477325351220515e-01
-2.574776158947162941e-01
2.052302936123794330e-01
-3.496623775962873215e-01
6.865111537616512827e-01
-4.243170322064667710e-01
-3.162119519708209703e-01
1.313208435575798083e-01
-4.509630625514214342e-01
4.590880332425475996e-01
4.071476345552666465e-01
-2.844427592653570036e-01
-3.730099040026784163e-01
3.864934597942193406e-01
1.894706216005398736e-01
-2.816143176058975017e-01
-3.054400665584621755e-01
3.513735572979912458e-01
-2.580482663207678828e-01
4.544320109309276656e-01
3.616259429625803823e-01
2.032139208152044796e-01
-1.000749133505218075e-01
4.180205615572341604e-01
2.952860505945040237e-02
-3.097884473011526807e-01
2.057696503939064059e-01
3.517877598399246075e-01
-1.897443164583296482e-01
-5.247310727722320767e-02
3.698264309909251590e-01
-2.425222945539437513e-01
-3.026900037041114211e-01
2.481497610275863741e-01
3.971503712481462278e-01
9.857282097153652334e-02
2.519068713740891807e-01
2.534427810625619268e-02
-3.864967312153765044e-02
-3.859710564598675675e-01
-3.671887453106671972e-01
-1.237989232346466406e-01
2.678370648887897221e-01
-4.028778259623881364e-01
5.303664773564721324e-01
3.598491437501943335e-01
-2.411207032283801122e-01
-1.338194328311959058e-01
-2.994724339113553901e-02
4.365769662655371902e-04
-1.575338141623283672e-01
-1.531488797258711843e-01
-1.952988541676012324e-01
4.863172143996612878e-02
-4.597916673908632873e-02
2.647776318047991850e-01
-4.201436568829365892e-01
1.412907172894563579e-01
-4.770220768567642877e-01
8.120674703245210624e-02
4.367085242584419214e-01
1.997965798505252355e-01
2.812066679651975543e-01
2.864418042335792336e-01
1.181232191326369307e-01
-1.336438034507824932e-02
4.861922506573851388e-01
-1.257983281126495434e-01
1.151738348995084427e-01
1.129475338151876979e-01
-3.554042496842155230e-01
2.644061896142660406e-01
-3.089386355845571974e-01
-7.636409774964064701e-02
-3.058015014792477282e-01
2.591585624937189358e-01
-2.488174948882269644e-01
1.201979086191944379e-01
-1.551352805370798948e-01
-8.409458491980409400e-02
8.950749029918517174e-02
1.097307260347911428e-01
5.213798878714932805e-02
-2.122686673343622543e-01
2.099914421449215751e-01
3.679989994917849949e-01
-3.769480375645168496e-02
-9.653895159484335298e-02
-2.791521807423945623e-01
1.954711415262218798e-04
1.958368421834142392e-01
-9.760338595749785962e-02
-2.713447478734873908e-01
1.486765408675772004e-01
2.779421328795387836e-01
1.074003755142349942e-01
-9.182786374045311117e-02
-2.726329958149206201e-01
2.564535402460396130e-01
1.778588132929977972e-01
2.540997376584869238e-01
1.149830112436643070e-01
-3.617447202454106975e-02
2.071819280540302677e-01
-4.693688196010520897e-01
-9.476735480169728998e-02
-7.398236171333649747e-02
-1.044156535300421185e-01
-1.699192074573739608e-02
1.526935902171937254e-01
2.190212064047254714e-01
-1.250120343497329312e-01
3.192369659035602658e-01
-4.241979596269031538e-01
-3.897316653922296148e-02
2.295940937254507819e-01
-4.213874971352588733e-02
-2.749011670193168833e-01
1.305294787443661043e-02
2.863449803335446631e-01
-4.969038604254741309e-01
-8.514141487093458693e-02
-3.741564312985778528e-03
8.005148868946390661e-03
-8.960828839205233626e-03
2.127027005699956563e-01
-1.126238330664449255e-01
2.487604772177159640e-01
4.619776684485678298e-02
4.668585007819641142e-01
2.957257355495567230e-01
5.721463556518650850e-02
3.776819722504377586e-01
2.526852818051876781e-01
5.482853329974239631e-02
7.817055385619310626e-02
1.212426163382792493e-01
-1.961321876664377795e-01
3.624787398766989854e-01
6.907006001504295556e-01
9.642942927392919583e-02
-8.264540250782510811e-02
-8.511121764545079293e-02
2.283001359098336680e-01
-3.115453988560940579e-01
-2.400784149895605901e-01
1.078327662091149303e-01
8.848889641321952548e-02
2.624496757816631165e-01
4.293754456352349286e-02
-3.782867554009403110e-01
2.992150200337828636e-01
2.354174031625175245e-01
9.372737090266697324e-02
2.368916592554933323e-02
-7.489207619848030351e-02
3.927036164447803013e-01
-2.566998232799902815e-02
1.386193967386346870e-01
-1.143061250235900550e-01
3.393061272019470831e-01
4.476730720072813474e-01
-4.508998513163808286e-01
1.065170064616042911e+00
-6.221844521982176079e-01
2.255851454416939184e-02
1.105134036343685677e-01
8.582476857189592911e-02
2.587838284831906477e-01
-8.419441459658209836e-02
-2.349016510343640562e-01
5.590024775903861265e-01
2.067377195986751237e-01
1.022580983743600624e-01
1.790269764402594999e-01
2.625278147418014241e-01
1.143080641697876709e-01
-1.818683124074217949e-01
9.750243924553185504e-02
-4.299636724340761273e-01
7.292711633127595128e-02
-4.419989909899751934e-01
-2.278247108955657463e-01
1.732886627919025535e-01
-3.581322351480299426e-01
1.868738489722269192e-01
4.523572872772452236e-01
-1.515049322408877075e-01
3.030861920112994934e-01
-3.419323809708821327e-01
-6.088459296531074649e-01
2.881842377101405672e-01
-3.259324278462804592e-01
-1.020826785922066271e-01
-1.302391985006288444e-01
9.396765845113759855e-03
-8.334776424065208633e-02
-2.655302198849000539e-01
-2.394732980970663838e-01
-4.666533859706725740e-01
-4.227804038420586719e-01
-2.745368328160814886e-01
2.338240635363696418e-01
-3.763856961362843645e-01
2.461031129328362932e-01
2.196839434392645549e-02
2.309302744734376134e-01
-6.676275456061066260e-02
-3.448432890596276335e-01
-4.541985444720604559e-02
2.570500132164896950e-02
-3.495804360139111999e-01
-4.314250459226263157e-01
2.058993863906191935e-01
8.908382103806808394e-02
-2.061774123363810385e-02
-4.360131104890190290e-01
1.098795738510884856e-01
-5.453228380718138507e-02
1.616643947949538695e-01
3.314886266380166480e-01
4.326641713561872604e-02
-2.711752439524121039e-01
3.809310878445276161e-01
1.438009809292255248e-01
-1.705531402231580049e-02
2.905895140966731002e-02
-7.667001412015322925e-02
2.479139535244179460e-01
1.316815269652483744e-01
-1.747840489548222742e-01
-9.887901590239647764e-02
1.607870655001620436e-02
1.262379727519517825e-01
-2.699510199283770562e-01
1.566609347933253793e-01
5.399522845626903989e-01
-3.199234466315593606e-01
1.436945065323492511e-02
-1.485964055660966288e-01
-2.650600981894221664e-01
1.507537798674896956e-01
1.455798229776752439e-01
4.156950685736312545e-01
-1.451882811216078165e-02
3.020150395736604168e-03
4.038587018665990708e-02
3.730180303667900849e-02
-3.287356729093340868e-02
6.456184811383633426e-02
1.217519044405735718e-01
2.237127351263792641e-01
1.790273500515849880e-01
-2.386226120572926268e-01
2.234079627983569516e-01
1.768641404991480592e-01
-2.619025471620988754e-01
2.024197186812125848e-01
-3.321146844799325454e-02
-3.423134066470049364e-01
-2.183853357314988752e-01
-7.614676745852068385e-03
1.040833224888952357e-01
-1.894598422474183808e-01
-4.077191877563112604e-02
2.087319389744287657e-01
-2.324589319494122230e-01
-2.650756785509156971e-02
-6.218913429966722167e-02
-1.386112162387248825e-01
-3.282521722690673327e-01
-3.488174584825475266e-01
-3.822717562985529782e-01
-4.288001267533603916e-02
2.451848718877680522e-01
5.866152362417671046e-02
2.798237848286120460e-02
7.536599249894078423e-02
6.870228449144523408e-02
-2.532245008380139550e-01
4.822900921279970610e-01
-4.033150059861174974e-02
-5.417826694391196796e-01
8.072328855636164979e-01
-3.596174587831732494e-01
5.121791424300213835e-01
2.042731093186534730e-01
1.834726405542830840e-01
8.016581283526719170e-01
-3.286445068348258225e-01
-3.261553042843716721e-01
3.356256939500760761e-01
5.897297415801181497e-01
-1.754094315334870924e-01
-7.541439130211163855e-02
2.293239167312126348e-01
-1.286215650990793768e-01
-5.898481525721840368e-01
2.193914009746220639e-01
-3.814447218907239257e-01
-5.819898916102362457e-02
-1.703379293600595923e-01
-5.498293841341552607e-02
-3.709151119493755422e-01
-3.575584539851385090e-03
-8.002363792382649610e-02
-1.508556647358719194e-01
3.530576110347818930e-01
6.422106263767279888e-02
1.067748392584827732e-01
8.807168455656463890e-02
-4.879408869665811666e-01
-9.987760134107870336e-02
-1.133852809448232662e-01
2.022543657812711504e-01
3.472110615149715668e-02
1.147072835366896443e-01
-1.988247367430893697e-01
4.183426042324278060e-01
-4.980920163003466072e-02
-4.550834818264436893e-02
2.092441597187445212e-01
-9.984230724382221756e-02
2.347147726695870129e-01
-5.103408342186209756e-01
-1.142661774452664869e-01
2.724212633846013754e-01
2.532061678535008631e-01
3.431261802343858053e-02
-8.743746604631734420e-02
-1.159867257268641996e-02
-1.632905329625993773e-01
3.510811443553052413e-02
5.081615131597275736e-01
9.527807894921942744e-02
-5.948894362187424623e-01
-3.009003652433268061e-01
2.323803106091729739e-03
1.540882707579176447e-01
1.272974887075534189e-01
5.602416354590553094e-02
1.821786864257383121e-01
-1.317622209600050609e-01
1.639744666844304422e-01
-5.191489559596624420e-02
8.008770724524290341e-02
-2.622858804949490530e-01
1.063771162596392483e-01
-2.465067225272314089e-01
-1.682897811945048838e-01
4.192181185826148182e-01
-3.035733020380309427e-02
3.039948450824619397e-01
-1.737631801290051292e-01
5.838360023488365913e-01
5.309559358779202681e-02
-1.200593576082754910e-01
3.125245815772541014e-01
-3.327856577052087927e-02
1.283572541670512934e-01
-1.041350255129079860e-01
3.655189895774511033e-01
9.267511522662415235e-02
-1.862383342797584163e-01
-5.155300646968613565e-02
-1.479953285039592101e-02
-5.038585645063494572e-02
-1.042940890684265487e-01
4.345650140502625436e-01
1.862250045710115709e-01
-3.301021363343323300e-02
-3.190246977677440587e-01
7.748277184535702633e-02
8.010398600787374535e-02
-3.478405843940713532e-02
-2.563608265346569715e-01
-3.114155529072787920e-01
-2.246717451589997638e-01
-2.615360740353296909e-01
1.804858965581151997e-02
-8.827172267463154198e-02
4.953302494182356547e-02
-1.212650234327847937e-01
3.046941187629781042e-02
-6.279777562095019139e-01
-1.642586382099453512e-02
-4.045194748557995323e-02
1.693339770116595311e-01
-4.235567428410882962e-01
5.901365895084133978e-02
1.080869689957430699e-02
-1.443375429233508152e-02
8.407241535558200585e-02
2.659924989788329808e-01
-2.664178244193059208e-02
-5.036128759513575082e-01
3.107569124356747703e-01
-1.756779179162069049e-01
-2.623468209782064617e-02
1.370625532066103991e-01
1.794663324877437960e-01
-3.104090081690102920e-01
3.212963400943756875e-01
2.190341739321328973e-01
1.706015870281187563e-01
-1.558593528096595959e-01
4.043284062231961712e-02
1.192090856477838606e-01
2.907301389964104255e-01
6.495616419894219284e-02
2.005649838774089533e-01
-4.935284850230385878e-01
3.626855553056234083e-01
1.612052021753826794e-02
2.215231640523296630e-01
-2.351867729696183740e-01
-4.627509850986386564e-01
-4.840505670886127709e-02
2.723433663155985229e-01
4.262947981750465631e-01
-1.127525141289360266e-01
3.833895950626550753e-01
3.261636241089236332e-01
1.110777579721926311e-01
-2.207678995210108908e-01
2.357975559982367630e-01
-2.602165072715607597e-01
2.011076612773649852e-01
-2.457374008697489065e-01
4.097330271692035952e-02
-4.948762960454273357e-02
2.221247051285148155e-02
-6.264209354761951509e-02
8.852616860741612248e-01
-1.870364772739309123e-01
-6.161211061412288359e-01
4.823888638711393284e-01
8.508892975121340463e-02
1.868311627139395137e-01
-6.430671498713265433e-02
-2.821948613549130069e-01
-3.745511833808163327e-01
2.949405134797749017e-01
-1.423836100487802514e-01
2.500934225267691380e-01
3.356530265579499295e-02
-6.818283120478521586e-02
-5.106573327624204517e-02
1.715247095115108311e-01
7.655845385860528263e-02
2.610356977372439435e-01
3.291389561699143984e-01
-1.300472266349037564e-01
-2.895625505211314038e-02
-1.496958954784239348e-01
3.215732718476219110e-01
3.380532828378721710e-01
2.329118571740534105e-01
1.474414185846959213e-01
-3.154500529412760379e-01
3.405249927456442394e-01
1.565492494744890051e-01
-3.834972253148788424e-01
-4.097678377307129027e-01
2.555316900806958724e-01
-3.744081935960931196e-01
-1.607319509725563256e-01
3.728580931437797119e-01
8.254765969887226107e-02
2.240647424733686610e-01
2.224750740160055112e-02
-1.285500851770440545e-01
-8.665002145640490760e-02
-2.397875127204489865e-01
-4.263111241060667522e-01
5.286190843089226543e-02
-3.563056423641421389e-01
2.441160368284346974e-02
5.595268630769785201e-01
-1.289339384892286278e-01
7.675259193399406980e-03
1.590156575247731602e-02
1.833006763063696823e-02
3.377045943540519790e-01
1.645392300631117466e-01
-2.868139865848038927e-01
4.157806223297504794e-02
-5.944071384362339949e-02
2.312508431110451290e-01
-1.899355039709505755e-01
-6.665335963555628351e-02
-1.102995265423999116e-01
-2.337184457646749036e-01
-4.602747840871340701e-01
2.499594451619970570e-01
-1.026099817030228512e-01
-3.276503333667744045e-01
-1.252825519343651606e-01
2.407796375867337080e-01
2.473768473135591339e-01
-8.388803405011023562e-02
3.027396053769257703e-02
-2.336796258339039201e-01
-2.650821643050299201e-02
-6.405086238058653458e-02
2.348305961121549285e-03
2.721276826301722296e-01
2.449825055807668406e-01
1.451020990038193736e-01
5.599195305857933569e-01
6.029929411569876982e-03
-3.661498244281688463e-01
1.298610636797701834e-01
-1.885373967824571784e-01
-3.593698813093505473e-01
-5.485180635918408820e-02
-2.866216790215230237e-01
-4.209733585290000024e-02
3.515023276019082488e-01
2.781550542073851773e-01
2.111870940990898948e-01
1.072765586962239892e-01
4.797376982531350587e-01
3.770829258097163628e-01
-1.904480363156422773e-01
1.555677176982507015e-01
-1.813340931909749598e-01
-3.325752662633347789e-01
-1.101802433160075645e-01
-1.425666563250244274e-02
-3.812773594350238326e-02
4.087177296380777869e-01
-4.486022285823329514e-01
-2.484103743128667774e-01
-1.311314173374446557e-01
-5.634865264089702896e-02
6.493160649476078516e-01
-3.209303032361223718e-01
-9.794818677668357121e-02
-1.122038802422321707e-01
-3.327939303893832079e-01
9.888252942653077970e-02
1.216752520486702460e-01
5.434275189403856565e-01
-1.218857012285685659e-01
1.058950464769023991e-01
-2.863532050541501076e-02
1.476189092147226845e-03
-8.450559103872980204e-02
5.400314406717657625e-03
-5.058722525192364122e-02
-8.320662480769387345e-03
1.895678088393286387e-01
-1.284653631061761885e-02
-3.908376888557472950e-02
1.074727125172156017e-01
-7.535484356558012995e-04
-2.696710915441401513e-01
-5.657455851179316042e-01
-2.768286184139832629e-01
1.632961209029402394e-01
-1.744713872632790153e-01
3.542464077596544497e-02
6.853537025055929377e-02
1.111221884319149866e-01
8.572886067636528717e-02
2.907265878295539063e-01
2.239708759264073534e-01
1.011805246903231953e-01
5.015835752026270855e-01
1.095335748885594152e-01
2.624458942829140939e-01
1.463171476782017810e-01
-4.507251940505715981e-01
-5.025966836609162963e-02
-1.218021430583092618e-01
9.810759913804634191e-02
-2.009832139201804257e-01
-6.979549431133569293e-02
4.120013369474945231e-01
-5.932740185964800739e-02
5.461595774838905182e-02
-3.561749179054634618e-01
3.191554259734060706e-01
9.174326609941233501e-01
2.234458295118767479e-01
1.367799025388742040e-01
2.673651959986629856e-01
1.839170459528027823e-01
1.724879845776950416e-01
-8.267801558731992717e-04
-2.607933210545154701e-01
6.578654595037045638e-01
-1.475400790307400054e-02
8.988332092781042837e-02
5.283328553365266300e-01
-1.771754201239804927e-01
-1.225539704804941704e-01
-2.347205412780493383e-01
4.718970267121418427e-01
-2.576893823305976272e-01
-6.745749500747626470e-01
-1.948589968349481449e-01
-4.320865905898051418e-01
-1.739945709484105041e-01
1.319463617856641013e-01
1.611861210357272700e-01
-2.176119626757736236e-01
2.872024924094460085e-01
1.383893872180214091e-01
4.074435834401560208e-01
-7.907235445091298498e-02
9.566564837882101865e-03
1.408382383323392717e-01
-1.166075397140736158e-01
-1.204529280592428475e-01
3.257114681084836722e-03
-6.137462605868413551e-02
-1.626532108580451830e-01
2.612873027235301793e-01
-7.488383648777681423e-02
-3.993584899288171730e-01
2.026388089096236300e-01
2.540354171579677356e-01
-1.689033019819974057e-01
1.486653987790221287e-01
8.048880624849751031e-02
-1.054949337763263356e-01
-1.745956846985916577e-01
-1.910953879141034928e-01
9.636943465152682242e-02
-1.605341071604566294e-01
-3.996969866638955260e-02
4.559720810204917485e-02
-2.395674314588656373e-01
-5.320931333121520224e-01
-2.054454795729327987e-01
-5.014337136728568706e-02
-7.665331208222186943e-02
1.592564912100307151e-01
4.089618011272113662e-01
4.261259227951409434e-01
-3.015736005776283868e-01
1.734511518080834036e-01
1.588078085357281510e-01
-6.246596986304531196e-02
-1.605318720615945272e-01
2.848251772201437770e-01
4.552676344081972304e-01
9.243271204299030597e-02
-1.710949510317679723e-01
-4.022081986814795562e-01
3.967638489823874792e-01
4.996128371835209525e-01
9.995877830348454118e-02
2.574819034725798206e-01
9.819253719697206007e-02
-1.238750143640149487e-01
2.111309234258198497e-01
1.201321024044395558e-01
3.105181957190526476e-01
-3.927713019566557717e-01
-4.148738204861340817e-01
6.153770930478982271e-01
4.840308571128548731e-02
1.502360963074910738e-01
-2.588222641149689474e-01
1.186841823787635197e-01
4.847741608437386440e-02
-1.166442746555855919e-01
-1.992100587060012806e-01
2.894319455083336767e-01
-1.322785943531202824e-01
1.501488691172691821e-03
3.373243017428516621e-01
-7.452492012452377468e-02
-3.726786137655747067e-01
-5.897584967213960194e-01
1.025258107143925679e-01
-2.407429816776038012e-01
-1.872520708505180376e-01
2.012056512677638798e-01
-4.580174518682081919e-01
-7.787333225359435555e-03
-1.782721672446476446e-01
5.506030353572831382e-02
5.070102892074788148e-01
-1.719279204750443768e-01
-1.014549914426267629e-01
2.039015873354203534e-01
-1.144812424579664221e-02
-1.215834106371724704e-01
5.607135769114500456e-02
3.389000147365629489e-01
-3.308405179586695888e-02
2.374552680057111578e-02
9.673261469436346405e-02
6.575742077773933866e-03
5.551502426160042844e-03
3.687988685462210703e-01
-1.671164453249697757e-01
-2.917983075743634247e-01
-2.560857517355456525e-01
-1.479133351930604079e-01
-4.994138148820268658e-02
2.380098210219957003e-02
-8.741503975041459151e-02
1.272717726895973289e-01
7.900246153196806287e-02
1.056319567734730069e-01
-5.010611912066570590e-03
3.610706088783837697e-01
-1.443855771395443077e-01
-9.016972750861300401e-02
1.718204229242392689e-01
-9.793371694245893433e-02
4.807362086245676319e-02
1.160618504495383591e-01
1.565302256845004791e-01
-7.490129296367092904e-02
-1.555735716752111863e-01
-2.714506447737198847e-01
5.925356145527889140e-01
4.324296632126210516e-01
-3.852015349658609589e-01
1.422263334061660833e-01
1.669174546474207488e-01
-2.047989285497822110e-01
-5.537521651732432160e-01
-2.578008191584107434e-01
-1.840412968603656607e-01
2.299615728415830007e-01
-1.928205385719948817e-01
-2.041193887075568592e-01
-4.623045077021565308e-01
-2.902361278800318356e-01
1.804308477239636443e-01
-1.277769061498557328e-03
-2.319978214124478744e-01
-1.205497854523566448e-01
-3.367903318169383486e-01
-2.371344253920109890e-01
4.597383363349493574e-02
-1.786686049750133842e-01
-3.717869485741326918e-01
-2.318542347270059756e-01
-6.559076540842889713e-02
-3.801839693940317622e-01
4.059929487717038321e-01
-6.945741858056779516e-02
1.433972030146667964e-01
-1.590856765986295995e-01
3.828145716037418406e-02
-3.181565432566895169e-01
6.293311036906920619e-02
-2.559109860935408487e-01
-2.380586076731650014e-01
3.055234377136606741e-02
-1.995060948781462173e-01
1.777633948533068331e-01
-9.061228907357926632e-02
4.679918778898323750e-01
-4.452237909942048377e-01
-7.922088978608148035e-02
9.694305626299819234e-02
5.068598473103266312e-03
-8.451767747541551190e-02
9.362332795716636624e-02
2.146339119121311867e-01
1.288818479003389084e-01
1.436100766371932458e-01
-4.741977807942411305e-01
7.448053732294870333e-01
8.898149318342644110e-01
7.591404250457314817e-02
1.959317948534800846e-01
1.471493181379427140e-01
1.868814880624382335e-01
-3.969489045672965899e-01
2.309529732429705939e-01
2.722934141156265753e-01
