-1.443247815995550631e+00
-9.370319318373979689e-01
-7.123288538736837205e-01
1.898178299469633901e-01
2.528939434112773554e-01
2.286694213779505158e-01
-3.081265521603000046e+00
-1.631300203861213993e-01
-2.737551858087783896e-01
-4.090173137954351001e-01
-3.276755531660153209e-01
9.538904918189747284e-02
4.824810542615227127e-01
1.393247115407842962e+00
-2.929127295108293061e-01
-2.067755916722403831e-01
7.137236717389933149e-01
1.272750848644546684e+00
-7.165399496176909355e-02
1.254761864950159067e-01
2.152229765112864679e-01
-1.374068575280466831e-01
-5.301121753537130221e-02
-1.837341793828760339e-01
-2.149318933194427437e-03
1.985658534863180003e-02
-4.545726474234394049e-02
-9.340128656570507656e-03
-1.890147564780522704e-01
1.987827257108057688e-01
-6.365313829377236554e-02
2.706945325111758671e-01
-5.321950031776974052e-03
5.679578030925928195e-02
1.112382384095073617e-01
1.277494344393187986e-01
-5.606598894562347252e-02
6.439071977825208681e-02
1.774192802777667388e-01
3.865624388120821875e-01
9.583118222128302888e-01
3.844555122665462843e-01
2.027245500229994390e-01
-1.235173925996392030e-01
-8.297303285100701697e-02
1.426285942487061538e-02
1.564086273790196824e+00
5.273957101083474874e-02
9.194076479161858440e-02
9.522012280841676141e-03
2.704789721801646452e-01
-3.863638619082479519e-02
-1.837020489822718816e-01
1.210565750760061177e-01
2.507540294982585002e-02
-8.431404078947143943e-02
-4.188737496861610551e-03
1.839715123327236024e-01
-7.384355825461058620e-02
-3.302136288322408270e-02
-1.079622293055819471e+00
2.071060799919972606e-01
-1.725922469846911389e-01
-3.369212411789623829e-02
-4.330040554150630938e-01
5.621061244238227672e-02
-6.365344289991994864e-02
-7.789633094097321298e-01
4.336544402698908063e-01
7.067473438096122385e-02
5.495837724105092637e-01
-8.280322503597955519e-01
4.225677964075770787e-01
1.081474857036910792e-01
1.484797999682712366e-01
-1.957834257142442858e-01
2.035483057667415996e-01
3.124440863459477559e-03
-5.084817869913748067e-01
8.327311841095952349e-01
-5.621698879532615045e-01
2.589203499833689706e-02
-2.037258046580216475e-01
2.558225389018094556e-02
-5.783252905225898521e-01
2.036363556786339665e-02
-2.863900906725016515e-01
-5.179747126505133137e-01
4.542101416334194952e-01
-8.602156103537070275e-02
-2.936301029569957088e-01
-1.059609496383522170e-01
1.507714075668367126e-01
2.399343396526006922e-01
-9.167215936503532447e-02
-2.895704927610998070e-01
1.801267848702896857e-01
7.946618911940453445e-02
4.833724785760932369e-02
5.295284623586515860e-01
-3.639883196578063695e-01
-1.504682544609240169e-01
-2.242423422049946713e-01
4.882786829502498704e-02
-2.309683627018724594e-01
3.055515319576144195e-01
2.781629773643521930e-01
7.357122340209323874e-02
1.513704797784845846e-01
-1.088150350883641260e-01
1.147062620074060235e-01
1.864152559377994234e-01
-1.930982971073380294e-01
2.986490566380830547e-01
-2.861112663287515567e-01
-3.138883791417194646e-01
3.202658889554095833e-01
-1.566118551699872130e-01
1.822641548865913327e-02
3.764739717031521660e-01
1.858289118221866654e-01
-7.554019685012026974e-02
9.768799658422815113e-02
6.400236522075022916e-02
6.567825885875293312e-02
-1.597167699883297043e-01
-1.332047873597300425e-01
-5.443748809913446195e-03
3.755126623042696066e-01
-1.333963516494590662e-01
-8.844753681519827715e-02
-9.674824623352197561e-02
-8.575101914017731197e-02
-8.120293823091621899e-02
3.723643330149835617e-01
4.090579018110749865e-01
1.303514654618362356e-01
-1.110578547487789530e-01
-4.319686953991114242e-01
-3.234200152469398626e-01
7.777103159866341486e-02
3.422442447424232093e-01
3.019407767935208264e-01
-2.203509496263075795e-01
3.408139395318469100e-01
-1.653372876222977683e-01
2.649711812277441916e-02
8.357921312114327539e-02
2.210513183701081352e-01
5.072261159397761093e-02
-3.057555203068668681e-01
-5.413047843536883397e-01
-4.242685373988294706e-01
2.705491558696119375e-02
-6.697260112981642810e-02
-4.265870648596048476e-02
-1.272494830398792909e-01
2.840947446110590469e-01
1.540871239494122635e-01
-1.854132531277420115e-01
-2.575873775676535971e-01
-1.793407392234373510e-01
-2.710805765949633184e-01
-2.540173733660076177e-02
-6.886070878574157214e-03
1.242999377160665525e-01
-6.157698121514864481e-02
1.171667116902875977e-01
-1.071837115058828366e-01
-2.969057728116860639e-01
4.108500520274793733e-01
-1.018933255024074974e-01
-5.845725533654212019e-02
8.913280396852936438e-02
4.486251927619189228e-01
-3.875886262152614115e-01
-5.535792598304393325e-02
6.346658101034988175e-02
1.058921252814642167e-01
-8.799731029101154345e-02
-1.826096663088431216e+00
9.325724399814656895e-02
1.406810476917645658e-02
-5.666344548668140746e-01
2.468064412558548248e-01
9.302953448632070299e-02
-4.033158701295381787e-01
-8.770258709542175790e-01
5.346448573775418600e-01
-6.644735336109751644e-01
1.214395201092128944e-02
-1.061959951561130433e+00
-1.148870163603844391e-01
2.551554855557502943e-01
8.116130301960820803e-02
-2.818172628627912610e-03
3.979591441645429772e-01
-1.069652747222823025e-01
-2.441723267658965635e-01
5.946224743765876619e-01
-2.379394208940606159e-01
6.955586855741874297e-02
9.358283233437295068e-02
-4.964732757292475984e-01
-2.141872707305114421e-01
-2.018695726406528057e-01
-2.661283588739130068e-01
-4.888439842300310034e-01
8.603128316265505615e-02
3.325940558819727444e-02
7.490793641714516005e-02
-4.110711120600865076e-01
-8.119033795847567514e-02
7.435103792895292329e-02
-7.727830829617063184e-03
5.251585988710668479e-02
-8.327792006167403227e-02
-4.085241908504415598e-01
4.674897048984555936e-01
-8.024093811291127532e-02
-1.534456675704549411e-01
-1.876254282506968907e-01
1.167376739445324524e-01
2.498537625209163449e-01
-3.316526579573876310e-01
-3.086172003373561790e-01
-7.804117099017054970e-02
4.666729240364431153e-02
2.343249465554557709e-01
3.234214549948746797e-01
4.922305689425951307e-03
4.775145403397151322e-01
-8.473850935061725750e-03
-7.378950234470151026e-02
-8.185138540718089883e-02
-2.924296082375264505e-01
2.185408922858838587e-01
2.257109513670370604e-01
-3.048718445074821148e-01
1.540352900889332965e-01
-2.855070467343385765e-01
-2.507686538494771633e-01
-1.780582785393633183e-01
4.189231566947884677e-01
3.729594113390254928e-01
1.034933906012609935e-02
2.812570651107491604e-01
-2.510089020028126727e-01
1.552930751052542802e-01
-2.838190950191150919e-02
-8.028266609717363278e-02
-3.945032032636839325e-01
-2.804862171348229127e-01
6.285252419695880333e-03
1.393924062324650680e-02
-5.251959272422969116e-01
4.675749078914909762e-01
-1.753059153154583882e-01
2.329629888092034362e-01
2.815893859413308165e-01
-2.343760508908545870e-01
-1.788409054985434787e-01
-1.468763599900241856e-01
-1.697610379462346220e-01
-1.081233417807311997e-01
-1.364344437909265351e-01
-3.570414865323476294e-01
-6.134893194182734488e-01
2.587955770072000727e-01
-1.134722687389687623e-01
7.525461434626722068e-02
-3.478449046655140986e-01
-1.238666476577839071e-01
-1.847296869624162341e-01
4.303861736732249033e-01
2.638073251659239227e-01
3.467696316932220579e-01
-1.982794530343607586e-01
-2.357255702043779821e-01
2.881311010467908496e-01
4.918532835570456063e-01
-3.245817817740820344e-01
4.382663693831119200e-01
-3.282499005982906226e-01
1.498684294872976719e-01
-4.699556954065609027e-02
1.683840886592794656e-02
-1.219298418392614995e-03
-1.680487984167494675e-01
-4.273648906391770419e-01
-5.427526939570231912e-02
2.370780276748937765e-01
-2.246311061872542369e-01
3.177025170851293101e-01
-1.241436964825776285e-01
-7.969233687146783096e-02
-3.691894161475278158e-01
9.218940985068782568e-02
8.479050179908094453e-02
5.281441759395378438e-02
6.693560380920310360e-01
1.350329237826230488e-01
5.446092883645593519e-01
6.641821413837531995e-01
-6.513088040298548043e-01
-4.052920654885038276e-01
5.582309047382880696e-01
1.571213255670376452e-01
-5.933703482731429446e-01
5.046475788609553481e-01
-1.283301479916530430e-01
2.043355257547140869e-01
3.517270774381728859e-01
-3.549668108526009003e-01
-2.711104966818037587e-01
1.549764455108250394e-01
-1.837971745039017335e-01
4.635084074841359092e-01
-1.683902707297646184e-01
-6.490115719756983648e-02
-3.222424116807092731e-01
2.209751133562011804e-01
5.254739333654844247e-01
-4.633693585527277614e-01
4.249660533429120424e-01
-9.285843691505196729e-02
-8.691018626068799935e-02
-1.329529670019520271e-01
-2.581765818419562986e-01
-4.175106715422701176e-01
-8.608354349822457119e-02
-1.292282176544083672e-01
2.578096469410975228e-02
-1.031347698557058025e-02
2.916608106644493770e-01
1.429185600861562211e-01
-2.230962466543334188e-01
9.861366847682760950e-01
4.321073696947346637e-02
-5.473861273494621260e-01
-5.625372760199135458e-01
1.464643227594102093e-01
-1.677772690797048674e-02
-3.157488340378460101e-02
6.013013114476728482e-02
4.624338218369227621e-02
-1.375302063268742658e-01
2.542459302209766903e-01
2.880942907719732382e-01
7.012846749661139079e-02
1.258557190878171750e-01
-1.648617428287053321e-01
-1.175893039541568985e-01
2.660480425716441610e-01
-5.912797239624594664e-02
-3.601967526567834144e-01
2.777490202732395552e-01
-3.618965809740902206e-01
2.057646443708012196e-01
-6.750690474409805353e-02
-4.813764853557060686e-02
-1.097144250816516065e-02
6.843386618394872722e-02
-4.665952666032359419e-02
-2.875860596575636197e-01
-9.956926771003064836e-02
-2.230802643473319691e-01
-5.478708022682157730e-02
-2.027204175461721214e-01
-1.502193919186061918e-02
1.820375089328845133e-02
-2.888736852998044502e-01
-3.718909256173018596e-01
4.241379444336176169e-02
1.907232274361493340e-01
-4.352735739008395388e-01
-3.112418298842605235e-01
-2.946465744526619579e-01
5.151355621685381747e-01
-8.755641566872336690e-02
-1.241937010872751629e-01
5.961802363854392661e-01
1.677004034623227058e-01
-1.987540062051205703e-01
2.022539320512559691e-01
2.182753881435760962e-02
-1.253919938329973449e-01
-5.545808709314080376e-02
9.742627885128904430e-02
-1.325466678883249760e-01
-2.748658280799389647e-02
-1.662848651560003277e-01
2.997194245676862434e-01
-1.294627951591287018e-01
2.379018667191783454e-01
-1.219262334705137202e-01
-1.606185250423124988e-01
2.183229280562584418e-01
-1.078051587551831503e-02
-1.227326360828113333e-01
-2.863553711959652692e-01
-2.745221470055103641e-01
7.043838966544503366e-01
1.428957629662248319e-01
4.779064880111032199e-02
-2.118653416110887755e-01
7.038627558643080206e-01
-2.457971275163588765e-01
-7.288101389376313577e-01
2.153645518823759653e-01
6.534123859479853969e-02
2.393846258518546669e-02
-1.655283321681887826e-02
-2.439531367582678245e-01
3.150893080212576747e-01
-1.180391481903570045e-01
1.848432979998026679e-02
6.862123244649133147e-01
-4.313507188388730068e-02
1.686585088093374152e-01
-1.253978205353563080e-01
1.269391097915530398e-01
-6.464877901938333171e-02
6.879578107687593647e-02
-6.666484369059745563e-02
1.259228183505801957e-01
8.418985560378303146e-02
2.391903334550204985e-01
7.437526655780206386e-02
1.123019215454850034e-01
2.235018880899788396e-01
1.758016583993917692e-01
-3.257116440709358768e-02
-3.700323612620849967e-01
-2.950154060391887434e-01
-1.544255697715603837e-01
-2.264475523147198022e-01
-4.012254923602633916e-01
1.010898175268305915e-01
-3.691146036341335646e-01
3.623048001085912295e-01
3.328203710086921618e-02
1.766534517107612723e-01
-1.040780511692344507e-01
4.607392992251742592e-01
4.166509515720960288e-01
3.629008890552570463e-03
-5.322775339110220605e-01
-1.805704374324846595e-01
1.411743641428901963e-01
-6.120987259901713301e-02
6.958398627728111865e-03
3.102749295179063060e-01
1.830439968319175492e-01
-2.528146703217621916e-01
2.351405985062100246e-01
4.340514851017111993e-03
-2.272311945518247223e-01
1.653573079538075141e-01
-9.186435361148395651e-02
5.722834089699554289e-02
-7.745802562040454697e-02
-2.016644116474384796e-01
-2.020584451395560366e-01
-7.690131765821053844e-02
-9.299685854928442519e-02
4.730122369929635334e-03
-2.606219365975531166e-01
2.097065482300377315e-01
1.854757674950664181e-01
2.020058037805890772e-01
1.848172175961926844e-01
1.425426917601253785e-02
1.185098865877818736e-01
8.737736079159455493e-02
-1.645563028834174379e-01
2.338680726412431798e-01
-2.655051175601459423e-01
-3.191037735574431961e-02
4.333103063010300682e-01
1.000456621032067006e-01
-3.154804055570951688e-03
1.791375006639635559e-01
-1.269671399971176728e-01
-2.972623940461955883e-01
-1.274760175342869346e-02
-7.004055341463957807e-02
-3.412486239740156191e-01
3.173153641920165025e-01
4.257586998116352078e-02
-3.286602858889336454e-01
5.826255114145718894e-02
8.960046653831287011e-02
-1.974423765977568190e-01
-2.319577273562049569e-01
-1.281243922554715087e-01
-4.111365623654721357e-01
1.430431587011934402e-01
1.713875876345158644e-01
1.618306795505672024e+00
1.346158091858156713e-01
-6.653695142436610865e-02
-2.230383680617341324e-01
-1.064480118704157763e-01
-1.581661388444464966e-01
-7.647831692567065229e-03
1.737247567597519637e-01
5.010005974974311993e-01
-1.582641205209258939e-01
8.350395223781007653e-03
-2.349255048236321697e-01
-2.687948908754643207e-01
-6.992063018444603928e-02
-3.049922791142323786e-01
2.276133121781350258e-02
5.628809732459089804e-02
-1.405542742145805823e-01
4.766587589108599032e-01
-1.164888432726143147e-02
-1.030193853357419947e-01
-5.072953513931351965e-01
4.043372575579936568e-01
-1.760118058396905605e-01
-4.938630518754323351e-01
1.278486001547835815e-01
1.117583147583724457e-01
-5.436573079586100310e-02
-2.036398633850680998e-02
1.486642002569110999e-01
-1.274050550854310682e-01
1.583058899441268375e-02
-5.459933353515993293e-01
-1.068168685131283407e-01
5.366868493654721739e-01
2.480346696543246354e-01
4.101294445596999627e-01
-2.033070542177930762e-01
2.527476383583694697e-02
-4.228467028542710615e-01
-1.744594780665252309e-01
-6.111623486025883484e-02
-1.179827332306026544e-01
2.689919754615199277e-01
-1.167373596025173682e-01
-9.749154989546339467e-02
2.501212113753887856e-01
-1.722474186917501981e-01
6.247783896477232535e-02
8.155572761973800544e-02
-2.331362659800333137e-01
2.504719115175860211e-01
-1.053299598355059014e-01
3.075324038826149353e-01
-8.562711514654104683e-02
1.530182352957762948e-01
-4.303786507906869063e-02
-5.291239463523937925e-01
-2.438312666670000572e-02
1.553608675210372755e-02
8.830529235877988548e-01
3.131427708929103715e-01
6.512813601708122846e-01
-2.447266958877994114e-01
-1.360696225226706302e-01
2.789975135796993189e-01
5.983255782640635456e-02
3.344954015627060184e-01
-3.803314757178500316e-01
-1.352464848209143089e-01
6.163394392631015364e-03
3.251618297836497695e-01
-2.475064066403601451e-02
1.444763256751404046e-01
2.739015006541489772e-01
2.128304906404741847e-01
2.543334122160978983e-01
1.133097835593916691e-01
6.386508223884240776e-02
1.608829209243618219e-01
2.186835001292229338e-02
-2.740060578278652459e-01
-2.227310755226946382e-01
4.433239587202044696e-01
-5.381361309414010030e-01
-1.184323305280350763e-01
-2.274812753544795396e-01
-1.240097721326922087e-01
1.425831545422667768e-01
-2.898665883217901307e-01
-7.164396766286616758e-02
1.441543498534566814e-01
-1.466636774166935886e-01
-3.025903523015868041e-02
5.467700819232694798e-01
-4.778134875383401731e-02
-2.303523902150539093e-01
-1.083685594090977311e-01
6.988266439276033526e-02
1.337643177895042335e-01
-3.361672780390085463e-02
-8.356983244090651630e-02
2.970105250311277367e-01
1.100375022266898428e-01
-1.433728270139859873e-01
7.256091869514409709e-02
2.491969647843634283e-01
1.126152292444427827e-01
1.317679596360725458e-01
3.556833377598461743e-01
-3.831897616265259043e-01
-6.861626690766080561e-01
-7.882875087794372071e-02
1.289064700962115617e-01
-4.421869445278082955e-02
-1.844483576329546404e-01
4.213151354341800880e-01
-2.986379509124414966e-01
-5.011195231249963022e-01
4.489204190852085219e-01
3.468410967737028394e-01
1.725588857592964265e-01
4.101867863258220614e-01
2.495361362946355577e-01
-4.275787410107866893e-01
-1.020206466908119836e-01
-7.812759099679583707e-02
2.807836138084461308e-01
-2.387417085595640309e-01
-2.104579788735882334e-02
-1.477356582181587989e-02
3.992555625623879223e-01
-1.229023660448438776e-01
-9.537060759782187147e-02
1.318286638856449866e-01
-1.144313170663935758e-01
-4.489893512102994255e-01
-4.357106018672415315e-01
-1.705071813297466821e-01
-9.830637409817923056e-02
9.343633331511044249e-01
-1.409154442290352360e-01
-5.582452990340984744e-01
1.071255699690067398e-01
4.131304557128968047e-01
-2.487106063538478129e-01
-8.711981952980425714e-02
1.413144267408092403e-01
7.174534761714872200e-02
-4.212140987365531886e-01
1.539346720280129754e-01
3.767170555731496617e-01
1.597666660090166779e-01
2.689682850936618297e-01
-8.070830941916956732e-04
1.265578759171764045e-01
-3.818115055486299703e-01
1.724645960641987830e-01
-1.988188295198729527e-01
1.412806498908446284e-01
-5.420855616028580348e-01
-1.976175423479484272e-01
-6.249580428020241885e-02
-8.419413825458965661e-03
-1.097030381003875205e-01
1.244885074213275405e-01
1.432380582445244577e-01
-9.515867035765478155e-02
-4.989689387400176868e-01
3.903481787553118032e-01
-3.294792102069499240e-02
2.504608150277438661e-01
2.685044609439324881e-01
-3.114365455946683028e-02
-2.132269524290320711e-02
1.928415234219029231e-02
8.425139970590343752e-02
5.056437070305381740e-03
2.158637226727903868e-02
4.445499386502122507e-01
9.016344838463314915e-01
-1.007831781623809708e-01
-5.027458252120532434e-01
1.191300932648746598e-02
2.000732404042556648e-03
-6.686175458378734726e-02
2.051649639680876158e-01
2.002213774669992993e-02
6.574213947013750337e-02
2.447170809755525034e-02
-1.212741117173292554e-01
-2.312605579852179127e-01
1.172003869797793169e-01
6.197404186480696270e-02
1.701971222631051828e-01
2.635378344334445844e-01
1.709233571436564736e-01
6.638099064321637162e-03
-1.136823594772512214e-01
2.202908770464154231e-01
-1.458572832943458124e-02
3.230861081678648716e-01
4.196458327034383595e-01
1.188942953044615364e-01
2.388986577079691559e-02
-3.480819500633577368e-01
2.227294747074358081e-02
3.947283945809507699e-01
-4.235165858692532814e-01
2.102262185506484915e-01
-1.419620235795549246e-01
1.112545045401139021e-01
-2.232158095587880586e-01
2.971631471476394309e-02
-1.954343128753349978e-01
-1.673167675522922448e-01
2.965868209786989840e-01
-3.198346436760264866e-01
2.752331911155750932e-01
3.241544233218599524e-01
1.076506202504142085e+00
-2.795575733624994785e-01
-5.783755071824741023e-01
-3.652004431471409310e-03
4.432019043394719304e-02
2.527939181007978278e-02
5.077332187743849312e-02
-2.296147163054368390e-01
-5.706490952084145585e-01
4.520071653887167140e-02
-1.743782170753775396e-01
4.067092091837162249e-01
1.978044783024684172e-01
3.518478310209611770e-01
-6.922917457017292719e-02
3.272550974146575253e-01
-4.213220500105576902e-03
-3.360186718977676429e-02
-2.817033298636088534e-01
1.191927901880547765e-02
-1.910785622845692089e-01
-2.138992127831491896e-01
-2.332153678842282807e-01
3.301754039151905684e-01
-5.390633341448582833e-02
-3.137038530596426567e-01
1.073149310095973009e-02
-2.403435360394503284e-01
-2.016899420932562192e-01
3.558273495503735395e-01
1.567828544496198961e-01
-5.019523773908165509e-01
-2.994746117349704750e-01
-2.181775256490283976e-01
4.951490484307732864e-02
2.031457471204345944e-01
-1.985605648907392325e-03
9.038496024078108981e-02
-1.679492507127715861e-01
1.997621606392776250e-01
-2.565574782864947778e-01
1.426442857989934643e-01
1.382689666683993013e-01
-8.925461970182531346e-02
2.565821936268768977e-01
-1.433066719522047838e-01
2.906172623888142459e-01
4.424432198938467106e-03
3.382742588983783105e-01
1.157801059148352296e-01
4.017934814615681249e-01
-2.265965772623403929e-01
1.157849510792122588e-01
-1.152525043745954436e-01
-5.552439747489505695e-02
3.936414648019044837e-01
-7.216690440818580854e-02
2.920041600869788812e-01
-4.829244120663190448e-02
-8.211539251394378569e-02
-2.162550451035596122e-01
2.072277451192344744e-01
-1.518694728465825317e-01
-1.750103936098622581e-01
-6.155728571962315598e-02
9.000126893096399572e-03
4.606683014745104332e-01
7.654092506431894871e-02
-3.323992211872924818e-01
-2.416669763598176812e-01
-8.040166792463888934e-02
1.222693001684958536e-01
-9.807679209562579492e-02
1.082961295042172839e-01
3.469110043534907040e-01
9.179378326457381110e-02
1.287882947615585638e-01
-3.284722997951378676e-01
-4.939297889999600538e-03
9.948855800021307039e-02
1.164908496575060570e-01
-7.189938730962029678e-02
-2.567046667303241603e-01
4.478278710447988753e-02
1.008371886240261722e-01
-9.282952515818548855e-02
-3.600949672133458290e-01
7.876634059060308446e-02
5.062756864371698029e-02
1.028066195427353169e-01
1.960746885455938449e-01
-2.641641258258815572e-01
2.888761359705733778e-01
1.339810925993129564e-01
-1.737239344614122383e-01
-7.529592811003528452e-02
2.706830945541583988e-01
-1.028566224204335716e-01
-2.916329160055977088e-01
-1.913827808533464514e-01
-5.578388273091092753e-01
1.512614016975547260e-01
1.344797538523567482e-01
3.372332620928664704e-01
-2.955962613389286758e-02
7.143392014771486609e-02
5.416952626255523429e-01
-2.372602063092965896e-01
-4.430530573986829479e-01
1.885712763658951574e-01
1.866896130765820574e-02
4.109510350981535609e-01
3.632724355029388202e-02
-1.487849793577980806e-01
1.506981384356647080e-01
1.971228710214066315e-01
7.923343572005404900e-02
1.378548808088820021e-01
-6.323557694438594612e-02
-6.381880109394790779e-01
-8.073080505531400330e-01
4.556091912027411539e-02
3.653974458140185622e-01
1.828865580136616042e-01
-3.178110760245711486e-01
-3.845503707612498712e-01
-2.203996316972003378e-01
-5.676942923631237425e-01
-3.859464761948272482e-01
-3.351818499571636023e-01
3.356211391665668287e-01
2.016300641553734341e-01
-1.118765958417105577e-01
2.330145509557764952e-03
5.839117783408211831e-02
7.992785360530246797e-02
-1.606937763060577173e-01
2.515338634706564269e-01
-1.170446256483296948e-01
5.339905090451926295e-01
6.786388439101028736e-01
-1.747763782340792105e-01
-5.999932136262469129e-01
1.322387535073853426e-01
2.132923978121889963e-04
4.522241289789930008e-01
-3.398199982631180394e-01
2.848743218781984998e-01
-1.050524595947147227e-01
-1.563254212115368635e-01
2.178148115110723759e-01
1.106927132981920699e-02
8.062928886854706101e-02
2.068912231334589513e-01
2.325309007309098869e-02
1.360182677020386754e-01
2.369701237511465108e-01
-1.176536612732487636e-01
2.985928940829528644e-01
4.919341543371274009e-03
-7.660444592409716424e-01
-2.105214551011744817e-01
-6.150250017657180601e-01
-1.931166149843049351e-01
-1.152627041970597788e-01
6.428367967094252011e-02
-3.044383987095536370e-01
2.130983700473796649e-01
4.001149063714999898e-01
4.666742276657344368e-02
9.305941748942793412e-02
-6.661610445081582732e-01
2.139388686180219350e-04
6.524186850645215252e-02
-1.672797660380301865e-01
1.726215324609445788e-03
-1.369186301108605008e-01
8.451633075995119704e-01
-1.298262985666072955e-01
1.230505836224317640e-01
3.637252917077468117e-01
-3.668832166290690328e-03
-1.972338247700139713e-01
-2.091319216038771134e-01
1.018639919308865632e-01
2.030031536373984591e-01
2.877541452584680415e-01
1.789952266645576315e-02
1.632024654696167532e-01
-5.850214199610526827e-02
-5.018205185479283383e-03
-2.026598896077390632e-01
-3.682114125523002369e-03
5.583737983139023392e-02
3.515900293100127638e-01
3.541370559473665941e-02
-1.575030132205348099e-01
3.053574635398144110e-01
-5.014706340856126682e-02
-7.573330833570651732e-02
1.126448894141537094e-01
-4.251609554525188905e-02
4.957313243728440205e-02
1.718520502367902880e-01
-3.712394372600283932e-01
-1.723728305143008566e-01
-4.233064864337579558e-01
-4.718415488922284018e-01
2.323013466391927739e-01
-4.455503954810809825e-02
6.770919786175243205e-02
-1.758921571554394603e-01
3.513796349278683340e-01
-1.577439812712880252e-01
1.308332075307508113e-01
4.363182665868371446e-01
-4.315070928408495377e-01
-1.336822686760361090e-01
-1.537611057838083207e-03
-2.647361805845969696e-01
-2.052318056380706413e-01
6.039448584933536646e-01
1.245517998047372121e-01
-1.223896720987843190e-01
1.906901543956493195e-01
2.120873710593650097e-01
-8.203084823423031913e-02
-1.996093532768097312e-01
1.389356468228532260e-01
-1.180090100536167336e-01
-1.919766625669526161e-01
-2.356577193517582838e-02
1.372656604478369458e-01
-3.375307411238502864e-01
-4.579586667483701579e-01
-2.413775787598855527e-01
5.233331612145123435e-01
-4.146564406158479432e-01
2.327328336071581849e-01
5.649006022122565751e-01
-1.339225071243724252e-01
3.243018954338467430e-01
-7.537554427778661581e-02
1.045310773733115345e-01
2.259328993939609398e-01
6.562520733938592699e-02
1.175461717537356204e-01
2.675732030240580150e-01
2.855449142421465081e-01
2.362509094925744624e-01
1.886339124383286936e-01
-3.544344799763256004e-01
4.716336470533397107e-02
3.053069718455596049e-01
-5.052158296145109473e-01
-3.774837192674142528e-01
-9.337873673028621035e-02
-2.456214564015153368e-01
8.044444443373117981e-02
-6.842705547990382553e-02
1.448353414886733304e-01
-4.380798890111664567e-01
2.904207727441339149e-01
1.604755285847433710e-01
-5.117630548455842643e-01
3.063832294541796730e-01
1.586462630252273021e-01
-4.693202923288893880e-01
1.413396122108946662e-01
-1.225351651666065772e-01
-4.649577167449520793e-02
-2.719393750711914248e-01
-1.888401520757707064e-01
-2.124719052432287314e-01
5.623017852040160802e-01
1.286297469174533803e-01
-1.028238761982983862e-01
-2.181781723898867376e-01
1.170995537799404684e-02
4.003316474804081981e-02
5.077120222019430029e-01
-2.404499830407613725e-01
-3.436447467308362952e-02
2.292934840764037918e-01
-5.608471576370937378e-02
3.117521559013155391e-02
8.097316261895831646e-02
-1.030704690648604482e-01
2.836702408437589140e-01
2.047475689114032493e-02
2.857298003953188670e-01
-2.497897615079691658e-01
3.713127121108052431e-01
6.695258465196249342e-02
3.014575915277848961e-01
2.356371512746884833e-01
-6.989270904214112123e-02
-5.217254521638578502e-02
4.503637356094544741e-01
-1.753127709523956412e-01
3.802272823804191404e-01
-1.810428241891935408e-01
3.117427214828775647e-02
6.930856939413908291e-02
-8.580584699826229733e-02
-2.164661504268522441e-02
3.761894788933164979e-01
4.006078126538898387e-01
1.982198007897155168e-01
2.414544328252262936e-02
3.486995487408171557e-01
-1.906587304372505121e-01
-1.148691324237703926e-01
1.232650239628893113e-01
4.331446455304168719e-01
3.121470751289945333e-01
-2.244578208227849259e-01
1.689073527950443916e-03
-2.576613183369907967e-01
2.920828752177749218e-02
2.837872254259532490e-01
3.055840938606874113e-01
2.118757927741551084e-01
-4.418144237237037752e-01
-3.579919082064180191e-01
5.575002260006741706e-01
3.054698337148649134e-01
3.722252493264001649e-01
-2.700340384726536147e-01
1.685745920751906823e-01
1.831608379828323363e-01
6.277129405907050375e-02
-1.708289834693746401e-01
-3.978605027563782981e-01
-3.346387359060474798e-01
-1.254684813991515380e-01
-2.014015439656066109e-01
-2.939604012794548860e-01
6.190750435399574973e-03
1.673659158881660447e-01
-2.080463631705615490e-01
-2.210181828837160523e-01
-1.292909681501021313e-01
2.535040649330720375e-01
2.328875739914510190e-01
-4.369409500183488726e-01
2.505788007462795286e-01
-1.145275273085198803e-01
7.325187431215206268e-02
8.081728113155435544e-02
4.239694219806306452e-01
2.033747201032433671e-01
-3.687927004167588785e-01
1.222534328769204759e-01
1.503533946090946927e-01
4.734263393849198476e-01
2.244101677021476463e-02
-6.756737669415226188e-02
-1.585955269679824864e-01
3.007690729133748533e-02
1.193461275946551409e-01
-1.171640528866856462e-01
-4.486620899072397972e-02
-9.400593062481300138e-03
-1.239652545621854757e-01
4.528757428218541659e-01
-4.047249513769736184e-01
6.816073486624250888e-02
-2.472460120781369008e-01
-3.686429608297039223e-02
2.769748345436147674e-01
-1.777641664958494894e-03
-6.111707848139565080e-02
-1.258945403338456170e-01
-5.241785450860197981e-01
-1.918859020796305492e-01
-5.611460483396632504e-02
-2.071823045563298826e-01
3.131193366540286904e-01
-3.262364765234971320e-01
-2.120967648860065391e-01
5.506417579736860163e-02
-3.874976607288002639e-01
-3.022249791337806024e-01
-8.284626318590189442e-02
-1.821793468558765006e-01
-3.057214264478795296e-01
-9.095119887470110021e-02
-1.397202396296701454e-01
-1.919170289110116445e-01
-1.804750869740462046e-02
-4.741857036496657796e-01
2.899216042285452377e-01
3.699752600046358753e-01
-2.864207964208616633e-02
-8.863032108586306468e-02
4.227637498793498927e-02
-1.543818364620535843e-01
3.708980196715754296e-01
-3.648321574021827496e-02
-7.595967288189527100e-02
-2.988601811046456835e-01
-6.924030390650864897e-02
2.303254837507573149e-01
-1.341488895464959530e-01
1.228893594774731479e-01
-4.625162924897631422e-02
1.099189856190999348e-01
1.129661084363482587e-01
3.049043488953361858e-01
-2.038682653104112175e-01
-2.107996260824911428e-01
-3.321847999731235984e-02
4.638187295977946878e-02
2.228260622255436724e-02
-4.169387411647585903e-03
-4.241218847732471375e-01
-1.263188393830166623e-01
-1.095813682141766054e-01
2.900901137727617263e-01
4.124297619624853195e-01
-8.113681838541371427e-02
3.281797661100037122e-01
3.831623847938626093e-01
-2.804091144120250956e-01
-5.404120308966608999e-01
4.600606181909834835e-01
-2.621050879979153203e-01
4.311695717938657940e-02
-1.189409857725829550e-01
5.067245770135846150e-02
1.509587850811581755e-01
-2.541423700259284879e-01
4.738194984320590053e-02
2.210994075583206930e-01
2.110092629146665955e-01
-3.599718017323250141e-01
-3.446755319828253006e-01
3.639917274833845418e-01
-6.850799291938629298e-02
1.343514012047771211e-01
1.021656208536567134e-01
-1.166859479579455822e-01
5.161255374507335292e-01
-9.131336649299663655e-02
1.947950460382754101e-01
-1.687877988107932548e-01
-2.665487363581997005e-01
2.042697275022704317e-01
1.071349642531946728e-01
-2.015529221532059295e-02
-3.306807828752340583e-01
1.477206222681563264e-01
9.948473759840395503e-02
3.759947261513607586e-01
1.471054583053173215e-01
7.618383804455400310e-02
2.684831918683045493e-01
-2.591455998127744076e-01
-1.992903224147859198e-01
1.547892902589725062e-01
4.493706358200664774e-01
9.525104714643821413e-02
3.940408498649765612e-01
-1.507976986697637523e-01
6.394275795082599023e-02
1.052913039485716198e-02
-6.995843763564178752e-02
2.235686619529806685e-01
5.082772274591664807e-01
-4.723494499695556903e-01
-1.865144423355206416e-01
1.119131871337004369e-01
2.171177823761434866e-01
1.410019729828168589e-01
1.093145231239185527e-01
1.873860832057009373e-01
2.352373481641759911e-01
-5.454764259455376074e-02
1.899548956190053872e-01
-2.099583021418587048e-01
2.464278644374939542e-01
-8.675431603348790488e-02
3.610938434525243906e-02
1.448115951205999064e-01
-5.538810542099223966e-01
1.849554551176262329e-01
-3.034211888518226208e-01
1.924487251913061803e-01
1.282921601514646626e-01
4.891851158249607007e-02
2.594529839615276057e-01
-4.164276368827019882e-03
2.159444042805147221e-02
-2.154568543600606789e-01
2.035667297490059424e-01
-1.525513742182028898e-01
-1.973182048401769806e-01
6.039029385197958177e-02
2.887252525154385685e-01
-2.651178109144047279e-01
-2.282817763155809559e-02
-1.004790250228815712e-01
2.973912989937432805e-01
7.915359157403223378e-02
1.459522366048354447e-01
1.411854035626883830e-01
-1.155198165622105116e-01
-2.865755897904579963e-01
2.348982284129953191e-01
3.270620198080890773e-01
-2.440667946732802407e-01
-1.578066404315853766e-01
5.527815003441307468e-02
-2.998757982504487440e-01
-1.879878847875197934e-02
2.106111630068607798e-01
3.973163284518877458e-01
1.239554743666763104e-01
-3.403264077822276690e-01
-7.366434631978978353e-02
1.776934686310943645e-01
7.766036137450264831e-02
3.310604627088213348e-01
-1.858776995270056132e-01
2.367142375296494294e-01
2.285021485126937368e-01
4.471778257814914559e-01
2.107853530146429066e-01
-1.267130815316218628e-01
-2.656800056477366945e-01
-9.615324017564311210e-02
2.877115458767263156e-01
1.223872724664669676e-01
-1.113354463919652149e-01
2.665476714252337231e-01
2.784860431946596382e-01
-1.629320669660933030e-01
1.772928140653189100e-01
9.142718404696557888e-02
8.979352166774245969e-02
8.225855733072197362e-02
1.737182727015146311e-02
1.657712141953390228e-01
4.524594741226591332e-01
5.069189174466792736e-02
1.773717176497704162e-01
-5.961434260962887588e-02
1.089960112698825784e-01
-1.646039128102861071e-01
7.289736607806197866e-02
2.913256329485243712e-01
1.733843863545949937e-01
1.459057268539885599e-01
-2.162559655273067483e-01
-1.686878353709606593e-01
2.513107080875510158e-01
-1.384776010770182031e-01
5.669084679535141974e-02
-5.434577616428169777e-02
-3.709718613185927216e-01
5.008056334112741537e-01
2.390267976301436448e-01
-3.706191758786162582e-01
7.569589986638155521e-01
-3.225766134113083883e-01
-1.445799365038125117e-01
4.905054431605628679e-02
3.240188264040593791e-01
-1.868659868474739361e-01
4.004018379722412702e-01
1.275920051344820338e+00
7.979909949610852760e-02
-4.421264385108089057e-01
-3.893268829615258442e-01
-6.043404306024978689e-01
8.325846327558028559e-01
-9.997648010406272601e-01
4.871345548412095439e-01
6.226114867643588457e-01
-9.554954098575292321e-01
-9.666252198051304700e-02
2.811104817297255254e-01
-1.587297750076918368e-01
4.541991167573383170e-01
6.918335647396126609e-01
7.845092687291767009e-01
2.428169518859872589e-01
-3.401041740717066220e-01
2.982926838618021326e-01
2.454473951913086760e-01
3.883247688142029697e-01
-1.635699672998018328e-01
2.420637972314382963e-02
-1.195933478262429517e-01
-1.626691022029270461e-01
-2.676662922305642067e-01
1.044767364943375965e+00
-6.491306766161050734e-02
-1.352337261710045702e-01
-1.488213868685327179e-01
-5.708391383405927444e-01
2.261075782090296582e-01
5.082536934767938330e-01
5.694413608657408199e-01
8.223579009426159603e-01
-3.294645080802556525e-02
-2.239019524189553856e-01
-5.911874036431444268e-02
8.579561009643446590e-02
1.887881766995548605e-01
-2.878001108176573841e-01
4.166259062716289874e-01
-6.745880411132823551e-02
8.948829860704040629e-01
-2.838551488429084252e-02
-2.279945792849713826e-01
-4.765331548293839092e-01
6.054423940784824376e-01
3.472314054952005402e-02
1.745013092937081067e-01
1.307568242258560498e-01
-2.256009583227397974e-01
3.642147525749932224e-02
4.341000502508113312e-02
1.434244078618160112e-01
-1.532280211443820539e-01
1.634689153607646050e-01
-1.934291041481508988e-02
1.172465634774851745e-01
-7.541794286130933944e-01
-6.990363003602145797e-02
-3.454957402595414395e-01
-1.475774273789447755e-01
-1.708511405789528079e-02
-8.778534367058475618e-02
-3.297726602780400307e-01
3.230373391898895274e-01
4.394659521856089657e-02
-3.882674855295057958e-01
-1.385616294113166391e-01
1.668177298806370057e-01
-3.832647842274184424e-01
6.406555934209349178e-03
-3.503791616837926282e-01
-2.220597709273839648e-01
-2.144464123455293303e-01
2.886239747935476219e-01
2.838340679310060732e-01
-3.294560931171707785e-01
1.384671577434089806e-01
3.030359657370629289e-01
2.908972389397244673e-01
-5.229962233040764269e-02
-4.760630811005985286e-01
1.780913451812869697e-01
-1.717728411245261766e-01
-2.467835786779387086e-01
-1.351584172917508764e-01
1.975763520831140818e-01
-2.561940284421368452e-01
1.534879888803441228e-01
-2.438257933405317546e-02
4.279327205727292971e-02
3.434789011095971678e-01
6.527795231241340090e-01
2.490509194871255716e-01
-1.964154762016211697e-01
-2.682278496966312709e-01
3.289665992812778605e-01
2.091912742032975003e-01
-1.575755513704724109e-01
-1.145539837350150331e-01
1.241302942880323779e-01
5.005680474333921159e-01
5.831294540608757127e-02
-1.902009904057543332e-01
5.474135108029944963e-01
6.021762403661702345e-01
-3.816070398649746842e-01
2.314651392877471736e-01
2.399545722385202362e-01
1.252654235553248181e-02
-1.345164250097399539e-01
6.377246254420716742e-02
-2.303715308306639731e-01
6.856935204486938606e-02
-1.578646881430621415e-02
-4.544494088560386835e-01
2.417188183504083432e-01
-1.272605228157492330e-01
2.176044880227245293e-01
3.109224920951834670e-01
3.029000073566562867e-01
-1.244057994095709441e-01
-9.111959239178535341e-02
-1.091654127574132327e-01
1.050659039543496848e-01
4.689748298580558306e-01
5.019783416701228962e-01
6.446395556901790037e-04
1.627933078516321797e-01
-2.916407944540681460e-02
-4.682474945600156313e-01
-3.689210370056414390e-01
-3.145520188524463800e-01
1.493293260424406743e-01
-2.390191156166448783e-01
-2.338903797357753389e-01
2.953078682457100368e-01
1.612150935705384813e-01
1.351717801452687051e-01
-2.443455055713788793e-01
-1.249819399484462801e-01
-4.719299833098474783e-01
-1.948439690290940385e-01
3.813017636396192067e-01
2.000625742694617792e-01
9.359620297478307704e-02
-1.759337547373771848e-01
-3.107258684424316075e-01
-1.810591260834988614e-01
1.631133572582967872e-01
-2.031256712937310610e-02
-4.378800587204047523e-01
2.000687046383398116e-01
1.025133633156471158e-01
-2.552980590517985870e-01
-3.416259248533234372e-01
-2.812098561277275727e-02
1.886284160839971635e-01
1.904565821258775993e-01
1.362726926523189497e-01
-1.212495342539802040e-01
5.869803430721446530e-02
-1.117604610784503766e-01
3.829288490890866981e-01
1.832181894104228381e-01
2.221305496981974270e-01
-4.883692365716230110e-02
1.240474437713288795e-02
5.223210840505503327e-01
-2.709352271932211065e-01
-7.921849773264513783e-02
-3.133523704672743215e-01
7.266632645529035039e-02
-3.702274689711642502e-02
3.188688887890142598e-01
2.548950268071764058e-01
-2.759663770310400999e-01
1.119865864625131310e-02
3.947735168086913271e-01
-2.105445204478646470e-01
-3.775546153219631607e-01
-3.547337765592911696e-01
-1.520853298387537522e-01
-2.318098629989521486e-01
2.604623197269272938e-01
-1.189953893816038250e-01
-7.646405092673524972e-02
-4.627611745626366568e-01
-7.578257904728356864e-02
3.976272237754326921e-01
5.040139973678677832e-01
-1.647228358977835261e-01
2.101283207271065767e-01
1.353788961334555507e-01
6.119468421525293272e-02
-2.756921870731606217e-01
-9.318119583742948131e-02
1.741077493126806097e-01
-2.420415750987608416e-01
-3.951022233551117896e-02
1.151362667835582609e-01
-2.822111247384075927e-01
-2.280984686258590299e-01
-5.636855198809076484e-03
-6.768472373976479328e-02
-2.057267492673393872e-02
-1.526503072230515623e-01
4.480941230480740001e-01
5.862486933502387698e-01
3.799326619867148813e-01
-3.552857777959542163e-01
-2.015051634759620347e-01
-1.066987881505862684e-01
1.824314757812509347e-01
-7.746940165454896388e-02
3.339556288047007548e-01
-1.196938809672231235e-01
-3.401675741262409347e-01
-6.507648875646898645e-02
3.658947291143833658e-01
4.657714143618381653e-01
-7.165303614090402264e-03
3.674728503914437838e-01
-2.080890895512287064e-01
2.296480456968019446e-01
1.259640500285982567e-01
-9.604339703249857585e-02
1.604158473675312835e-01
-4.710834851290086056e-01
2.184098938039571725e-01
2.321055059793498132e-01
8.040696384946133257e-01
4.740869876415535478e-01
3.389655816696855728e-02
-4.812956981876583273e-01
-4.456035793733597594e-01
7.838446705321407970e-01
8.993994982985127618e-02
-3.554399959728931080e-01
8.691002162422460653e-02
-6.547083023310674710e-01
8.714549530377284636e-01
-2.754205799383765974e-01
2.062124713921096586e-01
-4.516740798875312213e-01
5.785159085135729296e-01
-1.802657049306002901e-01
1.890059371222775064e-01
1.923622036558905180e-01
-3.279510127714675427e-01
2.736599178515563557e-01
6.034084558463291836e-01
-3.363535773402910878e-01
3.110355671430826141e-01
-1.261033800450759579e-01
1.851310442228710773e-01
-3.989056886628689624e-01
-3.187135129290497582e-01
-4.601924449104317638e-01
-4.557504235033868478e-02
2.405767766278912034e-01
-3.237778135841645755e-01
1.707124801073564568e-01
-7.885969689615851541e-02
-3.238430490516527871e-01
5.068370646061340912e-01
-2.708095712806696254e-01
1.448459116251722967e-01
-1.371416802849849403e-01
-2.436667220249529031e-02
-5.951014876336245540e-02
-1.871111783134509488e-01
-3.584964894797469936e-01
2.233600261050243743e-02
2.201145261250178065e-01
-2.337219535579548868e-01
1.581342263441647689e-01
-3.888334996526547904e-01
-2.029525828671867038e-01
7.658283012105754350e-02
8.478827782222157772e-02
-1.726922936051597801e-01
-8.976701221062204084e-02
1.112450777495472970e-01
1.817781235378888860e-01
-3.031760161189469005e-01
-1.694467636537061103e-02
-1.782466151210956307e-01
4.221567338471120534e-01
-3.173036925668677455e-01
-1.586965163974748405e-01
-2.202397100339880676e-01
-1.864050863465084862e-01
-1.125433045668499249e-01
2.417050293542069295e-01
1.902624072252993570e-01
2.396296937636398505e-01
-8.667268647236479201e-06
1.798892726854771709e-02
-1.479233265053379043e-01
4.517583805646965267e-01
-3.554753593533191425e-01
3.871800722812063777e-01
4.114539776102918434e-02
6.884223108964666882e-02
-4.036903845686829473e-01
2.943637794808544594e-01
3.109014795530132963e-02
3.375519708089044779e-01
-1.799037690834693892e-01
2.999516054616370095e-02
-2.167938184597529017e-01
-2.468549699974774414e-01
9.550266379733061972e-02
4.445800604871809059e-01
2.362645885191512821e-02
-3.460491138649771092e-01
1.654437675925711781e-01
1.731815334236892420e-02
6.524224973393162597e-02
1.629046497717080363e-02
-3.115712473866487087e-01
1.530223020738782636e-01
4.234995407240366161e-01
-2.422275814760664614e-01
-2.453191847750116894e-01
-1.839218702027494989e-01
-2.067849539387741353e-01
-1.527176797206812597e-01
1.928293286396644546e-01
1.542890648929222119e-01
2.258817795399916395e-01
7.926259281173121396e-01
3.963487453409339500e-01
-2.305265314975882551e-01
-2.198115643017458775e-03
4.520568216154220997e-01
1.291873678427073180e-01
-2.343518406177854119e-01
-1.009835063142920097e-01
-3.539414204457045354e-01
4.035514977436185230e-02
8.735383806542340590e-02
-4.531198757088048534e-01
-1.535215915976591017e-01
-3.557616031625014663e-02
4.723937356494538609e-01
2.003166605232056530e-01
-1.540267344105797354e-01
-1.979885961636672007e-02
1.732606807732909870e-01
2.368407564510462970e-01
-7.732892548457073745e-02
-1.475119093542307247e-01
1.377180704001854383e-01
1.322581801815695124e-01
-1.012615556828762586e-01
2.815295544779799486e-01
1.084476503945411702e-01
-1.126968734995021093e-01
6.421782849877766264e-01
-8.642610257943547092e-01
-6.287205471311917426e-01
5.255276622088604910e-01
6.886150492914092647e-01
-1.039095818222861428e-01
3.135514436313492359e-01
-1.188358954973689069e-01
5.395511983134912426e-02
1.620631595620119214e-01
1.282160149215663958e-01
-6.703523188921452561e-03
3.659738476369872595e-01
1.461825142023360502e-01
-1.280129783650464925e-01
-3.340204026255906844e-01
7.748668420915181404e-03
-1.077682971228528276e-02
-4.790341377986828131e-01
-3.985019560547453654e-02
-1.531134685626771297e-01
1.091585314132609147e-01
1.095428999676071186e-01
-1.651370401011306027e-02
-8.224874852078759013e-02
1.754803868640341658e-01
3.381485118679618540e-01
4.853846632672529360e-01
-8.116938182450313122e-02
3.833627009274485631e-01
-1.918503758817436955e-01
-3.479234303686028484e-01
-1.940588621913170442e-01
1.111475771700760617e-01
-2.926292004908138955e-02
1.474337312814524847e-01
2.371488270547804367e-01
-1.570938298695727028e-02
-1.668178964572807621e-01
-1.583991555808538232e-01
-4.470695468997163968e-01
5.808760447127671034e-01
1.547111111776966474e-02
2.282556892532480730e-02
2.310120886179551081e-01
-1.899984141682088679e-01
3.986823744444713546e-01
3.679469992143310358e-02
-1.537911457707031027e-01
-2.420419267191371293e-01
-8.690178688405696128e-02
-2.201258829558296604e-01
-2.245338298056385185e-01
4.974428725857755335e-02
-4.280737222879089643e-01
1.706203861503839958e-01
-2.044955220754434144e-01
1.047408387128476864e-02
1.792197337671637691e-01
-2.762332593166993977e-01
5.599393797757693525e-01
2.620664143449798478e-01
-1.389056966748873911e-01
-1.638662466216105340e-01
1.426307541072924234e-01
2.860324416927353952e-01
3.776837920267589466e-01
-1.922336601950946078e-01
1.293063648989033199e-01
4.038650190217686897e-01
-3.564976524013169779e-01
8.042043373390328487e-02
-3.962407207968247635e-01
-7.906509947378255465e-02
-1.192079236202929840e-02
-5.162889540728556881e-01
4.199569734764351248e-01
-1.876178220193297497e-01
1.606888724592718531e-01
-2.708126548431346453e-02
7.370535127580530865e-01
-2.587038113034131337e-01
-6.656749923573405114e-01
3.805567174032656874e-01
6.139561582958655839e-01
4.171681312409120101e-01
-7.528814432889460728e-02
-7.599085039592713697e-02
-9.727734084130331207e-03
6.128403090358484212e-02
-1.795707792923707802e-01
1.252467956366691837e-01
-1.501075761801801134e-01
-2.226567866391956363e-01
-3.051525030951724449e-01
6.257135793701440463e-02
-1.283600059113831904e-01
1.553710154872679425e-02
-3.384050024367713516e-01
-4.402606569958293914e-01
4.642080142571243240e-01
-6.225573796962414752e-01
-1.890981321014665456e-02
-5.626053463263155363e-01
2.660875289738461880e-01
6.619367664075413715e-02
2.361131423459956330e-02
-5.100310340096969597e-01
-3.960621645313885941e-01
-9.253838649976313391e-02
-5.745609801383624871e-02
-4.170239576879599536e-02
1.744409752790972157e-01
2.880486413157128944e-01
1.329533703591702642e-01
-6.322946864827685975e-02
-3.417942354112182834e-01
-4.834740752152833637e-02
2.825141674683043780e-01
-1.236795551506351121e-01
-5.393566452993590055e-01
4.041935569446685750e-01
-3.878829139615300181e-01
1.959841103772408388e-01
-2.465329867104589512e-01
9.843495420018573416e-02
-1.518455836227668443e-01
3.301734704875629034e-01
-1.997927935547391398e-01
-2.252873904508617964e-01
2.750530977638387942e-01
-1.040831213447204577e-02
4.694176719731216196e-02
-8.596596640920338428e-02
-3.924723662412333280e-01
-3.286207664634442360e-01
6.874450030104815867e-02
-3.515133141645175874e-01
6.909298823928246291e-02
3.278177527551684456e-02
6.129965764921994908e-02
-2.642294292409849699e-01
3.068259867999090784e-01
5.036230215967477664e-01
1.241973986282394055e-01
-9.321776377798134117e-02
-2.778098051587770193e-02
-7.236176908281677367e-02
5.928329618832725578e-02
1.117255256087484050e-01
5.355364728997918933e-01
2.129622540706037626e-01
2.855903732623867319e-01
-1.411400364908492466e-01
-3.110250762805776281e-01
-2.526071220031212428e-01
3.590525430115389938e-01
-1.064092999000820772e-02
6.555069344460950909e-01
3.012430360707959998e-01
1.259838514792236130e-01
2.944712434256638867e-01
-4.117702046307653019e-01
4.307274556670118160e-01
-2.759499356001912651e-01
-3.895915746286417181e-02
-3.842097346853705075e-01
1.276848006898417542e-01
-6.915457886180741143e-02
3.190653305371657367e-01
4.765172943127931049e-01
9.524951822511598665e-02
2.674731380346046516e-01
8.706469520361122261e-02
1.063639560737605211e-01
-5.908480684356556267e-01
8.755016907436102835e-02
-2.920895095336009661e-01
-1.126125914419417173e-01
5.554806567759004166e-01
3.644918536433537914e-01
1.342437937065162901e-01
-8.333333950385167499e-02
4.991943854653597135e-01
1.445606028936228249e-01
1.985248502775262963e-02
3.338148162201172164e-01
4.065920047223739453e-02
-8.208942034747639116e-02
-2.935023355703679226e-01
-1.299567948226436620e-01
8.297622741561287707e-02
-3.413279073952127374e-02
-3.297060729361949716e-01
7.986456178388759430e-02
1.605156777153378747e-02
-3.498623065066583937e-01
1.324343651028808688e-01
-3.707934870244308095e-02
1.226041887042585432e-01
1.191852957592097750e-01
9.734711150786162781e-02
7.873435917483939672e-02
-2.038128954516240099e-01
1.815097177289519692e-01
1.507844854870398765e-01
2.574600101872079883e-01
-2.447685323245803457e-01
-1.711387908867978147e-01
-6.410364248846646129e-01
4.163792840381375093e-02
1.373087344721487246e-01
-1.683977541856415128e-01
1.373910585760637348e-01
4.012470598508892372e-02
6.629025967954908262e-03
2.633788738352094705e-01
4.552937643066437556e-01
-9.662505535260638989e-02
1.693767454428635189e-01
3.729490951789109915e-02
-9.816875049830282862e-02
-3.273009607497262552e-02
-2.903194726860572894e-01
1.544251061302377194e-02
2.001121079104577205e-01
3.052815490910833485e-01
-4.900574345220226613e-01
1.222677162983682730e-01
-3.985167500006568941e-01
-1.431885107248141442e-01
-3.968088400759068879e-01
5.028807441165861203e-01
4.491973942374743317e-02
1.889002791161127973e-02
3.104947354109247049e-01
2.966122259037474729e-01
-6.307605105837169046e-02
-1.999970877256701529e-01
-2.598504362519173938e-01
1.185503590902614590e-01
-1.873753085027541343e-01
3.744876466075345856e-01
-3.844284831485035303e-01
2.762510369887783979e-01
4.242158482638425099e-01
1.080178684784825899e-01
2.548686223021934261e-01
-6.272191446763963896e-01
-1.150178429964094640e-01
4.412306519323686560e-01
-9.421796975281600262e-02
-9.047829771349633066e-02
-8.765911978658962392e-03
1.148954025680769125e-01
-1.148240992907449270e-01
5.942776794765761844e-02
-7.024694334061665213e-02
-1.557809473657130739e-01
1.579434782600206560e-02
-5.918332892100560683e-01
1.916906710844389350e-01
2.030719710988633173e-02
3.712732875856015191e-01
-7.836383866311279478e-01
1.557033180830220687e-01
-1.133156215092644553e-01
-2.161739879609764770e-01
6.052844505352464322e-02
1.660964726050209173e-01
2.059665626605992061e-01
-3.234799174885983897e-01
2.927706656117630146e-01
4.502565078260186565e-02
-4.020870622586360521e-01
-6.366629856247457697e-02
-1.580210159009066972e-01
9.364438413095264868e-02
-6.833985848638200744e-02
-1.764071593585119224e-01
-1.767844398588190313e-01
-2.268926064464343514e-02
2.214214328253648889e-01
-2.528340234683293386e-01
6.750575267893800524e-02
1.773987236225566810e-01
-8.875549177607031104e-02
3.411670652632747130e-02
7.434705166570752810e-02
-3.016818068256809510e-02
-1.746453179485941698e-01
2.905774652327488550e-01
2.752014517439249075e-01
4.622732704262620951e-01
1.989806239544391897e-01
-6.976242391807660481e-02
-3.625568108997179739e-01
-1.740937614669182953e-01
-2.590725548712006776e-01
-4.898191524508574979e-01
-2.137349464762537329e-02
-7.240449523630125839e-01
-1.125456107142226367e-02
-5.244218295372239380e-01
5.761070573677293943e-02
1.404907611061270364e-02
4.047183826857904676e-01
-2.312689143179855467e-01
-1.314037457406483089e-01
1.249176611488091561e-03
-1.708282158866055722e-01
-2.712240533949687449e-01
-2.871956318169598035e-03
-1.130820605809122054e-01
-3.661147828448003683e-01
-1.383177958938434371e-01
2.010277565024350954e-01
-1.742602893823919363e-01
-1.958215538935723365e-01
-1.565103935084655520e-02
-2.337814599107458646e-01
-2.103813116090061108e-01
-2.472681981268542162e-01
1.796261607628968360e-01
-4.963142668471046126e-01
-3.820516132010813859e-01
-7.812546818764389001e-02
-1.742514606978368963e-01
-5.563022333705902600e-01
-3.479232731776275844e-02
-6.533071376553041543e-02
1.814634517390205093e-01
-7.845575928555512668e-01
-2.101167813503613743e-02
-8.569036359711018624e-02
-5.809389498906810667e-01
-1.444325308884459591e-01
-6.524199314746118028e-02
1.209335533434767601e-01
2.800780748624597319e-02
-4.873507779972524045e-01
-3.373038989112522867e-01
-1.075072914382784045e-01
-1.577804835916346016e-01
-3.913756539918543664e-01
2.764134089490949409e-01
-3.691664705442707388e-04
-3.001325188676557953e-01
3.181353345743694744e-02
-4.352211257090756180e-01
5.152179398510045027e-01
-2.055616490217897219e-01
-8.385097188798622259e-02
-1.593511332370076139e-01
1.243668467023759938e-01
1.640046305247469804e-01
-7.284704666674221563e-02
-2.676642579723486071e-01
9.857443118490115397e-02
-1.511249624702351232e-02
1.002765107105121345e-01
3.181918083711490763e-01
1.403410891401074279e-01
7.702564606127628721e-01
-3.162644032388003956e-01
4.439510346355567405e-01
-4.319028039947523934e-01
-2.011007195031838113e-01
3.749175450811976229e-01
-1.226297630302934302e-02
-4.917296812329706446e-02
-3.841056640774133113e-01
1.995729258631109004e-01
1.861843513717598431e-01
3.906061854356005503e-01
4.430007682615185738e-01
4.588338831885681590e-01
-3.916715486451560202e-01
-2.460803359608420560e-01
-6.403772822990470015e-01
5.705449132402815732e-02
1.800852478140619051e-01
2.011666675459388154e-01
-1.027718334603241745e-01
5.624163134935163816e-02
-4.033354132395230301e-02
5.174259247735821937e-02
2.549867697877601369e-01
-3.526482250829861553e-01
2.505784940355882395e-01
1.524964906570325240e-02
1.424585037753428873e-01
3.553282668868761873e-01
-2.107608683429122443e-01
8.469898886151239203e-02
-4.499258270215227284e-01
-3.149322688925091929e-01
4.592963651634168754e-02
2.459235546281924589e-01
-4.245794968119667723e-02
-4.204458419570493155e-01
7.153446328868501292e-02
4.804573655123605541e-02
-3.946551941688053455e-02
-2.953910912546410805e-01
2.382614942696697768e-01
-1.278576629937366316e-01
8.075105854287828455e-02
1.160203943162887719e-01
1.134241029617471114e-01
-1.889293563963440337e-01
4.696851804780390882e-01
-3.842964401037312627e-01
1.631852935418120210e-01
2.015068149878337933e-01
-1.241053861727865609e-01
-2.751739356836730432e-01
-4.860026093207837627e-01
2.535146141880571802e-02
-1.307803093265633154e-02
-2.029412462475078394e-01
-5.977364726899735414e-01
2.000131047662020434e-01
-4.792292429321536873e-01
4.545615182638637619e-02
-3.089660799595062707e-02
-2.320001808029125423e-01
2.873265989862501257e-01
-2.634894808810810951e-01
9.411057029839688115e-02
4.030132459778521525e-01
1.192152850558393096e-01
-6.835957824081999312e-02
-4.333084512675791089e-01
5.586968866948828494e-02
1.232195061850791529e-01
-3.736469947970227357e-01
6.003889340978119799e-02
2.392002627496902789e-01
-2.699568016660297901e-02
2.005088388173694169e-01
7.176589073640345928e-01
7.759005519712471044e-02
9.854472290156833514e-02
-1.042057331418907717e-01
1.691089500762369691e-01
-3.647821897350151943e-01
2.636116535004979222e-01
-8.738823664870189190e-02
-3.384712855356184491e-01
5.188344956584048928e-01
1.217580722134539162e-01
2.827733585687606799e-01
8.366009937846191624e-02
-7.175506745177016865e-02
-9.114822471589412167e-02
1.859107490440311261e-01
-6.539010540664942639e-02
3.197074420707168851e-01
-2.762668281163029316e-01
-2.207110186054747070e-01
2.386666176764460356e-01
1.755509831470601079e-01
1.129588989084238243e-02
5.772222550282881531e-02
-1.076140199274474157e-01
-1.527008504624569329e-01
-5.898641601755252178e-02
-4.041254000918192979e-01
-1.766346640014840597e-01
6.043081242994389202e-01
-6.959198760039800313e-02
2.506726308697214689e-01
-4.239778740852801625e-02
-1.976552170707314149e-01
1.449985834380009830e-01
-1.440867608317248083e-01
1.905552157005324307e-02
-1.416768335375949983e-01
3.574797319176897803e-01
-2.572958361895054669e-01
8.392286872994732250e-02
6.493799896120891479e-02
2.444430389998267783e-01
-9.776720939886281159e-02
1.350947583355802395e-01
9.919794725343099306e-02
-1.598929288377464453e-01
-1.098625155835816491e-01
2.853846385751194203e-01
-3.716348775154281747e-01
5.858951149173516892e-01
-5.454589014145425629e-01
-1.681668808881003896e-02
-1.433115902865536237e-02
-1.468354715485374884e-01
-2.676083525506280925e-01
1.853813977496503451e-01
-7.593646270999443448e-02
-2.677122695620777204e-01
-1.874578747700778036e-01
-2.032540719158869025e-01
-1.642478742132919833e-01
-5.937849055596925441e-01
-4.974301046251923264e-01
-6.277237585305277257e-02
-1.610191526006080898e-01
-7.437819094165985800e-02
-7.043602315363483024e-01
-1.282656888132110429e-01
4.382228202225785241e-01
1.923895557731586936e-01
-3.578773110148387726e-01
-1.762741498707999788e-01
-3.994216118226245893e-02
-3.487797716976345774e-01
1.449696704189264440e-01
5.812891220926176272e-01
5.909650855992905072e-01
2.119064387410004024e-01
-5.949319470213624284e-01
6.077775762771919776e-01
-3.012653317337655734e-01
2.989371055166800684e-01
-9.261424311075865390e-01
-1.014451137146154119e-01
-2.657162359067478108e-01
3.337374379308072347e-02
-7.009717429548757428e-01
