-4.866391800064403528e-01
6.098198946127055819e-01
-2.151157103714672392e+00
-5.439615952536395405e+00
-7.454841947269348346e-01
1.553361799868904658e+00
-1.106648911978403538e+00
1.099534616256230946e+00
1.459782151103796444e-01
-1.019556185647352953e+00
-2.866558320633150636e+00
-4.054967105332907967e-02
-3.076491617540815238e+00
-6.305265111749084328e-01
-1.585163531991428343e+00
1.730776150254327295e+00
-2.404727747019285822e+00
2.773081457468465350e-01
-2.371033096672799267e+00
1.824808519157836706e-01
2.757452056467358803e-01
-2.217540515403151613e-01
-3.884467261753543621e-01
-4.484096681372036763e-01
-1.004156368742849192e+00
1.999655481865324491e+00
2.019276469538798136e+00
7.218277637505916555e-01
1.246578647239171556e-02
-5.768966278596104891e-01
9.154472463943952310e-02
-7.492277403114813161e-01
5.813329006440347280e-02
-1.553157339407875925e+00
9.302910470913489105e-01
1.469569135350215494e-01
1.892535479677226684e+00
3.298395343148881609e-01
1.196346988925228283e+00
-3.845753757077801982e+00
-6.201182214029560269e-01
3.366646814767690898e-01
-2.807379238709164060e+00
3.114696730296470317e+00
-1.464608538198083343e+00
1.090621913433934109e+00
1.461139695684288142e+00
1.910093722935320981e+00
-1.244462471582307383e+00
-7.450808813756648608e-01
-6.818581769346641064e-01
-3.337846886224945381e-02
-2.169649449966019716e+00
1.023865511205855228e+00
-4.049915257822558901e-01
-6.593433387609355378e-01
4.486515424996822543e-01
-1.612979822959794973e-01
-1.007110160063179993e+00
-1.859227487391563294e+00
-1.806456079317894925e-01
1.289127993490699932e-02
-1.803828186356135066e-01
3.836972865551306899e-01
1.451068748965915201e-01
-5.528712025662898405e-02
-7.071118592919790891e-02
-5.129136985724163100e-01
8.493130285453924511e-02
-8.692836930899328074e-01
1.689756853290703409e-01
-1.232300255408675521e-01
1.824929091940129811e-01
3.968525153927666971e-02
-1.313278911126090354e-01
-5.173424385982357439e-03
-2.628324614024488692e-01
4.825362720501371050e-01
-8.879654382716918593e-02
5.336511166947138785e-01
-1.957795768317460369e-02
-1.980302876564528913e-01
-2.135586501974896523e-01
-4.897030823966366242e-01
-2.072716649881085893e-01
-2.169371615427821698e-02
-1.989604354815014201e-02
-1.515074354192283250e-02
-3.105347863287232779e-01
-4.437866087825222822e-02
1.459469244070099037e-01
-1.314421945654280777e-01
-2.351997155129955663e-01
-1.572729973193361941e-01
-2.800016648773776540e-01
2.533812204957680558e-01
3.916305723830246222e-02
-3.292973121436094941e-02
8.183934873354969941e-02
-4.017958314186824420e-02
-2.849720441755121403e-01
-1.508959541150183270e-01
-3.276648329478715205e-02
2.138968172057719441e-01
-1.573727522772400689e-01
-7.184600817717345933e-01
4.580872689400931619e-01
8.268167189339761247e-01
-4.213445795366877467e-01
2.620489755310907998e-01
6.537512407682785076e-01
-4.480061482849249099e-01
9.014358534356124997e-01
-1.790338180050401740e-01
2.485966127908869616e-01
5.100116021774351305e-01
4.198536858510745207e-01
-1.157692276442068957e+00
-1.426849859827354072e-01
3.664801017855439103e-01
-3.158053473589770427e-02
-4.320473823785594969e-01
-3.290077163107517855e+00
-3.011307352626454992e-01
6.842973491558512755e-02
4.986819246829070629e-01
-6.780356438792820573e-01
-1.283709607035588451e+00
1.131746123722430220e-01
-1.919475537211100313e+00
1.206613820061713804e-01
1.225924058867781108e-01
3.053410302285258227e-01
4.299063291941315756e-01
-5.222611008941062671e-01
3.884906991005631638e-01
-8.081374364557007972e-01
1.117640031446353488e+00
-1.306943594808878562e+00
4.319759040100459857e-01
-2.954626826249244775e-01
-3.348430610803013741e-01
-3.726592833343491673e-01
3.113440544975444868e-01
-2.378423357900909529e-01
3.485057294353962609e-01
1.787897140876535951e-01
-8.158829969530502491e-02
-1.847325707086610314e-01
-2.597181470241453072e-01
5.154030515370755516e-01
-7.286077448439372273e-02
9.838940148041626366e-02
-3.222921549200472024e-02
1.416967165603607581e-01
-1.533363473488962058e-03
1.227772249563328089e-01
1.158577135414756487e+00
-8.022013528247662340e-02
5.447495761824703298e-01
7.607612203983288302e-02
-3.659788495586137058e-01
-1.328417850218055030e+00
-1.217349668786718908e+00
2.329523218781687915e-02
1.189828453816704323e+00
-5.702478083174892243e-01
2.992863583387134763e-01
-1.295746202524142854e-01
-1.642458886686359865e-01
7.527626002412332040e-01
9.896124044480147930e-01
4.180511688620403010e-02
-2.824294135002499151e-01
-3.520362149305238386e-01
1.106281458423052783e-01
-3.821348759803845363e-01
1.990043636745992606e+00
-5.187228843154350066e-01
2.000046385831396323e-01
-4.929748574185159604e-02
7.282900180308526927e-01
-1.647730515414718822e+00
-2.276950244792152467e-01
4.275441850010449490e-02
3.767040011655642395e-02
-1.439405393021556401e-01
-3.645500313180470298e-01
-7.960851385091670396e-02
-1.177814741055016823e+00
-2.497758653455401517e-02
1.020666365582159202e-01
3.122548279903716306e-01
1.577572893219137962e-01
4.334329610275277495e-02
-3.917941823928363654e-01
-1.286692682063881599e-01
-6.880638218298303910e-01
1.907919470560187347e-01
1.628936067183681669e-01
-2.408726645596001859e-01
1.614817904092919199e-01
-3.116634721157459098e-01
2.482421991875302936e-01
-3.364312267914331689e-01
-3.484301269004312362e-01
2.325989247834776563e-01
-6.344387724257914973e-01
-5.613334258138912708e-02
-4.879931194791550242e-01
4.457303986353300385e-02
1.218279046860776038e+00
-1.949186704206248011e-01
1.500021312788417938e-01
-7.973919285132208268e-02
1.782075365739604622e-01
-2.208165625456845194e-01
-6.208931352847026908e-01
-2.053045291229580460e-01
-5.725339126815618407e-01
5.700517205387697350e-01
1.360156744139057461e-01
9.408288523659505964e-01
5.458993727901222393e-01
-1.079691390498798004e-01
3.147052402252037417e-01
-3.962457115817740183e-01
-6.461581380524994422e-01
6.607665412131701055e-02
-1.106805530618580447e+00
1.886840398223688098e-02
-5.034931301316856317e-02
-1.582234384704871710e-01
7.852349176991181567e-02
3.506827774099508660e-02
2.333517872236033908e-01
2.498082633988514892e-02
3.914746706672981302e-01
5.883872102791620762e-01
-5.592268786468316266e-01
-3.676677956759447780e-02
8.935688682412595840e-03
-1.005418201814799684e+00
6.791876549433282229e-01
-7.825249755639214488e-02
4.771731407888041288e-01
-5.759213979492158186e-01
-2.263949932647654484e-01
6.061056995773061312e-02
-8.042999522462371820e-01
-3.359894123904287322e-01
3.993489988943579871e-01
1.587057198233886579e-01
-3.736517822515445365e-04
1.538972269974203388e-01
-1.318491271336013626e-01
9.824769608144559574e-03
7.317049057733371331e-01
4.204083828183213800e-01
-1.354570084284494880e-01
-1.016334984896424473e-02
-3.182294847677328842e-01
5.560379670131826435e-01
-5.360481525490441435e-01
-4.148950175823704623e-01
1.225198186983435800e-01
4.890063598458242455e-01
1.007425413861872121e+00
-1.077617769866221764e-01
1.079951604131802023e+00
2.440719084078734058e-01
-5.503481397428026112e-01
2.661294411854315811e-01
-2.904569697098277059e-01
-2.459729263609840566e-01
3.898640940431235546e-01
4.946821490970026991e-02
-1.874256885956806021e-02
-1.839481146380283760e-01
-2.218961545126253362e-02
2.007310154354076115e-01
-4.571300637854894822e-01
1.857370061799125949e-01
-4.615463157341591349e-02
2.043329413101142855e-01
-2.213226183313006801e-01
1.867834929519137169e-02
5.176686830661070271e-01
2.183364137980196504e-02
2.592212326454932381e-01
2.368979038462117603e-01
3.114783931992504487e-02
4.985852996997735403e-02
-1.482226850890316638e-01
-3.791103198900096921e-02
1.626579094824287877e-02
1.109521656977832671e-01
-1.533333988685098292e-01
-1.298930058646264873e-01
3.630546901212957089e-01
2.552100769476142728e-01
4.352976538292483571e-02
-1.035961603282527177e+00
2.475137052764465051e-01
-4.559738915137503956e-01
-6.777619354748962155e-02
-3.914680100990797773e-01
-1.121771125444030126e+00
2.248046675466720823e-01
-7.388480240940766830e-01
-5.535863638837321687e-01
-2.369736941016124809e-01
2.733163275600375072e-02
3.225920841604930367e-02
1.519242167565392765e-01
-8.759708895654262639e-02
-4.661817833015089452e-01
5.195658027210993124e-01
1.378498046390448373e-01
1.985752420421093289e-01
-3.865954402197619988e-01
9.508061225179183229e-02
1.236668902340825715e+00
-3.182152913617616319e-01
-1.303051152221181563e-01
-2.919467653818175190e-01
3.789101735866919896e-01
2.206812964157336410e-01
2.072675731915809005e-01
2.392559306897859839e-01
-6.925054103589658484e-03
9.857527551755601580e-02
2.719309576171495824e-01
-3.075129802478867025e-01
5.763818963518537730e-01
-2.016827654705529993e-01
5.219540865739160651e-01
-1.243079673467423429e+00
-1.050033898820261491e-01
2.314866012496535896e-02
4.504134383953448811e-02
-2.149748633528337227e-01
-7.160015239903388951e-01
6.455480653227952947e-01
-2.223030882752386750e-01
-4.116434315131222710e-01
3.168428827202668385e-01
2.900994667146796768e-01
-2.205942215937111428e-01
-6.484942105132780743e-02
7.153006228770301123e-01
-2.776308623789007224e-01
-8.368820217761799296e-02
-2.157683261773508249e-02
-1.059831791502652693e-01
4.628833116648937152e-01
-7.807391943946746793e-02
-5.233834533316086279e-01
-6.753995150779893430e-01
2.276469857792935009e-02
6.018785429912761054e-02
-9.935922711972772214e-01
5.624844364758568860e-01
-9.098388172747648994e-01
-1.580273558574500914e-01
7.911217969801156435e-01
-3.092209959086056892e-01
-4.173642096645364674e-01
-3.016868511684006049e-01
-1.385116023129030705e+00
7.859220843475981377e-01
3.329434881660890966e-01
4.195837689964488360e-01
-2.230569227584839331e-01
-5.084343616416910905e-01
-1.392992008312927688e-01
4.205356661568095955e-01
4.266885342875504361e-01
-8.650550407866045011e-02
-1.466393251024628031e-01
4.437856252155553682e-01
4.102304943506429602e-02
-1.079117069740730184e+00
1.004168002021504247e+00
2.081421166313795479e-01
-4.735613690665668174e-01
3.211351338252780852e-01
-8.475118300621903300e-02
2.143409825424821558e-01
-9.079171397100188612e-01
1.866453550064415545e-01
-9.245754836280913047e-02
1.020487176864545709e-02
2.534109758415339572e-02
-1.383464082737734524e-01
5.380595895440296733e-02
5.548743341345663965e-02
-4.366239056572958632e-01
-9.284476137853070465e-02
2.397866352158251613e-01
2.450215412211937394e-01
3.735771875433254174e-01
7.418065242237036339e-01
9.275082209987939308e-02
5.196419912196184043e-01
2.728316919868097878e-01
-1.759812371789670482e-01
-3.579835817675731668e-01
-5.076167792447149746e-02
3.328904872242206131e-02
8.509813674260839622e-03
-4.683819144304874477e-02
-4.134121428190126041e-02
7.727856841709951352e-02
4.368065079554216967e-01
2.712673482205702480e-01
-2.340231019295785919e-01
-8.272987194217699125e-01
3.696572476653801065e-01
1.066339871409951456e-01
4.516127624155084064e-01
3.426384490580327569e-01
6.197583142617748564e-01
3.095397048543651053e-01
6.790481125265367124e-02
1.513160986492306515e-01
1.425045503105939748e-01
-4.428219397417749725e-01
2.672357181807209492e-01
2.386999884809008765e-01
2.196692057931737552e-01
8.018073045614072802e-02
3.882568398854074898e-01
3.100783683790585554e-01
-1.995817013578106078e-02
-2.083490411244138252e-01
1.654279679477002885e-01
-2.575908112193160682e-02
9.300996833930755270e-02
-1.777144392686280938e-01
1.956968258473644195e-01
1.416957335019511932e-01
-9.090553858397921738e-01
2.173915797622423540e-01
3.962728442771144555e-01
1.238812578240436224e+00
-1.167138869295229142e+00
-1.417467125605139211e+00
4.444007285222573156e-02
-2.510048772010931462e+00
9.423216597629699431e-02
2.510996916992936159e-02
-4.405423850086270243e-01
4.460666275385766211e-01
-7.683879667436431526e-02
-8.869124974649127413e-01
-8.309276800887401004e-02
1.637590371310318149e+00
6.568754300166239624e-01
-3.221433900787632476e-01
1.140772743730073646e+00
3.011404188325864650e-01
-1.029084075808704535e+00
-2.556646103278968907e-01
3.441517352566437760e-01
-9.688805380239783049e-02
-5.810657199857161524e-03
-4.160246552507085305e-02
7.465669736306296267e-02
-7.586551147281155316e-01
5.302032976341793935e-01
1.464410866698728553e+00
-1.003127002867789219e+00
-4.751562809234157192e-01
-6.883273198905357493e-01
-8.725662644476307461e-01
3.238168976161059920e-01
-1.161548740656861423e+00
6.877211977094173367e-02
7.187443923536500634e-01
-1.705954975417920960e-01
-4.701621165049157253e-02
2.263886978752190249e+00
3.374951935203610587e-01
-4.489067310698297564e-01
-1.155906288115592512e-01
8.035239386288796082e-01
8.095633983125982702e-01
-2.252278409833352035e-01
9.157432634001072547e-01
3.339501822693730082e-01
-1.385322811795816345e-01
-1.005401924896683480e-01
8.326141568628064871e-02
-7.624772385786365847e-01
-1.943677638322834911e-01
4.114179568644257823e-01
-1.741856066686342172e-02
-8.931473190481676871e-01
6.436764759597120300e-02
6.913668876945984199e-01
