3.473807443852598431e-01
-2.513987396605985580e-01
4.048261639848321075e-03
-4.337504868744743725e-01
-4.421217321944796719e-02
2.502580333310834293e-01
3.584788501726217658e-01
-6.461010240568649809e-01
-5.251273162296620639e-02
-2.331613615640801551e-01
-5.407084981667520385e-01
-3.124026199910085455e-01
5.896844009284555321e-01
-1.023734865804060146e-01
2.511521945447837134e-01
-7.031366230708213649e-01
-6.417523363550722282e-01
5.722310743575666908e-02
2.286120528583367520e-02
1.701402904057387200e-01
3.066143545184462152e-02
9.322742807310689661e-02
8.101611946378767248e-02
1.905527093558008755e-01
-5.198377629433045127e-02
1.312144284383811310e-01
-1.908113956893333629e-01
1.938987428174071548e-01
-2.013140937452388146e-01
-1.431851577637800743e-01
-1.386047032646897936e-01
-1.157649467648629582e-01
-2.385946546881244010e-02
2.748036398825946108e-02
5.204846930340924910e-02
-2.975278845829330138e-02
-8.142687447646949905e-02
-1.235962691842052152e-01
2.377461667995238101e-02
-4.670188738013491409e-02
-2.917908310091548163e-01
2.294926626367531641e-01
1.104587621809480918e-02
3.864156316901681820e-01
1.572355669399576050e-01
-3.236973576294210203e-02
8.694890672644191298e-02
3.436782101588293781e-01
-1.058120834364582735e-01
1.463950869790979215e-01
-2.062830692009557168e-02
1.857903569957486956e-01
-2.350549715299675435e-01
-8.993526670861078098e-02
-1.578121094819854020e-01
3.981820737199590621e-01
1.976810717827011676e-01
8.701386192367954742e-02
7.894516462631963327e-02
1.406235873623596679e-02
3.018101298593066084e-01
3.720163382579756983e-01
3.364623905266937443e-01
1.894844857607139166e-01
-2.554363555817215636e-01
8.074233544102248084e-02
4.323069678612053157e-01
-5.783277943311945085e-02
-1.616271554558353085e-01
-6.292385270911146078e-01
1.717172049267570999e-01
-3.141592638376184410e-01
8.754021810224725531e-02
-7.811207481851727141e-02
-1.575989534967429384e-01
1.200054151038408567e-01
-4.762139220674280887e-02
1.994853994083127802e-01
4.433815714096141503e-01
2.857074643414148074e-01
-3.450084223463056182e-02
-4.761990765366547196e-01
6.028290082645922088e-02
9.211497235227020242e-02
-7.778005706243949768e-02
1.360545998024328407e-01
8.433817835903265059e-02
-1.649253762611274654e-01
-3.214374330234469612e-01
8.588319244628589422e-02
-8.421913553634231830e-03
-1.861011088249600043e-01
1.036930334991754687e-01
4.213584034823782826e-02
5.324301041005417845e-02
2.026104118097235285e-01
-5.576521088813872762e-01
-8.855840086697096269e-02
-2.443205033717945895e-01
-1.551034974887195439e-01
3.377506117292187332e-02
1.375723994260744654e-01
2.016972560640099277e-01
-1.197668384905026390e-01
2.598603246394803334e-01
8.115749631250633589e-02
-2.250078497116145548e-01
-8.530874105147713549e-02
5.618731422825946897e-02
1.740665174806445975e-02
-5.954417572609303072e-02
-8.653498728614192337e-02
4.460550020970338592e-01
2.511698103487900458e-01
3.386643266567172100e-02
-2.099755109854788138e-01
-2.660501667332311193e-01
-8.416599533053485682e-02
1.514043761479399453e-01
-2.215905442236227874e-01
-1.988909528139748972e-01
-6.762959419384193538e-01
3.794305721611667126e-01
1.859249665310015176e-01
4.350609301846397603e-02
-5.467963404986520004e-02
-2.035936381193642897e-01
3.396045085706271838e-01
-1.159148072402469039e-02
1.441968043279996115e-01
2.675901236738161271e-01
5.388559020634305780e-02
-3.123178475456131128e-02
-8.728284888306113432e-02
-1.144961641529772395e-01
-1.856643217599500684e-01
1.076251657853080912e-01
-6.364593653339862232e-03
2.642220815525195832e-01
1.270932927313797589e-01
3.744624247952848400e-02
-1.794412591753678787e-01
-4.235170132130629539e-01
2.108650099082050589e-01
2.537345411360181213e-01
2.080417355097238102e-02
-4.604625144113899116e-01
-1.072966463357559741e-01
2.776247717957435746e-01
3.365832986383068826e-01
8.618510099117869527e-02
3.039488466215466422e-01
3.530343053261670860e-01
2.599255169392057918e-01
5.195550025727580651e-02
1.935288019192616948e-01
3.062899311980921135e-01
-6.610040384320819973e-02
1.022282524837869050e-01
2.411289325302845010e-01
4.162235233277920554e-01
2.107270320422767462e-01
-1.115328193189318723e-01
-3.267898113293190576e-01
-2.814538594497831836e-01
1.456868129600292772e-01
6.026423416503984276e-02
-1.494225369278299742e-01
-2.841992223233260617e-01
8.094886906829881768e-02
-4.464484926852581997e-03
-2.936435401272081691e-01
-2.013171608122356071e-01
3.216701633636531721e-02
-3.392723366785396766e-01
-2.996985838600144114e-01
1.462212321460487352e-01
-2.642057849418409377e-01
-4.828483730080626590e-01
8.946404507715093046e-02
5.821966825431004744e-02
1.321902362323719993e-01
-9.858664623345403388e-02
-1.325046699358969071e-01
3.444746013423165554e-01
1.152478877206403740e-01
2.293738405691666538e-01
2.097010701459675955e-02
-7.635985946246022504e-02
-1.240232706083494174e-01
-4.695455803228447411e-02
-6.105750963184519708e-02
8.430945974019757316e-02
1.354111327940397125e-01
4.577811379168568728e-01
-1.114343830561816961e-01
1.343179006754254869e-02
-9.792012810812383838e-02
-2.422104581260521583e-01
-3.627197585442976102e-01
2.320412876843909455e-02
-2.935852046720008879e-01
-4.446790083664335647e-02
1.160877062809612809e-01
-3.678532136098611183e-02
-2.202739780780349210e-01
2.998434329129604503e-01
-1.472707169415480577e-01
1.499220931961037229e-01
9.878329667205842934e-02
-6.354220680259256016e-01
3.533264202166687129e-01
3.088548778095072112e-01
1.761332037406423690e-01
2.492675114426930530e-02
-5.145193304384102634e-02
-1.269096727878771536e-01
-1.639947774691665472e-01
-2.428082061921782997e-01
-4.525711926019996417e-02
1.580763374361364437e-01
2.221730922885236936e-01
2.578906376495632702e-01
3.147957105374711295e-01
-5.526286251643482139e-02
1.392817290281250786e-01
1.533206107146917740e-01
-3.841407808058481810e-01
-1.070240457201398210e-01
8.002265456363782947e-02
1.419464968161112117e-01
1.920533449101657908e-01
3.740711891134405193e-02
-1.542718541252194320e-01
-1.084462436423397069e-01
-8.737830811572443179e-02
-2.921555079556586998e-01
3.352237236959818012e-02
2.308652113659529978e-02
-1.476878425224315561e-01
5.503273293151037665e-02
1.156319389370652206e-01
1.972745774682648223e-01
2.187992507806249542e-02
-2.481337033159419503e-01
2.748579676268256833e-01
-7.468551853806847107e-02
-3.314149557439520777e-01
1.019099587273882834e-01
-1.160870252768737010e-01
-1.564192854850977310e-01
-3.470250409909343414e-01
-3.292123100462037155e-01
-2.731067662688490549e-01
-2.472805941124140705e-01
-4.190661862867118836e-01
1.990472648335411474e-02
-1.895503644336854476e-01
-6.551180507448377544e-01
-3.345360621738234230e-01
2.855830535090010391e-01
3.696017094651278534e-02
-2.482382883158068265e-01
-5.073037394897686458e-02
2.565782663580949349e-02
-2.568493852308396108e-01
8.343414515529185005e-02
2.919376825420710864e-01
6.379405491757064728e-02
6.200511689842045510e-02
3.682751297483251307e-02
1.195235694928705322e-01
-5.044271788454925826e-02
-1.106765989130528982e-01
-3.369656812326384809e-01
-3.068594142875341602e-01
-2.824647267296812037e-01
-2.678941187469467411e-01
1.653744123253885617e-02
-1.871785621102818042e-01
3.608603089245940310e-01
-1.792704349272319087e-01
2.276834489809101136e-01
-1.130674248192047454e-01
-1.800866889031880469e-01
-2.918812681887958393e-01
1.531765202671297732e-01
8.657318462709386042e-02
1.449255708199051994e-02
3.111768060085031706e-01
-2.117892047238078557e-01
3.486729332749172738e-01
-4.500073263605364193e-02
-3.027028157373379824e-01
-1.972893291830781770e-01
-3.541748463806264069e-01
1.789861881053086134e-01
1.260338627857064686e-02
2.327134389236828749e-01
1.697371009194994229e-01
-3.744855728084447999e-02
4.086190532425612032e-01
-4.497632791405737490e-02
-2.208370081849479749e-01
-2.893387041085835332e-01
-5.668266638708171351e-02
-1.922098456706744507e-01
2.570801479772205078e-01
3.229259329942400173e-03
-2.925730385488098939e-01
-5.160772150974703154e-02
4.018679815393915583e-02
8.645097234179745238e-02
4.811687436704963905e-01
1.317870235584748251e-01
5.506782216888695958e-01
3.856909423059767250e-01
-1.956863739701007743e-02
3.924313829116799490e-01
4.032284863684708065e-01
2.183144691642582014e-01
6.509720245656329396e-02
3.249909041907125262e-01
-6.325717442591756168e-01
-2.171648920417738882e-02
2.061846392253395832e-01
3.343295742553366590e-01
-2.275877378882281421e-01
-2.156112801274544521e-01
2.371781737097720943e-01
-5.911562684244835164e-02
-1.528474521057903435e-01
8.655708981918681932e-02
1.431009408471746458e-01
3.580021977042210923e-01
-3.408023591265804675e-01
-2.741614936685792814e-01
-1.240900022546884696e-01
1.983120426778827439e-01
-5.428565750139491275e-01
-1.642247452125162044e-01
8.815418330549096293e-02
1.746558195128439239e-01
2.973663950614787721e-01
2.257336036649929267e-01
-3.624409410522630437e-02
2.430080998862221842e-01
3.417908013238479814e-02
3.790074544098457898e-01
-9.925495367627197238e-03
1.467580780833323828e-01
6.283504798656835977e-02
-1.955692709987908173e-01
1.610957133042004719e-01
-3.071331246914446589e-01
4.036420195087987439e-01
-1.018681830783402520e-01
2.528753967455288354e-01
2.293773654270670481e-01
2.358158459560812104e-03
2.807890777121007098e-01
-2.423892322455373227e-01
1.766208953253627922e-01
1.835634322568605314e-01
-6.166729374178288314e-02
-2.146969731130890513e-01
-1.002239085213276620e-01
-1.034032303574655871e-02
1.851214404037762051e-01
1.951874484053399139e-01
-4.090811053624814897e-01
1.013842027717792998e-01
-1.968108122106938251e-01
1.837329840553602600e-01
-1.900532753236558181e-01
-4.194403753814960334e-01
-1.340433846755777481e-01
-2.938209153956525821e-01
-1.832581761215668903e-01
9.766567079138627205e-02
1.020420816234414163e-01
-2.989741845235066586e-01
-3.432271534376236249e-02
-3.064194293726900109e-01
-1.862180912152669454e-02
-7.679238391580849032e-02
-4.188787299737757319e-01
1.364382047845577317e-01
-2.822414957876723252e-01
-3.041925399962084817e-02
-4.347900599896832863e-01
2.054480614442592834e-01
-7.314525314797287736e-02
1.404273915037026199e-01
-5.886195081135013885e-01
-1.700345867789321286e-01
-2.906045233185560184e-01
-3.289575623601728033e-02
2.436842450266530347e-01
-3.451843423087218587e-01
-3.623815433033531486e-01
-1.488238739373270447e-01
1.449071631151571393e-01
-1.446788386563459816e-01
1.968147143582678893e-01
-3.545027174492113575e-01
3.187914767423009887e-02
-2.625170110918951388e-02
-2.809634078285017100e-01
-7.739075922412335523e-03
1.345510427916920548e-01
2.271775486625190743e-01
2.410338465323784082e-02
2.596215343402903941e-01
-4.332480806893680980e-01
2.514730071647414134e-01
-3.831351150000820299e-02
5.415184348935252190e-02
1.665784001287379523e-01
1.485673634111560337e-01
-1.687657890288253859e-01
-1.110524921429107692e-01
-1.843330829479227981e-02
3.701532308410319244e-02
4.241232685574235495e-01
-3.819341393932393358e-01
2.768957271089220185e-01
-1.096445205481316604e-01
7.089442287238596763e-02
-2.086892980184313073e-01
-1.735951992743667571e-01
-2.070144702808080772e-01
2.599360894023916013e-01
-1.946542375287622917e-01
3.201128116228679210e-01
8.247360743488214158e-03
1.527648920227673013e-01
3.519573347094672733e-01
3.416993328309893968e-02
-2.168654130846045525e-01
1.595327652175244360e-01
-1.001348850688241338e-01
-8.408949425390671584e-02
3.722586214784349284e-02
7.510364999309708522e-02
4.711591572497528801e-01
4.135971436344040852e-01
1.191159577384878904e-01
-1.450821144533596951e-01
-2.663687007667497886e-01
2.333772436648454407e-01
3.614601333653516112e-04
-3.204513032168331832e-01
1.005331813819306322e-02
1.881044977936203177e-01
3.927848577129126884e-02
1.975403216039235410e-01
-1.168497337728332114e-01
-1.933753731059917047e-01
1.057328166700563649e-01
5.493263491430216972e-02
-4.551504035602994547e-01
5.964001370752415598e-02
5.165280801647299108e-02
1.443389336039644921e-01
-1.375329555681266969e-01
-1.109236194610710158e-01
2.382305535682929364e-03
-3.980242052109186045e-03
-7.615353060932283924e-02
-1.089545725970797047e-01
1.231308830558159595e-01
4.802718391341346399e-02
-1.292203108991442709e-02
1.086593493025291568e-01
-1.249677976230267745e-01
-2.588726662088174438e-02
-1.140330460532915785e-01
-1.102562122198855465e-01
6.122518752711385293e-02
-2.316630809167520288e-01
1.061171016444096282e-01
-1.792834243961066026e-02
1.115329995375120842e-01
-4.386724976215259503e-02
1.033369428968697185e-01
2.721491606424420451e-01
-4.538796838605776290e-02
2.122361711494039627e-01
6.168827952058530267e-02
8.266571868132507189e-03
-1.399505592623547234e-01
-1.760957680488636767e-01
-3.113588993975959784e-01
-2.869349538529416543e-01
1.359307868319307444e-01
1.128525000022752856e-01
-6.869726316193825941e-03
-2.463355233810754497e-01
3.582591708043815840e-03
-8.151821795621531919e-02
-6.808934677311147265e-02
-3.472109463303057475e-01
2.347085288714225448e-01
4.199826286827707533e-01
8.504250556818056597e-03
1.603110186466757403e-01
4.874994524329165357e-02
-3.077232516472390711e-01
1.350277677034958101e-01
-7.483665384173876500e-01
-8.624218184562164324e-02
1.751133720111556005e-02
2.633284115989486529e-01
-1.349227145128560797e-03
2.804355823865665176e-01
-1.102240651897155449e-01
5.795682969021620501e-01
2.022307935104687149e-01
7.943718928854238970e-02
1.100190069418326838e-01
5.838736289092407578e-02
-1.402445020054910174e-01
-9.656020021649219798e-02
-2.506337524131850847e-01
-5.426194436160511336e-02
-2.842275875060206181e-01
9.622059709344378889e-03
-2.055384577483564401e-01
-6.008454213957797191e-02
2.097698203426148211e-01
2.204209139236381343e-01
-2.375643205685382953e-01
-3.601833583796701377e-01
-1.035664348365020471e-01
-1.126289076880446390e-02
-1.503255866204458446e-01
3.917787931683579944e-02
1.052299859488651235e-01
2.149353104127403602e-01
-9.557854238008380021e-02
4.299996162680881362e-01
3.348746455738239591e-01
-4.260534999867673228e-02
2.627672647139048245e-01
-2.125391700299115658e-02
-1.021598201025105124e-01
-1.237324435697759739e-01
-8.167233071210265594e-02
1.731803462411617978e-01
6.658234869903109643e-02
-1.789317967048946745e-01
3.166335483952533725e-01
-3.836752625579464837e-02
1.061580737637487781e-01
-2.904937122254290238e-01
-3.131076848323325473e-02
-2.001509782977036189e-01
6.064245204583269128e-02
1.727406468441869680e-01
-1.614026920442815094e-01
-4.225761578284643050e-01
2.610511984266960517e-01
8.868654275136853005e-02
-1.693313678549828449e-01
-2.613888147341210111e-01
2.128706455725985075e-02
-1.547231729701581959e-01
2.781207357072382202e-01
2.848123615912765416e-01
3.059680819684899578e-01
9.338662035334915901e-02
-1.634996932119990865e-01
1.042663492147125615e-01
-7.775978714066027198e-02
5.238700039899032435e-01
1.017690934289979532e-01
2.979987097099158835e-02
3.968202298150130258e-01
5.427419933287018494e-02
-3.557361600664482038e-01
2.613192524234255187e-01
-5.348319487149653766e-03
1.621196103329817784e-01
1.464073934625719497e-01
1.264341558457044989e-01
-1.451298908308147062e-01
-5.927236921650114176e-02
-8.510781543384998704e-02
-3.136760418251991478e-01
6.736845091833229549e-02
5.123614859615606143e-01
3.776684446592670219e-01
1.096909265373193776e-01
7.548635933150329991e-02
-3.258260919944149653e-02
-1.967108737589832457e-01
4.567102240913635258e-01
-4.307448066182200663e-01
-1.562707549002570750e-01
-3.107642898606305382e-01
1.501645523212077615e-01
-2.367706059280893227e-01
-1.879418225205038984e-01
-4.201743456608008492e-02
-1.080158173518959708e-01
1.759043866551902521e-02
3.177174391624671967e-01
-2.671339031124139729e-01
-2.561589177445084409e-01
-5.216900713161599229e-02
1.201752492411552325e-01
3.770507410790906455e-01
3.358143906671899881e-01
-4.526576980846262477e-01
1.941100468862294315e-01
4.450186474352651328e-02
-1.173862632071167034e-01
-7.004640439373340573e-04
3.371834779345644351e-01
5.756009541041636271e-04
-4.724774673140128868e-03
7.102227185968207346e-02
4.618333658320449703e-02
2.163269199999957315e-01
2.914426407501486543e-02
-2.465425834875138167e-01
-1.476162786980161068e-01
1.420091252808457771e-01
-3.618781273273892762e-01
2.908918414714837478e-03
-3.313374452260716141e-01
-1.057492161740271330e-01
-1.013714579151232253e-01
-4.258726323189077761e-02
4.062421875150966089e-01
-1.986418727610284388e-02
8.301017587856658608e-02
-3.616053869398243303e-02
-1.288484138088914939e-02
3.838081873421026469e-01
-7.085894478255118090e-01
2.500826852371835218e-01
-1.077840353698935189e-01
1.909493742428727825e-01
-1.415751159457616544e-02
2.265992504023530973e-01
6.020645475776612021e-02
3.633829147110664848e-01
-1.688242270702776937e-01
2.066320716074859509e-01
-2.425648540204854986e-01
1.636896101853789476e-01
2.349980139260534340e-01
1.650320061914609115e-01
2.749714268082004698e-01
2.581342901356115660e-01
8.824612926539925073e-02
9.603449276225434206e-02
-3.449356595538674575e-02
-1.871273438202923356e-01
1.822781361410825696e-01
-1.403776589152536391e-01
-3.141597036133232379e-01
1.803029456687107457e-01
-2.427305789762246035e-01
-1.180507682750463055e-01
3.199877300281432912e-01
3.709145460851621667e-01
1.882435093753975774e-01
1.928663884416086938e-01
-8.453161359364169680e-02
-1.655076574658800315e-01
4.235849252248893304e-01
1.818474051707161809e-01
-2.392868392245035003e-01
8.009212471216983764e-02
-1.613639405021745632e-01
-3.231818792808641150e-01
-6.322995216426015308e-02
-2.071918683893019530e-01
-1.179930559105914906e-01
-1.743070081779745928e-01
-1.639643465149523138e-01
1.754805076337739023e-01
2.291391901059382785e-01
2.939120796985151274e-01
-6.679408222640238757e-02
-6.036075364192724502e-01
4.302927093636469552e-02
-7.525737846954455579e-02
-9.750408039849654818e-02
-2.019639829919755714e-01
-1.078917951984568330e-01
2.861391327877715884e-01
-4.272136049306780176e-02
8.599702183015503487e-02
5.737460777552194635e-01
-5.979576699654487459e-01
1.385089069539552076e-01
3.892721535530685797e-03
1.329631187208796805e-01
2.291351266440247725e-01
-1.738757482369348850e-01
5.611107052337397511e-02
-1.873204347447184406e-02
-1.459590425556445414e-01
1.900891466658619355e-01
6.852865377093192434e-02
-2.402297675635196583e-01
3.531039044549318939e-01
1.104286669750101785e-01
-2.065356382948811025e-04
-4.675474766457808351e-01
-3.656180937770357048e-02
-2.924021974922874079e-01
1.626859410463044053e-01
-9.688806102385269861e-03
1.274883349413437617e-01
4.680968232922375072e-01
-5.876095149094840570e-02
1.244545371577936987e-01
-1.571143144658656288e-01
1.643311569198040722e-01
-1.021120663362196923e-01
-2.160251368299209995e-01
3.713676516483793155e-01
1.425859432528522597e-01
-1.389034613731303380e-01
5.066519645321457960e-02
4.873709477968817816e-01
-8.330625572621475766e-03
2.711570939304187577e-01
-1.303094048682793549e-01
-3.225551306341732927e-01
1.577550887911886163e-02
-6.854898441733700554e-02
1.278973256830023275e-01
-1.544934594061341850e-02
3.547737851801014419e-01
-2.182733218311710965e-01
1.566982421428831929e-01
-1.001679313193495485e-01
-1.533372029822605287e-01
3.639522886952137881e-01
1.744975434172912855e-03
-3.612563120219767360e-02
-4.484478739121022274e-03
3.576063058635049058e-02
1.301076159911820213e-02
-2.741397162233950024e-01
-3.806940199615538051e-03
-1.488180484555492455e-01
1.485712735116004879e-01
-2.586985293110936612e-01
9.779498426357255414e-02
-2.354524391825477680e-01
-1.714933885193997698e-01
-2.156821040183650728e-01
8.563483900517562808e-02
2.786305530443446837e-02
-1.645487532194300773e-02
2.397261875757584759e-01
-3.572931857933185351e-01
1.472547964255698505e-01
1.556825748627662376e-01
4.090843636735681521e-01
-6.995189368396351193e-02
-1.173072582556118210e-01
9.397552313099735710e-02
-2.535318725333967071e-01
9.916931903285615413e-02
-3.301868064070848791e-02
1.486956457894724748e-01
-1.913335655807135161e-01
1.773536781823729647e-01
1.339517074062061310e-02
2.793045516094856962e-01
1.186456952253339969e-01
-2.051567193803941966e-02
4.749200449904378840e-01
-9.799798912577394050e-02
-2.254668020252875715e-01
3.968373727616004154e-01
-1.426543776955586096e-01
3.149663739075312385e-01
1.532959781260651022e-01
1.482287711953838572e-01
7.190359309242108643e-02
-1.159121692437079520e-01
-8.467836528230591187e-01
-3.135238508430943649e-01
8.420482901429122286e-03
-1.396225049886204439e-01
3.414619986659486184e-01
1.190064191922643594e-01
5.897978385361904996e-01
1.181539333033998079e-01
-3.535994584700351967e-02
-2.465546695112255937e-01
-3.587285541324024274e-02
-2.415555159028378029e-01
-1.173598771808070790e-01
2.670424801609354026e-01
2.757388025912313467e-01
-9.154612609481908858e-02
-1.151437718085239342e-01
2.732570267937983188e-01
5.247331521652561642e-02
-9.379657801262850092e-02
4.548648641665057647e-03
2.899764378530055725e-02
1.100665034191647129e-01
1.946515188470957225e-01
-3.312011228655391548e-01
7.946317156637676404e-02
3.713012888876954937e-02
1.999680547546581200e-01
9.682861850019204575e-02
1.258006457286252044e-01
-8.671323401165534350e-02
3.012860538515177086e-02
-2.755187591934403768e-01
1.592798183904541032e-01
3.524703163541206830e-01
3.524429785864564568e-01
-1.910027186440112212e-01
5.113728516139822572e-02
-1.268335489673675931e-01
8.496438420974537775e-02
3.238071996801402674e-01
-1.752179730864270868e-01
6.621998274314731814e-02
3.389229862315722430e-01
-2.172117678603311952e-01
-1.198805508749649223e-01
-1.284387929919761639e-01
1.495107441613027777e-01
2.253425758189051276e-01
-1.838327838432538830e-01
-1.592227525706828850e-01
-1.308250714370736978e-01
1.699569354139006949e-01
-2.463671146206192764e-01
-1.221786684574116717e-02
2.475446586976841612e-01
6.334574095982610509e-02
-1.288534750901275394e-01
-7.904498821927528895e-03
1.051156085555214744e-03
-4.339012208107324020e-01
9.228743275078823624e-03
1.400780462889687772e-01
2.707298134404203527e-01
-1.688548477411749293e-01
9.125826166785805382e-02
-2.589746515028138463e-01
1.318049179828410800e-01
-1.846290307560416732e-01
-2.279524379511748411e-01
-2.712307368898828064e-02
-1.370467862233469836e-01
7.945404185954264842e-02
2.233309851806857538e-01
1.787025650755320536e-02
1.374410877227137673e-01
-5.552860571473753476e-02
-5.747984754536133306e-02
-9.160247559293001329e-02
-1.054772341886152931e-01
-7.918852396678187355e-02
-4.385337695968821725e-02
3.762413122560815948e-01
-2.886198922030723882e-02
2.800376313091883507e-01
-2.499501861947896475e-01
-3.121974016819244468e-01
-2.015548256532277011e-02
-3.231274103595036529e-01
1.952375320151532312e-01
-2.451819063951949859e-02
4.221089525335561948e-02
8.254628924975733473e-02
-4.026959968088810599e-02
9.397004232933181544e-02
-6.706063203973683384e-02
8.990047660243903616e-02
-8.374414992786541334e-02
-7.324846970160506232e-02
2.765129896129409071e-02
1.030553590098133993e-01
1.316006060464165184e-01
-7.151620187306795273e-02
-6.899096147397765222e-02
-8.794548323581707558e-03
1.311456354406992930e-01
1.459879893837622289e-01
-1.678099126155254556e-02
4.942339806923246037e-02
1.057759130503152512e-01
-2.628934955388890771e-01
2.889679644655073210e-01
1.465450603197694379e-01
1.601610739494508939e-01
-9.811383969553108542e-02
4.156942928661772063e-01
6.050278392249205939e-02
-3.897560837646239264e-03
5.098228032940323867e-02
-6.916538262234646350e-02
-5.448705131121393819e-02
2.206399674602606276e-01
3.803583718220576171e-01
1.989546707957240979e-01
-1.446342985390229319e-01
-1.825536656592567641e-01
1.033432680071560104e-02
1.124156493843423144e-01
3.603282097906133630e-01
-3.712013900451907045e-01
-7.022229856218416277e-02
-1.071443403548562184e-01
-1.773445236246637136e-01
1.490327680038025238e-01
2.579510276779279354e-01
-1.953109201639894599e-01
1.456621946422960445e-01
4.428525710922417424e-01
-2.133606689517128160e-02
1.402542761070559307e-01
8.966381091669167747e-02
5.496033895131435115e-02
5.987435821997669737e-03
-1.461381843851113638e-01
-1.558516532883074401e-01
1.473853828369088570e-02
3.027873772749620218e-02
-3.560606998669079148e-01
7.646441329589347136e-02
-2.334331172707329594e-01
-2.384577859984633730e-02
-2.272516976813926670e-01
-1.214197884354781820e-01
9.050764254907131545e-02
2.646746204618291576e-01
-2.176955244398707801e-01
-2.439186048140815077e-01
3.266515669738090377e-02
1.141970874331085239e-01
7.063227977914596223e-02
3.241420121221812445e-01
-1.548084749144695293e-01
1.093389608495055343e-01
-1.078566081996697873e-01
2.085650062200041788e-01
4.438632846698957191e-01
3.134462595035051313e-01
1.092462550500180873e-01
1.559813632707289510e-01
-2.353723842628514459e-02
3.854106465411416549e-01
-2.826764521349054426e-01
1.527711699835054004e-01
-2.065996828385564810e-01
3.349355857158887173e-01
-6.222892630836805716e-02
1.630988831813823259e-01
-1.511379393394033932e-01
4.554331123695601891e-01
4.819936793723637175e-02
1.563293989720722643e-01
-3.653606036518979028e-02
-2.374700555319646245e-01
3.834161141825230268e-01
-1.155078636982395796e-01
-1.743373856283165213e-01
-3.836051337619808543e-02
-2.227037479906135153e-01
9.490962516077759703e-02
-1.099030028998817521e-01
1.755522704912358956e-01
-1.391731220743186170e-01
-1.744415481979227911e-01
-5.099755000850757503e-01
2.088859006794868134e-01
3.100548611212341696e-02
1.374823481657259407e-02
-2.517940557427610915e-01
-3.526739434288826969e-01
-4.087513178470040254e-01
2.987131912524724764e-01
1.275075570180953313e-02
2.778974556433273513e-01
-8.436407657965856732e-02
-1.159474930388356834e-01
-2.437932396892319303e-02
-3.061715278442111998e-01
7.832601888011769820e-02
2.888313554031426422e-01
3.699385890167142810e-01
3.089616217177176827e-01
-1.079710308989076661e-01
9.207334849529510978e-02
-2.211790017887415583e-01
-2.367025084305229288e-01
-8.031299628564260440e-02
-3.515403600046825006e-02
-1.224529702113818924e-01
4.135574680851720752e-01
1.803163561424694084e-01
1.717830932031872981e-01
1.236095080829376081e-01
3.878730933903817846e-02
-1.095994262166304252e-02
3.134818649824348546e-01
2.325018087680365553e-01
4.180934824578741438e-01
2.861943738830129980e-01
1.648132231367032963e-01
2.660260873559218697e-01
1.111529480150383054e-01
2.085697643248414501e-01
9.572721584840948594e-02
3.157348338691015055e-01
3.429433851034861119e-02
3.758823258525105238e-01
7.060295682420290875e-02
-2.299246726524606932e-01
2.282506544395468406e-01
-7.215197959212495127e-02
-3.367584571935073323e-01
1.588640270288408096e-01
-1.016587211706572319e-01
-1.971753032775311887e-01
1.154805063115007524e-01
7.827203527666323768e-02
-2.040400158266580666e-01
-9.604868584124159892e-02
5.896130064797610454e-02
2.745189092263594088e-01
2.201749387587457474e-01
-1.479825085264614426e-01
-2.032073717946411007e-01
-7.045491941500948247e-04
-2.526884985899085501e-01
-4.292908948332546659e-02
2.582748263723891671e-02
-2.306640673267902619e-01
-2.306148229212262590e-01
2.534934077956804699e-01
1.875855288622435835e-01
1.135916452352200290e-01
4.235918150499674850e-02
-1.497275469074702270e-01
5.618628183031144224e-02
-2.239713656591114099e-01
-2.401241222926218111e-01
5.579916790028637691e-02
-1.770167555521147407e-01
4.662220086892730070e-02
3.596561651752800542e-02
1.470490011979978980e-02
-2.340014971748357805e-02
3.032744140219773010e-01
-4.526647064600468062e-01
-3.039956400670695835e-01
-1.468791741747569046e-01
-6.609339581303098898e-02
-2.223476539939110985e-01
-4.081131322639313525e-02
3.475940563100042568e-02
1.588807079565372204e-01
2.506989849275866877e-01
-1.811514858279395512e-01
1.586731832018626609e-01
5.015831163419170015e-04
-2.493554516577231317e-01
1.293971350141629451e-01
-2.185434867864005648e-01
-3.339033942844847891e-01
1.363847501593800082e-01
8.999405405202558217e-02
-2.574769319230111875e-01
-1.979524586248940787e-01
1.916165042583966582e-01
-1.877386441707160070e-01
-6.545123535220748190e-02
-1.210649107982874062e-01
-2.159562600087555073e-01
1.545904189749253699e-01
2.070725848195894558e-01
-2.497087042331484485e-01
1.070139554467943593e-01
1.143038577480496032e-01
2.477358233405284049e-01
1.335272565875484096e-01
-3.760265771321590761e-02
-1.634957416476568171e-01
-9.898416404774637578e-03
1.061381909729211814e-01
-1.787495042891406039e-01
-5.708368080596832282e-03
-6.320300398199409919e-01
-8.952313136678932692e-02
-2.661599208469687672e-01
-5.381346893005946319e-02
-4.050908751718008127e-01
7.301221956280036507e-02
-9.451659430825447294e-02
-9.910066927658431335e-02
-1.172382461097511291e-01
-1.846019639329477546e-01
4.611197485575393995e-01
-1.001257703767473584e-01
-1.328069906001790035e-01
1.499833994469170484e-01
8.463094410449288271e-03
2.354935531242131896e-01
2.328163675629732476e-01
-1.686806800417247829e-02
3.339729735608648609e-01
9.795789093515873402e-02
-9.818916607318783907e-02
3.041202503986164402e-02
1.011173480215049880e-01
-1.914713946905760300e-01
-1.886175798174773988e-01
-2.025324013007412105e-01
-6.167319372490908114e-01
-2.533749828330162934e-01
6.100012507228144143e-01
4.838873354558777956e-02
6.945924586828014502e-02
1.950072344287353543e-01
-8.289190879008556667e-02
-7.052098234115579400e-02
1.651701928192651492e-01
1.334213208694774444e-01
-1.131063056553442692e-01
8.629336922281206912e-02
2.555824370891131014e-01
-2.738564893078990203e-01
-8.990992231881671237e-02
-2.665551719477208814e-01
4.656673699103534153e-02
-1.032437285554465012e-01
4.497711911582764066e-01
-1.232430213530196911e-01
-1.096851070958788921e-01
3.354931560241076749e-01
-1.491975866111041465e-02
-2.993071221748538902e-01
-4.419099868908101664e-02
-2.558328081070224136e-01
-3.274065063200251591e-01
8.071883388778844370e-02
1.058122221492368842e-01
5.475661510055820219e-02
9.951995773340477358e-02
-7.106141936774602874e-02
-1.279050312844066777e-02
-1.788534664488602294e-02
7.536503624336447077e-03
1.641500550793940222e-02
-4.163678603558509939e-01
6.666404329229569381e-02
2.588637764463434451e-02
-2.313109986645433269e-01
2.735377605946594515e-01
-2.049455106213367572e-01
-1.388961948707835223e-02
-1.403974966571990557e-01
-1.450242151566271953e-01
6.555475241205525883e-02
1.808638192173869230e-01
1.167395629643598748e-01
2.112265093192508270e-01
-2.211122042898380213e-01
-3.100229971963021636e-01
-1.137258787179047104e-01
-3.613598246139805847e-01
-2.417259828142120370e-01
4.050947550018483834e-01
-1.629481642952896325e-01
6.797533619166409857e-02
2.462923511961710998e-01
-3.193577738398091781e-01
6.610030579061795808e-02
1.196610033753036650e-01
3.951299249020804455e-02
4.457426610089412072e-02
2.569667951955814655e-01
-3.330097680859133574e-02
-3.448344831519078446e-01
4.440308627813651654e-01
5.878514663864353729e-02
3.450519874427609435e-01
-6.399820093116064847e-03
7.360426281555891570e-02
1.287937256181202750e-01
-3.368891042276149494e-02
-2.294736974706393651e-01
9.259248317004709072e-02
1.050779963805395789e-01
3.930052765564734374e-02
4.586667113900206316e-01
9.793430285894767773e-02
-1.359021221263297940e-01
3.260224619946080482e-01
-5.100001808910316070e-01
-5.148384695275809442e-01
-2.634659172883329487e-02
7.591685450475220420e-02
-1.030088696348764321e-01
-1.764839700479285123e-01
6.214306351700996794e-02
1.588104261757787850e-01
-7.299497899247792132e-02
-2.346704601818246916e-01
9.931539408911362055e-02
-3.236051389699913794e-01
2.523430896808465107e-01
1.012621922918612444e-01
7.337929429760184363e-02
-2.545753198085607405e-01
-1.551897024201610298e-01
2.936856845744212699e-02
-1.993192724356342982e-01
4.762867089496140849e-02
-4.048567506606702282e-01
1.002324663230039561e-02
1.125952311033289188e-01
3.564497529843974055e-01
9.840573111728535827e-02
-1.495682961570102831e-01
1.487526147674143595e-01
-6.094491404135242429e-02
2.988650372187735549e-01
-1.764330441697226082e-01
4.848676844083620874e-01
2.459923693522322596e-01
1.661262658776985757e-01
3.401594820058419510e-01
9.639281234059433878e-02
2.766577930671608176e-01
3.612088235427327598e-01
3.048479503739123242e-01
1.429454130633832365e-01
-3.021753604080856370e-03
-5.991792215996694093e-01
2.605228944449726747e-01
4.860915710449565871e-03
-6.893369155182748065e-01
2.512526731547704006e-01
-2.546084534409794320e-01
-2.729816490116166450e-01
-1.987482643058539333e-01
-5.017058569312069644e-02
5.321003239097548132e-01
3.010170747988406004e-01
6.879549657866583512e-02
6.406518168518933465e-02
1.380199547062908316e-01
6.124715409946316497e-02
-9.567999382706030009e-02
9.017878872038163907e-02
-2.123019616239145424e-01
5.058472181790580890e-01
-1.747114208424464521e-01
-4.266778927685406231e-01
-1.876327761005371630e-01
-2.286008312714759294e-01
7.365721099718101905e-02
1.027871801525066936e-01
-7.569624415166154030e-02
2.157361210783658445e-01
2.590949812186331136e-01
9.220754042374698645e-02
-1.712859796240666088e-01
-1.251442737971514008e-01
-1.019644636845420671e-01
-6.339020048154768439e-02
-3.783190966884264483e-02
-5.888041157588107949e-02
1.054603369312427791e-01
-3.644176985342778008e-01
1.290698515494207166e-01
2.275079988057758795e-01
-2.781530756956424044e-01
9.192667362729727010e-02
-3.241178958614830963e-01
6.876234116304702493e-02
2.696370957566797677e-01
-3.856656328586964277e-01
-1.343526207471889937e-02
-8.920876616613772347e-02
1.014303247869448310e-02
-1.182882628234834255e-01
1.380393606161714193e-01
1.388978427610569888e-01
3.217362191864602677e-02
3.452798321813689824e-03
-1.860191379082672125e-02
6.255927972585491326e-02
9.999109107872006241e-02
-1.923605169843650362e-02
-2.309205372355334351e-02
-4.912107400493008480e-02
-6.297524050702080212e-02
-1.413912958707681522e-01
-9.682140788831752887e-02
4.379118660244113274e-03
8.063963715327987503e-02
6.094624792784726630e-02
8.362787242671953711e-03
2.695984436090044511e-02
1.049924763285160489e-01
-1.641836685082316213e-02
1.210859098900672337e-01
2.109176675619477137e-01
2.431432857371231548e-01
1.489210313214075487e-01
2.914973881824258622e-02
2.471611792986882772e-01
3.075373637311797359e-01
-5.390830840336608976e-01
-1.312781908551278465e-01
1.780948122978791848e-01
1.271583132230554580e-01
2.193583556602609896e-01
1.606412922855408321e-01
-1.315812997397326212e-01
1.187408277590154132e-01
5.363442002973407147e-02
-2.900885341474795931e-01
-7.941686012610170431e-02
6.060789456861942828e-03
-1.737947256637524807e-01
-2.896957969954349829e-02
2.221013571517920226e-01
-4.673169536442663974e-01
-4.681528299762846013e-01
-1.592318099841675272e-01
-4.792674292163077998e-02
-1.149353983803946821e-01
-3.520618977511908582e-02
-2.736869812659408763e-01
1.094990475547097108e-01
5.045311042110160737e-02
1.253126775254373992e-01
-9.333019485359572709e-02
-2.919090635661086841e-01
7.878497246387793779e-03
-1.151395785319262594e-01
-8.989565085691705870e-02
8.563118467903450826e-02
-1.675121098035652067e-01
1.837189385177613321e-01
-1.112016248429271020e-01
-2.841352053403659594e-01
-3.303281430920730899e-01
4.923437121822458185e-01
-4.103707594630285338e-01
-2.212401390353120612e-02
3.018908900143024154e-01
1.294006760049316862e-01
-1.114344836686286672e-01
-4.222312294932567545e-02
-6.989757107756296162e-02
1.663936722579804073e-01
2.648629281835850890e-01
3.196826157937034396e-01
-5.874469191977993443e-02
6.269618827397067939e-02
-1.237045934829411054e-01
-1.485612353585231415e-01
-1.546068247137339681e-02
1.946511292134662507e-01
-1.111265292490674038e-02
-2.869424884854369084e-01
-4.253936873505139160e-01
-1.077938117502848930e-01
-1.119830340455993528e-01
-1.579811218479098278e-01
-6.745181397077079644e-02
9.841035687465511661e-02
4.422383313860392406e-02
5.405999897595969994e-02
-4.740508983423570577e-02
-5.764220683442035364e-02
2.593986424718121644e-02
3.081504967893673452e-01
6.868782635307274509e-02
-1.375002008568936007e-01
-1.619915052703149172e-01
-3.206124421446609474e-01
2.743778199883198377e-01
-3.117673428484853404e-01
2.151830539657954011e-01
1.407708822045512786e-01
2.551478806553047485e-01
6.216876654084133591e-01
1.034781975043995092e-02
2.915295133819137408e-01
-7.958232567979046934e-02
1.055127132448808874e-01
2.631214187440622521e-01
2.588800649477474569e-01
-5.096828968552415962e-01
-5.675931608093197356e-02
2.745327393733197341e-01
-1.327490504135077909e-01
-2.985705766107106807e-01
-4.966375336392057915e-02
1.827871368410218522e-01
-4.608818959339167076e-01
-1.919755989368733540e-01
3.317982051790790421e-01
-2.778515593544459983e-01
1.018022248684351261e-03
9.993087169397704694e-02
-3.628964731347574801e-01
3.131526308388173363e-01
3.272535306169260805e-01
4.523056439362840853e-02
4.266972662235156422e-02
5.339500074372695304e-02
1.344593103367782740e-02
-8.023067993975561973e-02
1.748060683322769926e-01
-3.853485807830378529e-02
-2.919320168841391672e-01
-2.084832832335921649e-01
1.475078095167707548e-01
1.266272315852546015e-01
-2.270053476482905563e-01
2.321346151166510940e-01
1.386037874318178653e-01
1.049074239497806323e-02
-1.999458713874343596e-01
4.600882657860265734e-01
1.145942138913942226e-01
-1.325648774050106338e-01
3.094586298961552254e-02
-2.231772699650395042e-01
1.050886726275676170e-01
-2.244392165410497575e-01
-2.901260829017020954e-02
-3.671650482872956811e-02
2.450667649085508382e-02
3.043620179324897923e-01
-3.854682487717417949e-01
3.224060104022470341e-01
-1.179707854443860365e-01
5.064424570052870195e-02
-5.256104354204942791e-02
-7.738005765784172763e-02
1.976284925273966431e-01
1.230311751945899618e-01
1.466342851063533355e-02
-2.774841212596854678e-01
3.813595094451878442e-02
-2.237822639838684957e-01
2.217536795742125755e-01
2.979057791349375983e-01
1.803182909350260488e-01
1.125223961623282726e-01
-1.720772023258579364e-01
-2.931713964653246962e-01
-5.124697806305621439e-01
7.721095296211306913e-02
3.004555899899823967e-01
-5.255065155209865946e-01
-1.892735676564920311e-01
-2.585377020949772842e-01
2.080218190932446032e-01
1.356486425736822161e-02
-9.613070460462502798e-03
-2.600702899381880928e-01
3.879212085785206654e-02
2.601654146232812437e-01
-5.131632917451394577e-02
-2.239893085699055930e-01
-4.600502085497726878e-01
1.285198363714640524e-01
8.261720838220602825e-02
-7.322122993555829629e-02
-3.123251226310157225e-02
-4.825095160245675974e-01
3.930747150352159047e-01
-1.615359344767272332e-01
-3.599712757890954906e-01
1.447585214660543906e-01
3.543848075369438171e-03
8.321976088059390708e-02
1.737302759681483566e-01
3.352697792899308332e-02
-1.884072161981506510e-01
-1.393664673251203134e-01
5.435791790422046799e-02
-4.874832273697942558e-02
1.539697110027993254e-02
-8.098311023482324122e-02
-2.816509859380519551e-02
1.556786409104738977e-01
5.556559018860101479e-02
-9.999006031432317032e-02
-2.584047043731079185e-01
-1.560359049762912453e-01
-2.358561539643657112e-01
-2.864237064757330642e-01
1.933446005879423460e-02
-3.169340191496443637e-01
1.271594450097300877e-01
2.447010057440562047e-01
3.260535290460709040e-03
1.734204434413587348e-01
2.392253994308022116e-02
2.089837405892953079e-04
1.937839358693174419e-01
-4.628374958491010549e-02
2.984162555848762777e-01
-1.994916974877324056e-01
3.053908919295887370e-01
-1.174026827117577443e-01
-3.765792527378224435e-03
2.380557793000753763e-01
-4.136112735149677921e-01
-1.581441205674163908e-01
3.529797777113035662e-01
-8.298221227674287825e-02
-2.637502444239657184e-01
-3.453137385951133842e-01
-2.175019920122540570e-02
2.370324500272349144e-01
1.291496125637090209e-01
-4.673866453259160059e-01
-3.680844083837567227e-01
5.853414516765446107e-01
-3.353686794693647166e-02
1.972307672406627965e-01
-1.560185483271591400e-01
-4.034841061510499038e-01
-3.628867763294258975e-01
-5.217086425465800037e-01
2.892593094671865386e-02
-1.471214673429656339e-01
-4.258645731729313738e-02
1.609809888529776245e-01
2.456728828214476967e-01
-1.528270952931441440e-01
-4.186679670212220539e-01
3.203609550850031878e-02
1.119843481367303606e-01
1.784357746110126208e-01
-1.676180390834107192e-01
-3.195524793000116270e-01
-3.693708832514114998e-02
1.435491313197311547e-01
-2.185191997952301568e-01
-3.162202307492659875e-02
3.948348776823551454e-01
4.465872255698716264e-01
3.704705683942267624e-01
3.481459696805143111e-01
-1.428865292994041802e-01
2.394328855964479932e-02
5.945496776914460657e-01
-1.408897602921667658e-01
1.038691666232262889e-01
-4.037333127623876083e-01
1.544872831645202615e-01
-2.985301421971272573e-01
-3.778738916957217198e-01
-1.005363631332445162e-01
1.248104236526984823e-01
1.048733376360189429e-01
1.725908031733665027e-01
-2.118904524287050506e-01
-4.213702429463470622e-01
-1.584125815626822587e-01
-4.070485655710567308e-01
-3.164363831782259634e-02
1.288232329172047108e-01
4.480609582298547555e-02
-4.623088440287199674e-01
-3.514114755351396280e-01
1.009179990898307622e-01
-1.835776265616106961e-01
-3.722922474638892809e-01
-1.790754234627042751e-01
-4.803728048638439274e-01
-1.147086060682291631e-01
-1.011692212997541696e-01
3.011821233025524513e-01
-1.457435183471624540e-01
2.816471453483344600e-01
1.733253934722030487e-01
-2.414407418569414765e-01
-1.434787396482752608e-01
-2.947771706193266228e-01
-1.787595761101430647e-01
-2.793820158331268913e-02
-1.883111830421002053e-01
-1.070532212528123722e-01
-9.172578487333581110e-02
-7.790545547542693239e-02
-1.807444632448081401e-01
1.644916006709641054e-01
5.292578578657736177e-02
-9.876998678498916107e-02
-1.783426331456864633e-01
9.312706770264661538e-02
2.238117466504161712e-01
-2.550182657080218296e-01
-1.395928408031781032e-01
-2.923867745765380555e-01
2.946894294003964965e-01
-2.239556028637714469e-01
7.598054549141684821e-02
-3.885341051572872573e-01
7.144125324839416258e-02
-2.983452041094569185e-01
1.770546219503258967e-01
-1.782135383916542137e-01
-2.634381104098887025e-02
2.860024102905840693e-02
1.073322171293629446e-01
1.580964985881783691e-01
2.966546911454334690e-02
-1.219526605563262256e-01
-2.069658592538932418e-02
1.278053126813941398e-01
-4.481890173116918064e-01
2.937313759484478926e-01
1.042925547738883796e-01
7.700059082284541057e-02
-5.215370319981403879e-01
4.929491465461757066e-02
2.667839426901486566e-01
1.638878765023331630e-01
-2.200014558015766022e-02
-1.831891438186205867e-01
7.563605361474415867e-01
6.117325017301676604e-02
-2.113755605281792127e-01
-4.926133327254058475e-02
1.748181011586319167e-01
3.863657789833238598e-02
3.636729441679083935e-02
3.267675628252470488e-01
2.631251665548072771e-01
3.113616557099740390e-01
1.833712987758852331e-01
-3.778692212585900434e-03
-3.461764076795347811e-01
-2.228996680574714673e-01
-3.232915489312181978e-01
-2.547083706830856054e-01
-2.449349350488063404e-01
-2.593091599833325378e-01
-4.716306516877889071e-02
-4.068377733495785048e-02
-2.507793897529196347e-01
-1.230044287997337782e-01
-1.181281798202056948e-01
-5.765887565684439317e-03
-1.423816202022808453e-01
1.573397986204544130e-01
1.028257611884943051e-01
-1.740547913982575523e-01
-1.471951305222822526e-01
-3.348398356248086793e-01
-9.261136244529181993e-02
-1.034517063254806503e-02
5.309720584001011850e-02
7.838791570643549589e-02
-6.634403546452898037e-02
-1.962604509788862805e-01
-2.474085392364278602e-01
6.200649655507231017e-01
7.944958894453635345e-02
3.401971568772225729e-01
1.057287569036199221e-01
-1.052506468285020064e-02
-3.522084889901032634e-01
3.509154399101243604e-01
-3.311097633466599660e-02
-1.910395457252950513e-01
6.147859673403086034e-02
-3.702563690407632835e-02
-1.817923640333689028e-01
-3.958560280176663948e-01
1.391279790867915866e-01
-2.925582588847943089e-01
3.284011955529844706e-02
-3.124760047587460954e-01
-4.422886151305330804e-01
-2.535169523592347152e-01
1.095697378025285440e-01
3.382769636199568081e-02
3.490231267521179404e-01
1.213298776072199714e-01
9.599094583103741363e-02
-3.282855962658172144e-01
-2.375687336256991633e-02
1.954914090559971562e-01
-2.427716842820683840e-01
-2.958769875990592546e-02
-8.243293046602716279e-02
3.643882002641924411e-01
-3.532540029228390943e-01
6.126934378141439819e-01
-6.136632910034267585e-02
-2.100716792313392645e-01
-3.067642166987908925e-01
1.951958698993350727e-01
1.969186391160904909e-02
-3.915476981174960125e-01
-5.554223559309579006e-01
-2.479022299304759792e-03
-3.760865594018160396e-02
6.865281545470172664e-02
-1.628379167850687106e-02
-8.645643267580721547e-02
-4.477200014448536741e-02
1.948253086056692812e-02
1.512178514793137462e-03
-1.140355271443050864e-02
-3.559855168506387973e-02
1.107416134369248600e-01
-7.078056300891610864e-02
6.825822753056240422e-02
3.330605716627157986e-02
-2.318296391678564133e-02
-2.023977957422587737e-01
-1.638577047635955339e-02
-1.286335012163855318e-01
-7.019357757670141584e-02
-7.647302693517890604e-02
-2.423959759224863786e-01
-1.063347221056562125e-01
1.215749020337837487e-02
-3.870220081616443930e-01
-3.936866234583967228e-01
5.157948154199891444e-02
1.713626562072314286e-01
7.331661264046061832e-02
-5.170644388353190513e-01
-2.817371612682321169e-01
-8.761251873922680511e-02
-7.183701315014249730e-03
-2.999512807881853441e-02
-2.136693434968482408e-01
-3.140715448879825215e-04
1.524275573912899640e-01
3.520888214444589659e-01
3.603091950423784745e-02
-5.591294676236614469e-01
-3.004449260627903295e-01
-4.268608489454406296e-01
-3.248240750676733013e-01
2.485153425846913511e-01
2.382499537596981937e-02
3.121732135764494764e-02
-3.360225788364308297e-01
1.356914597565414549e-01
3.022021799486404592e-01
4.971720200600900363e-01
1.696877783349254321e-01
-8.425423739609343154e-02
-1.368438762399610542e-01
1.472412097707591905e-01
-2.026120085016201444e-01
-8.186541957259196867e-02
-1.804943860262064326e-01
-2.178895687037276652e-01
-4.454166278413143609e-02
-9.522487680716733294e-02
-1.280778099596963926e-01
9.367944339355686878e-02
4.028928477843113920e-01
-3.190481189104680815e-01
-1.661340347440164733e-01
-1.719302841116088776e-01
3.489444656178175008e-01
-1.603734042604497423e-01
2.455425418643863433e-01
-2.462199089903200633e-01
5.052491884998429328e-02
4.363500397659900859e-02
-4.119817052159506499e-02
2.092249378129353854e-01
8.670982334062732333e-02
-1.908008055858372298e-01
3.749585360912273402e-02
-1.202457525511467784e-01
-2.180117212493282997e-01
3.257978182240312687e-02
-5.837305355254786277e-02
-2.548642525009863213e-01
-1.299275694293304251e-01
-4.165496885285023820e-01
-8.816898207288174569e-03
-1.216994602768029926e-01
-1.095369359911631674e-01
1.915304618802357584e-01
1.242311406113272843e-01
2.979755654071903348e-01
3.698467655691076161e-01
-2.174000922982365080e-01
-1.422497116960559291e-02
2.208504517602917216e-01
-1.839941797513536953e-02
2.583514429337354090e-01
3.138100451389559675e-02
5.021178724983890174e-01
4.135203237021398137e-01
-1.964817273116664306e-02
1.575710035539011067e-01
3.268223153707734419e-01
-8.072968207240947824e-02
-2.482245261951748078e-02
1.504978312306691213e-01
-1.340675518029403046e-01
-2.603770859905374935e-01
7.982323222387444073e-02
3.112832085050015185e-01
1.850661322978229828e-01
-1.309216474413475717e-01
4.488606371869378608e-01
3.679590855397675275e-01
2.443277854863494247e-01
-1.319493112165655846e-01
-2.054516214082547643e-01
1.762447660040072084e-01
-1.396679298333064478e-01
1.300599389065133504e-01
-3.019039463591949857e-01
2.546763245024314393e-01
-1.910662899192459574e-01
-1.887077476645097063e-01
-1.917574402862208191e-02
-1.450709021354532613e-01
-8.672053964093412448e-02
-3.306976059933801060e-01
-2.364133222137692059e-01
2.986654615303304117e-01
2.329691977101468470e-01
1.585873870801608188e-01
1.045524534594560184e-01
6.424140827645158369e-02
-1.292043222793357593e-01
-5.189104121747315640e-02
-1.766110396167092644e-01
7.566892732236463193e-02
-4.128946087880021043e-01
4.556011216597832814e-01
-5.716514591096539394e-02
-7.399153524743046217e-03
-8.581448938510678748e-02
-2.596410259660461572e-01
-5.097085817525871115e-02
-8.174107298982048742e-02
2.454452137655258603e-01
-1.412310520361122479e-01
-9.532546339542187497e-02
-1.916555925668255722e-01
2.497134810457442566e-01
-8.356815511628082338e-02
4.792198009517202317e-01
-6.458263756977052072e-02
-1.733676372572956759e-01
1.020962941755970271e-01
9.093997606814389900e-02
1.473908421874226826e-01
-4.790650907881424669e-02
-4.259332543720380504e-01
-3.252688703931417291e-01
2.524313346750546860e-01
-2.566304539248598360e-01
-2.456745528103680132e-01
1.314701601325624913e-01
-2.672696316458947896e-01
-2.310099750082321435e-01
-9.931821128348065908e-02
-1.108151554205895756e-01
3.559145523761764740e-01
-1.451725332623690912e-01
1.617699358814208010e-01
-1.236679385078704591e-01
7.316459295178241728e-02
-1.520439607224362277e-01
2.490618887463036668e-01
3.716171264510232386e-01
2.351381029309881909e-02
3.419774583386068767e-01
3.268853775079954560e-01
9.703770528027486075e-02
-4.026900929872879176e-01
-2.467959389609134246e-01
1.043361576366293730e-01
-9.688179139015520858e-02
-5.094502205851107746e-02
1.572018077567043925e-01
6.423358620145130926e-01
5.318923263163469889e-02
-3.054171575842625774e-01
3.384041383690601923e-01
2.439382392723607740e-01
-2.077972769498731276e-01
3.582197855973539014e-01
3.963059097856426738e-01
-2.073551638443570447e-02
4.544829699040863757e-01
4.625800645878126727e-02
5.089066612164019343e-01
-1.863981148493074613e-01
-1.124520692328031951e-01
1.510357705640180681e-01
1.837279107987457583e-01
2.254417177954823326e-01
-3.558983047340286143e-02
1.159782373939148292e-01
-1.542154011378054669e-02
1.142778937471233564e-03
1.890710933999751320e-01
-2.128176728913864710e-02
-1.161735676760243391e-01
-7.054171552433938230e-02
-3.642841618412147042e-01
-9.288539674926929446e-02
-2.980252298869122685e-01
-1.865511904535209209e-01
-1.506656149825703339e-01
-5.148358941397538496e-02
3.863431306368986795e-01
-8.303456935462835697e-02
1.462774050608055092e-02
4.799466589235376057e-01
2.294537728702104873e-02
-1.906951731556003893e-01
9.044051174087321815e-03
2.635466143032713648e-01
2.466659844408531921e-01
-1.583187043644804504e-01
-1.889147680971724474e-01
-3.457069841950349276e-01
-2.337125070496588464e-01
1.384650186654108051e-01
-3.507383884840695742e-01
4.056874953404492889e-01
-4.806310708676703181e-01
2.419640942778580883e-01
-2.069786975024854314e-01
-4.704900866610989274e-01
3.592005586425305735e-02
-1.155522752399991970e-01
-5.246846653695719231e-01
-2.838898673629591807e-01
-5.277431846025076173e-02
-4.969169573246821070e-01
-1.628772382028128296e-01
1.981186667898024167e-01
-9.109861447252150246e-02
-1.640555438760749885e-01
-3.520371261457723722e-01
-2.185754866700710154e-03
-3.961668569152493879e-01
2.548401642651741961e-01
-8.531450496420710239e-02
3.475623755268613668e-01
-1.641989875518435060e-01
-6.746903755018036908e-02
4.705212559886939316e-01
-1.602787747592508971e-01
1.346868448435784016e-01
9.051650028056983099e-02
2.254338266742080821e-01
3.949966812429997476e-02
2.004836303388086646e-02
2.208256527720851292e-01
1.679029329990747166e-01
-1.220489099781390946e-01
-1.998229353812942533e-01
2.072622224835625193e-01
5.837843083902383157e-02
-1.173779259787699342e-01
-1.621044666921070410e-01
3.241682420253989144e-02
-3.448063932896835437e-01
1.020151026866737143e-01
-5.200008897236516048e-02
-3.042012011682443950e-01
-4.446209305281852847e-02
3.254006475469542470e-01
-4.477224884130452665e-02
6.062380889642115384e-02
1.318543213921683221e-01
-1.579770031085893645e-01
3.442565004228618220e-01
-6.804541801020878855e-02
2.190666725723136865e-01
-1.207881736391597793e-01
-1.881786590723542041e-01
-2.737377340496267505e-02
8.939645025887711649e-02
2.792149810291850165e-01
-4.850919643242047191e-02
1.963764410157494908e-02
-3.424208328376899813e-01
8.558163291676122719e-02
1.649549966064842721e-01
1.618885546509339080e-01
-2.416918078731016550e-01
-1.019115271641559406e-01
-7.121504847599087473e-02
1.375774074280807814e-02
-1.204563285632016811e-01
2.627755430560005379e-01
-3.590609293717336170e-01
3.564335543266257122e-01
-1.816530733050844004e-01
1.011362934725915236e-01
3.928608351820841449e-01
3.423319810859888901e-01
4.559005530450558341e-01
4.250620677559588390e-01
-6.788205074741052725e-01
-2.202503286608495092e-01
3.031286779475296789e-01
-4.125057471690211225e-02
-1.683071646450144121e-01
-1.450929329499288933e-01
-2.848828555847192079e-01
2.112481004158042464e-01
1.269682618730081369e-01
-1.146201780258303132e-01
-2.576846572040041861e-01
-1.454605348060901970e-01
3.408561181736898260e-01
1.176829499320017208e-01
1.429495323428003895e-01
3.422219851221857678e-01
8.743622652310766019e-02
-3.439194174164170725e-01
-1.263655854060128925e-01
-6.163581082235188718e-02
1.104267064811208926e-01
-2.555098191285584686e-01
2.143706619846175998e-01
-1.362005945530698758e-01
-2.044697527059383679e-01
7.850739473468332230e-02
4.062105928976315061e-01
-1.588289343286486965e-01
-1.695432373593031561e-01
-8.339201453344562143e-02
-2.508915796680639132e-01
-4.381744389658077943e-02
-1.577023871479620865e-01
2.498098783834602210e-01
-8.137472059889219733e-02
1.673306914447423577e-01
-4.119092397361266700e-02
7.655625553017475493e-02
-7.369286141894923481e-02
-6.279842120805821659e-02
-8.491763249008998926e-02
3.346887370843078940e-02
3.057090651113608670e-01
1.039070797494118792e-01
2.515386494487971136e-01
-3.077408121699118371e-02
-4.814070188022321478e-02
1.013536907225355138e-01
-3.300980121357970365e-01
6.727102210171229113e-02
2.578676694641628409e-01
6.107013612569380662e-02
1.698386235391466936e-01
3.365854641753770471e-01
5.002707425842009004e-01
-2.444497845465183894e-01
-2.305165801172200379e-01
-1.495357841433513912e-01
-1.798708944398997589e-01
-3.140348906536991058e-01
-2.365640206672912638e-01
-2.164275359514694907e-01
3.816025179302987569e-01
-1.569222900576531243e-01
-9.887048752188473677e-02
9.643390345151690857e-02
2.143726655236627421e-01
-2.562631801540247722e-01
5.855853944038945380e-02
-3.414387522461584390e-01
-1.652854424640199105e-01
-4.682066169347248464e-05
-4.112481691026936836e-02
1.951863442027841067e-01
-2.288375316552539451e-01
-5.313517051822442411e-02
7.116166295456917423e-02
1.233782948265761820e-01
-5.423053431548247733e-02
5.704752839831699757e-02
-2.859440769020853979e-01
3.104196321660956936e-01
2.139742610479874463e-01
1.265490406891958903e-03
-2.534166089844692299e-02
4.513380333223887715e-03
-2.384656374068131190e-01
-3.863058666191451218e-01
-1.533666013704064190e-01
-1.594571095085256796e-01
1.011784094585576610e-01
-2.428911848504909932e-01
7.956695749651356009e-02
7.506900765978441470e-02
1.566263444842414254e-01
2.272595286251470892e-01
-7.572489273540926845e-03
1.162134438576069850e-01
-4.003809781789292588e-01
3.068839952294060147e-01
1.036431038022760931e-01
1.792539023898253037e-01
-2.664281546542173265e-02
-1.676671767889068021e-02
1.883476796411894666e-02
1.230459368277426468e-01
2.452966386034157176e-01
3.852256308249581152e-02
2.294765642438817421e-01
1.420323140815145380e-01
4.776854489710246621e-01
-4.334502482249833442e-03
4.716504778719452472e-03
-7.922399263914718659e-02
-3.929890139783499825e-02
-1.692075830289733740e-01
6.377913142860583418e-02
4.305774360814772911e-02
6.217176363615457835e-02
-8.648669575937935339e-02
7.140064694372393571e-03
-1.606471831883381565e-02
-3.940803747425798698e-02
5.464407392837659222e-02
-1.570456651332465675e-02
5.700721298420084390e-03
-1.251454459096667249e-01
9.207656097277315543e-02
-2.008315880139609905e-02
-1.593394234676566434e-02
6.381953981294165301e-02
-4.972106939115359704e-03
-1.497011199633963840e-01
2.605302989593065721e-01
-1.658128790457280011e-01
-4.283114532227714766e-01
7.013704574482423348e-01
-1.029797623358290615e-01
4.447413050106754362e-01
2.230185057456593456e-01
-9.283613990060560206e-02
3.167628868857222391e-01
2.779016450117656745e-01
-2.633334470262607141e-01
4.133548533331087710e-02
-1.327769741644383161e-01
-4.270303133002467111e-01
-3.159221481548699639e-01
-5.232883382309015674e-02
-1.610110200338627229e-01
5.105785162355637175e-01
1.215738600782341906e-03
8.166844268613052127e-02
