1.632628268191295973e-01
6.763920826936129505e-01
2.638184442421725451e-01
6.060617260775864601e-01
5.606180875343858006e-01
2.823465793988149120e-01
6.443344327387824366e-01
1.120106548323880125e+00
-5.623501417580476502e-01
4.280963364695369866e-01
-3.842181814526324929e-02
-4.294510030485151342e-01
3.737809809994203092e-01
-5.348319719660167559e-02
5.319532249767332244e-02
1.100054103434167319e+00
1.224042274338659420e+00
-3.213498075058141557e-01
-5.554403565153999134e-01
3.477816212759219816e+00
-3.451547840715636917e-01
5.306507263988741174e-01
-3.901867257605858841e-01
3.502284877300643195e-01
-1.426110127916396797e-01
1.110339543536746493e-01
4.521028839036104335e-03
-1.216289422639641238e+00
-2.314842997693625504e-01
-1.979762837082596760e-01
1.252059098599472842e-01
-3.398869007912192625e-02
2.866487801405093183e-01
-1.642215521642002574e-01
-2.854839944427327025e-01
2.077948370089631805e-02
6.027111369302656785e-02
-3.751996860914151299e-01
-9.805096662399197249e-02
3.676133224918864961e-01
5.485712073960595687e-03
2.881621156998936603e-02
4.159510745321250841e-02
8.784529764594899148e-02
-3.563098249455755318e-03
-1.131709895259815774e-01
-1.073291326285149977e-01
-2.019330266818737118e-01
1.481764202154099985e-01
5.398602574514728414e-02
1.828375107605187400e-02
1.796386257338324355e-01
-2.842916832096069671e-02
2.356346003383323964e-02
-1.683974401197552706e-01
-2.405708948679309844e-01
-1.978824585750709464e-01
-3.384676514118712398e-01
-6.311393988335620153e-02
-1.595661746313038920e+00
4.657404579283241225e-02
-2.165725550436825297e-01
1.451655391686576257e-01
-1.886257859777035195e-01
-1.535341228316631224e-01
1.421785313201388568e-01
-1.059939400959519773e-01
8.055360052167789831e-02
-1.462980656835599358e-01
3.916831962641389442e-01
-1.752659222422733309e-01
8.170757543495577035e-02
-3.524847213746064023e-01
-1.130886107768311055e-01
2.038654364192796220e-01
2.417392201929275883e-02
-9.226794967157234476e-03
2.468026130151238229e-01
2.901114106870174569e-01
-2.940672493516869879e-01
-6.999765056221517179e-02
4.983087043031566576e-01
-1.864743196188216601e-01
-1.110999578348217769e-02
-1.734519302475655833e-01
-1.296940673858700543e-01
4.090119480920707470e-03
6.882881155648842286e-01
3.327819601390574200e-01
3.020509675262897931e-01
5.557944331538591243e-01
8.250831740718297946e-02
-1.729257361895683298e-01
-4.381692536922791037e-01
-2.136410698795259133e-01
-7.480081414286828823e-01
2.674166741762982191e-01
3.842134398798886102e-02
1.872713789342389801e-01
2.835986184641365870e-01
6.730442789956629646e-02
2.728836049016009069e-01
2.508201152131187689e-02
3.061656106917646780e-01
-5.024646516660106338e-02
3.745286970163865664e-02
-4.981003614456500084e-01
-2.416419149484735629e-01
9.361508755250946834e-02
1.751418600916527235e-01
1.524118533265843844e-01
-1.959961071279172906e-01
3.233214924939453727e-01
-1.366301447173287435e-02
-1.295692946063999595e-01
1.798250069996970013e-01
1.564039362297438007e-01
3.008293924401133079e-01
-8.218703226962384423e-02
-2.103651140545779730e-01
3.975731265401095671e-01
3.329630165026168931e-01
9.538768146385102897e-02
-2.278063809232510062e-01
-1.863157986628196094e-01
-1.812576468662941420e-01
5.469795205897264312e-01
2.595039199043651656e-01
7.840720488451624615e-02
1.961229818122765256e-01
3.914748412146203949e-01
2.516883089317968336e-01
1.197878654197435527e-01
-2.460347891568951118e-01
-4.654652717900283898e-01
-2.289582855549109064e-01
-2.200796261714917795e-02
1.895549195494621586e-01
-6.459115439113134738e-02
3.430534767996448187e-01
1.872890753865786850e-01
-4.377010476147506490e-01
-1.638576924362044884e-01
4.647187058477850741e-01
-1.740867953451801509e-01
7.061198010476905929e-02
-2.470078948837948762e-01
2.781884892404876686e-01
-4.920491854222806827e-02
2.232611419657667684e-01
1.120841852130480959e-01
2.267304609493170642e-01
2.566324739793181542e-01
-2.025512547341563330e-01
-1.085326880517672038e-01
-1.240996980697989666e-01
2.785866058248734900e-01
7.441065774615920891e-02
5.175162102221061433e-01
-4.691558937793365719e-02
-8.553422784395191547e-01
-7.533978328266172086e-02
-6.582317109432159752e-01
-6.973547128612411772e-02
2.575648864786777570e-01
7.148031463350235093e-02
1.666573023062866699e-01
3.456255923970221744e-01
1.729221645514008587e-01
1.973890058756463672e-01
7.528330083515123727e-02
-9.388190624023522168e-02
-5.287780383759506098e-01
8.116794907056466835e-02
3.085336758227775755e-01
3.238336325930941950e-02
-1.999972930460240661e-02
-7.592623887760459045e-01
-2.141691252925480016e-01
2.954936397703373796e-01
3.219832918438573222e-01
2.355486446590358829e-01
-6.595190295426961447e-02
-4.212659404528086848e-01
1.962146080961744421e-01
8.927439593882441349e-02
-1.231258778884419258e-01
-8.578416809453384695e-02
-1.760759836174458914e-01
2.316235127844009853e-02
-1.726257609201250764e-01
1.234801563368936872e-01
2.003034833846456531e-01
-1.352803792987372078e-01
-1.451786672145692798e-02
-2.751953762162531736e-01
1.831463416020300272e-01
-7.693789064776218600e-02
-2.552825973858076081e-01
-4.552660748781309774e-01
3.561240101216161524e-01
3.181497767546472843e-01
2.092646212565521247e-01
7.742768443473681261e-02
4.629191737455612410e-02
3.599941167778504814e-01
-1.662174090007400851e-01
-2.139131910481047727e-01
-2.300362055054342228e-02
-2.115135645445362922e-01
1.159067641522447817e-01
-1.612264708772781774e-01
5.440955902022667767e-02
-3.974851595619505878e-02
1.674974301983787328e-01
1.104274447513211715e-01
-1.336643990586229291e-01
9.106801286379168081e-01
3.320443454375148207e-01
2.451630605983043110e-01
-4.116665161495034475e-01
-3.153158960569169000e-01
6.495145726333421271e-03
7.006207884404802577e-02
3.383974879853948736e-01
-5.302156141321509586e-02
2.995214889394931523e-01
8.069072425189308118e-02
1.766926643044600398e-01
3.089772617675476951e-01
6.684043716703942650e-02
-6.544936181634937178e-01
-5.032360030510352189e-01
-4.290106953592002365e-02
-1.114913989841885417e-01
1.026188120136534987e-01
4.631079272048171935e-01
3.386033617369173521e-01
-1.900249786930819362e-01
-1.658984049667451277e-01
2.323907273745749458e-01
2.795336845211496835e-01
1.209331176450878509e-01
2.401422161151514287e-02
-2.632265728966415308e-01
1.245547031734113297e-01
-2.027316711726988852e-01
2.459566506218685555e-01
1.355922672782659301e-02
-1.515191854192507181e-01
1.909935050536715473e-01
-3.029885219987537015e-01
1.246217587471285942e-01
-2.513614999529059299e-02
-1.705142586918192149e-01
-5.417595564503854128e-02
-4.559784072038601255e-01
3.765485671645831811e-01
-3.418508639241573666e-01
-8.064900162681171158e-02
1.560649594328033518e-01
1.418328712408168102e-01
2.826836459955730033e-02
-3.052097493854402654e-01
-6.474233190311098896e-02
-5.433117686975438149e-02
-2.403047900444194029e-01
2.777902063415631749e-03
7.609934358149636480e-02
2.449371857259846907e-01
-3.448513952045853537e-01
2.670800181295533982e-01
7.685913631006137392e-02
1.365233460652083564e-01
-4.121258010593686905e-02
-3.500532950120810449e-01
-1.704819084596222722e-01
-2.579938669996545419e-01
-3.706336700908730020e-01
-7.981368703852975699e-02
-1.565113909353400556e-01
-6.890011739206276797e-02
-2.813263463807551545e-01
-6.959181519596595311e-02
6.202341988397565287e-02
2.517084011083752237e-01
-3.824224267315785158e-03
-9.023232373983050558e-02
-9.072156239181201898e-02
2.202896098104306644e-02
-7.702785774467099666e-02
-3.578460724082507816e-01
-4.280865849789280420e-01
8.803265666338457029e-02
-8.693570370494654864e-02
2.052827768093908878e-01
-3.239885227967293502e-01
7.044775935306571424e-02
-2.579886627956524113e-04
-1.535955426400995028e-01
-1.064315038874462903e-02
2.239990807433331066e-01
-7.308368256927644073e-03
8.971606565938766709e-02
1.474581494502436863e-01
-3.266034096418833355e-01
3.178412203917763690e-01
1.269302940810406732e-01
6.317294689090016679e-02
-2.284623903334857264e-01
-8.630660842505182007e-02
5.469059335437426866e-02
2.625863427053963806e-01
2.006906779152427545e-01
-3.294808918035007639e-01
-2.434894397710958835e-01
8.414197504911984093e-02
-2.532828666965402098e-01
-3.117463626116619493e-02
1.845662533142968798e-01
3.307036729497016547e-01
7.978617777341789896e-02
-3.769868233264130897e-01
2.561888003390189184e-01
-2.101476658667295883e-01
3.570538420272149072e-01
-1.105258794396563569e-02
1.052289412704578153e-01
2.020706924871508089e-02
-3.725405585835721289e-02
2.748068363521310453e-01
-1.366749231704105505e-01
-2.401425446722370016e-01
2.468280975889457218e-01
1.585798173343539730e-01
-4.496309099461304193e-03
1.667429920008959288e-01
2.723067363680077846e-01
-3.035704960049465662e-01
2.634919116940583894e-01
1.312622089637954792e-01
-1.772411671457709836e-01
-5.907170939725140402e-01
-5.685735303695585441e-02
-2.900387173113928019e-01
-2.064858680431058344e-02
-1.673483070609849688e-01
-2.277482485440744109e-01
-5.297881728165132476e-02
-4.722107610302333502e-01
1.794250528018415947e-01
2.748163565047010426e-01
-1.884834526751434092e-01
-3.671929785730475571e-01
-1.220692557250498134e-01
-4.384989974462727425e-02
-2.148256373714969580e-01
-2.003679609262630501e-01
-4.344515222840014679e-01
2.892178639829811604e-01
-6.641598142972326979e-01
-1.961668202578262798e-01
-1.942340379811666184e-02
8.507574344629635632e-02
3.893941835021946241e-01
3.985481255002301659e-02
2.391828216028841769e-01
-4.345942751986264230e-01
6.850905391906801645e-02
-5.512296323022620320e-02
1.222545148735191822e-01
-1.952150626843108250e-01
-1.922455403321293999e-01
1.435560741645863087e-02
4.253714776732996916e-01
-4.903560081933478615e-02
2.321789283443606300e-01
-6.469804999472605900e-01
-5.361347319758361790e-02
-1.373073505679580919e-01
3.613200196408272724e-02
1.331572048749735393e-01
1.288512926211906606e-01
-1.452676266642360658e-01
6.500198111068783424e-02
-3.824690696753592356e-02
4.010574652649051552e-01
1.016806892902292869e+00
2.985586196897119585e-02
9.445949804839716413e-02
4.551181298161234845e-01
1.191976446105863854e-02
-1.923976985144890128e-01
-6.410985607180536006e-02
-1.748883580682957517e-01
-5.500143136422743773e-01
-1.307218722106206765e-01
3.820361780192821910e-01
-2.970797307129163442e-02
3.469618029798977044e-01
-3.705611810203387341e-02
4.172868513617765396e-02
6.156188708950368488e-02
-2.450789448998743833e-02
-4.042109551179325772e-02
-2.003377616745812828e-01
-9.850520864059127829e-03
1.822155296810276104e-01
-3.263114797611150197e-01
-1.090126628962561905e-01
5.774917108154499212e-01
-1.727895159814066620e-02
-3.562163662608402309e-02
4.586765504551493788e-01
-2.194727747739819990e-01
-1.185624500961102723e-01
-1.935148485457707512e-01
-1.985283826230287152e-01
1.140164932018654931e-01
1.889041586951899776e-01
-3.205589748133475751e-03
1.066188378388135127e-01
-1.359795348751004773e-01
7.654026843533481839e-02
-1.448061696937063825e-01
2.739087125654833810e-01
-9.953325917178586224e-02
-8.157926042855868920e-02
2.397668834714423991e-01
2.655674808670719367e-01
1.176602822736306786e-01
4.997043916887838333e-01
-7.147524499593671532e-02
2.920050229858903168e-01
-1.259230103868796968e-01
9.355893995905126270e-02
1.570263154189281696e-01
-1.571059300372693590e-01
1.601926656093492773e-01
3.764253180604367199e-01
-7.648757418300916600e-01
-3.017361552993388374e-01
5.636873908354845045e-03
-1.466477754795268151e-01
-3.289605257601306842e-01
2.415913242463866295e-01
3.586949616194270996e-01
1.707338928645235399e+00
-1.690086007449057848e-01
-3.041062350217734189e-01
2.038255433572482289e+00
3.780931394903589426e-01
1.081188304020459096e-01
-6.114906515571618545e-02
-7.489618068041434262e-02
-3.872275625531873544e-01
6.121744108868996115e-01
4.776702247020251924e-01
-2.635881912728857968e-01
1.242841999969324762e+00
-1.715482042513226668e-01
-1.591467706215962397e-01
-4.045733795436353697e-01
-1.174223152759454325e-02
1.755165406065028744e-01
-6.456771035222570558e-03
-4.521145343912035680e-02
-1.394488376545915120e-01
-1.056579577542206688e-01
6.313259554464085987e-02
-1.459106870093608843e-01
4.297086242311168314e-02
-1.441282565540119853e-01
1.046112429057472482e-01
5.549042413131065332e-02
-4.655218915585723760e-02
-1.482517765430223233e-01
3.607031090517753280e-01
6.259959469653612885e-02
-1.272741831249567246e-01
5.813622904177636469e-02
1.559600618946272443e-01
-6.264318861130531435e-02
2.119148588081365692e-01
5.278151870871384405e-02
1.269563363671837031e-01
-3.017569599778737732e-01
-3.810319367120021394e-01
5.984168245615933621e-03
-3.360262183882881115e-01
-1.378792957399687658e-01
1.241063731561089893e-02
2.240788046097313413e-01
-1.350217787388384993e-01
-3.010699529600668334e-01
2.842722133284180108e-01
3.829982818690697566e-01
1.256490748887626463e-01
3.764242608396004258e-03
1.720846759853986441e-01
3.018491824086597108e-01
7.019353263701375023e-02
3.097611087400963803e-01
3.528238498675743129e-01
8.076309964864025748e-02
-2.710697870838785911e-02
1.446856413637188088e-01
-7.314403668684989201e-02
-1.649594427550622466e-01
3.805598829957290014e-02
2.339037593186350517e-01
-2.975419189048442714e-01
1.308405979026239230e-01
-1.608585552937769753e-02
-4.177474322215573438e-02
5.385038143350744794e-02
3.554706517993292958e-01
1.026041084728900599e-01
2.385962778071053919e-02
9.069490920676251400e-02
-1.352463977861402267e-01
1.742269656867397876e-01
1.543263484275120279e-01
3.568290446076908401e-02
-3.166040183313208189e-02
-6.950783938415172614e-02
-1.841817867256767272e-01
1.914227852355968040e-02
-2.997963237415666310e-02
1.004791675143669460e-01
9.693793619148956264e-02
4.782760161528802345e-01
-5.298046102366545940e-01
1.649944442796195676e-01
-1.340679903589761801e-01
1.912123300049140343e-02
1.504859353169728069e-02
-1.644587646946576720e-01
7.436137973824634428e-03
-1.042828193295629730e-01
1.907561067536680810e-01
-3.855618142560445633e-02
-6.229195747635965161e-03
6.977180178137153133e-02
6.715808505611718660e-02
3.065010185245437557e-01
3.989144987500407580e-01
1.361845521497068445e-01
1.544292947794422000e-01
-6.784679940183625801e-02
2.434643300614831429e-03
-1.831358583524118899e-02
2.396391861934285272e-01
-6.367372709204688341e-01
1.685598769555075593e-01
-1.465250345332564652e-01
-2.800659542197433960e-01
-2.974254693475162359e-01
-2.698629446067665749e-01
7.673656898340841526e-02
1.318861483276607127e-01
2.428038363361240404e-01
4.805875255143281927e-02
-1.519741422778495554e-01
-9.015569859951994003e-02
4.806054424866543218e-02
-1.193871100917499872e-01
-8.462930437868379507e-02
-9.657373361721136029e-03
-8.471999610792335655e-02
-1.604155510917893712e-01
-3.357312486538581719e-01
1.207635046133538892e-01
4.838920052125120219e-02
-2.039450872998269104e-01
-4.950833927400868362e-01
-1.394556160499007269e-01
-3.785544571413632653e-01
-8.696128561420987668e-02
-2.785241178153639585e-01
2.583738526575794503e-01
2.849340578317111419e-02
-1.114676561924229092e-01
-2.382274620203808646e-01
1.497652038800647845e-01
9.612074813049503730e-02
2.750802154023832546e-01
3.566610553087360969e-01
1.952983082100817058e-01
6.832289076440448139e-02
-1.697688014936778178e-01
6.988829418118006065e-02
5.265954214181275961e-02
-7.438247619026996937e-02
2.315730911721540775e-01
-3.810817795926187967e-01
-1.661081911310353931e-01
1.007398637104234690e-01
3.221842097847662373e-02
-3.412393785471748431e-01
1.319785697445499950e-01
-1.489821305050177402e-01
-1.310983767739438977e-01
1.283453442820623180e-01
-5.138896801487421451e-01
-2.638836095981801910e-01
-4.564939209238422918e-02
-4.165342930218352557e-01
-7.676104746729466022e-02
3.446415526358824997e-04
2.170642389758009258e-02
-1.464079526687719901e-01
4.157880025718695416e-01
3.159650288656257744e-01
-1.619336062478813898e-01
7.994290888557702146e-02
3.929647132209092009e-01
-2.501566992828562624e-02
2.936128470056403872e-01
-2.419546052189507079e-01
-1.279705738800953896e-01
-3.360151170977600521e-01
-3.071223136161815859e-01
8.493116229976923615e-01
-3.140992255905963870e-01
-1.780877010483429002e-01
2.407875373624702997e-01
2.666453932782253053e-02
-2.553367729204645414e-02
-2.292058437553369521e-01
-3.791462904639024134e-01
2.529165480778725744e-02
1.361001231586349003e-01
2.782611817591424952e-01
-2.319775129559867866e-01
-2.891793968607373477e-01
6.500282703130443318e-01
3.394936742681816666e-01
2.486979158939053858e-01
-4.860765878769621184e-01
-1.016250091006974388e-01
2.074071181680675335e-01
-1.071351023785416384e-01
-4.820204343109347200e-01
-2.457378016470119220e-01
-3.289079523058507926e-01
2.716957504203907914e-01
-2.991329414337473569e-01
-1.469608545311262005e-01
7.639112463531431974e-02
-1.375639199144748359e-01
-2.138658219187651310e-01
-2.869588306700963098e-01
3.677237524343511255e-01
-1.705592390593054508e-01
-1.517974159860348560e-01
-1.363090846977500215e-01
-8.380206219586823491e-02
-1.322673171838034956e-01
-1.591944072791767195e-01
-1.464827790846904565e-01
-1.698780337265436424e-01
-1.940714313196691132e-01
1.680323549542403483e-01
1.824388517449531191e-02
-1.659503279895812589e-01
2.685940738381612514e-01
-4.685180228500362976e-01
-1.907889291572933133e-01
1.389434046050234406e-01
1.007447559154958233e-01
1.365110595622605061e-01
1.095232360559430518e-01
-1.496983837732285827e-01
2.925508319317585149e-01
-5.442947801400703778e-01
-4.112831144813854090e-02
2.419438665242543418e-01
-2.045924860911015608e-01
3.533395626257544442e-01
-2.269324568658960262e-01
1.479699901013590835e-01
-2.974727954314161371e-01
6.312392770941068765e-01
-4.184026276473508665e-01
-4.833411317041905741e-01
1.420525350358019245e-01
2.862905345451202122e-01
1.684594128333826712e-01
-4.646621468684259404e-01
-5.823545403243144403e-01
6.802033003198572347e-02
2.286171527491439870e-01
3.464933522643402486e-01
-2.882212315924194690e-01
-1.794024162425710694e-02
2.981589791767830233e-01
3.574712101008751808e-01
4.264456962768396753e-02
-2.586294511654754213e-01
-1.490871590505859490e-01
-6.223458622996137085e-02
1.157409093288864210e-01
2.891233910189748846e-01
1.100468811346639042e-01
3.084475015650221530e-01
-3.070643398681561775e-01
1.239113982437738959e-01
1.532850911575612818e-01
2.122917808204932144e-01
-1.304268050719520622e-01
-4.751222383385238501e-01
-1.449425359289335247e-01
-2.079638860205037729e-02
-2.372894306920829699e-01
1.173920524202948235e-01
1.051757307661442681e-01
1.146844873056255820e-01
9.347339559368064710e-02
-3.329058695357787201e-01
1.271174040349386247e-01
5.419778450860515684e-02
-6.929879746553757602e-02
-2.001580668393213025e-02
-1.691403945611610893e-01
5.308479659435322295e-01
-1.096302790042029685e-01
-1.180250501372175354e-01
-3.100164778796435372e-01
2.167403923351024220e-01
-5.480701186904139016e-02
-7.326727809247991774e-02
1.151378091324355701e-01
-7.505401827886942767e-02
1.551300604713677089e-01
-5.217339796619846481e-01
5.899817103931460915e-02
2.586871517296689404e-01
-7.288668906549945758e-02
4.296921487781943383e-01
-6.930401845387436366e-02
9.166608020942240698e-02
-5.922114763488667971e-02
-8.687539086640702624e-02
6.296823152271303903e-02
3.264661009438107886e-01
1.021296726031543645e-01
2.551721775233558795e-02
-1.529252984881071808e-01
2.834276865916802168e-01
4.516379735210212520e-01
-3.858737330002260379e-01
-1.455801827435989357e-03
2.913146390535170105e-01
2.523453957986095952e-01
-1.971576653941825019e-01
2.243312182696412596e-02
1.833355113425901850e-01
-1.659983533140434453e-01
4.949964766338122574e-02
-8.581192550852199952e-02
-3.153860600758897573e-03
-4.875440039578933515e-02
-2.147120202048079241e-02
-2.230830004149830098e-02
-1.279650827080470454e-01
3.137345009236578441e-01
-6.203771527983065193e-02
-3.360373753196683744e-01
4.082276631120894117e-01
-4.101657506121942354e-01
6.333321361823866791e-02
2.407312989438583350e-01
1.182864556103007808e-01
-2.318525963929427836e-01
-3.050777943874183329e-01
1.188834006620354128e-01
-3.906086441253740771e-02
-3.773780614014082269e-01
-9.346380757445348075e-02
-7.583515253086235697e-02
8.844431570942852538e-02
9.187536311177810222e-02
-2.051854994000162913e-01
1.896050355787730624e-01
-2.812069919421443798e-01
-1.463855608161443722e-01
7.562785660529313357e-03
-7.525879342880549550e-02
6.067479991149304225e-02
-2.125811915939917751e-01
-4.051660853491730052e-02
-2.193780683253254010e-02
1.438698319466066335e-02
1.854295476782540919e-01
1.017563526427714138e-01
1.031657983962473712e-01
-2.651938939957361185e-01
1.434246079835589660e-01
1.766274784194144798e-01
-8.723952084159057596e-02
6.360872174205708940e-02
7.439461940714345300e-02
7.157875697354125488e-02
-3.511497423760346348e-01
-1.838464954145120900e-01
2.523486396951205579e-01
-1.576310925733547252e-01
2.358019808362962488e-01
2.165446929646555607e-01
5.209675383860399439e-02
2.697824818011458348e-01
-1.240007341884780540e-01
3.044173069403158238e-01
-1.714688544954315330e-02
-3.866221932781428033e-02
4.256202967915017621e-01
-1.860148581428655856e-01
8.065918260374286414e-03
7.682768790902523570e-02
-3.126636710634575489e-01
2.387676736736744909e-01
1.837854530819793275e-01
-2.399003601117011275e-01
7.119007980809491931e-01
8.072812215689184612e-02
-3.120595859043137632e-01
-9.195330968461008780e-02
-3.439357833960314248e-01
-2.206431842008485245e-01
3.829258823115174737e-01
-2.875797570257056512e-01
1.832963684241041558e-01
-5.769246474103740807e-01
-1.682696123568561963e-01
1.818581010545610166e-01
-3.299190508474707517e-01
6.745556370095231458e-01
-3.440024869548071185e-01
-1.888480510419925928e-01
3.368465717978572777e-02
7.369338713041181932e-02
5.200563514208064175e-01
-2.083797109323890506e-01
1.990155741124170485e-01
-6.739521044495823746e-03
1.973566905173710848e-02
-9.828439578164212265e-02
-3.121319596530499063e-01
-8.331912284851759887e-02
-1.767576800393281522e-01
-1.441665512937647525e-02
3.740698042020177555e-02
-1.786797457281170953e-01
-2.107166767353572390e-01
1.820391484491386547e-01
4.880126161432458143e-01
3.053119899606937526e-01
2.895678040386057139e-01
-3.415535253990226727e-01
1.357890335224365974e-01
-9.903157141080462522e-02
2.596267264454335533e-01
2.636247350211805562e-01
-1.705040362191441727e-01
-1.697620548112123984e-01
8.992148523856952069e-02
-1.086564741059810046e-01
1.759297455321194581e-02
-1.262316236194867547e-01
-3.599755537284595186e-01
-2.036231120457915045e-01
6.913129805820826812e-01
4.360666521188366618e-01
-1.824756875833461467e-01
-5.627253032378802533e-02
4.374731459524797694e-01
-5.188726492917014599e-02
2.926848897024426077e-01
-2.427313027099689824e-01
-8.294666219303073462e-02
7.253727727142736392e-02
1.036172973822587773e-01
-4.119611245920867804e-02
2.553825256957746870e-01
1.599869399444910634e-01
4.886695049115237499e-02
2.654931262401393766e-01
-3.236491448509364044e-02
2.492467911039536466e-02
-2.551130431052420766e-01
1.497390834945890557e-02
2.477135929261665634e-02
1.473924803212216528e-01
-4.991951028928308387e-02
-5.663445347592134249e-01
6.899244750095807899e-02
-9.239470941064363563e-02
-6.780057103428722108e-03
8.730430167409432285e-02
-1.098530690384231512e-01
-4.696417708631807353e-02
2.741722951489211080e-01
2.393677787463766304e-01
-9.395806998966281520e-02
1.471192866209595496e-01
9.031127742711843320e-03
3.789649814672277905e-01
1.683495066468061463e-01
1.395137364373595645e-01
-2.636117918504101154e-01
-3.262000749303402281e-02
1.887029765755078581e-01
-3.085033574382024454e-02
-1.775839293623004966e-01
-2.038387927865009316e-02
-3.017999153860467243e-01
-1.574368105843262089e-01
-4.430439800331763094e-03
1.213714782942276610e-01
2.860126235979894016e-01
4.152211980494153187e-01
-1.175203342046282767e-01
-1.284421847275157291e-01
-3.662533437373360345e-01
2.121621476826921759e-01
-5.710209839717263203e-02
7.939182759605195941e-03
4.787314130610211271e-01
-3.101966326163328458e-01
3.649668867321903543e-01
-7.850417301623720256e-02
-3.469896145851746744e-02
1.101575273479716288e-01
4.322249427020422030e-02
1.784405582417575853e-01
1.894125991884130014e-02
-1.512575217146934214e-01
-1.410355097174670058e-01
-8.714100847375673420e-02
-7.814049537656739264e-02
-4.733230459703154785e-02
-2.572424642871571909e-01
-2.526841383652055073e-02
-1.381655656205723892e-01
-7.220079425868742087e-03
-3.671318420333827270e-01
4.086369584243952913e-01
3.976282342125211228e-02
-2.009843689450957482e-01
-2.209897535639088195e-01
-1.126088488220823858e-01
-1.374242219852258029e-01
1.268248132693497732e-01
3.181358370477638253e-01
3.828669369849041493e-01
2.843238344007180118e-01
-4.342461574332014407e-01
-7.700920978309308551e-02
-1.343653025596192874e-01
1.973473805003542886e-02
-2.296340212917661605e-01
7.963979762577269583e-02
4.272377647765080236e-03
4.239830487648433843e-01
9.424633863489023655e-02
-4.906566011652089832e-01
-2.181149564529233642e-01
3.331286901958543933e-02
2.262286096255199941e-01
-2.778170393136522032e-01
-4.775527440126258183e-01
1.856649148549495143e-01
-4.483152844053415742e-01
2.169134928971610532e-01
-2.612060172389159551e-01
-9.987253961483982811e-02
-3.123124155693273174e-01
-1.205308142537994537e-01
-1.138180378043458646e-01
-1.883816069081459821e-01
3.248518043836001734e-01
3.561263766621976939e-02
3.272521772318623401e-01
-7.185721855978215444e-01
-3.248736012183839339e-01
8.084521884230791433e-02
-2.272042085199700856e-01
8.572885702727542356e-02
-3.036370099593215244e-01
-6.888510514818315666e-01
-4.822636815834379642e-01
1.284362068372906229e-01
1.244173879262952254e-01
-4.353375314401190105e-02
2.420809279394011727e-03
-6.466914631485284892e-02
-1.051967511308513625e-01
7.359912995580802919e-02
-4.437940296385627925e-01
3.475856152269916066e-01
-3.518786177968118850e-02
2.000222755615831405e-01
1.173659958098172279e-01
-5.948326405098577352e-01
-8.057729438691409174e-02
-6.104162422412887784e-02
1.057653005718879741e-01
1.394048325895988483e-01
1.987134181312821546e-01
-3.204858575896707418e-01
-4.607239072479872577e-02
-9.069664723807320528e-02
2.756666873242687443e-01
-2.717287005414781298e-01
3.435419912677449283e-01
-1.383573552342243912e-02
-2.758615624312661385e-01
-1.786464153596048487e-02
2.682901467491803360e-01
1.221659273050592631e-01
-2.296084498939535701e-01
5.716963428953283910e-02
-4.896859605570799689e-01
2.481340537037474980e-01
2.083598565912942249e-02
5.688361077004659982e-01
-1.381410546225098346e-01
-3.538869019390574605e-02
-2.072850238643302589e-01
2.835209629425802791e-01
2.335408596049389773e-01
-7.636906347264291184e-02
1.315196925538972966e-02
-3.985882132741697670e-01
-1.932660016883258614e-01
-3.885003236769162677e-02
1.746157188165041174e-01
-1.649023808284503234e-01
3.896290247283406005e-01
2.328755633411907222e-01
2.261184911797917141e-02
4.442794334351538588e-01
3.134951980653717385e-01
-1.812694946072203328e-01
-1.872596084436434771e-01
-1.365072404767500303e-01
-5.628588212418457470e-02
3.349977223362747836e-01
-2.538804830091450082e-01
-1.403996925104455396e-01
6.276132335725530531e-01
-1.959442922555834077e-01
-7.841197646216555017e-02
7.200889614484587420e-02
4.911622703878996271e-02
5.502280843679245859e-01
-7.721146622521804503e-02
-5.402333586562351186e-01
2.170190909884498476e-01
2.273780725930220348e-01
-1.974258837382303899e-01
3.021531728562388275e-01
-1.249811034005351290e-01
4.309662053023847333e-02
-1.587876967056296440e-01
1.289041824951606963e-01
-7.820247757199980110e-02
4.633963752387419005e-02
1.217041022595561905e-01
7.448236245615763584e-02
1.947423963792450641e-01
-2.648226593566250231e-01
-9.385318237589139467e-02
-8.316238748326192781e-03
1.411659327043854883e-01
-2.427676112841692935e-01
1.089235854034336093e-01
-2.076696551894917642e-01
4.089655427656610498e-01
1.740396677338890696e-01
3.866220268138125249e-01
-1.631025324657316700e-01
2.517420278894585972e-01
-2.055337843354961280e-01
1.443683966758421700e-01
2.578364297798497184e-01
3.897153191763611663e-02
4.527810737511497874e-02
-2.808690455183363022e-01
2.660225696609196389e-01
-8.799634760629861108e-02
1.726421078522002717e-01
1.554787610932762687e-01
1.369513233101872507e-01
-1.057473850596345466e-01
-1.010993560379213757e-01
-1.374227413662091890e-01
6.991726526202526881e-02
2.218230314597911534e-01
-2.202700677582929145e-03
-6.930853596273793549e-02
-7.090959951651418236e-02
2.625507653747105041e-01
1.765753031983303967e-02
1.622076529743947115e-01
-1.441449877848268446e-01
-3.492936367909031392e-01
7.473879265005006767e-02
3.035004758438678354e-02
-1.755443139147282172e-01
-1.446947580558752278e-01
-3.987525447620261093e-02
-5.687829739709759913e-01
4.427421677998799598e-02
2.016150336782038602e-02
-3.153730504676784396e-01
3.352222285525374712e-02
1.226919204677019183e-02
2.107715775344295300e-02
3.572908004601478837e-01
2.290314953453752647e-02
1.516797366900120569e-01
1.711848927924377317e-01
2.421688725483539251e-01
7.190255570806261542e-02
1.069242411283230637e-01
4.243937264931154640e-01
3.398838065808404418e-01
2.009478066263595264e-01
-3.268978727850333499e-01
4.644592385174913796e-01
2.028913669969459876e-01
1.932019649666490424e-01
-5.459236172664209963e-02
-2.599456192958833900e-01
-9.617831615153518698e-02
-1.623190945577681621e-01
-2.378556237427553038e-02
1.955406313577477961e-01
-6.529352887097261693e-01
-3.168314226949530132e-01
2.713027948081683238e-01
-2.038509767124029870e-01
8.307221026007848008e-02
6.760579089602432312e-02
1.018126362304620086e-02
2.924167477512159552e-01
-2.369562277964354369e-01
-1.148211631830543672e-01
-4.294252739137537911e-01
-4.977028714801700060e-01
-1.445695406334134847e-01
-3.062917353289700273e-01
4.708559256791456926e-01
4.745887222930315619e-01
1.877203324653669014e-01
-1.693944581179797626e-01
2.345987398095699186e-02
-3.173351846797856091e-01
2.294849843040956683e-01
4.410546482183682060e-01
-1.990480815296482020e-01
-1.263273655043308796e-01
7.246273229996308407e-01
1.072441388859503714e-01
-1.875569861238504665e-01
2.134654632747182423e-01
-3.305600687820253736e-01
-6.279899631161703355e-02
-1.215948594950690687e-01
4.346650408787493952e-03
3.219220676913230883e-01
-3.246987202340014811e-01
1.719203827110758753e-01
7.170399050143622111e-02
-4.587365303961086771e-01
-1.156835361598322759e-01
-3.158310630799540109e-01
-3.418658153108940917e-02
1.357933475360206255e-01
3.301832566366194599e-02
2.178406639807571599e-01
1.185876789617069799e-01
-1.669350497672331471e-02
5.579288224405870578e-02
1.681830979322488928e-01
2.670251572368843029e-01
8.755848620960728079e-02
-6.024829525017493664e-02
-2.137132823709433083e-01
4.239505886669865664e-02
1.451518622895242860e-01
2.837683728711291042e-01
7.574981332160654612e-02
-4.643094736007571249e-02
-9.195642584923063856e-02
4.148948526594190556e-01
3.548547563168037711e-02
4.333721360911520493e-01
1.666954697535090735e-01
7.631531293474660971e-02
-1.080987351354652064e-02
-1.370295848172042863e-01
-4.341713369534715844e-02
3.221478572087725367e-01
-2.444831973548483930e-02
-1.052668046596382384e-01
-4.424662774811648214e-02
-1.368773145812133829e-01
2.138611688072545106e-02
-3.676476808182074230e-01
1.883471096884402063e-01
-9.889233720719788415e-03
8.725646857398735440e-03
-1.152449811650513856e-01
-4.421387051609342034e-02
6.218897123822523555e-03
2.572256607351731117e-01
-5.750095366492059996e-03
-4.704595967345262530e-01
-1.574777059515002076e-01
-6.832445521952779099e-01
-2.879350314851428227e-01
-6.705309799007319084e-03
-1.710601323871799861e-01
-2.322107934713333599e-01
-3.264669921132636321e-01
-1.302678877536693480e-01
1.779034981034117446e-01
-1.151716981728805322e-01
-9.056651883729441854e-01
-4.525780454910174888e-02
-9.125005578945062645e-02
3.789908062549806056e-01
-1.793196649312127078e-01
-2.479104934810523186e-01
5.011930948620738763e-02
-3.266746532977377604e-01
-3.699874970887178094e-01
-3.591505497265717883e-01
1.644937494612297713e-01
8.326474198278870087e-02
-1.847442214001826510e-02
-7.723079777487155961e-02
-3.169212491490409622e-01
-2.699041031646977618e-01
-5.094930824276942133e-02
1.516734221913530745e-01
-9.133562346393946096e-02
1.042376046053739291e-01
-1.558161394382257259e-01
-3.927637399949319152e-01
2.483317261929545716e-01
1.368714486412759557e-01
-2.700210759250477599e-01
2.567520981081750642e-01
-7.836467534258810541e-02
-2.213940232865888591e-01
1.807758028689011587e-01
-2.197231894166645771e-01
-4.383073724894262502e-01
-8.273132011489979509e-02
-3.520891574287713377e-01
1.146809315496266496e-01
4.136297712103896851e-01
5.316711338419617405e-01
9.882488314719987954e-02
-1.295263617012914203e-01
-8.056694789752950892e-02
-3.208813324654342658e-01
-3.041659599455417973e-02
3.235124033313781927e-02
1.221445603404101021e-01
1.237457262528253027e-01
-3.445744583314905990e-02
5.369685765299677272e-04
1.767733953709320349e-01
9.416451088806507275e-02
2.718609566144844503e-02
3.278491953302435369e-01
-9.880031229100856571e-02
-2.813193579147562073e-01
-5.409715161797125360e-02
-3.092954136496666728e-01
-4.525872386598406988e-02
-2.172310848325228472e-01
-4.648267898921693703e-02
6.743589771641227137e-02
-1.448867054520698583e-01
-8.597042232017881869e-02
6.035095727996444420e-02
-3.519305500893580851e-01
2.653023268109151456e-01
-8.752105906635441676e-03
1.798367643024462725e-01
8.820635246287390763e-02
-1.846197657285954530e-01
-3.447915235255561983e-01
7.020736627671904095e-01
2.440401817600765244e-01
1.584154575203866036e-03
-1.343820295343320370e-02
-2.814573095886895721e-02
1.014801374404093459e-01
-2.543302700980974978e-03
9.103279343751695396e-02
-1.102289866984381694e-01
-6.599040206276107767e-02
8.041636087946529843e-02
-8.787270315213152605e-02
-5.757218724629439149e-02
-8.240497019091742870e-02
-4.578064190174558484e-02
1.313672326364020704e-01
-2.174968774502374080e-02
6.221289085209293079e-02
-1.046705344038267455e-01
2.455972508957804737e-02
-1.799807329420758870e-02
-4.110871754740947903e-01
2.078643083174627759e-01
1.430624188146787101e-01
-2.768707668777902198e-01
1.058307777948095385e-01
8.756363556141996685e-02
-1.047283173315841087e-01
2.363551819799089571e-01
-4.003373042054856334e-01
-3.248084890687627513e-02
-1.597824647302119594e-01
-5.268821137391790366e-01
-4.852805931716566712e-01
6.485038067497150838e-01
-2.375968570636495802e-01
-1.321754842676001462e-01
-5.603644950814314907e-01
-3.775860011222742507e-01
2.441925030165056562e-02
3.350838646766498563e-01
1.359150246079818547e-01
2.118543368058272147e-01
-1.825244932683080246e-01
-1.082754352605900250e-01
3.023210530022332754e-02
-3.491360325181960822e-01
1.552572801580909545e-01
4.988870809350261920e-02
3.915088024050700222e-02
2.323770236804555481e-02
-1.403235508689748556e-01
-2.631711800204102891e-01
3.935711147830593393e-01
-2.108543369655965782e-01
1.302778703071801325e-01
8.549534687847244740e-02
-2.032135373494614247e-02
-2.216674920864129816e-01
1.356902581051619705e-01
-1.697693777207094912e-01
1.417061800923075099e-01
-3.998855895545704725e-02
1.046934334553765583e-01
1.104985710076576699e-01
-1.401918329768539195e-01
3.096610586063417922e-02
-4.963083277644830815e-03
-3.038506574546346803e-02
-2.122793564142404221e-01
-6.411998633638600620e-02
-1.680326688257589851e-01
1.613658061500878593e-01
-7.285205741829825499e-02
5.404876899668353829e-01
-5.110550640041144899e-01
-3.086173040083078911e-01
-1.439562845433515481e-01
2.606761800464989579e-02
1.980642870046317797e-02
4.147703602760695052e-01
-4.640775996387368485e-01
-2.685860298733740437e-01
4.304460642088338562e-01
-4.991401299441867168e-01
5.695418617857457289e-01
-1.299230685829514120e-01
-2.816709952972108466e-01
-1.036439019476534246e-01
1.743861950089993229e-01
-4.702244823744659158e-02
-1.091153062196954515e-01
-2.209048366922732043e-01
-3.106763567376120694e-01
2.304663173145604926e-01
-1.617780392389503719e-01
-1.873153487650580928e-01
7.661854526133611565e-02
7.194549750060802440e-02
2.538381367754554141e-01
-9.810809833529009205e-02
1.032045692895171424e-01
1.134619531057394631e-01
-1.357409173363875177e-01
8.128464199276895508e-02
3.511241177790435514e-02
-2.060035474730630700e-01
1.838573035000282685e-01
-3.925995607826880396e-01
5.390002900113528561e-01
-1.263771193215225130e-01
2.306309770241599943e-01
2.786188268124151768e-01
-1.339087150782038160e-01
6.810245512133389356e-02
1.677970116302006098e-01
-1.489240277054547645e-01
-3.773915351229734649e-01
1.385315344751468780e-01
-6.164263455802994861e-03
-3.507724671487639223e-01
-2.096517670882193651e-01
5.969396417056300336e-02
-8.913625751749555681e-02
2.579505256412993608e-02
1.472247808995936769e-01
-1.507439252870199364e-01
4.467171785113940863e-02
-2.252904236548459727e-01
-2.388222645598322147e-01
-2.299062032628343966e-01
-1.490721569932952628e-01
3.180791444010901414e-01
3.817041656970341923e-01
1.715780185039383343e-01
3.503424354140118324e-01
-1.174420435206217916e-01
-2.156844168314455412e-01
3.368528731180859825e-01
4.271732143744168542e-01
8.472038404170720294e-02
1.552491322825588771e-01
2.661105914350779256e-01
-2.521260894659335672e-01
-1.225727918951938222e-01
-6.697797279286923922e-02
-6.728033199567366729e-02
-1.304898765419566509e-01
1.886799776157289665e-01
2.193903326531998210e-01
2.439322588139585801e-01
-2.274760163570752058e-01
-2.911246836465530841e-01
-1.475144194013590371e-01
1.627050666592026185e-01
3.624217562680644433e-01
1.041024905613874146e-01
-3.404740057105209994e-01
4.958958414954139915e-02
3.096734268652799327e-01
1.319096058752018963e-01
1.899607867838755404e-01
1.101966838776840957e-01
-3.267748389809050913e-01
2.692841123752510724e-01
2.687959637216306152e-01
-9.114844751638534470e-02
-7.558069994611311959e-02
3.344051752235496777e-02
1.019368927437399042e-01
-3.344165592964633560e-01
1.015305760062720913e-01
1.357927226394507747e-01
-5.049811705354555480e-01
-3.135304965958945478e-01
2.883931667238956442e-01
3.004924029444068223e-01
1.005812472277669845e-01
1.509093769898537940e-01
-2.613226191177556862e-02
-4.607317706234375504e-02
2.435561982794866021e-01
-1.055352222220048569e-01
2.377793641525814961e-01
-3.026581180708451391e-01
7.126890685775927325e-02
-1.415621025533717603e-01
1.283297306502326728e-02
2.951858141581558681e-01
-2.269648680985995315e-01
-3.792173189991956961e-01
-3.952357765066200623e-01
-3.012908172094603265e-01
1.705000213609136062e-01
1.841550582514838580e-02
1.659771827137349433e-04
-6.008722352311764159e-03
1.644615017023058345e-01
3.305610847716275447e-01
1.598391170109267345e-01
8.820658495555190604e-02
6.261840622762911146e-02
-2.895345914965053447e-01
-1.044430456142043245e-02
2.644981828224775011e-01
2.345619725704788106e-01
-1.396075802893319284e-01
-1.027950929232390870e-01
-1.081647689230499088e-01
5.028224978486491026e-02
-2.034905258744431900e-01
3.153169658687301480e-01
7.535008068419039029e-01
-8.269437183586322501e-03
-1.049325505872976128e-01
-1.510827360628033411e-01
4.421422972602185308e-01
-1.327067402771801574e-01
7.623286337624138320e-02
1.224186451462702802e-01
1.018941803561168036e-01
-9.220210236802955928e-02
4.443961463507707654e-02
-1.006333854090136759e-01
-3.168068116452473215e-01
7.895450434736794865e-02
1.313665603588985153e-01
1.739065723619159509e-01
2.105186595560278873e-01
4.664898621184048189e-01
-5.309198031821931174e-01
-2.315982538620010855e-01
4.974210981431201328e-01
-1.582294568627098108e-01
1.933991955644689953e-01
1.450496022776315563e-01
-2.603766178272237108e-01
-8.323766424580415768e-02
-4.308671483790169066e-02
-2.248708464971019561e-01
-2.012451360503527409e-01
-2.952775119209401500e-01
3.794736602417936311e-01
3.196140640514154585e-01
1.333120974430651584e-01
6.006211105387383453e-01
-2.880157857514962227e-01
-2.371166013448439691e-01
5.519428838098323631e-01
-2.759412469894550936e-03
1.998769350216750840e-01
-2.454615070376186536e-01
-1.579724473691765108e-01
-2.077482002941533346e-01
3.055024791951241325e-01
2.957022867483813378e-01
-4.401779091874863381e-02
-4.135261007385980236e-01
-6.494762427982919348e-03
4.604456525452462756e-01
-8.421779744086409225e-02
3.299891493442371621e-02
-1.178715474139098024e-01
-8.054210105542740361e-02
3.042225166855375140e-02
-3.775045358982512811e-01
5.203992780361402226e-02
2.198071241876886905e-01
-1.526684046020794772e-01
-3.026071229323581968e-02
-1.196125261390885014e-01
-2.775011973374244198e-02
-3.505977443708712532e-02
9.923061533221578384e-03
-1.181931383651432105e-01
1.771783245426345188e-01
-9.369141791178405010e-02
2.585675406435245516e-01
1.168683973794718174e-02
-3.629675695917166101e-01
7.080849783448785184e-02
3.709561557309326574e-02
-1.084040513460161476e-01
-5.248119247248069635e-02
-7.521949358095998683e-02
1.694775927220072698e-01
-1.032216774177292656e-01
-1.004840025451470414e-01
2.786742311017368356e-01
7.163166063867208722e-02
-1.191450966033499453e-01
-3.686972204743191872e-01
3.186314465729534473e-01
1.226483779746615072e-01
1.124047728050450584e-01
-1.340013536285517004e-01
3.259764589682410119e-01
2.863228812870470541e-02
2.712363704456720662e-02
-1.313062134028585709e-02
1.110845637837157007e-01
-1.315869166017157865e-01
-2.544827691728486774e-01
8.880064312478325173e-02
-2.983934819989607079e-01
-3.770193523983855072e-02
-5.302713529403918491e-02
7.717754704191830406e-01
2.557791836027378113e-02
-9.155131117082473957e-02
-3.891827513974084607e-02
5.874905312510727562e-01
7.714923016280175738e-02
-3.136936206490290729e-02
-3.233651813209744569e-02
-2.574852571440260918e-01
1.885391015481832980e-02
5.581808086129215474e-02
8.222121987093135298e-02
-3.235969397488038801e-01
-1.844028233466801503e-01
-3.197140722752319086e-01
1.374357193319332426e-01
1.151465522283224435e-01
3.310992472285457788e-01
3.263224431478301546e-01
1.827102655748028340e-02
-1.167353437506982589e-01
1.127833231421971338e-01
-2.057362192748876106e-01
2.713905276555370061e-01
3.278537033475791285e-01
2.621033656885367047e-01
4.034244932543489814e-01
-4.703328513971144487e-01
-1.542068679917890928e-01
-7.548981116271298586e-02
-1.785389937274284994e-02
8.257568715488826372e-02
-2.346403606659266117e-01
-3.191723530342728821e-01
-3.848864487028408332e-02
4.572242452327561213e-01
7.107551975580216341e-01
-2.930300725080829949e-01
6.597451885054797516e-02
-1.517993615531499640e-01
-9.275003445397302093e-02
9.127526235785168862e-02
2.472383154419140749e-01
2.178135345673299916e-01
-1.360892841472451376e-01
3.556922762486847134e-01
-2.067585474067076268e-01
8.565887514015153859e-02
-5.547329790375795655e-01
1.808264509690303279e-01
-6.258457671773627329e-01
-2.301544527911512095e-01
-3.200619212728387022e-03
3.346293546091253512e-01
6.686714476851769728e-02
-3.099503697247096845e-01
-4.539374634619350868e-01
-4.308469688766757844e-01
5.356145851572508693e-02
3.694079265418581115e-01
-1.635759119019785934e-01
-3.153625689691366141e-01
2.556523801484600344e-02
-1.155912900344314848e-01
-1.077113931967119548e-01
-1.853974171093079187e-02
-1.997130931085602523e-01
-2.585459020943627340e-01
-6.040357182977836026e-02
-1.536599285787561796e-02
8.903922548989154362e-02
-9.338489547607978225e-02
4.101764984779531636e-02
-6.813297547902612272e-02
-1.570022108271072747e-01
-2.958240701252933813e-01
-2.867307252900158643e-01
-2.491291823368088632e-01
1.175769470293748335e-02
1.056029102372156581e-01
1.026396103019514838e-01
9.356371506358869550e-02
8.696759774804317666e-02
-1.536806944155115311e-02
-5.385941196437744188e-02
7.631163511165689473e-02
-1.998888386637482084e-01
2.373661935939017642e-01
-1.378285002293205275e-01
-4.933067347524372481e-01
-1.546248371634897645e-01
-1.740530591495155210e-01
-1.000661992317246063e-01
-7.267971778030629659e-02
1.545473808051065490e-01
-5.067504829379559407e-03
-2.149077820132216932e-01
-4.138044197534362367e-01
-4.664539348917647876e-01
1.348134380733604087e-01
-1.927245908070565270e-02
-7.603369308746868449e-02
1.699878001000423022e-01
6.078079545042751608e-01
-2.075107257854068021e-01
-8.558691747311589215e-02
-4.119009111292096931e-02
2.111470866662208956e-01
8.847263589417586616e-02
-8.418571004052337325e-02
9.830044437820026348e-02
-8.321789946449888176e-02
3.199880995648032855e-02
6.046407037669509349e-02
-7.911578455966347678e-02
-8.775100470315789006e-03
5.953645034046369661e-02
4.655249295089329553e-02
5.918276554962157571e-02
-3.187418740544088053e-02
8.178638471503929530e-02
1.016578128312002061e-01
-5.496590489313897543e-03
7.605620723819574158e-02
1.427325644343173383e-01
5.885591932835368759e-03
2.857628162298237861e-03
1.147750132261699529e-01
1.558547760120991381e-02
8.294695350633750353e-02
-1.346038379987712641e-01
-1.018256229828588405e-01
-9.520210927910371240e-03
-2.204903131612429359e-02
-3.798314941170754522e-01
6.650367091906188299e-02
5.418212134215593008e-03
7.229249479349034169e-02
-1.564052514510602954e-01
2.362661030759590497e-01
7.359584410566211155e-02
2.656599179872000671e-01
-2.369582208984439831e-01
-2.446781910837758384e-03
9.576732569883300572e-02
-2.341530822516294796e-01
3.337209710341489804e-02
4.131482896719904097e-02
1.416251100612248570e-01
-2.069686628128925288e-01
8.152235903600139888e-02
-3.775955018240561428e-02
-3.399647335476032595e-01
1.593871079454042827e-01
-3.564564826364187700e-01
1.466040105095126611e-01
4.788752118910292732e-01
-4.190451192934778468e-02
-1.336220383898025221e-01
-3.530257656405192956e-01
4.367760089929135781e-01
8.314081467451051033e-02
1.351975134773205911e-01
-7.171958649652859785e-02
-1.573664073430219856e-01
9.055564241287318572e-03
1.332797515387970644e-01
-1.881654878763006633e-01
4.071676653013971969e-01
-3.434351441349778877e-01
6.102364296267339533e-02
1.771716361406113494e-01
-2.800255874471942463e-01
-6.801087335298085235e-02
2.063518963281032736e-01
-2.265575825755269390e-01
8.525757087887239627e-02
3.230512492632912902e-02
-4.227396101986481414e-01
-2.878049857686761082e-02
-4.964298614122446968e-02
-3.868183174984061168e-01
-3.930410181940682812e-01
4.729159383567344554e-01
-4.443914164955712898e-01
1.567666091159672925e-01
-4.844361212061209510e-01
-1.814818216108358417e-01
1.941232154768499363e-01
-1.348939008593934841e-01
-1.388288384337325876e-01
6.966985855760274293e-02
-2.156572040961447778e-01
-2.546314365423348880e-01
-4.208893447994022097e-02
1.380723831788828737e-01
-2.013646324631252205e-01
-2.333597064362269435e-01
-2.846511166959011518e-01
7.548089184080192249e-02
7.016136665788715032e-02
-1.184058304900586500e-01
6.397210522395133103e-02
-5.792813206899737749e-02
3.366105212571683380e-01
-3.705214993580579486e-01
-4.750148047297033105e-01
1.409149639851623448e-01
-9.487495065797588167e-02
4.329542505608298675e-01
8.357903594572298200e-02
-1.440690244824320287e-01
-4.594703817220472386e-01
1.120025887068102355e-01
2.602619532511548650e-01
1.530826025835819171e-01
-1.546346726341491506e-01
1.942081257349320134e-01
1.650772975038083609e-02
-4.640465953714266456e-02
9.735058772640366176e-02
2.860637139343725210e-01
4.297130176098164500e-01
2.012928192825894913e-01
-4.337127367189217986e-01
2.341699621566197542e-01
-1.523114070684857269e-01
-2.245722634551971519e-01
4.219604803646697516e-02
-2.522494161264118295e-01
-3.891415500378743175e-01
3.351831651704221260e-01
-2.460551009150209745e-01
1.671039852047535423e-03
-2.917956419924006006e-01
7.355925016038858399e-02
3.071712060103902464e-02
1.195791462476042122e-01
3.795121186490819087e-01
-7.387004100630245595e-02
-3.541164985292936662e-01
2.553381899453421311e-01
1.669888589805363643e-01
5.316737393115743560e-01
2.851664314785357646e-01
-3.005129022341307965e-01
8.596462470675086953e-02
1.230745554398849639e-01
1.366732165860148895e-01
7.100748500229721316e-02
4.520397832504611385e-02
-1.346749567762972055e-01
7.294379971022311171e-01
3.001062762107858939e-01
2.990249754687391848e-01
-2.758343730118122950e-01
-2.525612619546620530e-01
7.362256466845068514e-02
-3.550612422399826995e-01
1.097494488176159327e-01
3.991389773884509995e-02
-2.957997675064262810e-01
-3.703867870915187321e-01
9.646160940832061714e-02
1.344586106220464761e-01
-2.192474051439801952e-01
7.632325257879529756e-02
1.834806072642146679e-01
4.040494797291526163e-01
-4.178285179172344654e-01
1.232068658042365095e-01
5.738290149911991905e-02
-4.381828341914702496e-01
-3.168471629104809839e-01
3.244299888351606098e-01
-2.125549431542424206e-02
-9.441861566260015270e-02
-1.040806583612643998e-01
-1.320471090313753981e-01
4.626916526344851399e-02
-1.129481317245203814e-01
-4.173954476721210560e-01
-1.021562879574218485e-01
1.178832436176491527e-01
-4.742284871034748162e-01
-5.290070761819373191e-01
-1.854416207163315788e-01
-5.012074585589548770e-01
1.234203219504435706e-01
1.022109972995963734e-01
1.437656748364916637e-01
2.457402251731102480e-02
3.127140806773603399e-01
-8.648791084874500601e-02
3.747027614548322783e-01
3.303227997852327402e-02
1.622009232603291162e-01
4.168031121617378210e-01
2.164066457843892566e-01
2.324249895968507340e-01
3.745681251021019120e-01
-5.773441041685124786e-03
7.582287479211737014e-02
-2.272685148322438897e-01
-4.489711339554455782e-02
-9.532411998630986594e-02
5.396089575602780464e-01
4.154882470718372356e-01
-1.230882522354208031e-01
3.430338669562307818e-02
-3.022015948928233886e-01
-1.944172582817520756e-01
2.104768198267390755e-01
-1.116165420774273553e-01
2.119740180037857635e-01
5.715666607642039265e-02
2.335554055861706335e-01
-1.903371007162097395e-01
2.646038917164475479e-01
-1.777147321360133259e-01
4.662575865473964631e-01
-3.904117744727770255e-03
-1.020550925914600476e-01
2.741542866882706875e-01
-1.773147897196067635e-01
-3.651526502234554439e-01
-1.132372260012027565e-01
-2.546343359365976777e-01
2.003124079146577918e-01
-8.393510114121234544e-02
-1.666669843217568892e-01
-8.930548009234366702e-02
2.280542901007212298e-01
-1.029351553908647715e-01
3.285574711265419334e-01
-1.875168372362205627e-01
-4.221743430891076732e-01
-5.000708965468904886e-03
-8.079994583999325353e-02
1.322218983197944731e-01
1.579442115306382496e-02
-1.754527690756909897e-01
-4.044445569594650181e-01
1.748655539885042298e-01
2.573746202593424348e-01
6.828468872333180728e-02
-9.137624301074794009e-03
2.869090654844894811e-02
-5.079330687778885745e-01
-2.111528370328666707e-02
1.306205817034516992e-01
-3.498203278066193689e-01
-1.767878909341286942e-01
9.920830064716883168e-03
2.659318219568998151e-02
3.024257953431243040e-01
-3.146578607360580038e-01
-2.997326754807153604e-01
1.935900265495985040e-01
-4.180587927644409396e-02
-3.558498514718450578e-01
-3.225313940494657916e-01
5.256794812337709649e-03
-1.704188204991031186e-01
-1.755730790407410424e-01
-1.528217255368385652e-01
6.625657804714440990e-03
3.369961208197305713e-01
-1.205826488594074902e-01
1.236075034777356918e-01
-3.139240897030404903e-02
2.467708603288625291e-01
-3.670516016268536297e-01
1.643710290048061295e-01
-3.038000405784188965e-02
-1.219138322958988746e-01
-2.535924339140865347e-01
1.827793562178090248e-01
1.965693287417221713e-01
2.217112642624911520e-02
-1.536797696385209730e-02
-1.759987186465555853e-01
-1.213260966757365583e-01
-1.720340046039072757e-01
-2.856228320538773957e-01
-2.343269078303858444e-02
1.343921507526461556e-01
2.677591886739769111e-01
-5.050946137797819313e-01
1.961402383703977625e-01
-2.961720763320068728e-01
2.358189676209099805e-01
-1.836206072896166552e-01
-5.413798686911026198e-02
3.480224783309049386e-01
-1.776678049672633097e-01
4.515614179073336176e-01
3.385638002050036510e-01
-3.315872779415122151e-01
-1.760561245781996353e-01
1.020747219597253619e-01
-2.494389970175944216e-01
1.433007588610202103e-02
3.061983990478526207e-01
3.252726493786473050e-01
2.755630146536092173e-01
-1.161626645790517359e-01
-5.377054445005179095e-02
7.868718757774326167e-02
7.012463678049514482e-02
-1.035979942672327070e-01
2.750606840881291149e-01
-6.639159700295131639e-02
-1.890305865079610070e-01
1.215923407153863267e-01
3.292161528629591327e-01
-1.966391095969816649e-01
1.637901089830590476e-02
8.363421750129726440e-02
4.044169282652892994e-01
9.000474972093737425e-02
-2.555192653576007777e-01
8.162319111367652424e-02
1.346245641488441180e-03
1.978149271491685401e-01
-1.804381881483746453e-01
3.559541565730634516e-01
1.292434772853255365e-01
-3.554328899864581670e-01
4.673802958872592672e-01
7.812549393145272469e-02
3.397015203696929220e-01
3.999836908650944989e-01
2.039536327961337103e-01
1.875475648069022394e-01
9.146717994023501053e-03
6.249314528780956779e-02
-4.303062101006158158e-02
-2.146653909226024504e-01
3.020481590865013999e-01
-4.197379748338086469e-01
2.561919526442504869e-01
-1.970573079550653195e-01
-7.952063854972629686e-03
-1.557466114926907563e-01
-2.132163476194666729e-01
2.065781761289812168e-01
2.415818422539900978e-01
1.151554331250552177e-01
4.713929971724258872e-01
-4.877752380155437328e-01
-9.094573156468727104e-02
-1.392215217251015491e-01
-1.860899628354736046e-01
6.089174645802046537e-04
3.898228174390223899e-02
1.139200529707991433e-01
3.827209084933066441e-01
-3.897767139047010332e-01
3.149179001331964267e-02
-3.216677700600478196e-01
1.665636301672779040e-01
6.444407130001147954e-02
-1.915129473389595438e-01
-1.591172727852167013e-01
8.531467068510986684e-02
1.152186397183084937e-01
-3.809578289624224179e-02
8.734469555188568990e-02
2.555321129813802883e-01
5.291102044756348932e-02
-1.546366326497651822e-01
-2.068125953572474696e-01
8.976312959744400799e-02
8.507892646053334673e-02
-3.850223595547839182e-03
-2.682284941059210892e-01
3.481829229385592916e-01
1.501225777213006929e-01
2.421831562892921286e-01
1.518168085136279155e-01
-3.264131179183802356e-01
5.264796538042654239e-03
1.331388677113104768e-01
-7.989469757570073771e-02
-8.081995672796973840e-02
-7.444234747011704290e-01
-2.254262677263280112e-01
-1.091838221266054204e-01
3.397120458215963645e-01
-7.594942385339860380e-02
6.870333906294404103e-02
3.682775987225618552e-02
5.386183770349675659e-02
-1.574625609848956040e-02
-5.045291370865024466e-02
-1.068840409844184908e-01
3.808398261541899588e-02
1.730169414203375777e-01
-2.232376497963037276e-01
-3.572994476268141484e-01
1.934119105696559954e-02
3.109691319057797387e-01
6.291301921837708089e-02
-2.299358786020510026e-01
-1.836799526928926951e-01
1.183651673534246995e-01
3.065155539691004072e-01
2.586082687814542647e-01
-2.821447081879838170e-01
3.528634917195650478e-01
-2.637042543448003262e-01
8.438344323302286731e-02
-2.347200546255168996e-01
-6.021625146716343135e-02
-3.324139234898652595e-01
2.337400876172697761e-01
9.059982139264273482e-02
2.935721501547650103e-01
9.984883549499903865e-03
-6.302088242359420167e-02
-9.837558688452105460e-02
-9.690093461284599030e-02
5.308575637048228851e-02
2.494145210112188038e-01
2.563735670964256141e-01
3.465136498444822966e-01
-7.140625423416714357e-01
-1.394131329377124862e-01
2.139746813508306700e-01
-1.269379253038053212e-01
1.237297472269754672e-01
-5.826622140260686450e-02
1.796185402519848429e-01
9.646858548383814569e-02
-1.520498962515971775e-01
2.207626723350962494e-02
-2.931003161035986709e-02
-5.146038794997691290e-02
8.837742231763557124e-03
-2.020654832911792514e-02
-9.291475412404169576e-02
-1.245612197638608712e-02
3.215246985212374259e-02
-7.070064850597800044e-02
-3.336980517760207432e-02
-4.637019944086140377e-02
4.001095862517319718e-02
1.209828776730219844e-02
5.436537205679307233e-02
-3.328541332173272360e-02
-5.562478347113674476e-02
-5.518675161217978520e-02
-1.015553803908429975e-01
-3.040417950472277808e-01
-2.088987362111976998e-01
-6.396189353121951859e-02
8.202970720492860912e-02
-2.513123828961989492e-01
3.062767304784699135e-02
-7.875589050286603554e-02
3.342794646732681896e-01
2.212788114891565683e-01
2.533155340265781374e-01
-2.271123588016561029e-02
-8.586209802965553972e-02
7.726091241641822038e-02
-3.873718035250084402e-01
-5.379388053884889831e-02
3.084364696785134308e-02
-1.316191810862476497e-01
1.938160244894499562e-01
1.345775420098836161e-01
-2.998489665078977739e-01
-5.096182737157980980e-02
6.773761560610451482e-02
6.082942926250353016e-02
1.564808784484005566e-01
-3.675364103543433125e-01
-8.732328035065320404e-02
2.961707555332813643e-02
-1.135963454567034403e-01
4.384218530251718891e-03
1.965812544128356099e-01
-1.164224587630991598e-01
-2.799438828337905832e-02
-9.140499090367132373e-02
3.694464077451501544e-02
2.651488197897676202e-01
8.315794457412052643e-02
3.081364793944611075e-02
-5.161088130667471074e-03
-2.718587242734068488e-01
-5.521616273944975756e-02
-1.541689798707579842e-02
3.533658659698884486e-01
-1.476050255968160141e-01
-3.220721489799431847e-01
1.382749218524330914e-01
-3.841213633214977941e-02
7.314343082335911239e-02
4.077876609979911304e-01
-4.830833812888074008e-01
3.973378445266834702e-01
-2.336573049193847451e-01
2.447068664470815336e-01
3.641497889310771896e-01
-4.393441463223396459e-02
-1.651631454626457385e-01
5.322033569357708001e-03
-1.321378497532380847e-01
-8.950328746924970935e-02
-2.687334267065493720e-01
1.145380642124183834e-01
1.652629440298781505e-01
-2.044623068091779294e-01
1.979708161112964451e-02
7.471862542738422208e-02
1.499305045719579732e-01
4.269987616987927503e-02
1.140334817875708895e-01
-5.512242146017647115e-02
-5.791203022611508544e-01
2.784582410654567464e-01
1.394825122104990101e-01
-3.259653306498067615e-01
2.431645395893173855e-01
-6.507959060056073275e-02
-2.458529904640922303e-01
2.441533498700612093e-01
1.314925454939435967e-01
1.853942504042660755e-01
-8.775252545483513966e-02
9.011235592389071902e-02
-1.564244111347921906e-01
9.794806572719692850e-02
2.802057148489231486e-02
-9.365414696239066084e-02
8.306636195119319888e-02
1.474020409086257699e-01
6.544235427404218597e-02
-6.355688753824553783e-02
-9.935831904579322258e-05
-4.836575236237800057e-01
2.324055435642475298e-01
1.143480260355678041e-01
-4.105117903136533686e-01
-3.046970641818049219e-01
-8.020711376260173872e-03
3.569686981373168533e-02
4.970030144918652359e-02
-1.361506732410400211e-02
-1.228459803098780889e-01
-9.117324891402715098e-03
1.421232289151798042e-02
-4.764861836097304959e-01
8.749615568766951068e-02
9.937424716980705619e-02
-5.299862093988654682e-02
-1.710109200589996492e-01
1.508968567583459097e-01
1.821640673212438777e-01
8.633830883979386195e-02
-1.570191609098089136e-01
-1.055331588888849814e-01
-7.610808894049617135e-02
-4.311388931177637107e-02
3.667793757763674334e-01
-6.740116416937958106e-03
-3.338905827255909259e-02
-2.100537372859657970e-01
-4.646377877289417091e-01
-4.871181194921974517e-02
-1.694967308404030648e-01
1.127501995890697467e-01
4.661853625751621183e-02
-4.005793992073638510e-01
-3.066561201693886463e-01
1.183088360313626214e-01
2.620394835511923037e-02
1.445641772444173634e-01
-3.482096890076903650e-02
3.347096374549220904e-02
-1.968510599592260824e-01
3.649649458188926610e-01
3.224243310809250113e-02
1.846614962764393103e-02
-2.988649469670654965e-02
5.080584770108532988e-02
1.034970264568085552e-01
6.161053659944122629e-02
-1.366758786814865345e-01
1.235528780625968076e-01
-2.367396549802652794e-01
-1.101281946041499926e-01
-1.883953085688083173e-01
-5.333372678319697746e-01
2.598750915201545886e-01
5.767932513868258976e-02
4.008056281292196044e-01
-1.557142507344402571e-01
-3.266671625050522887e-01
-1.988580159482815357e-01
4.404403361459962446e-02
-1.135541444058133786e-01
2.481666984259166819e-01
2.732274731295345482e-01
6.079141900120368924e-02
5.225815451931128952e-02
6.756358113455317171e-02
2.123420076386562660e-01
2.297737335045024198e-01
-2.133443195367727419e-01
-3.252535994095614447e-01
-1.685089606053897515e-01
-1.070471600309901988e-01
-2.043783927930303140e-02
6.014484760207969988e-02
6.000779062583473378e-01
-1.044434571496533903e-01
2.467395457431312000e-01
1.852955780617286108e-01
-1.393395540442868286e-01
1.023522631552238188e-01
2.543135160659284466e-01
-1.488572311508891133e-01
-2.083418648517875171e-01
-6.084909751030596198e-02
7.418873212115582871e-02
1.117758093799295499e-01
-1.422946408665153595e-01
-1.718007414915474936e-03
4.199185290688173255e-02
2.762067744773413769e-01
9.397024437603708480e-02
-2.655316811806227029e-01
-2.434966265840676214e-01
1.739593248022177907e-01
2.596780081660179373e-01
1.892332196742842476e-01
-2.530771491058059763e-01
1.126031059857872524e-01
1.131656984563771673e-01
-1.194696510516446986e-01
2.815321994771924352e-02
-3.996742387191182244e-01
5.470061253714049790e-03
1.203828312540196691e-02
1.403764830680778036e-02
-1.764300233492948830e-02
2.021980013283121436e-02
3.794516349239077796e-02
2.211874352237076236e-01
-1.246207463861233843e-02
-2.562605621659342914e-01
-2.118415735403874622e-01
-2.188777696561402530e-01
-2.067921614763582397e-02
-2.477405865146534436e-01
-2.950748569354015860e-01
-6.455444951695515909e-02
-2.301936535918163995e-01
2.587647026786762394e-01
6.758896672436660868e-02
3.584637350246338422e-02
-2.528442609622138029e-03
1.324816196027894452e-02
-2.745170024036936995e-01
-3.224464764639878855e-01
3.442701520987359043e-01
2.415977769263741859e-01
2.315771048168464158e-02
5.278225622665759509e-02
-2.379849865443185442e-01
1.006460177987871484e-02
-2.407757464799989144e-01
-8.744223156903775662e-02
1.102538612564799986e-01
-1.421723265941525205e-01
2.075273456582079901e-01
-2.836019888973302372e-01
-3.982055393716792957e-01
-9.530932079610200669e-02
-1.442103541013979306e-01
3.414797097218044142e-01
-2.229101566975595639e-01
4.227373053499939269e-03
-7.356768455805665075e-02
-1.385456247330793811e-01
1.501950655230596121e-01
-1.215977141112574156e-01
-2.411544055752722626e-01
-3.151390697053067097e-02
3.118563129034338747e-03
1.468396125156640197e-01
-5.767257528080953904e-02
-6.184706433607573689e-02
1.181498711120490264e-01
-5.959948050249407742e-02
2.381800611299985104e-01
3.926584688048459504e-01
1.558501300971664449e-01
2.232993670915700557e-01
-2.457835154343532558e-01
3.693764030356794931e-02
-8.550883279579266083e-02
-4.132218424600689333e-01
-1.781831465029324810e-02
2.047500138325522856e-01
4.054118782882935867e-02
-2.290105850923414288e-01
6.986134438140753633e-02
4.658850042468795812e-03
1.338110233586488618e-01
2.018295542324161085e-01
4.722527744827287322e-03
1.077241163668031243e-01
2.852227910713941994e-01
-2.482024743947381096e-01
-3.436759971583317474e-01
5.593164436908546477e-01
-3.147813670759148641e-01
2.996804264365492965e-01
1.523332357612143251e-01
-2.248856225237002016e-01
2.434392475659736266e-01
-7.379102628901743066e-02
2.525607088208263185e-01
1.159080686709428043e-01
-2.493907283474754155e-01
3.924452625898682823e-01
1.926557555575964531e-01
-6.875162548559492492e-01
-4.581356035552696104e-01
9.625201401809643786e-02
-4.752368209511063646e-01
2.529413699320351427e-01
-7.510510065066490493e-02
3.230053413722336342e-01
4.583134421053092766e-01
5.052359313021144438e-02
1.388900196405142562e-01
8.072437063017783021e-02
3.405397495086546211e-01
6.324521696884774502e-02
-1.518076945784764542e-01
-1.542866525462591176e-01
-2.497414999692916804e-01
8.491540513636691018e-03
-1.781877636180694349e-02
-4.643811073839129167e-01
8.140558929884054995e-02
-9.406292677058734897e-02
7.640710875103634558e-02
-1.420318700788270327e-01
-4.130398553514159389e-03
1.542637168210673482e-01
5.588981086241328056e-01
8.200584201469630907e-02
-2.253113410555918072e-02
2.307695625852355589e-02
6.063294521312511710e-03
2.989590686370341976e-01
2.437875777218360962e-01
1.028437537936772138e-02
-1.958069653246593822e-01
-5.692213515011088076e-02
1.163169178340035942e-01
-1.451883450686344661e-02
-3.002313039988356858e-01
3.297040762131907277e-02
-2.951468562709800292e-01
1.390040263103458074e-01
-2.531482721677520420e-01
-7.518655479410701892e-02
-1.233584510102724435e-01
3.534510022352427838e-01
2.422552149117943032e-01
4.730186777891137728e-02
-2.164339536120762908e-02
1.109248950133638612e-01
1.214602057775537591e-01
-1.202289726431258338e-01
2.889089553069707286e-02
3.489681998328570955e-01
1.472110752143371559e-01
5.485498561592315296e-03
3.542492598650778812e-02
-4.731226213043701612e-02
3.456315950120331659e-01
6.647074910971519923e-01
2.651515686351469392e-01
-7.864044459915980889e-02
1.411011859541096425e-01
1.535934041632254499e-01
-2.926029341680274620e-01
-6.811769450605664744e-02
1.592085309390346148e-01
-2.648672888890059585e-01
4.865118087474551989e-01
3.242027890635783977e-02
-2.557444019946397695e-01
2.059264291821013421e-02
3.553821927103669176e-01
2.818705758629767022e-01
2.715575698364956492e-01
-6.510962094193042948e-02
5.749557174129026060e-02
1.226218584277954937e-01
-1.847025804257146908e-01
-1.186629151456353864e-01
-8.528245184471233697e-02
-1.706488614104592350e-01
-5.295270116985218989e-01
1.301986937456460769e-01
4.530454937255954384e-01
1.623782768743346483e-01
3.923264012840353421e-01
-1.010522856547902831e-01
-5.777359860782489698e-02
-4.160001265609940546e-01
-1.002294344422565431e-01
-4.673675337113230091e-03
1.515053643560622387e-01
4.670826374018778870e-01
2.733906344331293314e-01
4.192760076159829374e-02
-2.243621296185578096e-01
1.272568727637223701e-02
-1.470068463561788608e-01
-1.021448492744712055e-01
1.953486746541685248e-01
-7.365371154939497067e-02
-1.579409951593620520e-01
1.572886169712478521e-01
-1.528486003230046242e-01
-9.136681750349547049e-02
-4.907045404836249403e-02
8.570482696684092461e-02
7.346945989086277329e-02
4.794860613161463503e-01
-1.085844626012228689e-03
2.062819446753609287e-01
-2.190647274723703797e-01
3.653468846855288388e-01
1.752031767285259778e-01
-2.542592069751411707e-02
1.452808171143361304e-01
-4.241499573856721134e-02
-2.927599407522421537e-01
-7.807458952135341856e-02
-1.396526655390229951e-02
5.618737719780346473e-02
-7.824373817199251069e-02
-4.203635584558337163e-02
-4.537576542585873562e-02
2.867018859317673699e-03
5.732049107828243728e-02
-3.183363935399207562e-02
-6.641138590576098344e-02
-4.099641712258678822e-02
2.311089127086781575e-02
1.595938982025353337e-01
-2.575886146772162974e-02
-2.555946655175087012e-02
-4.408739529978299154e-02
-2.611349272505927507e-02
-7.713289295827489844e-02
-6.613005950919750853e-02
-2.862104932269336419e-02
7.938113886689260323e-03
2.590203514854436811e-02
1.283042697684235733e-01
4.157697606939890489e-02
-2.034384979704569330e-01
4.655406292029093396e-01
6.329797940150945490e-02
-3.007819360198091263e-01
-1.799453802497544275e-01
-2.372850144130516925e-01
-6.500897005428853820e-03
1.113949323031946867e-02
-1.101067664638398086e-01
2.066745941810074483e-01
-3.208251475979305156e-01
5.561422468139706754e-02
1.626872745740656212e-01
-7.171074008502133224e-02
3.082554113338312196e-01
7.192243989616511346e-01
-8.540427810079009863e-02
-7.670958477067253700e-02
-2.335618724069942198e-01
4.424272082377331272e-01
1.045029591486135688e-02
8.663619233967631561e-02
1.878185276158667039e-01
-3.001433203346741685e-01
3.129206847894665522e-01
3.085664900822226997e-01
5.142989475365774416e-02
-6.711806431730307776e-02
3.127935438453215838e-02
-6.546131423566371732e-02
-5.719229454374128441e-01
2.558084817978394931e-01
-1.534879677289126554e-01
-4.308649512701033246e-01
-3.019120240348991194e-02
2.513529419631716499e-01
-2.391178767518468973e-01
1.339896019709752029e-01
-1.173172541080269721e-01
2.829203007094774347e-01
1.425412379108540739e-01
3.976236644162234324e-01
2.598929515068647000e-01
-3.394359530369435163e-01
-3.696962690352100234e-01
1.180177071680015427e-01
-1.086840734690363826e-03
5.160340708919980424e-02
1.474008347268036256e-01
2.776527325953180858e-01
7.483388853019014297e-02
-6.782680923529614547e-02
5.429539965919975147e-02
-3.606126042670149828e-02
7.372397303261446488e-02
-8.576625337752416534e-02
-1.763610890312967625e-02
3.270538641517912737e-01
2.275174601250719297e-01
2.031736547680332572e-01
-8.569159809826441820e-02
-2.211677245479604093e-01
-7.653401915136603950e-02
7.111769874712398076e-02
1.866788206715537524e-02
3.935190062607506895e-02
9.445091022891997923e-02
5.284469833750488760e-03
1.396388381031186954e-01
2.275978476339878265e-01
2.872387170623308950e-01
3.370206869890651769e-02
-7.489406690445271630e-02
-1.007493479764747929e-01
-4.278095830157401663e-02
-8.722607284733979727e-02
2.142946166437786903e-02
2.775709532700100790e-01
-3.428581803886138202e-01
-2.151953393768119005e-01
-1.907756524796014319e-02
-5.932562961641132254e-02
4.991588294281833899e-02
-2.561190509146210048e-01
-8.917827404790676371e-02
8.899531197517882020e-02
-1.469243234650614328e-02
-8.349926696773414536e-02
-2.136668915896944299e-01
-9.461109878702890497e-02
8.796929800151151446e-02
-3.413617780675385904e-01
2.669797478933368939e-01
1.799032126022777067e-01
-1.084648546694032961e-01
-2.182545379126825669e-01
-1.372073108003854791e-01
-2.186167486439472840e-01
6.262643606180197386e-02
2.390049125335233504e-01
-6.541671910401512802e-02
2.048329637391378688e-01
-1.374226865623700000e-01
-1.455700322326127782e-01
9.694699976728218815e-02
2.434070905633823056e-01
1.934395981406203391e-01
2.666666507589173785e-01
-1.167413193182220421e-01
-7.628928428515122095e-02
-1.525490434507581483e-02
-1.992292189016747483e-01
2.769420511866936274e-01
-2.123766078983553920e-02
1.308765802211953044e-01
-8.866489082106514263e-02
-2.316574743978132012e-01
-5.495089409541892983e-02
-8.324195827572685238e-03
8.660887976967504565e-02
5.606212616448658093e-02
4.518113748757987547e-01
1.773957279946793419e-01
-4.158819063504703428e-01
2.081870116937424853e-01
-2.185267886325578945e-01
1.345844380005647434e-01
-1.779150729732966729e-01
-1.407551553785731935e-01
1.647975625615184236e-01
2.092336114104271227e-01
-2.143457760999615547e-01
1.120369880935181278e-02
-5.160451257699269489e-02
-2.711475785840833930e-01
2.246742199990704181e-01
3.857403687799649261e-01
9.624945975145819677e-02
1.593938527855911225e-01
1.311132106168892142e-01
-2.234566590878420481e-02
-2.258557656048777451e-01
1.549531348076654824e-01
4.407810807192098779e-02
1.044337388451508225e-01
-2.482983136059896401e-01
2.491448153127415188e-01
-2.115672919173785249e-01
2.716240273376977488e-01
5.654347073918841032e-02
2.691037484534432589e-01
1.953122916279975696e-01
1.501963882941469985e-01
-3.540032730341568373e-02
-2.992488873519275061e-01
7.147107606255882761e-02
6.169448471183548721e-02
-1.568759948126289550e-01
2.627693951883763868e-01
4.492737167897055683e-01
-8.746675572483315897e-02
3.098048855146131042e-01
-5.124841957294810069e-01
-3.730828334397617071e-03
6.611979933727409053e-02
-4.857609872145360885e-01
-3.293818160264634365e-01
2.239075380122009309e-02
2.141886192002621370e-01
4.204795314924867494e-02
2.648096499778969104e-01
5.123005409784927439e-02
1.556263239712420143e-01
-1.723315214560519337e-01
-1.639874766559414054e-01
-1.056139363870477327e-01
2.799695088328845727e-01
4.370739877525378625e-01
-2.304032351293816838e-01
8.691919897118971505e-02
2.787296634188744099e-02
-3.238905496206363477e-01
9.468471414643521433e-02
4.317541535618481946e-02
6.037819791904260741e-02
-5.989688483460781782e-03
-2.576883317350949290e-02
7.055899807312930594e-02
2.341010693660157960e-01
8.542572298689386778e-02
-4.604374237625539767e-01
-1.444719009820387146e-01
1.101578007231408113e-02
4.721286575397010132e-01
-2.215068903482608487e-01
-2.554039756663929392e-02
-8.573857780873735124e-02
-2.693867401135695006e-01
1.313510527085459401e-01
1.757095086446621712e-01
1.578299064175908428e-01
2.473897892112388378e-02
-2.133601833132886538e-01
-9.006872345969821336e-03
-1.439138329743853140e-01
-2.310567676660434944e-01
-1.238590511134220057e-01
1.082186652146398115e-01
-4.233927519156047148e-01
-3.578241277885973459e-01
-4.484582692385163938e-02
-1.886218169603688655e-02
-3.961597087249877497e-02
4.108498129131956667e-01
1.435780441248532824e-01
3.885162698772053336e-01
-2.051324894059366188e-01
2.601150464377549251e-02
4.131625037276140944e-01
-1.529227895365274092e-01
-4.159579548715335862e-01
9.378887206767792806e-02
-1.695435568142685534e-01
-4.060683284732795606e-01
1.042203976466159893e-01
1.389888659462318668e-03
-5.024246880787574393e-02
-3.168575463979241835e-01
1.641764809826106591e-02
-1.935424446713169544e-01
3.618452401112450256e-01
2.613508783664378887e-01
2.833216645145912593e-02
-2.746822095274637637e-02
-2.381617114331371909e-02
-1.787795151587008580e-01
-2.428837795967387081e-01
-1.202887952963203333e-01
-1.903746394896512484e-01
3.690957733163804377e-01
-4.891064433554383473e-01
-1.373944496438229135e-01
7.643291824830887593e-02
-2.165242449073693787e-01
2.263566160598170507e-01
1.701734339040294197e-01
3.144193648250703244e-01
-6.374022875617081640e-02
3.898657812582807108e-02
1.086410560186651733e-02
2.810195519720535273e-01
-3.394602094751283383e-01
-5.471179631378560171e-02
-1.066750102828243618e-01
2.803217408826798041e-01
-8.917004398062033932e-03
4.719463574481753965e-02
1.700988799505142035e-01
-1.379606278899161154e-01
9.163322878017876594e-02
-4.212891725415701671e-02
-1.751619886810155680e-01
5.717286022407843671e-01
-1.091562018957125957e-01
1.371729144882888884e-01
-1.571488203466876732e-02
2.301930339254893917e-02
3.195971464466730860e-01
-1.882527191655851695e-01
-8.662107055996828842e-02
5.130414765182382542e-02
1.171706305937290915e-02
-1.847519227123232965e-01
-5.675123130727378895e-02
1.564902182887257798e-01
-1.138308873772512914e-01
3.273076829899956297e-01
3.542323759899149854e-02
9.431446248326176562e-02
-3.846190120830483838e-01
3.273691870742965193e-01
-2.296564291499005872e-01
-2.441859294752079523e-01
9.199237395809337428e-03
1.646009341604575543e-02
-2.104851870178210127e-01
1.372235947824201052e-01
1.041535050900948001e-01
3.922680800271134971e-01
-8.734123313610178685e-02
3.285634967101234982e-02
-1.901754663994097150e-01
-1.643908341777854110e-01
-6.576786155189599803e-02
1.145566885719144778e-01
1.573624599699173787e-01
-5.027316841413110617e-03
-2.882085890582343143e-02
2.012409773284888972e-02
5.134195555776687597e-02
4.308262038087988799e-01
2.328633338832225008e-01
-3.638486922877712804e-01
2.345421420855791916e-01
-3.752556029626938697e-03
6.358816745492379408e-02
-2.209681479187066422e-01
-1.065925693503103761e-01
-2.359453179436108716e-01
-1.204426832515361478e-01
-2.454600453859007714e-01
-3.289361846892884245e-01
7.130233904021629487e-02
-2.203735366058489839e-02
3.550451342181028258e-02
3.417387345980099633e-02
3.896249689515708381e-01
-3.119840080030734653e-01
5.996933480898763991e-01
-2.321164022379550995e-01
4.559616634380190825e-01
2.815725158802734884e-01
1.670900754576891412e-01
-1.004764531078013168e-01
3.470019685850454089e-02
-1.225024707810682019e-02
5.077827201358688786e-02
1.740556125517084274e-01
-1.800761559631961772e-01
1.390274751710074141e-01
-2.800620410814885219e-01
1.120736857439536410e-01
-1.496450553441311948e-01
3.759897553302849610e-02
8.699666433968544776e-02
-3.260399380475160758e-01
7.154070629026446082e-02
-5.209069555045553988e-03
7.707851071754640015e-02
-6.383289858137733974e-01
-1.696566970380537498e-01
1.380910689335855812e-01
-7.353092334984216716e-02
3.103052786263955087e-01
1.514309376722163814e-01
5.973935793103555408e-02
-5.882138703009076597e-01
2.424930646219770891e-01
-1.022305451427634182e-01
-4.758976128299837738e-01
-1.146558501271460334e-01
-1.512158993124698148e-01
1.482196553555179541e-01
-2.601453739345675475e-01
7.883704713894665317e-02
-4.847752116262373234e-01
1.460570655660419111e-02
1.624404949420601429e-01
7.912035997851327163e-02
-1.128893226795647242e-01
-2.714225078058032058e-03
-3.546655442290964910e-02
1.733666580676117980e-02
2.130928893394332668e-01
1.256918326739837610e-01
1.009290492140560713e-01
-4.295790806923755478e-01
-6.696621476179467902e-02
1.861765355163118585e-01
1.136918931209170702e-01
2.525774688301563042e-01
-3.750450856993277071e-01
3.907245933567581736e-02
3.855937438506135129e-01
-1.121744803361245935e-01
1.369163632984982670e-01
1.771233093269144673e-02
7.029809746443694760e-03
5.654265605379429349e-01
-1.645695282352023225e-01
3.626357882525760301e-01
2.139634444189761342e-01
3.760028177104562941e-01
2.457709721560768779e-01
-1.413397384916871002e-01
1.451421963900589029e-01
2.976218727314245416e-01
-2.086018051178418209e-01
-3.435816592393644564e-01
7.661039675132225168e-02
2.741221010272326675e-01
-3.448461210085789208e-01
8.331376866066482478e-02
-1.362402481695814960e-01
8.380371020348010777e-03
1.791944899081823472e-01
2.353323759004494753e-01
8.847313239418397313e-02
9.065694041305813466e-02
3.814696831519379661e-01
-6.457803463062244606e-03
2.644961663772436508e-02
-2.746518586368981371e-02
5.720571611747712892e-02
-1.680236860485210051e-02
-2.863389858217211051e-02
-5.206799409203285295e-02
-5.018548068813807363e-03
8.436699680796536094e-02
3.037295977416019921e-02
6.550472166435759858e-02
2.003971985136968059e-02
-1.330373382029478163e-02
4.588894275125674459e-03
-2.976974890369103385e-02
-2.124873012539693629e-02
2.265735259261936543e-02
9.904668494071587614e-02
3.116340152155026855e-02
-2.744766983063700455e-02
-1.285784746125938696e-02
3.015233742181097631e-01
-3.034833221429927286e-01
2.472703245700972330e-01
-1.194284286132148154e-01
6.792330155721441887e-02
-2.345869543186735462e-01
2.065731513105954487e-01
-5.759830000640756564e-01
2.526312725246857016e-01
2.198183964667154711e-01
-3.555931322849826826e-01
-2.994114122659333188e-01
3.076223537427763555e-01
-9.153808900631958678e-02
-1.398507750187005794e-01
2.326201770851486217e-01
-2.138651755311117564e-01
3.737582343313480271e-01
-1.738343390544561939e-01
-2.014354726727235478e-02
