-1.286910907393135628e-01
7.240994263043210033e-01
1.214110916223863024e+00
7.349507807339012988e-01
-6.128174668114861889e-01
8.788014369125873859e-01
3.776213183082606784e-01
2.493801598186017043e-01
-1.247622182537608593e+00
2.158589913293031820e-02
1.045999932660796328e-01
1.027508785443292050e+00
6.553845430032476660e-01
1.818724718468821000e-01
-6.635055222587280532e-01
1.567596689646411079e-01
1.190633805554269509e-01
1.036818630831471549e-01
-9.289547896545657935e-01
4.395030802127368186e-01
-6.158633151857136750e-02
1.882302273254684785e-02
-1.314977285049137024e-01
3.491579674214564250e-02
-1.703742640316760759e-01
-9.933618343771949410e-02
1.650827819577213584e-01
-7.481568008849910634e-02
-1.863569982655729484e-01
2.733562057214730060e-03
-1.113167185395682462e-01
1.782788680838384432e-01
-8.728373016007028029e-02
6.898990181315088621e-02
-6.366065319158732694e-02
1.806523598255162510e-01
-1.857892826310877932e-01
2.184908019238017696e-01
1.494739810721595064e-01
1.025850189487468728e-01
-2.046478167597987896e-01
-5.792877496109092306e-01
-1.076350685740931068e+00
-5.243445460719392548e-01
-8.059236830453612999e-02
-3.745707602786768065e-01
-3.449751062730590512e-01
-3.422695846678567855e-01
3.446617221206355053e-01
4.499841892935330795e-02
-1.896356695179653995e-01
2.508149650504788997e-01
-4.643862034719988818e-01
3.804210916264226250e-01
1.188492175939028506e-01
-5.724422257374363332e-02
-2.991079073606645045e-01
-2.325399147351606965e-01
1.049014598679276933e+00
-1.438112539530746192e-01
-1.480237205003645251e-01
1.390259415054599934e-01
2.923470163089866292e-01
-1.500401794099158748e-01
-2.110628115347352174e-01
-1.681229440416876220e-01
1.986990807364146794e-01
2.207000021550427349e-01
-4.757526459440310496e-01
-5.184783194521365157e-01
4.759916144928087456e-01
4.647911402823233784e-01
1.402849049284734216e-02
-2.650910057834885564e-02
7.389430796591789363e-02
-9.804806608523022882e-02
1.263149453139704170e-01
9.813997361644739847e-02
-1.259195081381947190e-01
4.517105428591616789e-01
-1.339167921018812601e-01
-1.072791928998491351e-01
1.368106682443554767e-01
1.849312758141670454e-01
-2.159651603684628607e-01
-2.064596863420622708e-01
-3.862657213769307152e-01
-1.895977214850670389e-01
9.668547563562015501e-01
-7.022552784799082626e-02
-6.800834546484424946e-03
1.552137716585930971e-01
-1.015036910328140224e-01
-1.142978208280849041e-02
-4.435807455198243487e-01
-1.975103322185620680e-01
1.100717479275351435e-01
-5.821491354507879468e-01
3.019593204955523524e-01
-3.208145775115877063e-01
1.353407753588184992e-01
-1.445636937630387919e-01
-1.766221362355079871e-01
4.789454908548627238e-02
1.422530544781794304e-01
3.639841661355059932e-01
-3.074496746555325788e-01
2.268630150897168463e-01
1.128907677394381803e+00
3.681201723141799276e-01
1.876468263017313232e-01
9.384374659175725997e-02
-4.498835340134966221e-01
2.412729345480748022e-01
7.502925954537018050e-02
-1.115354882264337627e-01
7.040068237147295571e-01
-5.503459273182743638e-01
-1.731169053805239888e-01
-8.103157453174711922e-01
-3.322427562498145859e-01
-3.501142904167613978e-01
-2.491351423000630616e-01
-1.958413196867747064e-01
2.399956532816426846e-01
2.310515873661976027e-01
-2.170026822844176861e-01
-1.806603652293268247e-01
4.833324964023104076e-01
-2.938395597686250804e-01
-5.217466344568659764e-01
2.121111870120790666e-01
-1.185147423772197062e-01
-1.924563550442834892e-01
8.855701332938976933e-02
-3.251590197190177278e-01
-2.539197247678896541e-01
-4.931807490367436375e-01
-2.720130200220928773e-01
-1.687147142791768362e-01
2.427991365966964132e-01
-4.410942522762746620e-02
4.147361640157250506e-01
-2.641318573764422917e-01
-2.810434797379025018e-01
1.301782143139862125e-01
8.285537856326889716e-02
3.061159415574739584e-01
-4.899655901466165586e-01
8.285048614334715456e-02
2.653007690610021882e-02
-3.416247036687126148e-01
8.600574213232703435e-02
-5.412561439701991939e-02
3.652279287920445761e-01
3.889002009081445888e-01
1.388935500592742012e-01
1.977608643983951586e-01
-1.882799219933189994e-01
2.171995621959175171e-01
5.481280805392112487e-01
4.591239555180023219e-02
-1.984265812959615793e-01
1.568818647254152654e-01
9.087076889185459472e-02
-3.584771998766011492e-01
-4.260685673499947645e-01
3.528096248616971464e-02
9.313857885850567175e-01
-4.244216081706143062e-01
5.672849891264313688e-02
4.437744479800064257e-01
1.919650612289673375e-01
-1.859693005952786360e-01
-1.531926336200539751e-01
-3.153953940548330226e-01
-2.972164218974276406e-01
-5.340901501081795066e-01
-4.174599288253172946e-01
-2.879291799976516630e-01
1.671162094337526882e-01
-7.565271905202258784e-02
-5.016662240002726231e-02
-9.288631176087698560e-02
1.002491617836773208e-01
-3.557839289299355445e-01
7.266864528681303559e-02
1.275045188491816528e-01
-4.652205294090945575e-02
2.925603869703858328e-01
-3.349392033194923401e-01
-3.566961859126431267e-01
2.007900942538043687e-01
4.017873288810910014e-03
1.687087629652587739e-01
-2.664533423693405401e-01
-1.954253969686018111e-01
-4.415280628499321791e-01
-6.718319856517072919e-02
-2.680939730519561470e-01
-1.840092114485387120e-01
3.142355895343320604e-01
2.846131924776577060e-01
2.808557849130796299e-02
-5.953591228217584158e-02
-1.144817850135938647e-01
-1.941030628801812263e-01
-1.718646785115568731e-01
-1.295004855772416419e-01
4.127256273492234222e-03
3.691062896449494035e-01
1.676281130918967632e-01
-7.850181829511412857e-02
-9.196767839750655260e-02
4.801940008067824561e-02
8.642713467914030223e-02
2.010778570608544868e-01
-3.020651171899543797e-01
-2.045528108591274652e-01
-2.608620267637807855e-01
-2.235606351105781375e-01
-1.243498750366730105e-01
1.358893229494041732e-01
-4.201960507966878700e-01
-2.660319238390089769e-01
9.549498950758940341e-02
1.700343632752013556e-01
-2.929039710388012252e-01
-7.594767842498415522e-01
-2.106297452653388691e-01
-7.282787606551331672e-02
-3.642124198063564217e-02
4.046506539713676798e-01
1.414681605052153512e-01
-3.080590996312899676e-01
2.600963082756911349e-01
1.128250394981517718e-01
1.206671501129200075e-01
2.576007597299358465e-01
4.237341628980700881e-02
-2.676156298805977274e-01
-1.777979435391226493e-01
5.096244520090063845e-02
1.205497209654113333e-01
4.720770804367638296e-01
1.684085930220200755e-01
-4.660743021740400005e-01
-1.690926679203602900e-01
-1.223658197673347797e-01
4.467524343425395839e-01
2.125022536402096721e-02
-2.432920284276264555e-01
-1.538499695408603561e-02
3.503853006595467057e-01
-2.278438361771201737e-01
-6.096849179398002028e-02
-3.876240860216363382e-01
-3.966029291613208940e-01
-7.729886551500206315e-02
3.410762513677195046e-02
-2.168200172912289059e-01
-1.120486134322339344e-01
-1.851206979508845107e-01
-1.026253067197666902e-01
-2.340816667028051412e-01
-1.450455160633610241e-01
1.671207912001292928e-01
1.457399713179391987e-01
5.940033807975111935e-02
-3.789686660132388085e-01
5.741328893918078158e-02
-5.392588332574766996e-01
-3.434843700275242440e-01
-6.200297803673472385e-01
2.511352064302373177e-02
-1.026583837796718884e-01
-4.277097888028572048e-02
-1.965381456343955335e-01
8.327706458331403383e-02
2.692398603697861992e-01
1.149889175501965649e-01
-2.154953278483605905e-01
1.565974139040726965e-01
1.379747806550092881e-01
3.187183929144929428e-02
1.617242439283790578e-02
2.500252510882325918e-01
-1.640624592317235439e-02
5.774954591975096641e-01
2.105555775489474993e-03
3.909394291252188403e-02
2.761779148464986178e-01
-5.551551696871074304e-01
1.150539128718500864e-01
2.963895098372071324e-01
-4.571857300079261166e-01
-1.219744283536114545e-03
-3.214500189444887135e-01
3.488036239592303134e-01
-8.793638689216594709e-03
-3.808455845419590480e-01
6.368650753105013773e-02
-1.612249457058607394e-01
3.847983440311316672e-01
-2.138679701589063786e-01
4.985535568102990589e-01
-4.345512604949580138e-01
-1.597011209115538899e-01
6.560683623106450257e-01
2.930212387814442598e-01
9.105077711537901131e-02
2.853918682401416773e-01
4.390031652785542082e-01
1.964031894613054718e-01
2.131993304836737324e-01
-1.916190261976954967e-01
1.494667564848889234e-02
-7.099264191855321482e-02
4.035271957925789521e-01
-3.234133438653736814e-01
6.391343565486806320e-04
-1.890680913658741025e-01
-4.259862015333423790e-01
1.692081995763474178e-01
-1.401489951942061218e-01
3.312532035664279562e-01
-6.968689855308608794e-02
-2.864377634207478443e-02
2.094509296359405581e-01
3.866690235068303005e-01
3.646763820560137981e-03
1.053199144691974870e-01
-2.434702227365911908e-01
3.756876426410271641e-01
-1.864320298460692832e-02
1.715439415523191402e-01
-4.061497918596896489e-02
8.916769062599638751e-02
5.440030422380662811e-01
-4.095195785430458257e-01
-1.279348954866544874e-01
-3.050862001428590875e-01
-5.637389031965854558e-02
-2.117044743227897152e-01
-2.577789664058961761e-02
-1.267017381648492536e-01
-9.137377983269177883e-02
1.728410906119843271e-01
-5.795044410246534827e-01
-2.120806067048170707e-01
4.612942070266562444e-01
-5.584741805330015185e-02
3.329266996964041492e-01
-8.314074366122863047e-02
-6.322482401916466876e-02
5.919410628331264052e-02
2.577134385241795500e-01
2.498064941771147296e-01
1.550976467625382882e-01
1.895043870315684942e-01
-1.965393129055714727e-01
8.709906974614703423e-02
-1.135764158730016710e-01
-3.558928363229350578e-01
-1.501557685381923746e-01
1.266450056796332990e-01
3.782464288466508284e-01
-2.771412822009188329e-02
2.343388904985817811e-01
1.889819926114231496e-01
-2.280103025411023970e-02
2.869654700847419984e-02
2.021250749279336623e-01
3.053670408793140445e-01
-1.641563013256393533e-01
4.220419152022178988e-01
1.211297900928676868e-02
-3.779836808464973053e-02
-2.208512487340065500e-02
1.504411459686200159e-01
6.444121843528627380e-02
2.879824724101880951e-01
5.656375480791542287e-02
1.810964850048500940e-01
-7.770794419784998741e-02
5.458303389716929327e-02
1.472982559878887043e-01
-1.007570271259985439e-01
3.323295344664717321e-01
-1.239941635337556414e-01
-2.189575233517302988e-01
3.382857278911576837e-01
-4.664702855426020728e-02
-1.471869174037826467e-01
-1.131102615392497734e-01
-2.811779136681010205e-01
2.743053183927289182e-02
9.639573074555826682e-02
4.239947567617353141e-01
-2.057145897096109011e-01
1.127342862618037761e-01
-7.705797189590239682e-02
9.276936399673840761e-02
-6.168431323498558411e-02
4.315999083663139835e-02
2.021677147901801697e-01
-4.516656991719809611e-01
6.551629689970077386e-02
3.624569239527749565e-01
1.019643114021764052e-01
1.674018334167302613e-01
-4.042410558115128519e-03
2.143061579939747607e-01
-5.863994593095965546e-02
-5.438086922954506186e-02
-5.864617890708290898e-02
-2.610724491599758501e-01
-1.191194973707115773e-01
3.067389669510380279e-01
-4.609690962164953998e-01
1.991330271205776770e-01
6.210392165451020241e-02
-3.372381654293747470e-03
-1.412110882645481180e-01
4.180411256168517498e-01
-2.017172065642771905e-01
6.094462873829328831e-02
5.787562836706820757e-02
-7.992470310857452409e-01
1.104346584701916545e-01
1.547134107181290068e-02
1.003021528681029700e-01
-3.126181102947989121e-02
2.711080683626661547e-01
1.812814991710342272e-01
8.244481296736423312e-03
3.666668670551653797e-01
4.217086905105814076e-01
-5.995534295484700182e-01
1.395896823631145311e-01
3.710239718281943544e-02
1.750350112342910214e-01
-4.026796681605426809e-01
1.614883950518453681e-01
-1.674606266548209210e-01
2.481856052565885595e-01
-6.718493312768289427e-02
-1.769515461404546491e-02
3.502493100427734873e-01
3.283607849549870505e-01
9.386899669715738359e-02
1.309543046736751093e-01
1.167477307752129850e-01
-1.507672704330206281e-01
-2.969608073422639271e-04
1.258369126893566503e-01
-8.754950185045552724e-02
-9.669829518960119941e-02
-2.536730826558072915e-01
-4.786013774314699237e-02
-1.404308002605913208e-01
-3.834041431512583142e-02
-5.801443623381529191e-01
2.624538331646971701e-01
2.291336988200840807e-01
1.443382639590854583e-02
-4.030462901860353692e-02
-3.119460544632781107e-01
-7.142397909724459426e-01
3.680047324791518304e-01
-5.253369359732091431e-02
-1.661229485423852958e-01
-1.819894901611137927e-01
3.842638097848994350e-01
-3.964303765759813469e-02
-2.298562234067203641e-02
-9.003421358925529222e-03
3.198827135258727195e-01
-1.023586666362099051e-01
3.475757186776571306e-01
3.385414970640754362e-01
2.557453776900834863e-01
-9.822978171768897981e-01
2.619667575253998432e-02
-2.300692066285928150e-01
-4.001205778370198751e-01
-2.776563086665481128e-01
3.573335860132511033e-01
5.269377743349676346e-02
1.943026486973442601e-01
1.853928513681409040e-01
2.039376689779119067e-01
3.642784969780867299e-01
-2.321415694623699677e-01
3.630666680245905331e-01
4.061776344185149545e-01
3.238439908489209040e-01
6.722084324957641188e-01
-5.417167955826098780e-01
-7.730602107829027680e-01
-3.786249531882651675e-02
