-1.940985108611590126e+00
-8.557410211254971033e-01
5.522646676216073081e-01
1.355533586774228416e+00
8.831378976344423926e-01
1.720142220403330924e-01
-8.023554433186838031e-01
-1.984658744859186807e+00
1.763000139182830939e-01
5.182981685123957405e-01
8.811941224446521170e-01
5.183065078244918356e-01
-3.741046201618298817e-01
-1.841755424776927663e+00
-1.324098145372575530e+00
-4.169535231302709533e-01
9.096716788351296712e-01
-8.169663204085536590e-02
-2.060807734258420787e-01
-1.363981292277642032e-01
-5.373940466785450676e-01
-1.007322997233724760e+00
-1.157459694982630127e+00
1.619416089243709722e+00
-2.062479476285605795e-01
-1.203585758169483100e+00
4.106717032003550094e-01
-6.246791443953205736e-01
-3.526326606335192793e+00
2.102605393258164757e+00
4.044254407466070789e-01
-1.466556256592605190e-01
-1.795678740199758150e-01
4.776221436702193235e-01
6.597412954866130330e-02
-9.089531806199219188e-01
1.572850124475694056e+00
8.524728218170875005e-01
-1.118719704017881567e+00
-3.092236580208293506e-01
1.686356454353675316e+00
3.642103178871590186e-01
-9.740125658500243810e-01
-8.002495945015856149e-01
5.473744139058363267e-02
-6.814601202172025918e-01
6.198977530952933801e-01
9.331338585119146600e-01
-7.677836772848575242e-01
1.761228770691801504e+00
-1.267677324160433550e+00
5.397372985925830147e-01
-6.820466837955702077e-01
-1.042275998371151591e-01
-1.067622351343423315e+00
-8.506931863392914739e-01
1.597147443340742046e-01
2.395752117070034437e+00
-1.772425687868056654e+00
3.245804788127757967e-01
4.017328030486348456e-01
3.647035332154219822e-01
-6.062115270878548623e-02
1.873960187421382928e-01
-8.571562507214705029e-01
1.143971949097238872e+00
4.647579583573076545e-01
1.479035023574733487e-01
-5.401874805604460761e-01
2.518183185515134315e-01
2.803048773052630449e-01
-6.586360585663499911e-01
5.568276253622505001e-01
-1.242457186186440715e-01
-2.911687756516846415e-01
-2.642841340598644506e-01
-4.434056619297925828e-01
-2.403510642563070621e-01
1.506836181404045405e-01
5.968104335334454280e-01
-2.998739155600929074e-01
-3.343259436319675343e-02
6.865690818014612562e-01
2.489124788374397490e-01
-2.945333009026652182e-01
6.248101587425736181e-01
-1.911774371679350049e-01
2.630574909405692940e-01
3.038514682568408398e-01
-1.337300783895617184e-01
1.195883573039537434e-01
-7.845737371612622191e-01
-2.376369565526997019e-01
2.205989053699496452e-02
-1.199293077584412393e-01
-2.225232447785312762e-01
-2.372770704895329485e-01
3.015192517155685856e-02
-3.439098106960898904e-01
8.785687734461068432e-01
-2.422389169566532274e-01
-7.262700584676705651e-01
6.932514470077397739e-01
-2.294294690900773870e-01
3.960941734757590926e-01
-2.632604587280784059e-01
-1.124211904148427754e-01
1.902423009906553941e-01
4.327948991480258870e-03
6.269804784122653962e-02
-2.004804672983328262e-01
2.277551414549703057e-01
-6.590947293616150615e-01
4.135964342185583509e-01
-9.012147938884737530e-02
-5.028026776249731183e-02
-2.364980114763375607e-01
5.012721440365719427e-01
2.380961365394069704e-02
4.835412021660034920e-02
-3.818819003956638314e-01
8.039320504444830151e-01
1.730732475539630000e-01
-5.536636611331767766e-01
8.483823610914923430e-01
-3.065451555524011940e-01
-7.583437412512081255e-02
-2.616731965603762977e-01
2.724660675699697165e-01
1.061634158626923785e+00
2.233747174556563464e-01
4.997493394184877591e-01
6.669560599272607027e-01
-6.171236318110331354e-01
-2.065429734865616498e-02
-4.375410348948167299e-02
1.568361036778125106e+00
-7.643687740758627058e-02
1.499592027692339347e+00
-1.942031863408515413e+00
-3.138854499040308887e-01
-3.754679140649518909e-01
-6.554602686487784879e-01
-5.484200372888191621e-01
7.758611394061991351e-02
-6.877235660951070972e-01
-2.852340498016162247e-03
9.561842383248093935e-03
4.382958775138031532e-02
3.616489808178159349e-01
1.172680336925356337e-01
7.438933172102054625e-01
-7.219236577200780491e-01
-2.231676342726182996e-02
9.948563853967458404e-02
3.657099584726426489e-01
-9.114865671210191367e-02
-5.390187725954830034e-02
-6.626676943280890297e-01
-1.517546034025492596e-01
-9.937311240095267340e-02
-3.136340630677276198e-01
4.645204672386034628e-01
-4.155135594913331176e-01
2.663764803672467596e-01
-2.766805922070382229e-01
-4.675698253655685144e-01
-1.251954721183921176e-02
5.178297653585012261e-01
-4.497723654559138140e-01
-2.099553637631367820e-01
2.113550513929747798e-01
-1.029458652937007335e+00
1.303645685899348095e-01
2.249405713208056743e-03
1.731013545494469175e-01
-5.787222963086925409e-01
-5.422211597359649637e-02
-8.901896759810298265e-01
4.324927492621998271e-01
4.581623271600045455e-01
3.517047035783721354e-01
-3.608386113076823554e-01
9.199343078046208488e-02
-8.454629736977720134e-01
-1.640134923857811122e-02
5.096999791534505553e-01
-1.268071317638739814e-01
-1.738638236010200677e-01
1.397895886683165056e-01
-9.542989038692138715e-02
-2.906222255815136823e-01
-5.846966717620181997e-02
5.529009489731645521e-02
1.040086224239844259e-01
1.752961954942051925e-02
4.588978846244511356e-01
4.841728119359736682e-01
1.284378799130633797e-01
-1.671156516871521169e-01
2.673789897895944567e-01
-4.462439110042012991e-02
8.789196812860405883e-01
5.759597346101205106e-01
-4.242114103977037143e-01
6.501772076695775393e-01
-3.635018350163871093e-02
-9.388682308237197849e-02
-4.576787768057948291e-01
-3.425442734994614269e-01
2.449404659054155858e-02
-7.253066331264859112e-01
3.860518288935993469e-01
-8.309773254846887502e-02
4.092371723133932382e-01
-5.548341146049692307e-01
-3.896931455864369731e-01
-1.013518823270178615e-01
-3.398598109969628300e-01
1.182028251798012297e+00
-5.712430837661502947e-01
-1.070374826497349163e+00
1.083693193841470892e+00
-1.985313556960103532e-01
5.587839698496319674e-01
3.592892381208838137e-01
-7.083284088066722495e-01
2.227643383117575704e-01
-6.583984876451112397e-03
-3.745705812383418043e-01
-3.237359439987380072e-01
-1.625877089607463966e-01
-1.004135573203064125e+00
2.512844433148855305e-01
3.365439577101342339e-01
-3.420381535929043482e-01
-7.584731494775044380e-01
-2.385834967815537166e-01
-8.168103985139678613e-01
1.301882685138668450e+00
2.889516393333982358e-01
2.771598584389459718e-01
-8.022437971182201366e-01
-2.054454194084824048e-01
-2.374037733227353786e-01
-4.532035014544647522e-01
5.602063137067097021e-01
1.286313256746471519e-02
2.629709162911895715e-01
3.159611186954613404e-01
1.265713988089881836e-01
-1.495833720216817042e-01
3.519220317372883100e-01
-4.674635047348046357e-01
-4.981038727609449213e-01
3.480861604106587626e-01
6.100264006238339531e-01
1.983377068903272589e-01
6.762905213674188509e-01
-1.553851877655191061e+00
1.214313439741179640e-01
-1.268165505227531603e-02
-2.307029596212598899e-01
-1.459146487049648062e-02
3.695455074139505358e-01
-5.433993073808230517e-02
6.817044650295049635e-02
1.235699208478794747e-01
1.023626337674320014e-01
3.168732013718096874e-01
-3.181820371710514933e-02
6.310755126758035294e-01
1.212041687332948980e-01
2.440525351227788853e-02
-1.486235083975311899e-01
2.340394259554414436e-01
-5.069736696790317319e-03
3.107334413194476341e-01
4.144510583379384383e-01
-4.503536886850024734e-01
-1.792467369977636393e-01
-6.699058055124987865e-01
4.304251536780848153e-01
-3.922108174171828887e-02
1.007489703685295335e-01
-2.041078248101027004e-01
-3.365394926150589439e-01
-3.334569954742092751e-02
3.688375701031989529e-01
-3.761828393619814359e-01
-1.458823400234709466e-01
1.806848725165964009e-01
-2.432519406821810892e-01
5.160266625293952192e-01
-3.658985790084544609e-01
2.904103422055025474e-01
-3.454501063749362832e-01
-6.421409689152364486e-02
-3.044826205961779775e-01
-3.795666631156484616e-01
5.480442134585963299e-01
-3.800060986981165234e-01
7.218045001782598565e-04
1.556464162293522135e-01
2.348573881625614646e-01
-1.797235936950115631e-01
4.229253620183247020e-01
1.307401678312350157e-01
-1.842763596520473612e-01
3.325747204942633428e-02
1.751571986781051693e-01
1.260190953683567316e-01
-2.901821560166218950e-01
-1.069760512644717387e-01
-4.825816789288751019e-01
3.429126998103191881e-01
-1.353412025893773948e-02
-6.135608566489607341e-02
8.075566732487753085e-02
-1.184137098041585928e-01
2.368385767893621263e-01
5.862437305031336088e-01
1.410706583080259258e-01
5.550262190084616076e-01
-9.977530996703827537e-02
1.005994075757013828e+00
6.667360857226011239e-01
-1.875770494237549713e-01
-7.803611471314101378e-01
3.305247205738952587e-01
-1.072963050457964862e-01
-6.730952679491304380e-01
1.006182682726695088e+00
-1.766371799160073031e-01
4.388213001212088772e-03
-1.315740094093553747e-01
1.837442811523483377e-01
-4.676961521820929280e-01
4.263155441745224428e-01
-5.903649659837854023e-03
-8.496851322945321583e-02
3.873015120768335540e-01
-2.556508909856128244e-03
-1.371839521688226204e-01
-2.738901739007852942e-01
7.446687278386594500e-01
5.905827383663085905e-01
2.376189442102061844e-01
-1.943344855785154590e-01
-4.857963852048140935e-02
-2.539305038500568323e-01
-1.608185081890020351e-01
2.043831082168313662e-01
7.241268528397072635e-02
-1.325151532420970057e-01
4.423989894815886226e-01
1.798876623300787736e-01
8.088055269414332060e-02
7.182643897391086663e-01
-3.530216224730598484e-01
-4.102748756218170256e-01
-2.196776893256112972e-01
-5.519343267897038885e-01
-2.789466336439101468e-01
2.045941376607763318e-01
-5.706429045325435156e-01
4.840297927966356051e-01
2.990573531123895679e-01
-3.668375082401298393e-02
8.017324945660091184e-02
-9.134137014030939417e-02
3.835126516052561052e-01
-1.717772053379374164e-01
2.520095852957265903e-01
-3.414349963333333515e-01
8.338059005696485393e-01
-5.527335374529800810e-02
4.162602184520059617e-02
6.600476306450449304e-02
2.946432621843297905e-02
1.990162962152224602e-01
4.915416557057168401e-01
-1.829228956661139438e-01
-2.567829669022830830e-02
2.632438379385846905e-01
2.652434967015315781e-01
2.101991278064571991e-02
1.027194144680179527e-01
4.478293441523684137e-01
2.153763934639760791e-01
3.240571472158491895e-02
-8.421645802319578655e-02
4.479068021855125425e-01
9.324314200446892631e-02
2.149111793495224465e-01
-2.064230255125329427e-01
3.212429464192039230e-01
6.248409725233886047e-02
3.250223464892705305e-01
-1.981844702573157813e-01
2.447172336426204076e-01
-1.780695512719066356e-02
8.102113312456659111e-01
3.149461962294002881e-01
-1.580086604768335679e-01
4.577418671903869529e-01
-2.943559367559888673e-01
-3.242384695745677003e-01
3.674863947162007594e-01
2.467872960365076127e-02
2.430966012897103068e-01
-7.549496427541735333e-01
3.236055316258591719e-02
1.689686017675898766e-01
2.790777694528990271e-01
-9.870041691426915120e-01
-1.326203221464979654e-01
2.707399594015863498e-01
-1.528062936767295432e-01
2.187233426622159360e-01
-1.385673758104428444e-01
5.649865328208088233e-02
-2.687596178907482036e-01
-1.418543641325020407e-02
-2.483517097122953377e-01
8.843917009263196904e-02
1.178126318827926906e-02
1.560888672187656090e-01
-5.139572212148684205e-01
2.715562399202592903e-01
1.417651576704929139e-01
3.029598198887524241e-01
2.405160752759188114e-01
-2.449324747402214786e-01
-4.010635487998890913e-01
6.455929727335077972e-01
3.372960889069465673e-01
6.192542486135682589e-02
-8.914774845621654953e-02
-2.224244786041608135e-01
-2.420746882231800956e-01
-2.148420337256452817e-01
6.685739424944490139e-01
-1.615828763121471834e-01
2.489666561679633183e-01
-3.088603505850806563e-01
-1.252857100966226211e-01
-3.569314206101223408e-01
-2.297252261223454162e-01
3.051941248796746775e-01
5.898810220083357259e-02
-1.615932047472817823e-01
-4.479398753741593575e-01
1.073422259174270088e-01
-6.772461658137648999e-02
-2.528260806662117055e-01
-3.294518701134552252e-01
2.627141978486239454e-02
-8.173840888410246475e-01
5.531955921604362336e-01
-1.800805799453786549e-01
-1.910907472457080147e-01
-1.721933702414430556e+00
6.227145792859534179e-01
-3.821622114507734480e-01
5.985778695658530157e-01
4.050310457248152418e-01
-1.100480207480818873e+00
6.925897167837933299e-01
-7.225809777970556569e-01
1.151942454237040170e-01
-1.089811514733349362e+00
3.960157064538640248e-01
-4.334272987731979665e-01
-2.952385675578887980e-01
-3.101055074927898669e-01
1.829560434097033061e+00
-1.767175166532941322e-01
3.202804873174233125e-01
6.817593536704492641e-01
-1.656425187305389166e-02
2.039373906785436341e-01
-3.378648465891759267e-01
2.913645328452236782e-01
6.395592893070514706e-02
-1.284582326113065109e-01
-3.796648401365605441e-01
3.063432179647343490e-01
-3.327675638153406723e-01
-2.131617498576039368e-02
1.071334501482950757e-01
-1.599824958000756470e-01
5.731726176898804814e-02
1.039263762712332034e-01
-3.884389278614566992e-03
3.905740466251563792e-01
6.122498286274750123e-01
-1.904500867417117382e-01
5.598442063050584200e-02
4.380282148320374658e-01
-2.676286853992636550e-01
3.828720108346579942e-01
-4.365498653546028840e-01
1.052571143177945867e+00
-3.427336324459211991e-01
2.187640644480784435e-02
-6.630741648176539937e-02
-4.179869018573155459e-02
-6.405623207037047795e-01
-4.687892313331899485e-01
1.998097701102771462e-01
-2.777521824993924859e-01
-2.324106775755931664e-01
6.983335194336703911e-01
5.499264711271660833e-01
-1.223799571127471564e-01
5.366407355028149917e-01
-4.089037024340165249e-01
-2.762554946550966339e-01
3.403388278298821734e-02
1.669196732750462264e-01
-6.698203730524240895e-02
-1.178853859410197435e-01
-3.877816050972339168e-01
6.629185071678713737e-01
-6.155061234394000325e-01
2.212245309878615451e-01
5.231411015275196918e-01
1.014428582711845578e-01
-3.936597862401650973e-03
-1.424172836958950139e-01
2.203528093755783290e-01
-4.545863291252389971e-01
2.823387555955554351e-01
3.495620545153617087e-01
6.224827681144418090e-02
-6.579044831795322068e-02
-2.622526458694832141e-01
-1.338490674181080642e-01
-4.523344500984054495e-01
-3.129812296169955793e-02
-6.581829725926438557e-02
-3.314568673341958260e-01
-3.037898417312636101e-01
7.749137464740499248e-02
-8.384643155373917855e-02
8.856964659860928207e-03
5.786227934849745569e-02
-6.044458262163516782e-01
-3.473167230258196181e-01
-2.410439242061023224e-01
-3.109474385401821972e-01
5.700175111298650538e-02
-1.360231597234286827e-01
9.064826672691765619e-02
2.478781712705768747e-01
2.195692604304537443e-01
-1.536244634069451331e-01
-1.644819494392516235e-01
-4.256313456506735649e-02
-3.359914589113729977e-01
-2.405687101376647041e-01
1.657808425485690351e-01
3.340450754284779444e-01
4.990551239014641705e-01
-6.279890025290454370e-01
2.044480324807608496e-01
-5.034367166057911458e-01
1.125623018046362667e+00
8.296762096920959895e-01
4.056883751087764223e-01
-7.248685042588964844e-01
2.539736246621925875e-01
-3.757654703040408384e-01
-1.463745760737892795e-02
-5.616695076960644822e-02
-3.703175589141272650e-01
1.832241711283331409e-01
5.391358801967343073e-01
6.853524174869419887e-03
-1.664264277323369567e-01
9.157484533294804052e-01
-4.855623306264014727e-01
-5.138073430389793472e-01
7.087002245738204254e-01
-5.303467676290232191e-01
-3.354466083824304556e-01
3.641607843822169399e-01
-1.049464881499255098e+00
-1.070573502876371208e+00
-2.899922275116587622e-01
3.675368541993055960e-01
-3.943132440826232488e-01
2.199679639712298906e-01
6.116743079631090790e-03
-2.813941296133228298e-01
3.075788514015523889e-01
-6.541560398344724581e-01
-7.692021517639402450e-01
-4.240742355802711860e-01
1.770655936130842434e-02
1.157630591018009164e-01
8.548106587481345275e-02
2.747944974723334211e-01
-6.876214523310536682e-03
-4.605180722661632309e-02
-6.473416985337408780e-02
1.217604867292748083e-01
-2.626701286458142937e-01
-5.221757195981189259e-01
1.461159489989817817e-01
-1.297684395679397362e-01
-8.251252087138701008e-02
-3.047360326988801660e-01
-2.647952573015471822e-01
-3.583478015316536314e-01
2.676896396063419559e-01
-6.844819470489103830e-02
-8.260776841588972352e-02
-2.721597261430911407e-01
2.093799497629878492e-01
3.743817307175297260e-01
-1.291888106221592558e-01
-1.275914922192447343e-01
-5.197914918844515064e-01
-1.041788991815802840e-01
3.387020977195238647e-01
2.550208397574995067e-01
3.532109100239202437e-01
-5.378647641062168638e-01
-2.173961815584062821e-03
-1.147823252208551720e-01
-1.604398574083475137e-01
7.358167670918562830e-01
-3.406952659298397436e-04
-1.382875197388882538e-01
-1.073301042039317837e-01
-3.987161412562481577e-01
-3.729373935813184437e-01
5.900188563271015207e-02
-3.100592621130865978e-01
-3.452528536973830664e-01
2.044176963262848978e-01
-1.148567697428266032e-01
4.013230066361723192e-01
-5.843403673918434738e-02
-6.460997238545828081e-01
-7.909086012220218898e-01
3.424771884155678424e-03
2.175081426079288616e-01
1.314925096100244828e-01
-5.542946178737129942e-02
8.948745771201345456e-02
-4.132122967623477749e-01
-2.775811755694798655e-01
9.894034542534930754e-01
-4.802664474206929657e-01
9.121465831176591710e-01
1.141199557927905062e+00
7.315342170028701352e-01
-1.872397496557781926e-01
6.609020085354394558e-02
1.810156297745140475e-01
1.682821130256924869e-01
-2.008923639783814219e-01
-4.620988247064278936e-02
4.761851282772518457e-01
-2.301620284675792161e-01
5.906804744545802732e-01
6.500960866784515346e-01
2.403246789051710075e-01
-1.698274417498910616e-01
4.245717508302618848e-01
-8.014278417406156541e-02
-9.325899780848069531e-02
-9.383328148432318978e-04
-2.209484764034053972e-01
1.300331043053477853e-01
2.182308708994465940e-01
2.081287732920593103e-01
-3.301064620049468101e-01
6.451884374522715015e-02
1.152287737711579080e-01
-1.107988712434368889e-01
2.461741203706557246e-01
-1.650760861051044082e-01
4.559881641861291968e-01
-4.410010574213994727e-02
-4.636258625797590183e-02
-3.963467933630058365e-02
1.165949389683698378e-01
1.769158527993383023e-01
-1.230352800701338054e-02
-1.023574561594543075e+00
-2.779890705181889150e-03
-1.937697739086382542e-01
-2.897702493992504458e-01
3.912896356376955875e-01
5.864713837727210111e-01
-2.047884924174792065e-01
1.252097398118472704e-01
-4.267737098202722262e-02
4.355466993495522576e-01
5.415529212355622013e-01
-2.801909158401608702e-01
-2.421363292891490770e-01
1.873012757777525739e-01
1.982702766712891029e-01
5.625006553887699212e-01
7.274480257446419573e-02
-1.557434491649490049e-01
1.896540754744362178e-01
3.569170942566417537e-01
1.846302344223992586e-01
1.422374155839160360e-02
1.769360525694921582e-01
-3.406045477305801317e-01
2.902186794583382357e-01
-2.827568421951499530e-02
2.891424123884023256e-01
2.342819578444690076e-01
4.333751307170060074e-01
-4.605016021376263646e-01
3.494843196489547110e-01
-2.436649650911887899e-01
-5.358269272259590793e-02
2.098993092503529667e-01
4.910464367772973682e-01
-8.445302447118723244e-01
-9.689545816146964696e-02
9.276466409844109917e-02
-3.467352576589029234e-02
3.800487295053994741e-01
2.043046898781682441e-01
4.827174449811604817e-01
-8.167673296197435207e-01
4.279074718449529802e-01
-8.858318874184657465e-01
-5.430203384058553961e-01
1.137645246854740444e-01
-1.861579836641941710e-01
-4.451961714304442097e-01
1.506289239190029827e-01
-4.649332142472175633e-01
-4.532126942200568470e-03
-1.313727066494659868e-01
-1.482818575301596276e-01
-6.900521983118280966e-02
1.113749373964158934e-02
3.463803384813372022e-01
-2.466521735515099789e-01
-3.313827543232996664e-01
1.286578629998372525e-01
-4.218778199253767625e-01
-5.023094059854957827e-01
6.843209732718239513e-01
-1.148280346626433107e-01
4.260137747437185429e-01
4.522253013357301343e-01
3.037731245141604419e-01
-2.502521698856786658e-01
-2.279243292609116345e-01
-6.922702955471918274e-02
5.435929429669687091e-02
1.964590287247787725e-01
7.265079099496360437e-02
-1.745653995915550094e-01
-7.686536424541885737e-02
-5.632353585704384935e-01
-5.935293122031497504e-01
1.343014306566486515e-01
-2.418503194501585296e-01
-3.414503384561658472e-01
2.387333196441295546e-01
-5.683195461163235984e-02
-7.031800465336186523e-01
-2.523645288310112471e-03
2.851275714653601911e-02
2.919033052452877849e-02
-4.028800519210825604e-01
1.735181890651311676e-01
-6.137615705522423415e-01
7.449920837597592271e-01
2.334333918267815222e-01
-1.065609362857495163e-01
6.537488049042786686e-01
-1.836647988878939153e-01
-5.054006444381208274e-01
4.873328708966038758e-01
5.655493301473893952e-01
-4.587994442742496237e-01
-2.322071708071304641e-01
1.900722035315386971e-01
4.499482964018520770e-01
-2.761107155550146519e-01
2.294876703603877244e-01
-1.465526706611559038e-01
3.829931925705422069e-01
1.423776989791226411e-01
2.530011873457466143e-01
-2.843333073656748033e-01
-7.466092018291625720e-02
-2.949168356202355734e-01
-2.704513507404499584e-01
9.355928225438404633e-01
4.265156902463012600e-01
2.358890874924828018e-01
-3.136891385806002130e-01
2.970256341217253349e-01
1.737230581817957586e-01
1.146286308913618684e-01
2.157948707491907647e-01
4.569883624381526621e-01
-1.037596954507192804e+00
4.230649198340254852e-02
6.762608726200283193e-01
4.126982352366413698e-02
3.225397935460452836e-01
9.743772669522023921e-01
2.160475007013311355e-01
1.383666894808398551e-01
2.842604366505366853e-01
-1.377360086967838182e-01
5.319554992555804995e-01
-3.561346211204374779e-02
-5.093070950656687634e-02
1.377725327059883265e-01
-4.549192696030795319e-02
-8.283785928784004327e-02
-2.832552566171900668e-02
3.651918872613129086e-01
-9.075700338503527032e-02
9.627734354777090289e-03
3.282222004405425664e-01
-2.970354675730962346e-01
-1.445674983312165152e-01
-2.331481793669059888e-01
-1.251618989582256036e-01
1.094434076930150129e-01
1.185363844682845447e-01
-3.355765848739736268e-02
5.658213859452402295e-01
-4.154620265390569500e-01
8.221841110761590743e-01
-3.144056244865258143e-01
-4.197804836782952354e-01
5.679082652169092915e-01
-1.431901626003464767e-01
-2.482203140424482091e-01
-4.672466349078150533e-02
-2.948947201995500977e-01
-5.944454862218048197e-01
5.582491910213090991e-01
4.382378288865754895e-02
8.344368830369772727e-01
-9.679911702513358529e-01
2.224853349190858698e-01
-1.760008967567426863e-01
-4.452680287237870821e-02
-3.571231346886726277e-01
1.530460655226755506e-01
3.028397473556768138e-02
1.340269774665938107e-01
-1.273331639220220524e+00
5.711594720754655796e-01
4.256901190797786061e-01
-9.656554012773918005e-01
2.080460120099514310e-01
-5.000546495163326055e-01
-1.140501076823634330e+00
-5.641323991235022151e-01
5.331121690181804817e-01
-6.093784583400541077e-02
9.006942738498477374e-02
-9.821400479032810216e-01
1.086669862083024629e+00
1.463677502825178334e-01
1.201761787132243076e-01
-3.318243980091534762e-01
4.070800923428899432e-02
-2.744534007922712071e-01
3.808363831054062953e-01
2.493356097250118419e-01
-4.406782179741903227e-01
-3.377972784908803150e-01
-3.432923261176599738e-01
-9.960277726040525081e-01
-1.838530285173241019e+00
-1.175634206932157783e-01
-8.686506987118293166e-01
-2.452566582524391137e-01
1.599511507169208424e-01
2.796672068975159520e-01
-8.864139924259668568e-01
-1.107929144485615858e+00
-4.401477296736149292e-01
-8.819604612348570516e-01
-1.765479677179127460e+00
-3.744666295359403430e-01
1.483023626282333751e+00
-1.001544226206856070e-01
-2.081237429571123343e-01
1.125349479172954581e-02
3.775764131109343724e-01
-2.646603394661122266e-01
5.858466192568528158e-02
-3.532939824029860398e-01
-9.264910997921717295e-02
-1.612864277024665671e-01
-2.353767739446176177e-02
-1.129499217801913924e-01
-3.034208160720516800e-01
1.299971845710856388e-01
1.736316601580306929e-01
-1.812030694099046879e-01
7.655768677816013335e-02
-3.604017876234415496e-01
1.810108229177307404e-01
2.028780526503926318e-01
-4.085261333472949841e-01
7.556254762635945810e-02
1.047226128416625796e-01
4.909102316428430868e-01
7.017064221158818282e-02
-3.780587220638640788e-03
-2.943778889353858563e-01
-7.872833950709799689e-02
-4.105349386552023527e-01
-4.720273611714099760e-01
8.083892372775398905e-02
-6.089866028917239049e-01
5.728846695912256370e-01
5.677103129569706086e-01
-2.926437807695360105e-01
1.947102206729560969e-01
3.078316679135693623e-01
-8.977576070958009566e-03
-5.575713107714476147e-01
-1.876199696122925198e-01
-3.446610448759065970e-01
-3.174478248697243377e-02
-1.896665234139908174e-01
-4.563708889545338709e-01
2.878475356983525857e-01
-1.776236828337587337e-01
1.699383157289631185e-01
3.964410762580889980e-01
3.797791668094974704e-01
2.279339661069855472e-01
-9.403675546504165761e-02
6.874516973581527024e-01
3.016388461549374678e-01
-9.696009366419140740e-02
-1.251901612608810610e-01
-2.871434146311994118e-01
5.193097246890142626e-01
-4.099110155454079307e-01
3.056240315879517611e-01
3.020562951297764420e-01
3.915719230510439908e-01
-9.042646192630260371e-01
-1.105826898505797073e+00
1.337693051979731707e-01
-1.773403190743184921e-01
-9.135194197958688977e-02
4.643129730531087573e-01
-4.799995971154534802e-01
1.393123238220783655e-01
-1.374833017290692239e-01
2.072911526032420459e-01
4.987363287838919024e-01
6.136739229697400766e-02
2.640227131502467239e-01
-8.314291867632640776e-02
-2.858209323026584814e-01
-5.616958426302670615e-02
-5.186753889642348181e-01
2.509493874599890706e-01
-3.168931049289177432e-02
5.448589541456632102e-01
4.174369909813326895e-01
6.289387237170591671e-01
3.967886885608724601e-01
-6.865969148069847594e-02
-3.991383813972321226e-01
-2.696845850337681871e-01
-5.212096444148353602e-02
-3.484336559400977307e-02
-7.235157520822220745e-01
5.810907783724324205e-02
-2.500952692417202083e-01
-9.198239224190109253e-02
1.067626741738742918e-01
8.583172055481999227e-03
2.195255062495000686e-01
5.814281764773304023e-02
2.370992574601143987e-01
-4.459853496818338980e-01
-8.728385098077627580e-02
-3.103012778794705939e-01
5.968834507235393216e-02
-1.038320344199939571e+00
-1.766744301093181868e-01
2.117661100792604389e-01
2.133789361305886978e-01
-6.340402053353779710e-01
1.840692624406530531e-01
3.503183445424587483e-01
-2.754251035310315565e-01
-9.164716869781076858e-02
-1.248832334711016956e-02
5.603303132722915053e-02
3.447123102838635655e-01
-2.230320457780411714e-02
-2.674939407747891629e-01
-1.955605322635779464e-01
3.800018060481573645e-01
-2.110983595687416503e-01
4.453789378368981366e-01
-8.813768148317503437e-01
-2.240357269587253952e-01
1.754498229619015082e-01
-2.333523266101629190e-01
2.041526600750913356e-01
2.399033111818857367e-01
1.566601740619189831e-01
4.257618417486453977e-01
3.264150400543462949e-01
-4.903690015085248599e-01
-1.840097308412027288e-01
7.227852260847441590e-01
8.058406029021535355e-01
2.159586490168666773e-01
5.080504605693506731e-02
-2.230185811679883390e-01
5.733075459841999733e-01
-7.337845128198949851e-01
5.972227086733206125e-01
-2.516352359709156383e-01
8.722115385203816906e-01
2.915778169173813827e-01
-8.139592316329256894e-02
-1.565104241592009393e-01
-3.082806793749979235e-01
2.781678896314911387e-01
-3.576318029905853901e-01
-7.325510562693876571e-02
-2.813680037114187349e-01
-2.629032153406062333e-01
-3.763672394408899557e-01
9.962722320302129508e-02
-7.286065884725214659e-01
1.713344217752434812e-02
1.605007988325913570e-01
3.079639989176158887e-01
2.079899653002663662e-01
-5.355871863718895121e-01
1.608097097895811733e-01
3.015265487900672947e-01
1.684619797661045526e-01
-2.396085269819268060e-01
-7.630394394004398340e-01
-1.001499700277624694e+00
1.093848010100932217e-01
-8.959523114624733109e-02
1.854628561250983021e-01
7.568607171197776484e-01
4.209794117695495053e-01
5.258638298426534519e-01
1.048120178788558982e-01
8.671196864391238490e-01
5.705590832744017460e-01
3.606085287287541519e-02
2.580203988044462923e-02
3.608392971463300625e-02
1.734167869034061171e-01
-3.628396888120812847e-01
4.933347968508972614e-01
-6.507679121102064035e-02
-8.865937746008317744e-02
-1.628040137110918495e-01
-6.668800687035315589e-01
-5.310393499447654264e-01
2.350259986995002770e-01
1.978282892360412326e-01
2.953506479012915076e-01
7.401539820621492183e-01
2.681322304459240469e-01
2.859080131634060828e-01
-2.109185662734685274e-01
9.902181774930233216e-01
3.985332227062961530e-01
-3.084429458693654924e-01
2.993867169832322150e-01
-3.180574747395856217e-01
3.622660684631406891e-01
-4.451902886917976643e-01
8.529167008587499321e-01
4.549410508414284543e-02
5.620175455843090528e-01
-3.229566981121584357e-01
5.320884735968822721e-01
4.054182559838044320e-01
1.167513288463760263e-01
-1.153482193014655072e-01
1.006322784238920409e+00
6.725937777786780147e-01
3.914298099055262825e-01
-1.171622302140984673e-01
-5.337313655240439464e-02
1.648669587035079542e-01
3.597972384402102208e-01
4.083789093024989825e-01
3.292392795656479687e-01
1.595067242338625013e-01
1.014910922277921346e+00
-2.736387593620881464e-01
4.771463840698761394e-01
-6.708323097290630477e-01
7.234259616073370758e-01
1.243915394637915700e-01
7.943618017438128787e-01
3.279350347487282047e-01
7.791397538253987121e-02
-2.369213125173680323e-01
-3.537916315399076139e-01
7.890629526757837742e-02
-1.008262256220531089e-01
1.732118637296605201e-01
-1.245457623434339800e-01
-7.271777436056144905e-01
-1.335981076824158398e-01
5.034655822961893457e-02
3.418479398155474525e-01
-1.204409420825049981e-01
-8.883149317582376969e-02
2.102815107299273872e-02
-6.944695564202128801e-02
-2.253386980651601590e-01
-3.817561044805995452e-01
-1.829118190315837389e-01
-4.138174509254092803e-01
-1.217874381590951932e-01
1.050583775075326770e-01
1.524014487310457189e-01
4.543659893789602777e-01
-2.376558313545980017e-01
2.940946141879805520e-01
-1.069325895268753851e-01
9.079707182873246463e-02
2.234462210331053245e-01
-2.352803802552856094e-01
2.921833028956662970e-01
3.427143176489120258e-01
5.632217541206896438e-02
1.265705256402220868e-01
2.666748000310015243e-02
4.086964031952021736e-01
-1.606118094584807199e-01
7.697692587534887831e-01
4.984748814148348695e-02
-2.198351760800492105e-01
-4.413571082439361470e-01
-2.195504225037354928e-02
4.950918767040585755e-01
8.824432003749523024e-02
2.793102472741189057e-01
2.125182490325699947e-01
3.256876259355550585e-01
-1.912522938127848016e-01
-1.359604165417066801e-01
-5.979520014715775655e-01
-5.145001320323470129e-01
1.659302473540456846e-01
-1.858683492560705142e-01
-7.132155018948002079e-01
-4.432451566284290045e-01
-2.434470412989246102e-01
-2.448926974002994528e-01
-1.952882831968316135e-01
-5.057272171222292334e-01
1.339696536567586971e-01
6.904228100451599293e-01
-5.443939215599074011e-01
3.476073158764790283e-01
1.360428608359507963e-01
1.447539980918884084e-01
3.964421689989450770e-01
1.925162840878159587e-01
5.858483077983587251e-01
-3.072217615399556734e-01
-2.848924909174075371e-01
-6.636592835040146243e-02
2.534465069957090311e-01
-3.905648396018662760e-01
5.200484463568672000e-01
-1.984028916864344072e-01
9.619401410694322641e-02
-2.374118434168221992e-01
6.998410828445562615e-01
2.336687797691305302e-01
-2.086858239703777429e-01
1.003461972229157950e-01
4.271040853357897515e-01
-1.234763237531296548e-01
-3.699465907296681233e-01
-1.845990036607559059e-01
-2.077967374865275496e-01
-2.894606411682217328e-01
4.496405446304439085e-02
-8.346488820681040310e-02
4.260860592419424830e-01
-1.178611015456035305e-02
-2.535812134513730220e-01
-1.028081337409313539e-01
-5.183246758109519847e-01
9.648416827403046014e-02
-4.333507006105401516e-01
4.207414713373964776e-01
-1.396233111515013725e+00
1.937911244047161585e-01
8.037496493821914834e-02
1.832927651308698391e-01
-4.381263612617055658e-01
5.131072132810524655e-01
2.683879605195221840e-01
-2.323619065860028921e-01
1.874170567998183212e-01
2.250218085297179538e-01
1.723838463579604463e-01
-3.736387378222498223e-01
-7.203555938388321866e-01
1.702299982830480507e-01
4.959057497287995275e-01
3.006046442711605704e-01
1.966721818425972435e-01
-5.875332238155630410e-02
3.218277987919713340e-02
-5.804345646646230650e-01
5.988688618919223439e-01
-3.143828883599444207e-02
1.686834212353075790e-01
-6.726870479585450591e-02
3.304001968171759174e-01
1.932803498136306808e-02
3.206102117092707315e-01
5.382791828880772013e-04
3.009375555473481900e-01
1.155363445120202726e-01
-3.462234259783428247e-01
4.167662345304999350e-01
8.734717121595945988e-02
-2.591464627294888801e-01
-1.032342979300230751e-01
4.448121215540002532e-02
-4.486900836690158600e-01
-4.202808638692821092e-02
-2.757795380016756989e-02
4.569420257032543731e-01
-1.585433669638427467e-01
-1.652359825518742442e-01
-5.318598992905906320e-01
-2.663163098674180551e-01
1.842594595378622968e-01
-3.834874648166300415e-01
4.119676396640735150e-01
2.253052714892624098e-01
1.774811858380900276e-01
-1.860951981772639985e-01
-3.059729762547829801e-01
4.009109172886328176e-01
9.029253432855859351e-01
1.001025663970613599e-01
1.172814285581481458e-01
-3.380075252421690934e-01
-5.510960476923470325e-02
-1.198575664734675000e-01
-7.365311996317326637e-02
-1.793283331304426353e-01
4.084001982860636058e-03
1.074433442378214115e-01
-5.990272121925209747e-01
-1.472988345007415767e-01
5.263842862600459638e-01
8.795796130987587613e-02
1.388559504025709546e-01
2.078519156191654949e-01
3.392106734376681195e-03
-6.253094879040289600e-01
4.121204280559089689e-02
2.427571260711811896e-01
3.885178473863421522e-01
3.729631367160605171e-01
-4.367690458007391641e-01
-1.657372081241796635e-01
-3.458357712315075494e-01
5.012672917258647054e-01
-3.883583240953401572e-01
9.238895909088667979e-02
1.184887514143996012e-01
-1.294694361384910453e-01
-1.853333995599828032e+00
-1.542361158053874526e+00
-7.000989542705829960e-01
-1.423681902090255136e+00
-1.201736403222233296e+00
-5.109882955441531482e-01
-9.005269633044844513e-01
8.008071616892495914e-01
1.073316894696429546e+00
-8.114033596605146892e-01
2.425622050519581352e-01
-4.491952474316479038e-01
-1.026239757725393442e+00
1.869229529454623576e-02
-7.495577212210418061e-01
1.079612982757771622e+00
-5.690733902259630800e-02
-1.468727998836908410e+00
-6.772131670719303553e-01
4.479685649306874851e-01
2.979734662240426935e-03
-1.871961125016029515e-01
-1.127288165258400199e-01
-5.753421541548269236e-01
-2.255388267616838804e-01
2.389904545068675112e-01
2.524606286748318773e-01
4.987940796768307039e-01
3.169643306013992384e-02
-4.706415936631570540e-01
-1.548370791876386710e-01
-2.787450677501716878e-02
-3.157360870151073029e-01
-6.220738517078905350e-02
-2.342066361873922364e-01
1.413744876816879492e-01
-1.880300255933413933e-01
1.640244208685734117e-01
1.190801868121493523e-01
3.721485620611530432e-01
1.781471924924044048e-01
3.288831276410466575e-01
-2.585129704589696487e-01
-5.538903875256192544e-01
2.006852730783722106e-03
4.192699697064499742e-01
-6.550106581518833071e-01
-3.900583978815089226e-01
1.836491453074187152e-01
5.616195379173838376e-01
9.169912898200234252e-01
-1.214306575866480470e-01
-7.202203948648888687e-01
4.804979936379345506e-01
2.094719150853160787e-03
3.243903813244580214e-01
6.138626922210809189e-01
-6.483145546321469332e-01
1.916551357550963230e-01
8.423793630762085316e-01
1.411699317877259663e-01
1.267702313818790116e-01
-2.853474767481321006e-01
-2.078701599590647153e-01
5.854201481725145317e-01
-2.846793182228682384e-01
-4.254321818989607595e-01
2.382954555940681729e-01
2.560390773412357102e-01
9.070401125119223473e-02
4.646019998743518009e-01
-1.240157220097148350e-01
-1.464770922432167832e-01
2.592318311311050394e-01
1.971692684711434385e-01
4.322026239165246975e-01
3.306199184027346361e-01
1.010593023668807794e-01
-2.321220490792927915e-01
-2.745133458683599592e-01
-8.268663063819990666e-02
2.410391551292647150e-01
3.081689369281289670e-01
-1.078622861432289581e-01
2.192258508660189509e-01
4.162306073013947727e-01
5.042525860665463266e-01
2.116218612491007900e-01
-3.437257899004633743e-02
4.318959007111946025e-01
2.275810049087390041e-01
-6.192748572390710526e-02
2.052000878771309267e-01
4.484940815430841776e-01
-9.262023603011199091e-02
4.138354711345334364e-02
-1.504542956168812839e-01
-6.561801618355724841e-01
5.029553499459091803e-01
-3.091177069944854860e-01
4.211594440456511296e-02
-8.817958216078122802e-02
3.080782554606308760e-02
1.378018701312505867e-01
5.883042731862697661e-01
-4.653462416915991606e-01
5.032673854373279632e-01
3.358535718129241482e-02
-3.807467472765702077e-01
-4.802163446844169292e-01
2.246501697550158938e-01
4.204178521214376185e-01
6.398808485119938938e-01
-7.058909015624829919e-02
1.419872117774239606e-01
-2.984083185476549827e-01
3.367652032283615648e-01
2.644272361661599569e-02
2.089521081483839415e-01
3.403209501251756031e-01
5.022170643047918492e-01
1.305684491953335580e-01
5.844328926528802315e-02
-3.260491613778144782e-01
5.454184585158133869e-01
-1.231537655944935361e-01
2.974644608603267959e-01
-3.863009805647130840e-02
-9.223752608238093564e-02
-1.897790498109372739e-02
2.128534798306240261e-01
7.319542431793485404e-02
2.943787780832088363e-01
-8.540972888902693960e-02
-2.260728648650605632e-01
-2.906707777034143181e-01
-2.592813323346653820e-01
4.110954642962470588e-03
1.607588521062497666e-01
-3.708033449476159649e-01
6.150785481377525343e-01
2.481163728769822663e-01
6.276432681544065195e-01
-8.472637363338926531e-02
5.306151189864765083e-01
-6.611588065399949254e-01
2.826399339588279158e-01
-1.627209317732195848e-01
-5.059208681297249210e-01
2.222461411049080349e-01
3.694544106625235469e-01
4.540600090911338094e-01
1.929589231502807645e-01
2.283575445348419442e-01
3.403232284965654331e-01
-4.431559401314109914e-02
1.977796971952258120e-01
-7.589307937941972004e-02
4.668347311637202623e-01
3.782372756740059322e-02
8.219591341516047089e-02
-1.499007951005868755e-01
1.744410806401706648e-01
4.715311130657872107e-01
4.118345969308729315e-01
-4.199126462630573542e-01
4.576610037273155518e-01
2.504221185734403221e-01
-3.022130856484334660e-01
-1.070251063141882536e-01
-1.145436223069686843e-01
1.120825662402259726e-01
-6.928520455955525237e-02
-2.353922044341799358e-01
2.106598684060448923e-01
-3.222342349829226404e-01
-1.405319717649738398e-01
-2.640284197348573558e-01
-1.760019397608475200e-01
-1.198762419157645698e-01
2.694439191904922648e-01
-4.178696151595742148e-01
3.018193320337475560e-01
2.729315455885613084e-01
-8.261430480785111885e-02
-4.166946616705813344e-01
-4.395849631318300421e-01
-2.360697983903849440e-01
-2.254004189035012373e-01
-1.781528457193801984e-01
5.032191855099417133e-01
4.370041878343355890e-01
-3.159605324078862409e-01
-1.106867967386412632e-01
8.883153281387100308e-02
-2.468514957791793918e-01
1.496587688534091187e-01
2.214773934518669829e-01
2.790188027156836892e-01
-1.058272083654768769e-01
1.904036511716667990e-01
1.244195932643943070e-01
1.710363810219112657e-01
1.636668871682682713e-01
3.895868113401833033e-01
-4.885513036003799048e-01
-2.583170397885167779e-01
-6.604679422640895303e-02
-1.500031917608929677e-01
-4.170576743509209899e-02
2.231228854050008314e-01
2.163463946518068837e-01
4.075169979933130639e-04
3.043451224175061642e-01
2.811169297340844198e-01
4.219113019805025844e-01
3.804026885753580278e-01
5.014998032351752899e-01
9.621535142021687970e-02
-4.333370749972575986e-01
1.184759985677676652e-01
7.851866760159811887e-02
6.721339308138402080e-01
4.078073926634076529e-01
8.659134404654404982e-01
-5.679895514571684512e-01
8.216841171652953246e-01
-1.308267885376156736e-01
-4.162666468017222482e-02
-1.160186090580853646e+00
7.168008982288942565e-02
7.421340303969896357e-02
5.550677704808038015e-01
-3.298672266804055231e-01
3.271142274356265700e-01
2.740738609110730979e-03
1.202683785857017532e-02
2.346636748607220102e-01
1.629390093666846784e-01
-1.395301505938063014e-01
3.495108648644448257e-01
1.959528723748854562e-02
1.070587705926752953e-01
3.433540845427410226e-02
5.758892956257407603e-01
-6.196616090891502449e-01
4.591967391867144976e-01
-2.002238927721089468e-01
-3.337032049481276907e-03
3.473944598475008361e-01
-6.398724174368060347e-02
2.726527204772306590e-01
-1.381606459137560972e-01
2.053365705924383999e-01
2.675029815268198385e-01
-6.814937513095378763e-02
-2.614055656466595864e-02
-5.293441440882367122e-01
2.003827364680842993e-01
5.967972749699705926e-01
2.489450175546706334e-01
-1.398154541281530772e-01
-1.929238271810669939e-02
-9.846871585911269598e-02
1.432488849824747057e-01
-8.056849803291576961e-02
1.424830124987275792e-01
-3.767549181163918487e-02
2.577944424871734391e-02
1.140814956831991855e+00
1.258879348569221512e-01
6.800450039803357383e-02
-3.375278542122637226e-01
4.251368616277389489e-01
6.818274950592330408e-02
1.894670922057597739e-01
1.213037779443717490e-01
-3.498075702171094536e-01
-9.796497205153427423e-02
-1.258907155006669942e-01
1.892335235861444531e-01
3.625381050881908984e-01
6.039640068579216203e-01
5.123508928277337865e-02
3.148137438580329017e-01
-5.589499721722820391e-01
-1.234180430796309735e-01
4.800264511814920643e-01
-9.308564616415283821e-02
-3.360924554473623815e-01
2.909861351370334193e-01
-1.023709736796253739e-01
1.262614899485393627e-01
-2.507809746113411897e-01
1.863685841574834745e-01
-2.437691938257261770e-01
2.273444918598385191e-03
1.501225334528425992e-01
3.225660331295686634e-01
-2.799758018403487037e-01
-2.394618911786589588e-01
3.492930170009977964e-02
-3.045492558616767070e-02
-6.005646899364797120e-02
-4.038769161740701774e-01
6.803991484717792915e-01
-2.990556777417744394e-01
8.644867212549565971e-02
1.894431444468611114e-01
-6.000619623777753153e-02
-1.351544382161603830e-01
-3.135826847479418755e-01
1.139357697613267856e-01
-3.068192926637242635e-01
-2.415150896560899207e-01
1.553529785834138754e-01
-2.138619125573955893e-01
3.277875902170913625e-01
2.244364128786998369e-01
-2.711361193161711536e-01
4.538183813622837515e-01
-1.131177626404244324e-01
-9.109320179112645466e-02
-6.243687049625395308e-02
2.500618566349885885e-01
-2.671773033332655034e-01
-1.650635801763129240e-01
-6.019580479744642831e-01
4.056679863448305889e-01
6.477639677894605486e-01
3.006551342990405051e-01
-4.487134931361866363e-01
1.054677567687370837e-01
2.665211062340776000e-03
2.517112431278349938e-01
-4.641868727989800075e-02
4.613306231353273001e-01
1.637652246492276864e-01
2.218959766640204723e-01
1.652592498902263340e-01
-9.451794475593887357e-02
6.239463550028432476e-02
-4.572455810596514625e-01
-2.200795663825351189e-01
-7.398072311816772384e-01
4.505745838754604549e-01
-3.107313575865108257e-01
2.352288608053711150e-01
-2.547465392844752152e-01
6.180295853618803514e-01
-6.206542826826180193e-01
-1.368486444739160368e-01
6.082197260800707717e-02
3.345361462381438167e-02
-1.290445410326665487e-01
2.799196818996212421e-01
7.608244125754758114e-02
1.796216193837281080e-02
-4.169951246270627021e-02
1.097163465071535199e-01
-3.236994529473757182e-02
-2.024706199812083274e-02
1.423438890998772466e-01
3.093633393357660410e-01
-7.901033318320821452e-02
-5.091804117473062163e-01
6.231063076348858365e-01
-1.606787480691980741e-01
-3.998186337663341416e-01
4.814584628871002581e-01
-4.506815000152754047e-01
3.312030321979295144e-01
4.360237110448554887e-01
-1.525849969560429675e-01
7.625085909009321483e-02
1.946579366265303312e-01
-1.283784076603399771e-01
5.179423683998962691e-01
-1.007964915002183826e-01
-1.087336035384496719e-01
-3.733280477080120896e-01
-2.656557656772253195e-01
2.850738144026072896e-02
-4.410656266057911418e-02
-2.324625892616527523e-01
3.759594237994905996e-01
1.866388135888034372e-01
3.499788078791742363e-01
-1.243140584306172275e-01
3.219569260968095925e-01
2.710914380769509080e-01
-1.854360207645638081e-01
4.409817756783038778e-01
-3.961930311005085747e-01
-5.143414929022981780e-02
-2.893913856285391661e-01
-3.922941897812389223e-01
1.192673878630342993e-01
-3.965426983297333785e-01
-1.990855928512143547e-01
1.719815953196497105e-01
5.139726923933134461e-01
2.439200249877596927e-01
2.112750592347472506e-02
8.092176310185418275e-01
-6.089718067783270739e-01
-1.186262405684076343e-01
1.666755718945365783e-01
5.606944917630244524e-02
-5.051302607323538973e-01
3.407739491006844812e-01
2.292142975331622201e-01
4.691611165557821317e-01
-2.288838293289291448e-01
2.745652492941353939e-01
1.878152769836650970e-01
3.372927573584771355e-01
3.447063156933518058e-01
1.305771097671948149e-02
3.712745228605117687e-01
-5.400695205289239853e-01
-2.825727059528743146e-01
-1.381398782852868157e-01
-1.415535394386319423e-01
-2.075479772403850398e-01
-2.717088122115669524e-01
-1.463699540633359719e+00
-7.505711594365787054e-01
3.042093053053992469e-01
-3.117150846201975911e-01
-2.551300179168785931e+00
-1.378310831424576222e-01
-5.635556337140355115e-02
1.723788047923179523e+00
2.422777350579234656e-01
-3.021390249417126861e-01
-1.244487765823204251e-01
8.553289201901693728e-01
4.307309710496494692e-01
-6.473526978235744078e-01
-2.578575449958813159e-01
3.349720696393092001e-01
1.686723643051905031e-01
-4.948547966910497031e-01
7.215391450580842247e-02
1.438684589357908383e-01
-3.417978542080063464e-01
6.240385820265362954e-02
-3.721961028947474298e-02
-4.061590920974823826e-02
-2.454880951406061135e-02
5.545138887955964463e-02
-2.540989960825418281e-01
-1.211311621847863465e-02
-1.968253928885602133e-01
2.945709299883377263e-01
-3.310821963004184632e-01
2.280749768236834882e-02
-2.862633108563961692e-01
-4.479520079053850301e-01
-3.016754041143484000e-01
2.796022333607880994e-01
-6.991251332071958258e-01
3.785079632809094097e-01
-1.133888236120298570e-01
-2.353077343240386199e-01
-3.830291654963679376e-02
-2.648970606554670870e-01
3.332001871772273527e-03
2.516107684299576444e-02
1.398621449976475140e-01
2.179943814095505195e-01
-4.746625178675115131e-01
1.750233734484981096e-01
-2.435386952886968437e-01
-2.661703939300403277e-01
-3.119096530404922851e-01
2.321376213435377700e-01
1.843166591825217415e-01
-1.485216382024655557e-01
-1.499039405063027353e-01
3.319392313280058321e-02
-3.878112366711002762e-02
-1.314331164055714263e-01
-3.245357657060203849e-01
-1.221414443309688513e-01
-8.914715061098520132e-02
1.805217379023744129e-01
1.123406505708213904e-02
-8.138736008959916723e-03
-2.332279030447007850e-01
8.645008384845226379e-02
-4.433352401677122939e-02
-8.688239959220792064e-02
-5.548989025458594959e-02
-9.364673263838055317e-02
-1.305223195719276696e-01
-2.596761141170370046e-01
1.606939344144906953e-02
1.111496652083983488e-01
-4.544777626377082824e-01
3.938097125928824993e-01
-5.274909530488813836e-01
2.845541480628436259e-01
-2.150750502640406681e-01
-2.742850886237318542e-01
5.478260261669871678e-01
-2.545605967551460291e-01
-4.063783403630195218e-02
-5.214780365382336302e-02
1.848387488808928558e-01
-1.297493139631225867e-01
-3.892341335163021498e-01
8.017572324921976024e-02
-2.670373622983322481e-01
1.713652346542203497e-01
-3.249754732235468624e-01
6.866771816989465649e-02
7.698929082548584546e-01
6.525885522075354217e-01
-1.909753681007093917e-01
-4.116879603823150324e-01
-2.906493692440275112e-01
3.440622259021820506e-01
-1.489587325579551091e-01
2.019182718920151665e-01
1.325881356486324492e-01
-1.915034039823471645e-01
2.347648254338363660e-01
-5.812325642673626946e-01
7.030624557421415177e-02
7.636776487032208571e-01
-2.600165668431696497e-01
4.313250500479262617e-01
-5.318640603167866798e-01
-3.383814924880739622e-02
-5.050603820502072017e-01
1.180182221327772257e-01
1.067991860290429473e+00
7.039045283504128392e-01
-5.499454041274700611e-01
4.319059011571212414e-01
1.731394171692379746e-01
-6.997558488835350921e-02
-5.418722116438248193e-01
-6.418782247406321639e-01
-5.663006458765178219e-02
-1.093773346350945586e+00
9.593872246676003746e-02
1.826391613825252558e-01
-6.414619483653030141e-01
7.387041964260765425e-01
-5.064986821254469085e-01
-1.964575842145332152e-01
-3.409411332700685859e-01
3.995332708618480888e-01
-2.712118568205389990e-01
1.292290803432856183e-01
4.890674765781903854e-01
-2.997718593969797007e-01
7.216904383443073501e-01
-3.959088208890786942e-01
5.843588089121201090e-01
-3.071063767634548691e-01
1.852518522340158846e-01
8.981648970663561049e-02
-5.328265394369662011e-02
-1.755834085712626100e-02
2.652004441973411231e-01
-5.546435024084812870e-02
2.329357687492393247e-01
-9.244065988582036431e-01
5.086973241732829498e-01
-7.703005228309136587e-01
3.576392169221673800e-01
-7.900526551920085405e-02
-3.419994237654726266e-02
1.192873570651506315e-01
-9.447482895323401353e-01
4.559961238386295301e-01
-4.264080427375425142e-01
1.272610044637017546e-01
3.085742913663653275e-01
2.515725276282433920e-01
-4.525554999980762050e-01
1.208232762413654184e-03
4.307819661984227944e-01
-5.846124529303017153e-02
8.506536379325441155e-01
-3.152871164719304731e-01
2.054696651588515388e-01
1.664250507633879272e-01
-2.237272262626180119e-01
3.404592907021120052e-01
-4.734625057254047281e-02
7.693367196729421209e-02
-4.622585611875349998e-01
-2.224469988622079231e-01
7.082977297568081587e-01
6.991979972251052833e-02
-9.560827941922050988e-02
-2.501090294491412624e-01
3.779214946867008318e-01
-3.807090281215718131e-01
1.685192328581679999e-01
-1.594788298692063067e-01
3.971764641583058059e-02
-2.648094220142931943e-01
6.040399373011299256e-01
2.485263373404256459e-01
-3.490826189568628501e-02
-1.783168305866762449e-01
-1.300722658276692954e-03
1.225514183061250303e-02
-1.163099592516634168e-01
-3.673033082555224316e-02
-3.515618333039451093e-02
-8.333097512852161159e-02
2.672266386348517431e-01
-1.824104292279708495e-01
2.929227526939754411e-01
-2.846711583745273333e-01
2.250876079667224194e-01
-5.230981007762112167e-01
1.452676736238778243e-01
-2.226529832703667139e-02
1.350857070814935612e-01
2.289418826196604750e-01
-2.296439601737408076e-01
-3.824410554659698341e-02
-1.883273954132477779e-01
-3.297006088659227285e-01
2.818110446638713018e-01
-2.797021248674888896e-02
6.378605501833611857e-01
3.002189905380076018e-01
2.842947915345268584e-01
-5.528533962726389465e-03
-2.704312681256383910e-01
-6.148484608436068921e-01
1.178093595053687076e-02
-3.344156123188619101e-01
1.168919963354040498e-01
5.768123418374013767e-01
9.473998992642526651e-02
5.186180832398104013e-01
-3.799379014149641409e-01
-2.652462367093069706e-01
-1.851989286134992641e-01
-5.169339984407246291e-01
-8.358505737839906635e-02
-1.704380682696157445e-01
2.090445031796729549e-03
1.197214008063464917e-02
3.917814706838116390e-01
-2.642858299381132814e-01
3.178115000142171520e-01
2.213907733919043969e-02
6.292819221123938100e-02
-5.824598644238878631e-01
8.460203647418255979e-02
2.116064521593631065e-01
-2.150835999667590759e-01
2.832443867556689310e-01
-2.893065326317397212e-01
3.747257814827078537e-01
4.367582785959218672e-01
2.486121910373566835e-01
3.776162800077483284e-01
-3.720841720595899904e-01
-2.387972810381433220e-01
-3.379506864730176807e-01
-3.881635982864846679e-01
1.130758061137505516e-01
5.600909989917512988e-01
-6.932366028935578184e-01
-2.909305345143815003e-01
-4.074810632289122547e-01
3.529534543131814667e-02
-7.570245454929833140e-02
-1.792472019871086952e-01
2.365522644645650513e-02
-3.737563360901068887e-01
4.914344753312520631e-01
2.649099378418329764e-01
3.836647525531892700e-01
-1.696555824489556497e-01
-5.773128751922744321e-03
-4.733366958470531377e-02
-2.146041466705055079e-01
-1.005787920601683427e-01
4.918583175844883359e-01
8.025235847580565463e-02
1.129355475347318533e-01
-2.651651430839103707e-01
-3.501567193721705218e-01
-1.761336703830211070e-01
-1.859845700325220841e-01
-1.974906416067677764e-02
3.781163157077841452e-01
4.433513429098592112e-02
1.303678227161560454e-01
-8.875606710517663922e-02
-3.227600348970254829e-01
1.140908885561500372e-02
-4.605309129025567105e-01
-1.657509272269383216e-01
1.436384975932743224e-01
1.575164929214273868e-01
3.742725933235650504e-01
2.050373926650042311e-01
-3.750220298005350616e-01
9.312941251116726993e-02
-2.329466172256595968e-01
1.663698439503417670e-01
2.290793412489445513e-01
-7.085413239673686581e-02
-9.943122522073657987e-02
1.216515934870567028e-01
-9.159911878359893178e-01
3.655462365812536252e-01
1.926949808611608528e-01
-2.624515031797728520e-02
8.485737165819123851e-02
5.921184181384369456e-04
1.794896958153292532e-01
-1.370117995652348764e-01
6.293184833795785471e-02
-4.610201424044205187e-02
-5.726692933266166463e-01
2.003970222995936079e-01
-3.321051437090434266e-01
-1.362737560281650773e-01
-4.412348363639894688e-01
-1.519444560414523193e-01
-5.694932356755491587e-02
1.946615772879050910e-01
4.010547121465043441e-01
-7.584832810187593921e-01
2.494965981116515075e-01
-2.236245854109404074e-01
3.335069510473143151e-01
-2.086226859229232400e-01
1.465544240775358553e-01
1.756506312182271878e-01
-2.038499231518290170e-02
3.721461789985348600e-01
-5.237168862991420371e-01
-1.506299687623595396e-01
-2.182893555737470126e-01
3.254618806442379220e-01
6.263768374621918600e-01
-1.864735684812550975e-01
6.204984852993540301e-01
-1.997533315013028943e-01
3.671751019092205914e-01
1.294742370629053951e-01
-1.763395397129407238e-01
1.270863717226591583e-01
6.369402964838467851e-02
-3.210140096731458059e-01
1.430623955055667362e-01
1.607359410215724593e-01
-1.744235947704545209e-01
-1.003879358417891637e-01
9.506990775359960844e-02
-1.233963557940419634e-02
-1.744470234953381660e-01
6.566502378953610608e-02
1.065285017787410971e-02
-2.326861957096335587e-01
-2.048907198853739953e-01
-2.264278867885471391e-01
-1.751758769553473927e-01
-3.795457797890421786e-02
4.928781741643383646e-02
3.565276781484932878e-01
2.248582501575536186e-01
-4.550363915131210024e-02
-3.569022843319599736e-01
2.138951472792660069e-01
4.830762322741463111e-01
-3.358684815981969884e-01
1.530312034515157460e-01
-3.693822871833768451e-01
1.543808368119997665e-01
4.731250627630010364e-01
-2.616829128877397048e-01
-1.429203911098453350e-01
2.524154710872092977e-01
-1.717943336419724132e-01
1.626083389288073278e-01
-8.748796744954644433e-01
-1.114967504582108637e-01
3.018306864138155521e-01
-1.740435683935723232e-01
2.394190158029441129e-02
-5.145129943902095881e-01
2.356667865136258533e-01
7.276475854866527870e-02
1.740851439819476876e-01
-5.004680900369515295e-02
-8.268749480495575510e-02
2.744323004994574447e-02
6.972541206533391933e-02
-1.336621052087108852e-01
-1.931928998246121298e-02
4.660902119896061513e-01
-4.929645051824020907e-01
1.928661661705757813e-01
3.566665340446821819e-01
2.180511485480474965e-01
-2.473719586749773686e-02
3.390591224282566429e-01
-3.603272600003061821e-01
1.274363825276952633e-01
3.180018828618770832e-01
-9.770995484283644117e-02
-5.298086569168715121e-01
3.940735419005946261e-01
-1.189367166723762637e-01
1.763736068150075498e-01
-6.511579544950769904e-02
5.700223508164586894e-01
-3.397657165417511393e-01
4.220241230173495395e-01
4.419000528943617390e-02
1.252969905204310841e-01
-6.496465142459244280e-02
-8.715153036406524112e-02
2.766821934288901108e-01
3.398963617176499474e-02
-4.141728621819130152e-01
2.651482096719900428e-01
-2.236588159976445056e-02
1.840342045661173542e-01
3.107735459319643442e-02
-1.712460375937458756e-01
1.117529106185756876e-01
6.704330809476026776e-01
2.149756693082109649e-01
2.440024847476368886e-01
-4.171363674893144996e-02
-4.032256217056128800e-01
-2.478443947013659887e-01
-4.025850243034010401e-01
2.996243432295389586e-01
4.261918716366069892e-01
-1.506507714994985259e+00
-5.518839665038287601e-01
7.711778669530788832e-01
7.711419768431114485e-02
-2.422668059715846756e-01
-6.317334481958937487e-02
-3.173777812775818719e-01
1.669529936285581162e-01
-3.580340846174846076e-02
-3.559833562273836266e-02
-1.271699669539904931e-01
-2.209247841372763421e-01
-3.295010700452647434e-01
-5.435217189591134979e-01
-5.208751216251497063e-01
-3.721262953853501920e-01
3.040504979290445942e-01
-5.048841189325360690e-02
2.915323520149153413e-01
-3.192572388125373695e-01
-2.823889954943602509e-01
-3.885766122348757179e-01
2.973980654825279513e-01
-1.549306808999338647e-01
4.832088950014502837e-03
-3.656830659635826875e-01
2.064575874564266167e-01
-3.344482343284282955e-01
-3.782648961668456100e-01
3.094422584141710009e-01
3.699198179640273976e-01
2.109621464608102681e-01
4.011102929374759651e-01
8.535107511537687319e-02
1.787903463618566724e-01
5.834722542105998944e-01
-4.106763721278182677e-01
-4.600132472241563741e-02
-4.005960773066833541e-02
4.459302624321820896e-01
-1.197158275060569987e-01
3.313419709866435858e-01
-2.242773342065101094e-01
-3.273987452794417663e-02
1.120693915909296845e-01
6.521800026431582298e-01
-3.294703344527399325e-01
-1.207047478648720501e-01
1.557307879613154256e-01
-2.466720703318275865e-01
2.825000249783337081e-01
4.403355334301763818e-02
-3.668937639355581704e-01
-3.051999777571797745e-01
1.055889263113477944e-01
-1.988934179143575787e-01
1.894670976029745602e-01
-1.882924163606456702e-01
1.519962940601989609e-01
4.204482780580279938e-03
2.777753716665271599e-01
-5.464915672031300797e-01
-6.090218966030054581e-02
6.076599936663450163e-02
-2.179599423879783615e-01
-4.008025908276785509e-01
1.889070210294643004e-01
4.957643639566430283e-01
-1.378164494213697244e-01
-2.410425748527975365e-01
3.608541114242888037e-01
1.963980485445055435e-01
-9.072519099199362336e-02
-1.073384468313747925e-01
1.157857209633190027e-01
4.613158328424742799e-02
-3.050385936085053817e-01
-2.268259180073302350e-01
-2.872170703270741643e-01
3.831879953890754420e-02
-4.331376589908101371e-01
3.322117610503204643e-01
2.194734784839990072e-01
7.061085268558929817e-01
2.844427099194799663e-02
-2.105712946625070692e-01
1.423619920890364376e-01
-8.101543837760714073e-01
6.251213877231671656e-01
-1.710903853554711085e-01
1.646341471749425134e-01
-1.397923864539451499e-01
1.465166189420797072e-01
-4.009887937595778551e-01
-2.911078497713814328e-01
-4.272356822480458671e-01
-2.447251415855841994e-01
-3.121770037498866612e-01
2.010277456252083927e-01
-1.021424090451952815e-01
7.630346161015223727e-02
-4.105051118989870851e-01
1.787721002895624745e-01
-4.238276537968149182e-01
2.633742332661151431e-01
4.760235090778537903e-01
-9.552563185484216901e-02
4.086248671792532261e-01
-3.820974525954307643e-01
3.797182118392987693e-01
-4.500919705521292946e-01
7.766336404771699564e-02
7.272953628537142112e-01
5.258796483370988678e-02
1.489043351151146388e-01
6.389475806781007572e-01
1.693977681947586023e-01
-1.832247979638205182e-01
5.636719471892114898e-03
3.321831310008974136e-01
-4.267082325294741657e-02
2.366818198816468821e-01
2.723086592325539845e-01
2.425042822858495054e-02
7.752339110666080224e-02
9.213401196072119603e-01
-1.535171266835030079e-01
4.998383397146223539e-02
1.118006193573091861e-01
6.637047590780287276e-02
-3.703591748678282114e-01
2.504681177918530524e-02
1.448099555364462387e-01
6.889567872456696385e-02
-4.246275208600333584e-01
2.266840366177245991e-01
-1.390051595758209357e-01
4.654070585200006382e-01
3.990011627518749715e-01
-1.030766647646929740e-01
4.144462670854996422e-01
-2.911141199628872744e-01
-3.297261600425904424e-03
-2.247974201236250802e-01
-1.526685307853527240e-01
5.804816531147822811e-01
7.813501191434760185e-02
1.830288255644608453e-01
3.270710043897739339e-01
1.322518205516603762e-01
2.212340062025291709e-01
-3.900906402614325308e-01
-4.558882424378205012e-01
2.320911834058909939e-01
-3.975799513548641806e-01
-4.341898135355054533e-01
-1.835831102726399877e-02
-2.071489389850784124e-01
-1.558969271778262375e-02
-1.417482717092687604e-02
-5.541742275361071640e-02
3.375638347486441537e-01
6.339792627630805311e-02
-6.365902786346692988e-02
2.885212001132095305e-01
-3.952816486229824289e-01
3.080732670153570399e-02
2.167028217851241223e-01
-7.082365771707399560e-01
2.022224993432818474e-01
4.930718362442522151e-01
2.231555705495053277e-01
3.847006173829861653e-01
-4.785648736556277066e-02
-2.004948317807408453e-01
6.279438351025159459e-01
-1.165646834580611746e-01
2.059135588945958939e-01
4.695468958266122428e-01
3.857312562714309556e-01
-1.088251138174764210e-01
3.699733213615164495e-01
-2.622586854531450684e-01
-5.566664923387406594e-01
-8.394848600490595336e-02
4.854005259028292829e-01
-2.103215124390885871e-01
-9.777957432019659945e-02
-3.268020718191746443e-01
3.831112151795607046e-01
8.500873322484652633e-03
2.631695419360224539e-02
3.696762695264427800e-01
1.969170343035850645e-01
-6.236067512180791805e-01
-3.164715304699661225e-01
1.009188423693284931e-01
-1.124704318287751137e-01
1.521936278842993817e-01
-3.438916587226836796e-02
-2.758602793784722951e-01
2.247047958837370685e-01
-4.992861570332596949e-02
-5.606553155165144853e-01
5.082272937554247472e-01
-3.595229468107537935e-02
3.679094156314891562e-01
-1.997458761338212485e-02
-7.666800848222135589e-02
2.468677043715397368e-01
-2.110605048751458893e-02
-1.590703700954159139e-01
1.212558502754820106e-01
-2.349739945947024733e-01
4.151935239190251425e-01
-9.783257182169637078e-02
4.381305767036034610e-02
-4.373242446349310218e-03
7.641483339239964201e-02
1.375355408243193744e-01
-1.078930678429663170e-01
1.138418615735938833e-01
1.697828760670100356e-01
8.401389618988429342e-02
-3.693580205116769183e-02
-1.596262032619116464e-02
-2.112939809080234821e-01
5.852758975562041277e-01
4.858914795072402093e-01
-1.253005513834490048e-01
1.091453308372429404e-01
3.587583720339307392e-01
6.714379823224624066e-02
-3.838096854480834152e-01
-6.320097310722866402e-01
3.297554310513742815e-01
3.634650636546801761e-02
-5.240216361297448527e-02
-2.121277224912045678e-01
5.951308614195939539e-02
-1.408817198150569966e-02
1.246551617712350901e-01
1.180781169174649620e-01
-1.535974738469624568e-01
-2.068737118401169361e-01
1.511486192103835835e-01
-2.174446987675640042e-01
-2.744486794272470997e-01
-4.666451317297752310e-01
4.072013777529768230e-01
2.747595998783105772e-02
-2.231375837377368165e-01
-2.185154076710362492e-01
-4.343246238066115206e-01
-7.117255673316674747e-01
-9.607695592981820021e-02
7.272854002697933806e-01
-8.176909670969144672e-01
4.911783606740527941e-01
8.550137541719113332e-02
2.519478050008435721e-01
-3.918458883889195388e-01
9.659681778191794854e-02
-3.828420122052600960e-01
-1.551380883153554990e-01
-8.805573134650983569e-01
4.805434484534766848e-01
2.121165959634395137e-01
-2.124277870635679633e-01
1.317722165627669695e-01
-5.309571979748121257e-02
-5.862885006597350068e-02
-3.093040975846252927e-01
-1.684954511952285738e-01
4.670966446081480372e-01
5.861297222232481063e-01
-2.703242765527776384e-02
8.832063829845947234e-02
4.075033484360618963e-01
2.644393437903563501e-02
-4.037859846536119846e-01
5.723804339960221199e-01
4.798534283879204443e-01
1.743205017044551497e-01
1.104202553358559213e-01
-2.833269629853991667e-01
-1.077899654964410286e-01
-7.914905047596737520e-01
5.039021766450255679e-01
-5.569866947873358676e-01
9.275966926390259715e-02
-4.127301790482002519e-01
1.912817087949451322e-01
-2.841697699707150249e-01
-5.054351045691926059e-01
-3.592994577882573093e-02
6.939531959595716948e-02
-1.379284079019165166e-01
3.389948115996979094e-01
2.254724079004929438e-01
3.010776615964666156e-02
-1.841789107883168020e-01
3.118722139172994470e-02
-2.411520438697886404e-01
2.293005488274513504e-01
1.563485663014636540e-01
7.025986211534289427e-02
3.371552451712345744e-01
-5.224127991440831176e-01
2.644463666417465886e-01
-3.178715302603201120e-01
-1.376919737808196265e-01
-2.881562708947193463e-01
2.441971946559588769e-01
4.883560100062139808e-01
1.133774273326989684e-01
-2.428417605516107469e-01
5.769527898251295417e-01
-4.374786698708865718e-01
-9.352901033927411845e-02
-6.848350499644774436e-02
5.657532807355646343e-01
1.597539474078260927e-02
4.295505100602667325e-01
6.274809515583738839e-02
-2.777123670652743015e-01
9.563045911160666934e-02
-1.659319484388217247e-01
2.705432273158172585e-01
-2.173088619955522438e-01
4.012493269927497885e-01
-2.754912934185161921e-01
-3.253810480302719854e-02
4.444997772526618762e-01
1.365082913936070952e-01
1.797534116588755393e-01
2.399509690722566313e-01
-7.082912418234434127e-02
-1.491587529504206089e-01
-1.746371207326426478e-01
-1.485081451272168840e-01
-7.201603363006303833e-03
1.184494424997225709e-01
2.116487938053804307e-01
-4.970955886202561014e-01
-2.586185476835342056e-01
1.050530610035370210e-01
-7.939759565587292678e-02
4.227277460616297999e-02
-2.204014442393448792e-01
-3.485372068908577231e-02
1.777327566687668045e-02
2.096211336805062220e-01
-1.215075919586462994e-01
6.755754425592065682e-02
3.116706208663058142e-01
-1.936958731070825279e-01
1.260213186591681023e-01
-5.794334454442606058e-02
3.434806640973005476e-01
-2.911886592654085448e-01
9.803060431576658684e-02
-3.607523412766381887e-01
5.983920841697892845e-01
-1.090182184468792143e-01
8.541059742080626682e-01
1.797959358135453253e-02
-3.039907296096691636e-01
1.671011573219484125e-01
2.627332445082299905e-01
1.183374843273187621e-01
-3.844405306437559955e-01
-3.503600160359587184e-02
1.643726639862129746e-01
-5.907092257780168776e-01
-1.731620822148604300e-01
3.795136902118599331e-01
9.175125487195676111e-02
2.528360204278881640e-01
-8.929411811843891711e-02
-4.862833962184012204e-01
-6.421707314695818125e-01
5.297887493167560691e-02
5.899384764410667836e-01
-2.189016139457268528e-02
-1.614967833819119236e-01
4.916815060645245844e-02
-2.736105942642788058e-01
-7.151968852125646647e-02
-8.515357473485593576e-02
1.371224626098113131e-01
-2.768163729417812968e-01
-4.774746865051121558e-01
-2.980318733465398690e-02
-6.267998183967824488e-01
-6.273094182134100194e-01
2.731589582735688970e-01
3.238550934749349908e-02
-2.875240033300466291e-01
-1.510205666936093039e-01
3.935143821367766970e-01
-7.686017226664016988e-01
1.457094458911508128e-01
-2.576920413696204837e-01
5.173118129174885532e-02
-6.253337816067446875e-01
2.523746323909562550e-01
2.670527012957077950e-01
-1.081664944091072361e-01
2.672803249896506528e-01
3.558811472617411376e-01
1.818624754761653806e-01
-6.410083189482156385e-01
2.406391095147963066e-01
1.331675981558028965e-01
-1.097608079104695628e-01
-5.240442320606693016e-01
-1.670773228593288584e-01
-6.664084563102335990e-01
-7.316149814816737262e-02
1.061732961105485845e-01
-2.940630742792229579e-01
-3.957022169619541230e-01
-4.703459631897180526e-01
-3.702703484760109798e-01
-1.000544354986280471e+00
-4.717365981831460331e-02
-2.761183936471182931e-02
-7.338156632420184122e-01
-1.691418002268821053e-01
2.703774765830421756e-01
2.481163914259365000e-01
3.135517792248188051e-01
3.766885611861758298e-01
9.972140708516456786e-02
2.493124190971916093e-02
-3.641652591032186193e-01
-2.547035376265359141e-01
9.562456538003687168e-03
-2.390389431779932072e-01
-4.582421740258550980e-01
1.070845361637344090e-01
-4.339748030745731455e-01
-2.420598463535417466e-01
-6.326392992918642433e-01
-1.604219124371607519e-01
2.447953140232338176e-01
3.189254484868945805e-01
8.972113948286487839e-02
9.309063145608063861e-02
-9.638656921532699762e-02
4.160182527009245734e-02
-1.200879664621152532e-01
1.437668872115069052e-01
-4.049928443561375685e-02
4.284617912209492951e-01
-9.449635444851292587e-02
-2.169535447498181779e-01
1.416879747973307790e-01
-1.270656929824740544e-01
-3.748170953796080562e-01
7.297548531030341179e-01
-3.258706971875070524e-01
-1.118360147824424139e-01
-3.173803533796784038e-01
-1.182146055863886238e-03
6.994554292264358875e-01
-2.250582737044678691e-02
1.965504452891825293e-01
-5.118674926567166050e-01
-5.374172277543807219e-01
7.927258691197877627e-02
1.410196231991683695e-02
-1.182920248796366786e-01
-2.394101387110453560e-01
6.474246833674443535e-02
-3.725575795453383438e-02
-3.273778163798282681e-01
9.813024365457108378e-02
2.388252800399315590e-01
-1.112897044427201831e-01
-1.118946595933382054e-01
1.372063011207078631e-01
1.072179289999367208e-01
1.547932467990413841e-01
2.153094333799163151e-01
2.372956659200727847e-01
3.930678875634321390e-01
-3.684136773580105606e-01
-1.140067662826498712e-01
5.195972967230612083e-01
-1.125623381689657976e-01
-2.590442789168131421e-01
-3.226075547111465491e-01
6.415603832513207261e-02
-1.121722731572301901e-01
-6.941629174684364571e-03
3.377679881628693481e-01
1.438836391690751781e-01
4.324808020847660250e-01
2.430046693296095406e-01
-8.677065415385944169e-02
-1.135200420382822317e+00
-4.742609314080988847e-01
-6.413177529569981106e-01
-5.895039595187187564e-02
2.463080986561051733e-01
7.728250656838296928e-01
-2.055888769685320083e-01
2.967515083438562185e-01
5.487249135183905890e-01
1.905246110052258024e-01
1.569195979170126265e-01
7.219195068461388420e-02
3.708381973981853541e-01
2.081130751255431954e-01
-1.563309202381679142e-01
-2.380344462709087228e-01
-1.020086926387846482e-01
1.746638976506137420e-01
-4.096910358566095423e-01
3.263265750696090484e-01
-8.223742847871738926e-01
-2.864486465804674253e-01
3.126309402710472640e-02
-4.127607367350246692e-01
4.270740459284951274e-01
3.521436300322148411e-02
2.542959466728371698e-01
-4.630723610203679175e-01
-1.542533426205932034e-01
5.004030862324074930e-02
-7.075832788513891636e-02
-3.153625119603279958e-01
-2.389083557042411821e-01
2.432624396157146152e-01
4.329970683161504796e-02
2.059505900588096405e-01
-1.255909442534321463e-01
-5.416635522597490482e-01
2.800593594481342041e-01
-2.838190556239573170e-01
-3.779459735358171174e-02
2.297876494665963276e-01
3.560816015559555292e-01
1.003196485186664683e-01
-5.323517934544881314e-01
-4.099049819839138409e-01
-1.336132248901944763e-01
3.596481318489095913e-01
-3.005987993692305418e-02
7.920310812117095645e-02
2.751693289962880429e-01
5.496753576111057527e-02
2.923049454523160215e-02
-2.175038543954251891e-01
-1.379709134850542682e-02
-1.410414564504410551e-01
-5.681867704948291749e-03
3.226932859084051253e-01
-2.722342430658905577e-01
-1.787315471201907924e-01
-4.998734463689339519e-02
-8.201341684691401679e-02
-1.303343261327487290e-01
1.610214508500499853e-01
-1.908838822360871823e-01
4.157821235264919646e-01
2.737625598804087623e-01
-1.114781564859055191e-01
3.290786298992575132e-01
-2.702301981316159174e-01
-7.010327405458142980e-02
-2.779955421127813797e-01
-3.782385767955320777e-02
-1.864776258523125896e-01
-9.987559909547029380e-02
5.120630642182616432e-02
-5.823705759957486378e-02
-6.267699885058278242e-02
-3.028445355348154816e-02
-4.519195164120286962e-02
-8.916173505231010654e-02
-8.612731289809143209e-02
4.685827000928863284e-01
-1.457169993152389875e-01
-3.290324787313595456e-01
-4.752625718943392363e-01
-2.802256473705894493e-02
8.988520821365766911e-02
-4.612935481552948858e-01
-1.372027717861299678e-01
3.437559818012420609e-01
-5.723452662165487981e-01
-1.896390528342101756e-01
4.422978179234970247e-02
-4.956076119758160980e-01
2.992255932170133706e-02
2.042597901994338758e-02
-9.723071746650137348e-05
-6.155364697267554641e-01
2.136646620714664491e-01
-1.700460270853015043e-01
-6.947084405868227119e-02
-7.970623279250908799e-02
1.468812148863737066e-01
-1.691402970812987683e-01
-5.555638209194045940e-01
2.359181681679147630e-02
-1.850590961387602734e-02
5.311103267897118729e-03
-5.400561668026904183e-01
-2.050867653922953115e-01
-1.428026451444716349e-01
-4.751241481806609684e-02
1.650224010799912489e-01
2.270567215160505525e-01
4.111181180490577902e-01
-2.598054591632920629e-01
-1.480144973425424615e-01
2.152446945688397117e-01
-2.358138371763680574e-01
2.362073879977644730e-01
-1.867176307006619684e-01
3.112099888419367910e-01
-3.256751134231099243e-02
-2.645463099280659924e-01
-1.184964113930053048e-01
4.647929508566884804e-01
-3.659147915294222453e-02
-2.278083061180919203e-02
3.624917075117324583e-02
7.469489809864987562e-02
-2.914377122766996508e-02
3.001045825437139714e-01
-1.278243977127954678e-01
-1.931070115211704907e-01
4.090084141455366806e-01
-1.983114927234511937e-01
2.786118543888693733e-01
-6.896250770905761884e-01
8.314045681354603756e-01
3.655743283257993637e-02
-3.025948803614720850e-01
-2.650491070470857857e-01
1.229063312894155130e-01
6.131558055145385211e-01
-4.920149997778941464e-02
2.804461639700387976e-01
6.408132559097139136e-02
3.831059401343231974e-01
-1.033241720744993847e-01
6.432488180910834741e-01
1.126856446110214016e-01
-2.422647142695701361e-01
-3.023962651301281834e-01
-1.520813949985092798e-04
2.359645539910006778e-02
6.770141706685581240e-02
-4.952205299573918251e-02
1.768374016093198775e-01
-1.184745517517929309e-01
-3.485351488404536124e-01
-1.303389289494598369e-01
-2.582484768135666631e-01
8.773092837581009107e-02
-2.648057212939635141e-01
5.643843203912731615e-02
-1.185097584621989525e-01
-5.630030673563587301e-02
1.599696351997325072e-01
-5.190314583261556036e-01
1.262222931438042317e-01
-2.294568416238135233e-01
2.511733519634063994e-01
1.915824017701915670e-03
-3.908383180665688239e-01
-1.030025026584581727e-01
7.027853362350103619e-03
3.740484039886238787e-01
-1.188182653746540918e-01
3.391178651625368912e-01
-2.040687240411081238e-01
-5.460506458480544056e-01
1.803511759314468943e-01
1.850689701598493553e-01
-1.510763058068703979e-01
8.143734103497067833e-01
1.365774550762355877e-01
-1.336691865727554218e-01
5.689342006642935656e-01
6.260087764079050321e-02
2.998351063146432738e-01
-2.438081943158432463e-01
-1.269344495118101268e-01
1.790073675692656630e-01
4.590115420560050147e-02
-1.693853397150536233e-01
-3.558775373639876810e-02
-3.272543996145609296e-03
1.071264223223392931e-01
-4.561802061652117657e-01
5.279254099608470668e-02
-2.053956095907789603e-01
-2.483523414781341754e-01
-3.536908012556564396e-01
-1.758658984170850259e-01
1.268920171254298013e-01
2.760838734598702882e-01
-2.158881143531184849e-02
-2.418570803501967348e-01
-4.173621043819891047e-02
2.819441089615107865e-01
2.323305491827835634e-01
5.109979804731942243e-01
-1.695282171352135714e-01
-3.600888955592205232e-01
-5.038706416554510348e-01
3.069570981353130223e-01
-1.396077474389831874e-01
-8.890680735916922650e-01
8.534642105035811221e-01
2.187992874884192585e-01
1.719366690256036168e-01
1.442077353919069271e-01
4.852251232233931733e-01
4.358307711655523553e-01
-5.195965990705657678e-01
-9.548512197740263718e-02
-4.694804507783921776e-01
-2.127678953930184358e-01
2.561296891115135907e-02
-1.373742624670801493e-01
-3.455656475908770037e-02
8.411750834369771668e-02
1.309989841013968204e-01
3.806708791604946351e-01
3.815399983103042736e-01
-1.382246501668881189e-01
3.672457344099725463e-01
1.145405731591749410e+00
-9.532096951025745835e-01
3.943555372641169288e-01
-3.290336340094170975e-01
-6.824166953496109411e-02
-1.518473917916631465e-02
-6.403923292464652750e-01
-3.093295251913659727e-01
8.567126689757043057e-02
3.793322576984924366e-01
4.237316894316410232e-01
-9.727028117042384181e-02
2.588017370346220591e-01
-1.120777356768581229e-01
2.161928213837951626e-02
5.143677177890821905e-01
-9.729107123749676511e-02
6.016436807547681509e-02
8.518029241606261959e-02
-2.347448171052853583e-01
2.075753323127496608e-02
6.495622960968840121e-02
6.645841958423512885e-01
8.120246972050610967e-01
3.445997334447696847e-01
-5.668191950688500347e-02
-3.348729446899740281e-01
-7.954597108918609605e-01
3.073590649003248298e-01
1.728741114684953506e-01
-4.937917982780654635e-01
3.028929544576225430e-01
2.589115628367098451e-02
4.650212976361415423e-02
3.430595230497636428e-02
1.236088219005169048e-01
5.681019343162651419e-02
-1.979660292271139335e-02
-1.860134251333393079e-02
3.220493958434602622e-01
1.126871036373065516e-01
1.918773464766968528e-01
-6.252026437393910507e-01
-4.787972532165654660e-01
-3.272660906043475260e-01
4.460712417286774589e-02
2.172530974395189274e-01
6.511224511602490272e-01
-5.005124515663002954e-02
1.235416619140528999e-01
5.384590885697746465e-01
-1.081157349293070113e-01
-3.984721506065153074e-02
-4.051555975354363959e-01
1.889550360267516771e-01
2.468138170445908497e-01
1.464413067463066764e-01
5.120452733337581552e-01
-1.129084869190063040e-01
-7.871930136477513218e-02
3.504370277832358910e-02
1.588003721645662447e-01
7.046166823688752856e-02
-5.523102325444944477e-02
1.087483532828128208e-01
1.397406911307025046e-01
-1.175705846982391667e-01
-6.470924392817716253e-01
-1.864447327021904188e-01
-1.948539412081422839e-01
-3.300680308096839988e-01
2.362589680902652672e-02
-1.969022205494958544e-01
3.180010210839378515e-01
8.052901227750061675e-02
1.453848431985845513e-01
3.990787173558914963e-02
-7.821856548550739849e-03
1.988839142231142720e-01
2.109460956698131773e-01
5.459785276161677192e-01
-3.798575151857959686e-01
-4.136175459919146785e-02
-4.685799637080398372e-01
-2.781796849923806048e-01
-7.178325440231627351e-03
-6.179702018265879199e-02
1.366348610809038078e-01
1.458208531171516775e-01
9.427631628431330790e-02
2.752891007122931222e-01
4.091294730397140866e-01
-1.366014745561385524e-01
2.329120163291269197e-01
1.299180907903799490e-02
7.515550618428303020e-02
-4.235721668667848105e-02
-1.315882243130182538e-01
2.497317144139754932e-02
1.018972982686419670e-02
1.361657546685274833e-01
-3.786591465297212133e-01
1.617903041072879189e+00
3.122230504832926301e-02
1.542998589902541129e-01
6.043859902883348678e-02
5.073660884672381854e-01
-5.888075858808158314e-01
-2.346606103237910274e-02
2.128241678510069679e-01
3.617731355149400030e-01
6.430354604691428111e-02
-1.994271665812633910e-03
1.116807364960607368e-01
6.744224025404510492e-02
-6.799213594006853212e-02
-5.284971258383307502e-01
-5.557562689305988179e-01
1.382506977239321977e-01
-7.823883499021725418e-01
-1.825578647247659170e+00
1.819006103634884131e+00
1.928650196369942726e+00
1.035510265742906943e+00
1.025288511344969233e+00
3.434589950298010119e-02
2.155718817675192689e+00
-1.948416401545226329e+00
7.795983996487688972e-02
-2.573453908913939103e-01
-7.825369473199147441e-01
-4.253604608079729343e-02
