4.224226749831058170e-01
-4.289817463154410593e-01
2.899341999023332672e-01
1.300610404038489598e+00
1.267584718864435356e+00
4.437450501601778452e-01
5.127939352051374966e-01
-6.151654515546513269e-02
1.736651931492521728e+00
-5.696073292448829983e-01
3.792898175312435227e-01
-1.502146432141515664e-01
-9.302403459685634202e-01
-2.090284162059926343e-01
8.826862316255511542e-01
-4.152951176399328204e-01
-7.337384389363689474e-02
1.404045296752697014e-01
7.455516060669181710e-01
2.576755292999039632e-02
8.174816051732133881e-02
2.171663153349708275e-01
-2.088441747700497952e-01
-3.791758520224103313e-01
4.394565548124377830e-01
5.602330209866612787e-01
-2.665840084139488031e-01
3.255296947707602036e-03
1.059889846635661659e+00
-2.578708227725407531e-01
-7.270219578208284017e-02
2.053006553260119105e-01
7.767678213643790242e-02
2.617343800751413818e-01
3.170253616617954573e-01
-1.693003720180195071e-01
-3.965570902036212875e-01
-2.642705971055741565e-01
6.638115918419354999e-01
-3.250460001484580808e-01
-2.017424012169709846e-01
4.145057776061458199e-01
-2.458263329746368520e-01
-1.830417399655114019e-01
-2.043282181758337146e-01
-8.400824844690485405e-02
-1.528346009272226191e-01
-9.919743408577394450e-02
3.006164047523361971e-01
7.831622849248123241e-01
-6.182574833173214851e-02
-1.588201102321817881e-01
7.229740470767014315e-01
2.136434162031235207e-02
-2.358027789558251874e-01
2.246875280074365766e-01
-9.496865765053674746e-02
-3.061927995422099591e-01
5.573066860369470937e-02
2.631790890258598470e-01
4.845974089026026110e-01
-4.278718073901037477e-02
-3.329958027989861347e-02
9.780472991841143715e-02
-4.180520947031547974e-01
2.012942204979050742e-01
-1.880267642747878443e-01
3.112765197467067257e-01
9.299643691590207817e-02
1.582764118179714741e-01
-5.186990323516803454e-03
-6.175915813366579521e-02
-5.295919857829642918e-01
-1.470883683702433886e-01
3.259074708402049381e-01
7.786995542370589440e-02
2.859277822349775011e-01
-2.709149701187675285e-01
-2.775504268109555417e-01
2.534919404128853637e-01
1.117106544687368891e-01
1.562336890733781736e-01
4.244499526674775369e-01
-8.967772210752129880e-02
-3.877535458938893842e-01
-2.033408102111427529e-01
-4.667695983710986457e-02
-6.888468001842525945e-01
1.061294788479045237e-01
-2.264428653914094813e-01
1.630239404346777998e-01
4.524113061264648517e-01
-3.313581732753117515e-01
-3.312457401012817299e-02
2.786371355231679475e-02
-1.214281556419406494e-01
-4.459456561634879412e-02
2.501883448498210538e-01
-3.523891365514111862e-01
-7.565240800110300048e-03
1.434291349663869009e-01
1.807154803666645784e-02
-3.356432370256115516e-01
3.501651466471946139e-01
-1.915214897533208949e-01
-2.107218789517230073e-01
6.795495335841654494e-02
2.840450456840890644e-03
8.283117175828877410e-02
2.824858715020797106e-01
-2.595416739085376276e-02
-1.834167605269323639e-02
5.408706637729195771e-02
7.852105690072751221e-02
3.429491373665573273e-02
-6.483398419012212366e-02
9.454911439799672523e-01
-3.049848948170998941e-01
1.870038107079557976e-01
2.769231311088566488e-02
8.753001920011610482e-02
-2.920083207586491314e-01
-2.158790042082011085e-01
6.772284902443784227e-02
-2.218942996888106922e-01
-2.698915254945369324e-02
-1.768122086022144435e-01
7.844358024044443267e-01
-3.108788834214574193e-01
-5.333421265665070354e-01
-3.955506593153383932e-01
4.007870451449599969e-01
6.208043365809129410e-02
-1.289434482920681080e-01
-5.243289832778675885e-01
5.138762413083608482e-01
-7.586992846572322702e-02
-2.292009495740929825e-01
2.197187017746814741e-01
6.088186515011340116e-01
2.702157004020171449e-01
-1.927492347604135292e-01
6.429261423815652021e-01
5.740045308639359078e-02
-2.895486652004499728e-01
-5.424283564029417359e-01
1.040721202750178633e-02
3.488853399393396226e-01
-2.042163273495287978e-01
-6.627929839806358248e-02
-4.346413417509124022e-01
-2.187739362777398888e-01
-1.525511807912543205e-01
-1.548348449759180956e-01
3.980092449464393001e-01
5.567260335581012409e-01
3.105098342083200680e-01
-1.395266379124092404e-01
3.525934678582584025e-01
3.542479173150928640e-01
-7.518502574859912968e-02
-3.603977419223038936e-01
-1.669561627451090768e-01
-5.056560561709984303e-02
-3.343745807001441972e-01
-3.607008249628846919e-01
5.796191949069655625e-01
2.924830293733010067e-01
8.602010110512869900e-02
3.770102430463985188e-01
3.637293362474606356e-02
6.504646962034951740e-02
-1.670485445983020123e-01
2.578358703550591713e-01
-8.476798493399854972e-02
2.575436555655732374e-01
1.483414347245328724e-01
1.279709947075410026e-01
2.220566982121495725e-01
5.765971511528914517e-01
1.369428641921537071e-01
-2.353869791026567126e-01
5.245064727152297379e-02
-6.758324208878750683e-02
8.098652001293409064e-02
3.717543571831239957e-01
1.863358344662481847e-01
2.463305013146080413e-01
-1.970397410563946849e-01
-6.199314705129542469e-02
-2.400270481230937780e-01
-6.623114181705397341e-01
-1.614159265061052562e-01
4.947444695050463165e-02
-2.299847901767123337e-01
-2.999800878550513139e-01
3.485809015463443017e-01
-2.821596148059549516e-02
-2.018797152258346717e-01
2.909356902853039717e-01
1.502826753413577798e-01
-3.149337995820162273e-01
2.147817214606016984e-04
1.931342994420403442e-02
-1.151934564913937031e-01
-6.109643038525711806e-02
2.326748965574803318e-01
-1.186697241383190965e-02
4.556535891283206019e-02
-1.085854709867652979e-01
-5.069218103941762754e-01
2.614418815443196320e-01
-1.539057473162069034e-01
-2.207885489012125502e-01
1.710706669052166895e-01
-4.249091878998870891e-02
1.600299329472176235e-01
-1.988085727528582647e-01
-2.811562497571366004e-01
-7.440990563122869272e-02
5.590961392716470302e-01
1.936827868418065091e-01
-1.678951831531645678e-01
-1.820197521052279166e-01
-2.157810614227153589e-01
-8.381512321031387991e-01
-6.218794170001511884e-02
3.611655607112849720e-01
1.711169094031687876e-01
-3.156842884689669004e-01
6.396710645746836454e-02
2.523301712270534236e-02
-4.123631877536452217e-01
2.790443308341966078e-01
1.027099888192887639e-01
8.452104076645614583e-01
5.872044878986775185e-01
-5.165220478544882421e-02
-5.637264322123383131e-01
8.781617841470331642e-01
1.549084658277940230e-01
-6.364581302480409875e-02
-1.706411193511711000e-01
-8.063264367658046217e-02
-1.440713990354894058e-01
8.429997286651746968e-02
3.181850776271304415e-01
-4.695109597936473755e-01
-9.126257880243560106e-02
-4.383585325585533932e-01
2.389073609140587029e-01
7.350368170656413902e-01
2.156970960516151892e-01
2.701270587029829251e-01
1.057977793167307196e-01
2.387724524103282120e-01
-2.798693686269919101e-01
9.768932196294944914e-01
8.361636282600332093e-02
2.349981383222502773e-01
3.632244168699975267e-02
-3.523915478732181361e-01
-1.799382212426642036e-01
-3.684351475703993573e-01
7.212445370808723624e-03
-2.138403427141488677e-01
-3.307668432865241287e-02
1.919186001678448439e-01
-7.833803957141886876e-02
-4.123192454073258406e-01
1.600877246820143207e-01
-2.361698692879581063e-02
-1.580216088989466194e-01
2.641485181102413704e-01
-3.612479886078771019e-01
7.697561205940155193e-02
-1.751793207088868654e-01
-1.705401324044569233e-01
-2.789241506740710030e-01
2.537524165030463977e-02
-2.289701707462133418e-01
-9.578271454052131317e-02
-1.107610901339232262e-01
1.578284301544739532e-01
-6.741098044809361312e-02
-3.018881646620621417e-01
1.676724438102173420e-01
4.258068784350555469e-01
-1.399851365484137133e-01
4.586424171644257197e-01
-4.407134227885596278e-01
-5.032486803417336729e-02
-3.189165750819938361e-01
2.101115758110115028e-01
-5.341580489426386302e-01
3.657795082456791746e-01
-1.719427799625914410e-01
2.083724489612654718e-01
-3.208701311692772288e-03
3.173461174365674320e-01
7.154973287286364725e-02
-3.185525528533360018e-01
-2.030206220186125399e-01
-3.451628777937891246e-01
2.099644204753653709e-01
-2.941208176795016005e-01
3.301129863485423033e-01
-8.362952175536138011e-01
-3.231862143187227976e-02
2.654322730808142961e-01
-7.589782140400937183e-02
6.133680081306420728e-01
-4.315386390780515113e-01
-4.880697942324526140e-01
3.015701094592737053e-01
2.232017116795229905e-01
-3.236513070198306918e-01
8.080788011258537296e-01
-1.155040461105507343e-01
4.791824233216989692e-01
3.109303527985116666e-01
1.458902624481087651e-01
-1.640762780897470907e-01
1.962610592052191905e-01
-2.813351147151714193e-01
7.820311082602271480e-02
-3.090610357806226061e-01
-7.410905792767503997e-02
-4.125680229811558991e-02
2.785712055974935430e-01
1.097438945159437754e-02
-1.302655029884152438e-01
4.050789166313906869e-02
2.959395678880351599e-01
-8.002022993013675756e-02
3.348396374697945599e-01
-4.188117058694150463e-02
1.404810701021929065e-01
-4.918321811923945415e-03
-3.584217413365449190e-01
4.400978231800218299e-01
5.842360004746623148e-02
3.592883059186128825e-01
2.110446284436314629e-02
-3.414078559348189823e-01
-3.434696404714010498e-02
1.368441212109245686e-01
3.141601130203127701e-01
-7.087499964668347863e-02
-2.064721125034106042e-01
2.260023890831311388e-01
-3.449771215390549650e-01
-2.806988979887164448e-01
2.620567860892541456e-01
5.622637059635888779e-01
5.319061385034338230e-01
2.174332765433026338e-01
1.717171839888950446e-01
7.387398245591905721e-02
5.944031194079192337e-01
-1.080755721426757965e-01
-4.061397434136245210e-01
1.121829469750864477e-01
2.251993273031622708e-02
-1.456216196409817198e-01
-1.922489043217029403e-01
1.285799433082437659e-01
-2.200184317499866149e-01
2.759985456790358116e-01
1.195130251511872382e-01
3.963955341823480194e-01
7.162554776847926963e-01
-3.207401620245855511e-01
-1.039295329497157278e-01
2.594782242373527281e-01
2.079527011053856067e-01
-2.886712379649615801e-01
2.678345135517771203e-01
-1.741619087384710385e-01
-8.846481139519560277e-02
1.075373668484572720e+00
-5.144650581138692641e-02
3.953951044287715155e-02
-2.852260911680116195e-01
-9.308139142062973881e-02
-8.652784975044441884e-02
8.151843009160851528e-02
-5.065631090251409008e-01
-1.096239686433273103e-01
1.919367217192501085e-01
-1.953866469373539416e-01
-2.458555587909889428e-01
3.219264649579443027e-01
-3.790992753492659628e-01
-7.707059304648005149e-01
-4.779503141734215976e-01
6.379831050975072991e-03
-1.973946931599681598e-01
-2.901884094213202925e-01
-1.049656584314031527e-01
-2.010050204081707537e-01
6.959246301715167615e-02
8.498362109240156781e-02
2.784807318236554724e-02
-1.469122336862437039e-01
-3.239985831782831588e-02
-1.177082410202379970e-01
1.829080784189304476e-01
-9.021812888598719493e-02
3.687490211026620557e-01
3.842914766213824107e-01
-2.368214882364369778e-01
-1.322103405250106556e-01
-3.539303669095245075e-01
-1.617165132909661462e-01
4.491595810799838273e-01
3.207457893229113677e-01
-6.862729088700351976e-02
1.642700265035395291e-01
1.313535190402714999e-02
-1.496253328393573889e-01
1.983027260587083840e-01
-9.090259365144583159e-02
-1.399554222767356859e-01
-6.328764051840606308e-01
-7.503270223804767713e-01
3.719924695326856101e-01
-2.201262160877061058e-01
2.014044367432945015e-01
3.475122081086233772e-01
3.931567751122105880e-02
-9.135388416292163430e-03
-2.697411922812237850e-01
6.196211904334674586e-02
-3.874317389483724061e-01
4.974028728498826601e-01
1.524920518467200448e-01
3.521641731459219105e-01
-3.588093540814716320e-01
6.857725815117347024e-01
-6.158932093147216902e-01
1.055902367425641808e-01
-5.481489097331296856e-01
-1.234677534456796177e-01
1.973856272619945451e-01
2.064166519676968736e-01
-2.655467925398237797e-02
-6.331944814597195714e-02
-9.029863929770412523e-03
-1.450647155814974443e-01
1.445479300325197003e-01
1.348062854850294034e-01
3.200270436281172359e-01
-3.231554664590893799e-01
-3.210549844558827082e-01
1.452231223949344667e-02
-1.816498832705101263e-01
8.474001266526394460e-02
3.698749676267547581e-01
-6.839918915363924802e-03
1.319375247579688826e-01
-1.168234548238013815e-01
-1.304749599033643848e-01
-1.240873383363254312e-01
5.260195673717299458e-01
4.902817499513933974e-02
-2.190898903122759644e-01
-8.571315093874339874e-01
1.021625653347495166e-01
2.229163722847543327e-01
-1.236399993710557838e-01
5.704540664930461968e-01
3.803286284315770399e-02
1.645664617540008867e-01
-8.612582376638016068e-01
5.977184277533543755e-01
6.593662758169578642e-02
4.243312756452931045e-01
1.252068695268047094e-01
2.306839210281649011e-01
-2.162803032601613162e-01
5.808796683947445860e-01
-2.981467973987634856e-01
-2.219359272286285656e-01
6.114043653417333690e-01
3.112273586544772597e-01
-4.682771389924948041e-02
9.774037631695484118e-02
4.677645733985133503e-01
-1.890796859134185048e-01
-5.604388828580073589e-01
3.388520847552064456e-03
-2.669099985873241709e-01
5.667933546409873596e-02
1.676305278482345153e-04
2.384699729994068929e-01
-4.197918521783512436e-01
-4.333280990495511631e-01
6.232174954438308989e-02
2.926333014108611352e-01
6.068499694435715991e-02
-6.892425582108896442e-02
2.608710201293928943e-01
-1.382093727655827053e-01
-1.097606664147330602e-01
8.401434045168780507e-02
-1.856093769802926244e-02
1.680206976515121464e-01
2.795309065724148057e-01
-2.650349730566187167e-01
-2.213769268791429545e-01
-4.888979838439635323e-02
1.511985237653835912e-01
-2.149419392041431454e-01
8.361161981468590021e-02
-1.500616070199345398e-01
-1.162741395754775253e-01
-2.929544499848892314e-01
1.060499543816351004e-01
-1.575623356446126735e-02
-1.080423625186997388e-01
2.118485487685402638e-02
-1.734187302934457608e-01
4.330287703426440316e-01
1.400169795113087312e-01
8.009084824160664362e-02
3.680630668595674115e-01
-2.882336919539745801e-01
-1.973239611561893314e-01
-3.225432903352175307e-02
-2.535590362109081397e-01
-3.145391773286638215e-01
-1.311627342821705677e-01
-3.913554866257619169e-01
-3.884788623582861866e-02
-6.934080548579898973e-02
-6.104027065106908123e-02
3.784845281346401746e-01
2.334597516471390577e-01
-6.083283672361362859e-02
5.500853538673777104e-02
-1.021940078583002121e-01
-2.932321785678517201e-01
-1.013096228037520113e-01
-6.181537703519025817e-02
2.451419896187808367e-01
2.389329633319284552e-01
-4.547497437273525511e-01
-1.327934418917769699e-01
-2.246647877986747699e-01
-3.022611017007340029e-01
1.819208167680451682e-01
-7.202102588955118338e-03
9.067375995737271543e-02
3.365091101651137562e-01
-1.982463840584762771e-01
2.741661771670663161e-01
8.364046490712667703e-02
-1.732386284906749230e-01
-1.259070037439666279e-01
-2.622194615783074445e-01
5.424607275054019878e-02
3.623697011683164604e-01
8.917518324063930524e-02
-5.534465015234580898e-01
-7.644955003321872722e-01
-6.912539873653154865e-02
-2.649855643760384849e-01
8.102598182012701877e-02
-2.074097928555167572e-02
9.055380037950188157e-03
7.778659715690341980e-02
3.292909861761499357e-01
4.829809802857709666e-02
1.311392388093353401e-01
-1.579588202727576218e-01
-1.311386879147839746e-01
-3.303998837971490188e-01
1.308335890906321408e-01
2.097794875357640032e-01
3.481769450018831202e-01
-1.102014705887894436e-01
3.567785973859720072e-01
-1.256267603284467738e-01
-6.002009161678014681e-01
-6.943279046462710324e-01
-1.159466880276205092e-01
4.813885370222202864e-01
-6.155506505070326012e-02
-1.075930600642601431e-01
3.159770052690119013e-01
-3.198048178264523839e-02
2.216378161627719778e-01
3.307529355967266937e-01
-3.091714216403827487e-01
-3.071951512399930251e-01
-7.322023861431330161e-02
1.244638891820062238e-01
-3.252867986467329886e-01
6.724172605835362915e-02
2.828853262482089459e-01
2.491595509495736771e-01
-2.809252391932172688e-01
-2.057598151128969821e-02
9.780310918381106278e-02
6.282945419985225266e-02
-1.478737736315796809e-02
2.743561879129187697e-01
-6.033220485526450370e-03
3.174962360351883950e-01
1.314418835601913749e-01
-2.960607968618552688e-01
-4.623425960805164769e-01
2.654478121347154662e-01
6.899727244140236269e-03
-5.737689774492469967e-03
1.089612281172818858e-01
-9.858819913868625828e-02
-3.048133853029029172e-01
-3.566047278570343981e-01
-2.227560726967263774e-02
8.444475269673885898e-02
-1.505457273860509038e-01
4.714901316239425433e-02
-5.558273817785778226e-01
4.876755109811613531e-01
-1.966320067717097220e-01
-1.867591837062003435e-01
-9.795309844226247897e-02
3.448075329668428002e-01
1.497109338721415994e-01
8.519492295508150626e-02
-5.006625999148409667e-01
1.870558123829950958e-01
-9.066342385825976180e-02
-6.984457671554543390e-02
3.230565885825565919e-01
3.867165038526143572e-01
-5.801966287986461829e-02
1.089203659214493525e-01
-1.101272052227878911e-01
-1.056450855450312143e-01
6.409114505944292217e-01
2.370251788350276612e-01
-2.352918404963076915e-01
-1.238962313089927575e-01
-3.676390019598854697e-01
-2.313368677466900725e-01
-3.286789668195687630e-01
1.486717295237819508e-02
-3.157151493743842186e-01
-3.486377942787475398e-02
1.787317938494621949e-01
1.684502236731164893e-01
1.669928690327869558e-01
-1.209132355011309327e-02
-2.590016814483953600e-01
-1.145056867396678502e-01
5.280735347821897685e-01
-3.260828090034969540e-01
-1.161090393070645654e-01
4.134016369023058718e-02
-1.242434395660010765e-01
-9.738780718978362616e-02
1.283558697097809120e-01
8.391238656406818652e-01
-2.536533355356030972e-01
2.293215877101167643e-01
5.109188655912050986e-02
1.764988235338470213e-01
-2.819124548195911517e-01
-4.642081829208998256e-01
-1.006498997153031510e-01
-9.396275917025293314e-03
-2.609624114373904069e-01
-5.802190503223970952e-02
-4.308900811546719223e-01
-5.504588338298578298e-01
-3.938397324242272624e-01
2.848758580756933778e-01
1.550709008164818659e-01
-3.282377174477637549e-01
1.213695692891292033e-01
-4.889944149522032490e-01
-3.059679349323881636e-01
-2.447246083922550650e-02
-1.008051485862134465e-02
-1.901603890949130626e-01
6.274260995531795448e-02
2.709036148549891498e-01
4.312645368426875625e-01
-3.024805803975182950e-01
1.290955918953857751e-01
-1.649228178629623953e-01
-1.397199838493077828e-01
-1.389319244555372312e-01
1.055730210787038659e-01
-6.611789333978917299e-03
2.105404599836205835e-03
4.779752341467083387e-01
-1.755011180458868059e-02
-1.711490926666083823e-01
-1.373650461524141830e-01
5.862571434861861552e-02
-1.193621161562033878e-01
-6.880301465673492878e-01
-3.643400491661027418e-01
-9.093887329368016692e-01
-1.802722075781175159e-01
3.178517844230451250e-01
-3.272249954918267645e-01
-2.131896187865059411e-02
2.185798224408348200e-01
-1.072968367849639337e-01
-2.631976487900803408e-01
5.195679491414467201e-03
1.425680065180651435e-01
5.852531203385541447e-02
-9.555019503863644570e-02
4.424611009456993482e-01
-9.384231052016578367e-02
9.679907795289660610e-02
-2.372035444337612306e-02
7.256570376420676260e-02
-6.764958695168452052e-03
-6.886554414618913933e-01
4.371761453986074408e-01
3.037589756595814316e-01
3.225232402755286165e-02
-4.313210421618176027e-01
-2.037669322963987784e-03
-3.471692132113549101e-02
-2.465012894255320941e-01
2.470825056396312169e-01
-1.121592892191269203e-01
-1.842576119854863470e-02
-3.252794441301764539e-01
-1.922153782613369999e-01
9.454497149439879122e-02
-2.356115613409118514e-01
-2.031835481372440133e-01
1.538140521524552357e-02
1.699335570903292569e-01
5.280394804129217023e-01
-1.487225875928733787e-01
2.721953689803878196e-01
-1.703529653533859475e-02
1.359224031751627426e-01
-2.320547426415670855e-01
-5.166489878724004337e-01
2.347392831655809031e-01
-1.571875397933898688e-01
1.951411774890419656e-02
-1.236192070200390902e-01
2.611399064431315850e-02
-2.717381846060516054e-02
4.998164001408526846e-02
3.566231215369958241e-02
1.148560415644135219e-01
-1.129474648782834711e-01
4.566445627900879711e-01
1.081764088786721922e-01
-2.500654528878547018e-03
-2.268357799139497089e-01
1.037578491589404850e-01
3.053319765672171671e-01
1.639830281741919138e-01
-9.736789159374605873e-01
3.461520950812068675e-01
2.705520795443693283e-01
2.446561725105950713e-01
-3.223781038289131873e-01
1.636497341842215458e-01
-2.233186481166415938e-01
-2.667584666449001607e-01
1.244855732103258561e-01
-2.390975144321197121e-01
-2.020776380310926046e-01
-5.571343271637499428e-02
3.552308087121655023e-01
-2.784602787607284857e-01
-3.741991554195824021e-02
2.126357078007074519e-01
3.469801197160738981e-01
-7.541714192433490727e-02
7.319437096698537884e-03
-3.439134578314439333e-02
7.774549673090300206e-02
2.108987713229597827e-01
-4.424800908345920547e-01
-1.210442267051680260e-01
5.678363872662250261e-02
-3.235591375599455866e-02
1.352398644043242004e-01
-5.113189188441551458e-01
-1.778858751961092527e-02
5.336622821621604951e-01
1.298793222457952923e-01
3.155290787853498417e-03
1.822838607466917282e-01
6.191374943577863249e-02
-3.596222711089438334e-02
-6.934542308306146374e-02
1.490737206179665042e-01
-4.344847263678160987e-01
4.746496169605785020e-01
5.159187880108962246e-03
2.600512926792380441e-01
-3.820191549943294240e-01
8.228369786446639023e-02
-8.399800804237612939e-02
3.990415267564767499e-01
1.246035150811846404e-01
-1.127193916826336878e-01
-2.199330738545632602e-01
7.650330371724950451e-02
5.572276255673019874e-01
2.392128571510132307e-01
2.088604715658853028e-01
-2.425751885314033074e-01
1.087117917336569980e-04
6.122775079012287430e-02
-2.147553872983182788e-01
4.344567043787920246e-01
1.256197883573718643e-01
3.796607948755834627e-01
-5.838099353339257780e-01
-8.976810312932299585e-01
-1.482331518568794360e-01
7.518699148566675150e-02
2.597381070893748922e-01
7.964757830259169835e-02
7.259984043911779095e-01
-2.587360705133413541e-01
1.037184250392681221e-03
-2.736798403638450450e-02
3.671541892242684013e-01
4.770939895759188781e-02
9.033960756384692981e-02
3.121745983349135875e-02
2.286013321030956058e-01
-2.513984495285140688e-02
2.315594711827509977e-01
6.357700580555750158e-02
1.533890623840361844e-01
4.339933559289042841e-02
-8.814150255540717516e-02
1.507434638217172718e-01
-1.201411481540006210e-01
1.170659818879534464e-01
-2.404166692821331844e-02
-5.481446478842003089e-02
2.922739364613812993e-02
-1.438176897914387464e-01
-5.365031747574681292e-02
-3.005309274906086126e-01
1.959038722432545621e-01
-2.088574963390596451e-02
1.719172435058916037e-02
-6.262156701420878990e-02
-3.413890783326931633e-01
4.882326617599074686e-02
-4.942453769000231256e-01
-5.412327148332529703e-01
7.221386767201242174e-01
1.921085756331838146e-01
-1.372751362429926458e-01
-1.005769041695836058e-01
-5.579659849750843170e-01
1.616414483617656939e-01
-1.036416241802551597e-01
1.619876971778893560e-01
-2.020617528873076552e-01
-2.286376027179357895e-01
-3.658770037809828957e-02
4.086707974066126903e-02
4.016953304852379225e-01
-4.126786412102680934e-01
1.291030974091285366e-01
3.553642004533339588e-02
3.907372752465966548e-02
1.109124582266365344e-01
1.785472542829048131e-02
5.309018294111220726e-01
3.893843638179326216e-01
1.632046614694033712e-02
-4.960020748937242208e-01
-1.828468432754243589e-01
-8.582503304574294611e-02
-7.536259097952806296e-02
-3.879864168021461279e-01
1.590600539405695457e-01
4.127408892353602865e-01
2.045050059658729269e-01
-1.912114014387158445e-01
-1.505299769440793523e-01
4.880016314828176660e-01
-4.143596231558927534e-01
2.477489572633925496e-01
4.103110515469962083e-01
1.025630137071014969e-01
1.655070890255677107e-01
-2.744414823016670391e-01
-8.730267011112628067e-03
2.842892267492733716e-01
-2.623638310246024230e-01
2.996761253366172495e-01
-7.091926985787985749e-02
-2.685057588377781079e-01
6.756059681284762308e-02
-1.403305168613082077e-01
2.496943761867792544e-01
2.209069257450662072e-01
-4.829343530398321448e-03
-1.410177469498679892e-01
1.615141382148213567e-01
-1.750255719144855338e-01
-1.934752601581465892e-01
-1.567526323303471969e-01
7.661394834157325695e-02
-1.576155631753074216e-01
1.742603557921589830e-01
2.850213396853520376e-01
-2.113004946376169091e-01
6.628637057348731043e-02
4.724948664642601992e-01
-4.058081420819979468e-01
2.859126144358385968e-01
-8.145574936014927936e-02
1.688510586053539042e-01
-5.980518303526937557e-02
-3.914608118724424157e-01
1.089458121856345801e-01
-4.099856317304322317e-01
-2.444427863532653289e-01
4.198713451418722986e-02
2.034850091679492323e-01
-1.361993114861635712e-01
2.213860121208298670e-01
-3.056162784393046672e-01
2.147799399172911350e-01
-6.040055805217885848e-02
3.290869247946165976e-01
-1.499355023542499055e-01
-2.976849574947667554e-01
-2.938589658076279365e-01
6.276639220018483123e-02
-9.872456732325157747e-02
2.614095619492500799e-01
-3.852914033745628575e-01
9.435356296764081663e-02
3.037775960580507140e-01
-6.025890602620725955e-01
-1.714495014477933066e-01
-1.447034137251936026e-02
-1.421176501982516771e-01
-1.918706686393192862e-01
3.866850207447233845e-01
-8.029103265324846750e-02
4.536390495205108730e-02
-5.245861408174833443e-03
1.547991387585010425e-01
-1.633540433413744331e-01
2.054123787816679314e-01
6.556756741596261873e-02
-5.333199914642532402e-01
-3.129062064730118303e-02
-5.802108569640891146e-03
-4.230258880752164052e-01
8.268419343882991990e-02
-1.982093365864842083e-01
-7.834569263884841317e-02
-5.987209265554542803e-01
2.667681025169045886e-02
-2.049627118612758897e-02
-3.189531496147008371e-01
-8.133319723384879740e-03
1.530428012589807596e-01
-2.616154281906413193e-01
8.663453697608702875e-02
2.036450977873743504e-02
-7.625517439953422016e-02
4.613957300230194791e-01
4.522120215246239888e-02
-1.033813231844348396e-01
2.446965102974228146e-01
-4.617061236848504779e-01
1.625267318933732580e-02
5.763780810774985636e-02
-5.741010139624663083e-02
1.805476242904028028e-01
-7.664743652765468318e-02
8.478704619953066901e-01
-1.922084883324699095e-02
-1.225137736839359559e-01
-4.831332244561552525e-01
-7.870740091412244954e-01
-4.705550760755184969e-01
-2.445641294908476038e-01
1.408970273678415187e-02
-3.150829912297860580e-01
1.935299579326607289e-01
-1.222754035087720431e-01
1.029590769106118880e-01
-1.225494071819182573e-01
2.102273540904969207e-01
-2.520816383640952507e-01
1.612309563558846914e-01
-1.181376740894157368e-01
4.799364061670255421e-01
1.271241928992580539e-01
-1.166688896428003525e-01
6.298819088440799074e-01
5.114038507871856432e-01
1.015578764593426248e-01
9.568149731271059777e-02
2.454751617264369634e-02
-1.038661306280554662e-02
-8.074213692758062944e-02
-5.951772085742213642e-02
-2.498923090701765659e-01
-1.082010077787280977e-01
-3.878195207406081452e-02
1.964477645585347709e-01
1.180719371684497976e-01
3.680596693379210860e-02
-5.754775016971072285e-03
1.394735247057802829e-01
4.141907670376086120e-02
-3.298692789465291209e-01
-3.399970067493264803e-01
-1.125940251331395692e-01
-1.631342055890899756e-01
-4.398462283254449545e-01
2.590061257695528973e-01
9.658566525830179772e-02
-1.683279503347001049e-01
-1.533535198381372477e-01
4.254835516634163373e-01
-1.476469940796442948e-01
-1.153292372194096999e-01
1.823012768944794471e-01
8.560511791746332477e-01
6.620973024837771836e-01
-2.913854812320524901e-01
4.147041416538425063e-01
5.907786700643178485e-02
3.329076712986694386e-01
7.983350235931479383e-03
-1.816036079741315812e-01
1.051585290882732643e-01
-1.530048186540485244e-01
2.247796100640712669e-01
-3.770838722925688447e-01
1.511245836017379406e-02
-1.313840965096749408e-03
-5.075808237385536215e-01
-1.052596606784980682e-02
4.189838022287057373e-01
-3.956753554565718700e-02
1.796775310437543072e-01
-3.543106555461404596e-03
2.612285526298489535e-01
3.138717350280568752e-01
8.384932406986735087e-02
6.295231034170697959e-02
4.944610853061651157e-03
3.873440625903066398e-02
5.957726246185269386e-02
-5.027656003762755177e-02
-2.857111544318085561e-01
-2.990804827497831608e-01
-4.815965678681597417e-01
-3.131204675581830688e-01
1.496812823350946176e-01
1.983818312222719593e-02
2.634503323884836157e-02
2.190400238850296055e-01
5.171183574103538350e-02
-1.247887571284799352e-01
-2.841251733001567414e-01
-3.224674859157853901e-01
-1.720671094154902492e-01
-8.452151380728292751e-02
-1.859133546436740891e-01
-5.162412827418666472e-02
1.696236772418196689e-02
1.523591318898814273e-01
1.334456428484952772e-01
-2.501420330365712319e-01
-3.012311037343218811e-01
-1.512757692614278837e-01
4.401356300452938797e-01
3.825381194588863276e-01
6.960401177060022981e-02
-1.545848178181467858e-01
-1.622624141350759719e-01
-1.120738565863859809e-01
-3.439239248145166059e-03
-3.653802697106620090e-01
3.692220909290296234e-03
-3.943457374781106917e-01
-2.615146526699884122e-01
9.166229867104191964e-03
7.994195230277126307e-02
6.896075655235445190e-02
2.547294273853460689e-02
-1.481239203267268600e-01
-1.429362865493689350e-01
-2.596594484409716630e-01
-1.901338903483412723e-01
-7.738536504047961728e-02
9.527110797098801986e-02
1.649160546544460870e-01
3.209646552687965282e-01
6.379749739896677097e-02
3.773362102507168414e-01
2.163747122460024097e-01
-4.703862537781604292e-02
4.487466309637964945e-02
-3.286943358588369224e-02
-6.212007894775924133e-02
-2.359757161104341083e-01
5.003873929420946665e-01
2.828450312922572984e-02
9.475277509774426843e-02
2.126413073943661247e-01
-1.168609169318661767e-01
5.291477928940444553e-01
2.183905466854513255e-01
9.546374356018709484e-02
3.322521487054390099e-01
2.708012966453882675e-01
2.992092650175440793e-01
-1.929817356432728670e-01
-1.589821171861443561e-01
1.423171591107986189e-01
2.359899945455045181e-02
8.975387669366151344e-02
8.904080902454689084e-02
-2.908145539689076520e-01
1.476107354268213212e-01
-2.735480084228097408e-01
-2.401029511224679336e-01
9.868384037959433697e-02
6.703936151149003653e-02
-6.402663333118487066e-02
-2.103704210680245323e-01
-4.458545884085771682e-01
-2.039121490479479659e-01
3.357684275435032090e-02
-3.281416060125912915e-01
1.505130538131269069e-01
3.622002591852876985e-01
-1.725536599066284649e-01
-1.692707297202546701e-01
-3.380296721711234520e-02
2.580110100029945341e-01
2.350617902902506495e-01
-6.729120194474910721e-02
-1.834707615121047852e-01
-1.026028443433978643e-01
3.165560559398475360e-01
-1.925869477113665296e-01
3.604974299358544854e-01
-4.041092500577073143e-01
2.042680779711160133e-01
1.099570899003687596e-01
2.201240474352655907e-01
4.770529153691429047e-01
-9.971276522987645996e-02
-2.324825590735034031e-01
-2.858685417364183468e-01
-1.797174855358135981e-01
-8.608169430367554331e-02
2.211843747550691075e-01
-1.953268593969018641e-01
1.341879390625314583e-01
-1.560639944430995407e-01
4.144262618886034553e-03
1.015165084607722173e-01
1.583735396163913345e-01
-5.677022909352308355e-02
-2.748828042730133703e-04
-1.672374520737033438e-02
-2.812566930970872292e-01
-1.583880181946492050e-01
-1.390454900466532029e-01
1.432440210151292026e-01
3.961329463095213110e-02
-1.780424166079228043e-01
3.157460842487981867e-01
-3.244792430148112361e-01
2.022076797512075558e-02
1.969914974674731589e-01
2.175119174302704572e-01
5.307168159786201933e-02
-3.774508720888293256e-01
1.482032374885532307e-02
1.989059273713674747e-01
-4.658272153619555378e-02
-2.218712346613020969e-01
-1.558510859968704754e-01
-1.714497024733095676e-01
1.100186813479854531e-01
7.213733958731197160e-02
2.749134129031606810e-01
4.107254321854171275e-01
-2.819276371634857337e-01
-1.778487272239486494e-01
-4.546046971652406565e-01
-7.350804221410998929e-02
6.491219044228285426e-03
4.022467226397990481e-01
3.302059998180857381e-01
1.700086647282663121e-01
2.291007034729994687e-02
2.611088336618959116e-01
5.595154855562149004e-02
-3.314371996490794725e-02
7.999419358478043751e-01
1.447595014705874428e-01
-1.956132959277202821e-01
-1.839178288506082559e-01
2.297581957077933223e-01
-6.225796032660563945e-02
-2.226202874305003576e-01
1.102536144446760041e-01
4.716241285822226487e-02
6.788339428551761756e-01
-6.258583524371189033e-02
2.748480011674271917e-01
-3.799974727472190117e-01
-1.194028327793259237e-01
-1.119324486779878364e-01
-6.309980841362777815e-02
7.203024370861420556e-01
7.595831458993083929e-02
-2.258063602131767881e-03
3.717988917758213163e-01
4.928511360329066587e-02
-3.274860326299950386e-01
-4.519108027990992316e-01
-1.517657223992228688e-01
1.352910464739181529e-01
-5.280053378370392902e-01
3.026291331020414255e-01
-5.070113360501922184e-01
-2.338941838047886579e-01
-7.217553580219532305e-01
-6.227846480477110952e-02
-2.599938483411330381e-01
-4.125600533776496714e-01
2.137372701656698459e-01
1.112253344584451936e-01
1.197866156166020463e-01
-2.795706081303809404e-03
-1.899766477887889632e-02
2.106287817493001924e-01
-1.043758175798413790e-01
-1.157865222158246665e-01
2.857120886765379120e-01
1.630042831499904366e-01
2.133684553252161997e-01
4.531224041519896217e-01
-1.766885584833209066e-01
2.732779985284667368e-01
-7.332504839438601374e-02
-3.471652149987257130e-01
4.698103279933788304e-03
1.458365204137489213e-01
-7.977956980733141856e-02
-1.304348412389229606e-01
2.445095851389365860e-01
7.450610425013230731e-02
-1.386102691945979848e-01
-5.648327393531892004e-02
-1.694427361296313994e-01
-8.577209851208268676e-02
9.555897217433644009e-02
-5.061340115536180559e-03
4.663549799260422457e-01
1.002586544403295116e-01
-4.284694596073133632e-01
-1.069802785108184134e-01
1.162869804665259271e-01
-3.353010143840406965e-01
4.111498430711335028e-01
6.893475452172553863e-02
1.447018960614422922e-01
-4.185537561859205002e-01
-2.451702069658692057e-02
-1.539022260735699588e-01
8.586323951332328064e-02
-2.604238490946418350e-01
-6.171946541705646688e-02
-2.284985171471578536e-01
5.379359946826640926e-02
2.520126142917496481e-01
-4.686790901044627505e-02
-1.122915598144402644e-01
5.955644870093550480e-01
1.131538697456048320e-01
-1.469053702270727291e-01
2.062737551610635822e-01
1.781252806891684415e-01
-1.882086465195398906e-01
1.186306904460723011e-01
-2.367205512725074068e-01
8.817101458547800252e-01
1.281671442044170495e-01
1.886378003370768608e-01
4.126563076753321235e-01
4.293807422536511931e-01
-3.129647531489801460e-01
-2.094886760544082405e-01
7.910799831969814178e-02
2.694078085899256902e-01
-2.028661180224650418e-01
-1.471585545284438169e-02
6.829559235111894999e-01
1.047728972267569503e-01
-3.558185607437618359e-01
-2.248177072506639396e-01
5.616899582711621930e-01
-9.486878682419248587e-01
4.638348412834460421e-01
-2.135820172678597473e-01
1.014237967058010011e-02
3.184978664378856905e-01
-7.280525484139171999e-02
5.111775010179037126e-01
-1.236067475770374458e+00
-7.926333479400303472e-02
2.743657133504769363e-01
1.137386861381517178e-01
2.659382497016707370e-01
6.501315374297670369e-01
-2.453335321719885276e-01
3.340084786820284868e-01
-1.167584483287159136e+00
