-2.709530412424061008e-01
-2.756399364461142865e-01
-2.857291377907510199e+00
3.355130399447998069e-01
1.544876048059908857e-01
7.009470308403437100e-01
2.170429293075529564e+00
-5.757919014130353785e-01
6.846506642439339485e-01
2.733337535774059912e+00
9.954929236382457081e-01
-1.966231724476355858e+00
5.082038558601752465e-01
2.492817123193160067e-01
2.197579345030825415e+00
-1.451511771756775204e-01
-1.180393992482518417e+00
-1.885710263469834391e+00
1.146148744189823487e+00
3.950880362486506314e+00
-2.747110385714944814e-01
1.536508504000585251e+00
3.239663568871909316e+00
-1.386757650078915161e+00
-2.852839399113503704e-01
-2.919973270777885821e-01
-5.825319805699936959e-02
-1.009755468562705261e+00
3.317815940867231417e-01
2.280159669680315915e+00
-5.778994871128699806e-01
6.965077520348335050e-01
-1.184905639590407844e+00
-6.570245039576229074e-01
6.638451888489412811e-01
-1.367415877551194925e-01
-4.242396984343054234e-01
-2.397152695963407076e+00
1.071319377448449295e+00
1.907071235446719415e+00
6.788592880422128495e-02
7.435701491720864142e-01
2.795477951424070628e+00
-4.276892787502267756e-01
-2.492089143944835050e-01
-2.198042272461973520e-02
-1.306209056840621274e+00
6.960938165623574703e-01
-5.658884902332567135e-01
-1.769456887787960397e+00
-5.923320479227960345e-01
2.167459472381778607e-01
-1.251785519609912856e-01
-6.475288570247330622e-01
9.397253885518402905e-01
1.969593903133782575e+00
1.794890844849315447e-03
-1.766276460471623899e+00
-5.568436838761396945e-01
-3.282120790676948285e+00
1.495501787937772165e-01
5.893601493312005113e-01
3.402042608430259629e-01
9.658681675417476464e-01
-1.461432026699893971e-01
-3.778211579376113960e-01
6.504127131615463631e-01
-1.189712109355880033e-04
-2.618412639874186931e-01
-5.348270964795840410e-01
-2.824998987652667659e-01
1.354204568522879293e-01
-8.188353167978384972e-01
-6.526959348042168374e-01
1.147741210991851224e+00
-4.173036704551432718e-01
-2.292604982372295208e-01
7.341188966740787025e-01
5.786980060141043714e-01
5.986137617393321175e-01
2.497332092249263669e-01
-1.022616988199088750e+00
3.657839288964360169e-01
-1.065013714975210579e+00
9.243256932428361994e-01
1.933920944220949845e-01
4.763720416607169494e-01
9.493980315264592962e-01
5.996357111547963026e-01
7.767118080192553231e-02
1.291499526166169087e-01
-3.328973781132858467e-01
-3.905004892163192465e-01
4.344612926434329170e-01
-8.886144760784373542e-01
-1.135577852179255609e-01
-3.627347997035285099e-01
-6.426505434664946392e-01
-4.788417233533992512e-01
-5.281101218723315283e-01
3.056820513825352081e-03
-1.774074881971124118e-01
6.370462122982091246e-01
-3.687117381192356325e-01
-8.361274744415642113e-01
8.836684993874260874e-02
-7.065427343102700375e-01
1.848380056776513514e-01
-6.324764051804049325e-01
-1.246831506898916087e-01
4.008430881887761060e-02
8.910324191337476440e-02
-6.893168128749724288e-02
-1.788708893711972447e-01
-3.823429455827058177e-01
1.699328622166037528e-01
1.487524090240365804e-01
-1.325339874993056166e-01
-8.451021445536892329e-02
7.521504935158541960e-02
3.286104223198333951e-01
-3.390475711358746369e-01
2.865971917214264475e-01
3.523228524633896241e-01
1.516711138327617725e-01
-3.229626395703963926e-01
-6.795333000583630989e-01
-7.100587621446882158e-01
-4.199918467221820662e-02
2.377763672643612991e-01
1.878897012438760505e-01
-3.789243102264361340e-01
-1.813195820918774570e-01
1.848186139902479042e-01
-5.564113066778767491e-01
3.245550823432193921e-01
3.671546205103649596e-01
-1.508950471700420959e+00
-2.295926430123815254e-02
-1.029573905010361834e+00
4.871841346142182227e-01
4.478681195270123316e-01
-4.341662369203362903e-01
-4.217813081468034242e-01
3.255865117794263242e-01
-3.869873091118656849e-01
6.749680044446167149e-02
4.015989665053777413e-01
2.204480851688716825e-01
-4.224411255746738925e-01
-1.232710647759819311e+00
8.240927116125248419e-01
-8.348343260447856906e-01
3.292720002556118186e-01
-8.292046679041329416e-01
1.547994604589484902e-01
3.195638244713228104e-02
2.183194727766768484e+00
2.268048836888873487e-01
7.249266641042455550e-01
6.461229395757310812e-01
1.412383931209204579e-01
2.789003245169012213e-01
8.540331060695043330e-01
-5.242393491894326019e-01
5.037870133003964357e-01
-2.437635247830169105e-01
2.372975439174171697e-01
-4.376515004386187513e-02
-2.886256612118799358e-01
3.302602937038306985e-01
2.828624724111500899e-01
3.239969558318313986e-02
1.093188165151454116e+00
-1.370059964561196886e-01
-2.785684573944299108e-02
3.939535363661565426e-01
-3.855598679505962134e-01
-7.094736400093128170e-02
-2.284669127066942251e-01
2.966912731952292548e-01
1.045396632399595155e-01
4.008354510955264294e-02
3.977388658598768889e-01
-4.798923647072669829e-01
2.031569664009015841e-01
-3.152760938867067986e-01
-2.087222425359098327e-02
-1.165324052342104205e-01
4.151756829046298475e-02
2.593276324707622926e-01
-2.776501108210392976e-01
4.160402213683409012e-01
7.278890186776989513e-01
1.514860037645246738e-01
-2.322883069813695342e-02
-3.172234172332216717e-01
-7.490319820881139457e-01
6.695378947882937304e-01
-3.568146381301156023e-01
-1.810543311951562928e-01
5.466086686541993256e-01
-1.997621935079767763e-01
-9.258225334111896965e-02
3.998243526484403232e-02
-2.918237102213092418e-02
2.704680267223224521e-01
2.545466052859789996e-01
7.201691825703899763e-01
8.511606516370165063e-03
1.426452140714172881e-02
7.234975857239640540e-01
-1.096347383148652543e+00
-5.463120351493850890e-01
1.442869378301724348e+00
3.499528645954724793e-01
3.431969081610351108e-02
1.761450060795922701e-01
5.415453977652876505e-01
1.013150833070352724e-01
9.278162419679951423e-02
1.926026362568936945e-01
-5.498696550150224960e-01
-1.521645557708655450e-01
-1.277009411835543784e-01
2.901619817605179952e-01
1.149544387582457500e-01
-6.184362433386231955e-03
-1.073145066551721705e-01
-7.009409925235608740e-02
7.155665086142395381e-01
-4.811486774496160912e-01
-4.566674369711037351e-01
-5.878609440462903013e-01
6.313142155863360472e-02
-6.373898703865726878e-01
-1.030370788434617213e-01
-3.818893483637617048e-01
-3.071287518130380034e-01
-3.984897592532715693e-01
1.158347182322821411e-01
1.408213782490104760e-01
-7.539858472982514659e-01
-4.955753928001319641e-01
7.392798249994996240e-01
-7.858568524167632713e-03
-2.029957687949623668e-01
-7.085020671699541195e-01
6.537439130305844337e-01
-5.154557655907930983e-03
-4.601782180361530528e-01
1.145605269913021251e+00
-1.094960489516814794e+00
5.946482725336409841e-02
5.191785274450338994e-01
3.678521890441609488e-01
-3.511600069050221928e-01
-1.328811981252269403e+00
6.565291918898802370e-01
9.281408644090112237e-01
-2.774267134130968260e-01
9.293073386936547831e-01
-5.346608742360212663e-01
-1.370665430789488326e+00
6.296504396720945529e-01
-1.580559558626951772e-02
2.629570803802170342e-01
9.145411460445743712e-01
3.337090946870330255e-01
-5.026783877270808026e-02
2.834443707655709965e-01
-2.438181569029823914e-01
-6.477856384281674984e-01
-1.303696495971272018e+00
9.713990573797710582e-01
6.001402118107611663e-03
5.144175922874937891e-03
-2.920143797069472136e+00
5.919646438149379630e-01
-2.360296630678504481e-01
1.655069092343086634e-01
