1.733070320569197520e+00
1.605547570936568968e+00
-7.032572089533524196e-01
-7.150360407452859945e+00
5.992823205092897565e-01
2.646501388843371383e-01
-7.523532425900775200e-02
-6.199258593298404563e-01
2.358164668875458503e+00
-3.092519235925764498e+00
3.861377592367550016e-02
-9.987307191591664468e-01
7.512717770597281131e-02
1.044776955558996301e+00
-8.797126190295850856e-02
3.555844847753288906e-01
6.885869726195031904e-01
-1.518568606380471087e+00
-4.293357554595899295e+00
-5.263009609311519732e+00
2.437833158156085922e+00
6.327136962352113425e-01
-1.297705979555272560e+00
-5.912704011185833386e-02
-8.649350637860315771e-01
-7.107768981697295541e-01
3.656807248223378215e-01
-4.132931593582820362e-01
2.262908267425301212e-01
-1.820529601170486789e+00
-1.813425501061032286e-01
-1.233204702240602968e+00
-4.729097579037354615e-01
6.606726385459036344e-01
2.041231527861555040e-01
-2.613511629796569924e-01
1.033813822578223407e-01
-2.314909503818553538e-01
-6.327347724661258610e-01
6.848804207948007428e-02
3.619769538914740181e+00
1.932786404894274446e+00
-3.170876053788649784e+00
4.723311557951206829e+00
2.643164145947863197e+00
3.469793304487673868e+00
2.201761265782309351e-01
-1.249636323940707561e+00
2.839778925380926911e-01
-3.240806652855511949e+00
-6.021943073277932074e-02
-5.686674301565543210e+00
3.149332781041583651e+00
1.633426214806127819e+00
-1.171768313136333006e+00
2.267820829825781814e+00
1.730107236796440517e+00
-2.448395145589863819e+00
1.614805291686429500e+00
3.946785667246336171e+00
3.461906566621761328e-01
6.481201851147947446e-01
-5.265941284226859365e-01
-9.604061709866855423e-02
2.781372984050270447e-01
-6.899549552945177799e-01
-3.874767331672992476e-01
-1.258186249168579685e-01
9.275823468440869135e-01
-5.519507269216508138e-01
-3.648647943221242640e-01
1.901373009734107222e-01
-3.543035407608426945e-01
7.503410428164642987e-01
2.819248710611578779e-01
-4.324128272076697699e-01
-3.099218612596837952e-01
1.237206970992450056e-01
1.785186415454659281e-02
-1.495580513442739679e-01
8.110195993686225568e-02
-6.337000694062006056e-01
2.953245029491292084e-01
1.406304811279772249e+00
-8.176553590974552366e-01
-3.578128295603506537e-01
3.424013792776205989e-01
4.634549583658489347e-01
-5.837307952267188904e-01
6.025319890094209541e-01
-2.169186586751311041e-01
3.926660901877272458e-01
4.424101329982688124e-01
2.769211939655052412e-01
7.270362620872232798e-03
-8.247524413902093121e-01
-5.121784278018146619e-01
-6.924606097373424418e-02
-8.990592660943649284e-01
6.519603807677684104e-01
-3.267483590411602301e-01
9.555222506264585691e-01
-1.001944703720376445e-01
-5.318337088046181105e-01
4.329616244581440676e-01
4.368639000417379181e-01
-1.757617392498849185e-01
4.305380473721688861e-01
9.250349130968320288e-02
-7.522179341906998218e-01
-7.568668435591173749e-01
-1.339407789275231520e-01
3.717522410485181728e-01
9.454303502900499590e-01
-7.758636168166553881e-01
-7.344216284117530691e-01
-5.437812339486783886e-01
8.019496456858963077e-03
-2.334145181762590782e-01
2.124952297099484133e-01
5.165104567099081390e-01
3.564374557393156784e-01
-4.731042625717433725e-01
9.592496157196640783e-02
5.608709194126261233e-01
-4.592774851649329970e-01
-3.971571645809384710e-01
-2.941892362238891501e-01
1.391711940262617964e-01
-1.950818943069373423e-01
-1.657419890928348849e-01
-8.248936081921676156e-02
1.755586462203360953e-01
-2.871894797807423849e-01
-3.907237052654201070e-01
3.472196741933074038e-01
2.741383792970690236e-01
-3.248240699959936695e-01
-3.938328299047996195e-01
1.320053852499546987e-01
3.157407500425171154e-01
8.449778769667091183e-01
-1.483037240610091678e-01
-4.105714039134223392e-01
5.583431756718176819e-01
-6.358219654149718791e-02
3.655882612763793893e-01
-3.336143877457152240e-01
1.771100985650579940e-01
-7.290308503602202506e-02
7.482622300134403881e-01
-1.543502068393128202e+00
3.528807197330809942e-01
-5.552335638412496666e-01
-2.896057663844234797e-01
4.012346843314433809e-01
-1.220616235817178902e-01
-1.272501099409525938e-01
6.228896156511836146e-01
7.377412178663250719e-01
6.569246670377781872e-02
-1.653118633346639943e-01
-7.420477608724629359e-01
-6.880783488756903044e-01
8.733186862518619309e-01
-1.437645782313903831e-01
-5.832531464323592596e-01
7.994271677635494955e-01
4.654582306627607635e-01
3.660911271786093657e-02
1.056299151427326916e-01
4.059602445547099148e-01
3.071437122227113625e-01
-1.293246458096025453e+00
1.378048585642018854e-02
5.146311497727333872e-01
3.289339434245077132e-01
4.549692886339845033e-01
-1.291752089700173523e+00
-7.629140088100060391e-01
-1.294609257466110830e-01
-1.114934191360322235e-01
2.615628506351776530e-03
-5.500227906710375425e-02
5.284001808418552493e-01
-1.761580703620251320e-01
-5.156405905334904283e-01
-7.589711379986175954e-01
4.277877481962998329e-01
-4.706447410904004980e-01
-3.727652684140745909e-01
1.243375440674303389e+00
6.298865463295426348e-02
1.204739068085490583e+00
-6.884292992791758437e-01
-4.265160003393255184e-01
7.300601416269999477e-01
-3.046349043223091635e-01
-9.244439588777649819e-01
-4.120972093642496503e-01
9.039321305145639474e-02
-1.659887522431308937e-01
-7.866767619995218563e-01
3.312597112014803447e-01
7.481381942278998443e-01
-3.719098478421365983e-01
-9.601804658130729253e-01
6.479187642808085235e-01
6.740916508714377420e-01
-6.069489721763063894e-01
-4.835604058214088008e-01
1.144318694640684919e+00
-3.988775109376522798e-01
-3.145980127236380763e-02
1.436346201167128189e+00
-1.168884185575537749e-01
-8.397620077732936839e-01
-1.291437943191133253e-01
6.055217288670605713e-01
-2.465222860371545088e-01
-3.083833452185092971e-01
2.447831630247409088e-02
-3.083420977362699017e-02
1.221896635015478294e+00
-2.569826733030501353e-01
-8.197958847549275951e-01
-4.013391289830432473e-01
1.791837238568081692e-01
1.902594445045161786e-01
-9.409738935851218178e-02
-4.326148289773943389e-01
3.878888839182698667e-01
-1.767868836534853064e-02
1.905721495361106521e-01
5.673983828211330745e-03
-6.372332939499227855e-01
-2.504217294923687942e-01
2.095523854027891986e-01
-8.163999731073355581e-02
-3.238472942964372714e-01
-1.717646781450579418e-01
-2.261784723133214658e+00
-1.141165810558928961e-01
3.751553891603661567e-02
-1.385154766285819350e-01
2.427319093783344983e-01
-6.225182551235538542e-01
-1.079057670690276860e-01
1.154017652879586464e+00
-3.311199548538268367e-01
2.266527022308586770e-01
-5.506220840951795426e-01
-3.803031483938555390e-01
-1.707376428210089503e-01
1.275579587530538961e-01
-5.002310040514386102e-01
-1.205572089593202501e+00
4.907026069155884934e-02
6.016873932110028411e-01
-2.041129934897087730e-02
7.202441430753844243e-01
-2.483853434301541263e+00
-2.468311407897582077e-01
-9.002308233382128932e+00
2.254680830003303882e+00
5.400203249395407745e-01
-2.226656547413146559e+00
-1.233311197523235814e-01
2.454891749468539164e+00
1.265531896176486093e+00
-2.116800020125258683e-02
-5.968759638646131335e-03
-1.036437035798212669e+00
-2.103498119677305489e+00
-8.969373260639752488e-01
-1.391223844017723255e-01
3.994563254722135470e-01
9.663307648399812599e-01
1.719584467789254667e-01
4.048043586736137928e-02
-1.141755484856052938e+00
