-1.335587197717499897e-01
4.210064207759637855e-01
-1.480450293800968042e+00
-7.026374379681379345e-01
-1.341807822906471714e-01
1.564614571935042386e-01
-6.639948562047834173e-03
-2.147510959683063547e-01
1.152611631197382636e+00
-1.345969027427326159e-01
-1.118790929750704377e+00
6.392677533943197377e-01
1.609389273485344329e-01
-6.303675521057708342e-02
3.705582480048459915e-01
-2.201109061104779663e+00
-3.201171551194974541e-01
-3.489977562729413840e-01
-4.686661140222835864e-01
-9.191654640944846300e-01
1.989070811862089089e-02
3.616858083402890028e-02
2.163331631242660369e-01
-5.333019976725448391e-02
5.396626249030511691e-02
-5.087020536107005747e-02
-8.892260553643631382e-02
-5.411219289707805968e-01
1.566384660633967918e-01
1.919476965200027085e-01
1.569824048953964157e-01
4.541383573886569880e-01
-3.948412322124386295e-03
-4.001344776355437727e-01
-1.370812011581993839e-01
3.005309015786038901e-02
-7.142854778728768839e-01
-3.465693935378966750e-01
9.096121771930110178e-02
-6.637926293305196346e-02
1.295791396943223595e-01
-1.055168479935660181e-01
1.197675729970919756e+00
5.144103238287667940e-02
1.318859300041545224e-01
2.890656352233478832e-01
-3.791758107233776376e-01
-8.279596555670695746e-02
1.283843756132296621e+00
2.832059509718324319e-01
2.002388123704729184e-01
6.802171887477692636e-01
4.902395527155412602e-01
-4.672291304657565925e-01
-6.357430620903019580e-01
1.949919217966912699e+00
2.663257651616885990e-01
-5.281031988275489697e-01
-1.327754800865340590e+00
-2.258975517783781972e-01
1.797627311453273702e-01
-4.185090498203964948e-01
-2.862723657987519821e-01
-3.442599903259511707e-01
2.812355196385740719e-01
-8.058970765896082689e-02
-4.055652157173452732e-01
2.993346574419737949e-01
-5.356565447992044371e-01
9.432999301994735020e-02
-1.221747053641848990e-01
4.274697083254287017e-02
-5.393890867440434000e-01
-1.843748350442379058e-01
2.692176224158471798e-01
1.798519105665156992e-01
-5.783032704420618675e-01
-1.743088355063948935e-01
2.054029638666109991e-01
2.519233925422867306e-03
-1.705565114299639473e-01
-3.979550294162999546e-01
-8.159178270754373352e-02
1.044949514227104803e+00
-2.001218799575730511e-01
4.379296931862913106e-02
1.248845629385276546e+00
-5.009956350331924435e-01
-2.371870476465934019e-01
3.178889362982679212e-01
-2.041256448084545205e-01
-5.518288559205282162e-01
-3.627832363937144033e-01
1.743689434018156903e-01
-9.627762061584206610e-02
5.122152046277751447e-01
8.413226903634444254e-01
-1.730941220978457484e-01
-2.290849873185502594e-01
-2.134873186563925052e-02
1.791394150134119623e-01
-7.660077858326605482e-02
-2.821463509670479874e-01
-1.896785232998423817e-02
-2.027252709359400884e-01
1.227379597509086484e-01
-1.930101405306763884e-01
-2.919076170207120513e-01
-1.411938847346682624e-01
1.059551855405138805e-02
-3.222256332787410416e-01
2.826108756329935856e-01
6.042479019278044206e-01
-1.021529887625979571e-01
7.878223622602303911e-02
2.971767526832543305e-01
-1.121368694941391325e-01
-6.344831849630175324e-02
-4.834175555429786608e-01
5.029535564286263805e-01
9.899656866279454848e-02
4.845959947101593501e-01
-4.273167929485809924e-01
3.471014744611768954e-01
2.216193148365412369e-01
3.021700451838211232e-01
-5.331020161723648565e-01
-1.109960721320864957e-01
-4.298659317754882116e-03
5.046972234339257291e-02
-3.722705320835655862e-01
-4.805447283290333049e-02
3.670674882306707021e-02
5.127515709377921116e-01
1.349449321960012327e-01
-1.996266139767441383e-01
2.386036597763384337e-01
-8.229703726037967265e-03
-2.692769463947593533e-01
1.192838175033765352e-01
-4.659784743822149161e-02
2.337494457777324064e-01
1.792080466560251328e-01
-1.037499436800109809e+00
-7.083974823348436756e-01
6.877495348128589425e-01
-4.575213819496117273e-01
-2.095142328363954198e-01
-2.531674108242908394e-01
-1.374860648839146965e-02
5.264391159943915266e-02
4.588806544278883209e-02
-1.492896653672294294e-01
-1.393423478238129676e-01
-1.754978488486057253e-01
5.054817873445421883e-02
5.251033805530525012e-01
2.000939063513733907e-01
2.684437790887094777e-01
2.102194259895975026e-01
-1.844923873357903754e-01
-1.374251058429145356e-01
2.198520805689318236e-01
1.217252728745723406e-01
-2.832122338164937414e-01
1.185297328438395491e-02
7.249649957519616050e-01
2.937965247195476609e-02
4.321143630842039784e-01
-7.387430377337593501e-02
-3.835947392068208006e-01
-4.320185419807874572e-02
-5.009834396365362742e-03
-4.716617979947101413e-01
3.306093733069471741e-01
2.937098074861694275e-01
-3.413350153712443324e-01
-2.814067831879767390e-01
-9.608308718635715229e-01
5.714192264420334677e-01
9.648838635992665336e-02
-1.581865898775294474e-02
-4.010342089466804594e-01
1.765978070889035190e-01
-3.078211661259798726e-01
-1.440890135968536379e-01
-4.702236296599159038e-02
1.266606198369152336e-02
-4.461721305178018571e-01
-1.673697031749605546e-01
-7.569134480221778941e-03
-3.461151264640202618e-02
8.986938589135375077e-02
2.502036754576492106e-01
-7.659871852453298269e-02
-4.279880064072011936e-01
-9.422073858684663905e-02
-1.867028387702107661e-01
4.809142022060796662e-01
-1.153917236647017119e-01
-5.149320893116678954e-01
-1.296946598972020803e-01
6.087536010847842405e-02
-1.049760530997578684e-01
2.379675716081464665e-01
6.290059777619942671e-02
-5.620646794252730505e-01
2.147143784652361109e-01
1.755135890989365510e-01
-2.842124666999442106e-01
-1.191558772483264361e-01
-8.158531771972007407e-01
-5.848347430972306027e-01
8.179554905071106941e-01
-4.919923142124580928e-01
3.048330085503265230e-01
1.425404064959886696e+00
1.796547745056982781e-01
-1.966348125073725250e-01
2.996021004809542587e-01
5.256435657185333510e-02
-1.720462264459681270e-02
5.929586235362078322e-02
-4.142316681401451151e-01
-1.316229242938774524e-01
-4.328199388777045353e-01
5.145763743781962551e-01
-9.510480209286455155e-02
1.204196446705986107e-01
5.387259325229807466e-02
-2.194305336830095488e-01
-1.201617706907135708e-01
6.605134820649015415e-02
4.359691567808409718e-01
1.312854011388606412e-01
1.979697510107983893e-01
-2.160150001991979485e-01
7.404673426785332024e-01
1.663642085720490049e-01
-2.321844074755923248e-01
-7.461476020114919949e-01
-3.290363428329422524e-01
-6.083010282091454446e-01
9.059559103908664257e-01
5.785312811453456883e-01
-4.186355035840829686e-01
1.169008459192850125e-01
3.431492959019959987e-01
-1.169808249118820809e-01
-2.888642852637586245e-01
-1.946670660269336495e-01
1.556848527606859676e-02
5.146009819807416674e-01
4.347332633867030394e-01
-1.143209654633098177e-01
-2.213264358563467923e-03
3.899595955223644217e-01
4.312078217587889117e-01
7.743499808513352178e-01
7.050153461088815021e-02
-2.870161892314334606e-01
-3.848350852843716585e-01
1.613218624879374230e-01
-4.790884326900893969e-02
-5.945459472155022462e-01
2.330501831581453243e-01
2.209082286103955239e-01
-4.489725975163417759e-01
-5.175227115926592791e-01
3.064349411918759203e-01
8.641436768150873027e-01
-4.022062394079368719e-01
6.283673055537348784e-01
-1.322270981865481809e-01
-8.180128017867197565e-01
-2.225576158989198416e-01
-4.700500099214167948e-02
1.212458723932370031e-01
1.466440266717077279e+00
1.280851158108306173e-02
2.663206763862652759e-01
