-7.889573586255478332e-01
-2.702606278097477444e-01
-1.342749860728784279e-02
1.970138871539500180e-01
7.250482273798795063e-01
-5.762852483866711673e-01
-1.663503431877536576e-01
3.791344562520514438e-01
-2.965227232944754321e-01
5.120864334722441402e-01
-7.107868587045156339e-01
4.592790156906784715e-01
-8.882216068452530866e-01
9.653792761398838351e-01
6.990759521223910422e-02
-4.864773378794048919e-01
-2.751453213160420241e-01
-3.378900359817735843e-01
7.572603564563347156e-01
5.244703879888809039e-01
7.295058722202533152e-01
-1.243252161078887801e-02
3.336916841496193609e-01
9.411361167217698054e-02
3.724906611165144654e-01
-7.167272411007782895e-02
-1.032987680866061408e+00
4.997286001125120780e-01
-3.138237691943585039e-01
6.528340562975866179e-01
-1.791701259266170743e-01
4.939272414964478441e-01
2.989437141209807525e-01
-1.852470159216424994e-01
-1.825743679593749835e+00
-2.765918133429031145e-01
-4.966399907620309140e-01
-2.297105750844412597e-01
5.847539828825780717e-01
2.667497560718496974e-01
2.161122374553830494e-01
7.028678148539777015e-02
6.139320836015821348e-02
1.057690014621025798e-01
7.215517324987444359e-02
4.284605476157723469e-01
2.177922557686873817e-01
1.065594760922293494e-01
2.149783620425411157e-01
-9.710712008153002395e-02
-3.264515836351740141e-01
-1.927102050736357319e-01
-9.571750220901430184e-02
1.167861524682626689e-01
-4.471031714049208960e-01
-9.222559665400299062e-03
2.169575071787916143e-01
-2.922937165995950770e-01
-3.334329569541809590e-01
-2.934733280493426189e-01
4.122218494164239244e-01
-1.392067328060145326e-01
-9.818606204512272950e-02
-2.459864364184418672e-01
-1.454284022772650009e-01
-9.550404541233445399e-02
-1.851864327365420893e-01
2.621534478894277376e-01
6.082429018714790026e-01
-2.738952920875756258e-01
1.703967342183332345e-01
-6.332198987482423602e-01
1.212425141839964804e-01
-2.383776982078550100e-01
4.923459908394137163e-02
9.897616118846394584e-02
-1.894913744226270000e-02
-1.335204190122186163e-01
-1.276568422249170498e-01
-6.602716440130650399e-01
3.422246375556019515e-01
2.869977269428545044e-02
-8.917457496336707312e-02
1.207315385169668298e-01
-5.111621080997569982e-02
-8.248057059434724114e-03
4.007046890405452366e-02
1.321240150086680776e-01
-1.368309569877272647e-01
-3.381758693679571826e-01
2.474453072454836922e-01
-1.751172495851694155e-01
2.384984981414683958e-01
-2.206659751366702588e-02
2.027211115747182268e-01
1.874491956328734263e-02
9.799251747557535808e-02
1.194465086360535916e-01
-3.611808456780535304e-01
1.277684376361081509e-01
-7.575186939548363141e-02
4.762608391038286593e-02
1.363484451400887310e-01
-3.284366979852208074e-02
-7.160951749032898675e-03
4.581809524523875465e-01
3.204596273118943128e-01
-9.440405279710695208e-02
-5.149569868578066090e-02
3.043531071548339906e-01
-4.286706716545252149e-02
8.094316421429252617e-02
9.790078668481116964e-02
4.602424214068673997e-02
1.362976267203792613e-01
7.279634437026702432e-02
1.911865788703379088e-01
3.325358961080577269e-01
-3.042336070820018112e-01
1.432942437926770507e-01
3.520271250234572880e-01
2.976823635311616756e-01
-6.226079091597130910e-02
-3.014843521538422277e-01
3.616351080488250935e-01
2.559503827496736328e-01
-5.927160510918503267e-01
-2.341605112546383538e-01
-1.098463566105008053e-02
-7.810133868025287418e-02
3.381133951602051380e-02
2.206791023337445756e-01
-1.044133916314784194e-01
-4.684256027128406302e-02
1.699852693987496111e-01
3.344549147500755493e-01
8.333206361388098560e-02
-8.312874785958353219e-02
-2.922709980911251670e-01
8.079222471985524068e-02
5.116643034521731886e-02
1.923884925690580727e-01
2.653318194352007331e-01
-8.661854767951572553e-02
9.914489977149815170e-02
3.375387359848100455e-01
2.919283280971358141e-01
-1.078425302653934353e-01
-2.315588678278109394e-02
1.992703562109624238e-01
-3.863518194279531859e-02
5.489205208227806131e-03
-1.069038069992709478e-01
-3.378658128237833624e-01
4.063397923141412460e-01
4.106949933808958786e-01
4.272384768290751755e-01
2.632700087665606481e-01
-1.512020083019907923e-01
2.051638586291503613e-02
3.412602449561849549e-01
-1.566090404724383989e-01
-3.295604148453387672e-01
-3.048365585884942885e-01
-3.229389534766214931e-01
-2.504794915336292990e-02
-2.508111169160423537e-01
3.847355333587952897e-01
8.667095407100872118e-02
-2.677630450082806868e-01
4.057640167279780719e-01
3.827684163082745727e-01
3.395155480812950821e-01
1.325479145717234353e-01
3.990099010954838432e-01
3.060203394856940706e-01
6.303355641184539560e-02
4.924706727153244784e-03
-2.047601564802531138e-01
-5.787540917896597525e-01
2.022878334395245559e-01
1.270670020889044793e-01
-2.838984240238490719e-01
8.065851189490494400e-02
-2.066544625550109093e-01
2.731061712253137971e-02
-9.912628014103617990e-02
3.405204230360772133e-01
-4.892845468537624365e-01
4.759860637733571709e-01
-5.490879653870087834e-02
6.342889864435040381e-02
1.248648285982975614e-01
-2.601945319093116327e-01
-4.441014180388180854e-01
-2.191970300878482991e-01
-4.227092178977545633e-01
1.361495600991717569e-01
3.738915602424079943e-01
-3.988203475111907759e-01
-3.446642722275311543e-01
-1.799781012973285521e-01
2.510034267125386687e-01
2.483546497638239869e-01
-1.636170154816820599e-01
1.450826336023395002e-01
-1.829345513091593101e-01
-3.962307949798318796e-01
2.035983263517466002e-01
-2.195940486669251124e-01
-2.858360370007463347e-01
-1.009451271106238529e-01
-1.514368352584643806e-01
3.177901976746663748e-01
-1.245054453325560445e-01
-6.134992159221896221e-04
6.961472342458439877e-02
1.140753258327230346e-01
5.399354204395265810e-01
-4.120383227154632982e-02
8.202301587736569033e-01
-3.199127873663807353e-01
-2.408308713671969414e-01
-4.295440339742261915e-01
1.032554130616081256e-01
-5.480913810622545235e-01
1.570354866075569511e-01
4.397716913521346749e-01
4.254135048397136298e-01
-2.380501047810092696e-01
1.949288082656429610e-01
4.274528688414471617e-02
-8.034880182481567157e-02
-1.511927636044843870e-01
3.095365191426268509e-02
6.465670036469897131e-01
2.546295992425374743e-01
3.988127589753635155e-02
-4.733594230500879491e-02
-5.591930775802294445e-02
5.479681842401757513e-02
-1.760390412791646153e-01
1.298941989724158308e-01
-3.175644243071841233e-01
-9.789544903182173519e-02
1.213640168290175403e-01
2.106845170666758471e-01
-2.141484599128645402e-02
2.110864062299544486e-01
1.147210791443296629e-01
-2.085640235246509766e-01
-2.318396515978467520e-01
-2.327078510355306273e-01
1.026057572655463684e-01
-8.265793438465380769e-03
-6.085044724368737085e-02
9.324569917898175575e-01
-1.702963863566921143e-01
-3.480040309155637557e-01
6.917870484515172003e-02
4.713742270552920832e-01
-2.192950350125180414e-01
3.126424821677140087e-02
2.518272866982277924e-01
1.045673586082614820e-01
-1.052814444749509137e-01
1.746649610526099239e-02
4.924777438958157783e-01
4.723229274852801252e-02
3.012920741411756476e-01
1.060182856935099199e-01
1.316956289385314838e-01
5.208202932150225450e-01
-1.175800342888664723e-01
-4.907532198713898675e-02
-2.410850551202881331e-01
4.241549569693789379e-02
5.517312310189877861e-02
-2.019761434329317151e-01
-1.696041072765360480e-01
1.497328683329927357e-01
-1.394275848292008679e-01
4.755074748847521460e-01
-2.746961578753621125e-01
9.938866608900069621e-02
1.242144945193078415e-01
3.461158612564166348e-02
3.749017010637667457e-02
3.645516299032232066e-01
3.529049755016381851e-01
-2.420578882212669480e-01
-2.407498284869738492e-01
1.221242082172692422e-01
5.613691910702121868e-02
-2.287101451202769309e-01
2.546792571877898315e-01
4.504381949862286683e-01
-1.967922087789176003e-02
1.511422984621148963e-02
-3.364525129732931497e-02
1.912795865575799698e-02
-2.462848961812803827e-01
-3.719476936781183629e-01
1.141156563866779945e-02
1.908941711507610439e-01
-1.647450384747204122e-01
-2.735742442395803775e-01
3.309487125740345759e-01
-1.717989946485304897e-01
-9.192279427419898508e-02
-1.559918612173909203e-01
1.603233401896649313e-01
9.375957645452159817e-02
-1.094517953739983229e-01
7.501208091475696470e-03
4.546886357591353733e-01
8.489221320993463327e-02
-1.324529470992694136e-01
1.734465252302841987e-01
-1.488988244382670745e-01
-5.118525660089325857e-01
-1.205215302574640240e-01
1.096973069701567133e-01
2.064876216684006366e-02
4.318866106138725680e-01
-2.757973114154924771e-02
-2.728489293526573656e-01
7.772965780696712568e-02
1.709852587437296623e-01
1.509515504812999342e-01
-2.487210614399907038e-01
-3.695011729261267197e-01
2.203710358443254289e-02
-4.767870249785923636e-02
-1.374741968047296092e-01
-2.269845855887371242e-02
3.865033256454244309e-02
2.823069275814210077e-01
1.490927749284733615e-03
-1.101782730111574293e-01
-3.477648826426923412e-01
5.648762786987471252e-01
-2.425165934108869104e-01
5.835041452309934762e-01
-2.624393407306359616e-01
9.793982522694898163e-02
-1.002588416643609981e-01
-5.524806692880727954e-02
-2.216334917149388462e-01
4.259499346577992618e-02
-3.185407852317833077e-01
1.713417539115173749e-01
5.439660614412413775e-01
4.059461601896341976e-01
-3.515846467289243105e-01
-9.965682667151730678e-01
-6.177712626157970677e-01
-6.177772474981640949e-02
5.654015474055896773e-01
2.503983078013172769e-01
2.714491277370204014e-01
2.226923520167915782e-01
-3.810884673018935520e-01
-4.606983020254953182e-02
-2.167837361198929336e-02
-2.531399446297161182e-01
9.296042705840942139e-03
3.754448412484273079e-01
-8.535955558966590306e-02
5.133017812053798645e-02
-1.186209351091945668e-01
4.591394019974857216e-02
1.333924289725919310e-01
-3.745451068306531739e-01
-6.968025422235277211e-02
7.190316278612440826e-02
-5.870600898193975917e-03
5.537522895524912142e-02
1.507964146502016323e-01
-3.819204693891251751e-02
2.463156473622425124e-01
2.036593133056496252e-01
-1.432162896700439891e-01
7.407639342337216104e-02
4.845291066936077001e-02
4.262603242033886214e-02
7.312641080082410427e-02
-1.307817655817468394e-01
-1.362375682418280887e-01
1.819373184711501612e-01
-1.072389667468261892e-01
1.453095275830650346e-01
5.514075330998108315e-01
-7.701949366277741071e-02
-2.493643401977553575e-01
-1.863675504088352919e-01
-3.320757545381655684e-01
-5.275142037226463604e-02
1.817609930439165189e-01
-1.199456897815210366e-01
-3.667299646301669935e-01
1.554838810061887622e-01
-1.456796318559540060e-01
4.738806841030189232e-01
1.753849695606606307e-01
-1.674398190702632294e-01
2.708009282387306982e-01
2.232246661489136474e-01
-4.541584856754209837e-02
-1.135272506553064997e-01
3.969536551122366565e-03
2.865714058459387648e-01
5.157312037185075165e-02
-1.132777410654757511e-01
1.366950670480975016e-01
-1.632619044503836880e-01
1.227643733129943487e-01
1.606683668288059197e-01
1.073489099524142371e-01
1.105390006709577183e-01
-5.454634109075425785e-01
5.544568335507119722e-02
3.237098907483712540e-01
2.210662931610386239e-01
4.637707121588451331e-01
-1.691105933413231954e-01
1.597159930154856133e-01
-2.641016102670710186e-01
4.675588810401916096e-01
2.264609411399773897e-01
-1.638743907103976452e-02
-2.750064039542304828e-01
-2.528033403009576352e-01
9.302971249317032454e-03
1.670439405323763393e-01
2.184387979051841400e-01
1.764397282146950297e-01
8.634848966573561990e-02
-8.919492408815218876e-02
1.540838212788445405e-01
-7.105831254813589626e-02
6.110683961921566792e-02
7.344109907232496126e-02
1.877502213954577170e-01
2.559053144347472886e-01
-2.266462602221703260e-01
3.193063267224834911e-01
-3.383734249428589358e-01
4.377767856332495655e-02
-1.043112498392369247e-01
-2.007921076432389595e-01
3.376236884921220982e-01
-2.770857337600506898e-01
1.363381037277767160e-01
2.048017971939600917e-02
2.506884185704592038e-01
3.946798195370141982e-01
-2.962215901739717050e-01
2.028096340399419828e-01
4.244775706350287225e-01
1.569371382699857598e-01
-1.576649575098154621e-02
-3.117054424660775647e-01
-2.959089055858235007e-01
-5.063334355684320082e-02
-6.198598263695750954e-02
-9.142174610442072025e-02
-5.999307240994476986e-01
-1.979593440190001163e-01
-2.039323279104355291e-01
1.038151242646181416e-01
-2.214210954397394515e-01
3.021199723379136004e-01
7.376033944936762066e-02
2.360052173401816777e-01
2.694197225133544010e-02
-2.829008063156280284e-01
3.317863049246366769e-01
1.428544761951230646e-01
-2.762779592841050902e-01
4.882251770038213701e-02
-3.906245957014707337e-01
-5.543226358466268183e-02
-1.134919334237913108e-01
-1.492191467386799197e-01
3.286119495940299090e-02
9.948172421319294578e-01
1.737163943723064527e-02
-1.835396656082040334e-02
-2.672245474375177787e-01
1.822186764315992524e-01
-1.310336786842668522e-01
-2.349774308991214866e-01
-1.204132787457387055e-01
-2.061838997078175792e-02
-1.410580785091412924e-03
-5.455826970929638087e-01
-3.125759322122558803e-01
1.619238129297138618e-01
4.377906689079223979e-01
3.574478443419060181e-01
5.578126609324511875e-01
4.792486334382007884e-01
-2.341574203461691539e-01
3.956515528140839427e-02
1.226452749128655179e-01
-3.370864444821082828e-01
2.777352096428872819e-02
2.860415098092395914e-01
-7.521462156628468121e-02
4.516236342695067324e-02
-2.343552229050642755e-01
1.525922683922551759e-01
-2.002988715441889334e-01
-1.200523001033655668e-01
3.305941431686311716e-01
-1.143165304820196043e-01
-1.064175934053866734e-01
3.416844082705519647e-01
-2.976991866786209417e-01
-2.472926435738673212e-01
3.812433917497992097e-01
3.714159762850133273e-01
-5.191443008549957439e-01
4.080995947571773308e-01
-1.899317473904354459e-01
-1.676282868698409367e-01
5.074971564256107737e-01
-6.292237354040582098e-02
-4.023651364408374898e-01
-1.452425982396263748e-01
-3.133171086840490921e-02
5.455999753004623365e-01
2.932873388953380900e-01
9.309980790766803418e-03
-2.131861749199853440e-01
3.098032882740932026e-01
4.392959952381823019e-01
-4.290288252124241919e-01
1.839925492167423238e-01
-2.848204982709458544e-01
6.684830630063462453e-02
4.321984907922943320e-01
3.042191568976441163e-01
-6.605849385915515959e-02
2.218192785273412349e-01
-3.621650772048489175e-01
-2.350976782956860078e-01
-3.485824143083341986e-01
1.119598727634342344e-01
6.842447778464560981e-02
-2.613979279528680921e-01
-2.703107229772248599e-01
1.643544235827949507e-01
6.216614581393142130e-02
-3.184815322850015340e-01
-4.204760727236352413e-01
2.786107528597047134e-01
-3.154461482038024567e-01
-2.855034668318685159e-02
4.564263606750287167e-02
8.262994822768728043e-02
1.218132533412663726e-01
2.211232638392508221e-01
2.013027553139352943e-01
-2.790927567060095260e-01
-6.548678020332682204e-02
3.304080738233931558e-01
-6.749169991432601989e-02
-2.185216162793886807e-01
5.561669805765722535e-02
-9.680804080885148377e-02
3.005618234001193878e-01
2.163267787843261084e-02
-1.861366885575841401e-01
-1.580736460264113019e-01
4.763920513181957306e-01
2.610249807006934097e-01
-3.238649938495670733e-01
2.283074539293419303e-01
2.063750347336884006e-01
-1.301885203389015026e-02
1.374787320717658634e-01
-4.048403427647814627e-03
1.587098196799680283e-01
-2.555661942550429555e-01
-1.708752537196717158e-02
3.568731979491868850e-02
-2.424123265983687825e-01
2.407939362766997327e-01
1.372069823295472557e-01
-4.751460562748616862e-02
-5.867439775568280419e-02
3.560652932413280736e-01
6.582121896201456601e-02
-9.152800272549298233e-02
1.707659022897320689e-01
-3.349829748484016156e-01
3.613699418905105265e-01
-3.204796076907023283e-01
1.222288675237158811e-01
-8.738156258546520005e-02
1.953699697702970112e-02
3.195149905423810832e-01
3.726503540560562738e-02
-2.820071155824130926e-01
-3.278059721010576633e-01
-1.614466462405982350e-01
1.218428770982112885e-01
3.617413009966068960e-01
-5.003583667646760436e-01
-3.178139214685847813e-01
-6.608146326656670622e-02
2.402838667197854106e-02
-6.755966145700886827e-02
-8.352608588146860635e-02
1.960593011101385286e-01
-2.697268991773140723e-01
-7.099876967802070116e-01
-1.227803677480312633e-01
4.990657599437708369e-01
-1.191613944105148343e-01
-3.419863455914680106e-01
-1.143610792785966362e-01
-5.811255229219882551e-02
-2.476843869882052254e-02
2.553744163118808475e-01
-1.815297099549282589e-01
1.296838225631843644e-01
-1.489006771999886458e-01
4.398932358182297553e-02
-2.805147294312367867e-01
-5.571456731673343210e-01
3.394547352332519252e-01
-3.455527585465678619e-01
3.039095630871072595e-01
-2.263621057889403099e-01
4.973848606878582962e-02
6.822864625199932288e-03
-3.163906839012709665e-02
-1.132379793264324530e-01
-1.093131051954959743e-01
1.982542624967850720e-02
6.060811270847474806e-03
-2.249723319022055648e-02
-3.043503578844999335e-01
9.098621816981820876e-02
2.125288322674977470e-01
-1.929840057933624176e-01
2.983372915993339203e-01
2.553641644958513576e-02
3.204237453128772617e-01
1.217238785011710012e-01
-3.040831458003645515e-01
-3.244292683712410308e-01
-1.141848848219218782e-01
1.041367204390108991e-01
-3.780013392318473109e-01
-6.638285792057945223e-01
4.392229972351369693e-01
1.566585499529024039e-01
2.337423805429685378e-02
-2.801855940427487313e-01
1.130070072712439366e-01
2.884832281819192934e-01
6.903881090103235196e-02
1.516325932309222323e-02
1.903753025514014485e-01
-1.124931310448748084e-01
-9.705240599809095148e-02
-2.267783067956384846e-01
-1.407767503220510863e-01
-1.940037136963167208e-01
3.079808879938519262e-01
-1.659493357327690710e-01
2.803434086105502931e-01
-6.832127596247983270e-02
-1.388999279585020896e-01
-2.449263288802727423e-01
1.777673896946725951e-01
-2.521358744770527127e-01
1.758549047434611878e-01
-4.253112170693362087e-02
9.871451761696149740e-02
-1.871833596190009691e-02
1.059418589853130255e-01
5.575644135922568356e-01
1.042249246604396440e-01
1.836812161653564035e-01
-1.449388478973964722e-01
-8.947373201185919445e-02
7.144775002173646417e-02
2.636070757518694796e-01
1.741324963869290143e-01
-4.633407587308513431e-01
5.527945623038310607e-02
3.599666279679447634e-02
3.202472139932373008e-01
1.501811587768915601e-01
-1.170831761826285483e-01
3.232608119636735111e-01
-7.640847599059519268e-02
-3.371805626093263841e-01
2.439080630478893397e-01
1.250873447069704610e-02
-8.664565846399173562e-04
-5.400019616663546268e-02
1.921700992710729805e-01
7.208710126899759915e-03
-1.710483231632705103e-01
-1.641127631150099409e-01
-7.930576251477935990e-02
-1.670205151777011954e-01
3.707559624828914435e-01
1.137562522091036671e-01
-2.153204930285667063e-01
-3.338545384467352939e-01
9.130310566672701633e-02
2.123416493807010752e-01
-2.154694436270127578e-01
3.252078155873279752e-01
-3.318839852200033969e-01
3.813407129555442671e-02
-5.613738049422700022e-02
-1.984255981721863016e-01
3.970144898469401551e-01
3.000531827680433250e-02
-2.014947268885019238e-01
4.605764272261897441e-02
5.415159910153208300e-02
3.084833225115497513e-01
-9.533521008068694680e-02
-2.632692761566840511e-01
-8.276511497647490168e-02
5.438982920002145144e-02
1.129159611830991145e-01
-1.198434804740199644e-01
-3.546619142514889078e-01
4.837477400546496553e-01
-3.221466299183757265e-01
-4.782693022968713126e-01
3.868082276006995501e-01
-1.243834250843356137e-01
-1.634210346744679465e-01
4.648579660865252705e-02
1.698909497905380372e-01
-5.289603298020285616e-01
-1.867771496965860145e-01
-1.237525830787472580e-01
1.997553289517565167e-01
-6.036937481979554043e-02
2.832743392496032131e-01
5.568168784835089008e-02
3.759808625018630224e-01
-4.439117876260072204e-02
8.997675201957307245e-02
-2.248271856384161660e-01
7.969023335913419381e-02
-1.671277760280720781e-01
1.234130564588413609e-01
-3.496297428169318211e-01
-5.101644691652132968e-01
-1.672415301942954957e-01
-1.591693243109099654e-01
1.461524325729390283e-01
-4.449927812857090020e-02
5.465171367827810212e-01
-9.109679827370484317e-02
-2.926976171657386105e-01
1.062761889674687377e-01
9.803820079358972761e-02
1.772300418580024239e-01
1.762252201388708472e-01
2.717499320835344290e-01
5.698553047154057971e-01
1.760791689611927724e-02
2.075949491864617913e-01
-4.720139311573948171e-01
-4.684643589888395354e-01
4.222925197927282492e-02
7.063469791118000274e-02
-1.862822437002498999e-01
2.335774749592483823e-01
-3.767593618243532116e-01
-2.464362966859344473e-01
-2.730620606836391961e-01
4.663934650506992297e-01
2.739342523415722735e-02
-4.378894082229569662e-01
2.118071638701537196e-01
-2.516205520287922992e-01
4.106501527474562541e-02
4.366254046671991240e-01
-5.540307628818611496e-01
2.839352405591525144e-02
4.896167239882634470e-01
2.243757290487840422e-02
-1.327340967619542456e-01
-3.328109543664394820e-01
2.939840509058351259e-01
2.589405338695502934e-01
1.762930591573489136e-01
-3.620645626207039808e-02
-1.352464414578421759e-01
3.642539316445556757e-02
-8.018095718037616670e-01
7.842466983745248477e-02
-1.020593134414799069e-01
1.601372119140204719e-01
-2.134833164073431100e-02
-3.215193879156424961e-02
1.224129221698632419e-01
4.143995098709483127e-01
-1.023098507173627325e-01
3.757584222225112680e-01
-3.478687902292031398e-01
1.818971629062158396e-02
-2.576970276606596610e-01
-6.658709833986354854e-01
1.805884447791785141e-01
-7.822019228786991629e-02
1.949302248584943997e-01
8.145846443453264030e-02
-3.540092586188245405e-01
-1.575907941434169790e-01
1.050593092029362408e-01
1.737960939509010927e-01
8.124653026536599043e-02
1.289315846167025381e-01
-2.436176098798063794e-01
-3.078419702889590576e-02
7.446950811235399093e-02
4.016885354484951431e-01
-2.271569348129579835e-01
2.581540563994847437e-01
6.165789095386614571e-02
1.299064649085157064e-01
-1.646767330705013466e-01
-2.151145940746823360e-01
1.535914863035081901e-01
5.814355337201964485e-02
-1.141189530770785748e-01
-2.668773336948732089e-01
-4.238099733333047770e-04
2.847022661843492397e-01
3.513347090035636722e-01
-3.933493878938604804e-01
-2.310721326752444571e-01
3.981452736485137645e-01
-4.776740472148419819e-02
3.867237971721423223e-02
-1.020102952046080258e-01
4.616524556740490143e-02
1.596917869220837449e-01
-3.394470450230731295e-02
-2.741986918039051035e-01
9.942590262869885342e-02
4.266285248257887797e-01
-4.284951814994350169e-03
-5.844554829610423830e-02
4.287165213565057309e-01
1.345390833407657596e-02
1.054327624396662749e-01
5.901772427606284677e-02
7.419755729835422753e-02
-4.918277605154142695e-01
-2.098177111755296642e-01
2.679653888600989631e-01
-1.492924556457579377e-01
7.240843018268290354e-01
1.982687211461044152e-01
1.637808767635399732e-01
1.067264651205253150e-02
2.361498831987248748e-01
-3.404922608584000088e-01
-1.420371505671237933e-01
-3.152000155236654028e-02
3.538352896758634181e-01
-4.211943083923558873e-01
-1.907385168535586928e-01
-2.245910702189787556e-01
-1.839919028789868127e-01
3.429129159386899717e-02
-9.605153000242674932e-02
-8.093773953690430734e-02
2.725593535372307641e-01
7.887419458693006868e-02
-1.461253114876296944e-01
1.258852308398014652e-01
6.930819702507924618e-02
2.788442647851669953e-01
1.782039406124712455e-01
2.724694495727290611e-01
-2.686518084675598023e-02
-2.108837643057601477e-02
-2.215930725167506582e-02
2.213066453660662292e-01
-2.571001274102038825e-01
2.560181376629840910e-01
-5.891620031869109972e-03
-1.905248769158204292e-01
2.794265149957413930e-01
1.657106849596963194e-01
-1.147825244676867334e-01
-2.096836331615936633e-01
-1.897857831291274167e-01
3.173306007255654593e-01
1.978038934328762710e-01
-1.654279948574263748e-01
1.299016890558502835e-01
1.384455839722227855e-01
-1.568577965804399676e-01
4.039642002108697477e-02
-2.750801838830922441e-01
2.367506235528984287e-02
-1.167934704077355917e-01
-7.683756789240610285e-02
3.540176844154302449e-02
-1.054422402130414244e-01
3.015984214810845110e-01
-2.454179860453123696e-01
-3.584302533718993211e-01
2.084039773123650408e-01
1.700192655468429626e-01
1.578218078732767649e-01
-1.490360053821681019e-01
8.383461385324492143e-02
4.516024717573278169e-01
1.507303727798556536e-01
-1.967829435966030882e-01
-1.303740107056409470e-01
2.528351451716861001e-02
7.681630784072795981e-02
-8.927810724540913290e-02
-2.740713779363337377e-01
-2.156966900965196499e-01
-2.922128689349943742e-01
1.795880316838957824e-01
2.964294493041961798e-01
6.398541133701785011e-02
-3.501548278020664706e-01
-4.544782635703351059e-02
1.972674819605315932e-01
6.431516955035941618e-02
-2.787189172780596969e-01
2.042574724932244012e-01
1.302207320012735980e-01
-1.488460788380912836e-01
-1.083730678665988795e-01
-4.123669974174999919e-01
3.232044624006598643e-01
-1.781570045177097439e-01
-2.072775536729572210e-01
2.024261530482062699e-01
7.857226852264165284e-02
7.625406325208694547e-02
-8.741292378417420128e-02
4.306071466949746296e-01
9.280351748468242123e-02
-1.578382749304119703e-01
-1.517230250065045721e-02
6.939735377482048051e-02
1.216287080553498517e-01
3.421643582997543898e-01
-6.133334160857917966e-02
-7.474454729412771670e-02
7.477657304438581343e-02
-5.524091733020903422e-02
4.659403013472999261e-02
1.570090374686975709e-01
-1.893051623256701288e-01
-3.630278638337007813e-01
2.182251926905079686e-01
1.165921230136439946e-01
2.965331716755185282e-02
3.852805502747144728e-01
-3.052752073299897506e-01
1.130277580584681391e-01
1.011672979128402233e-01
8.566577109610716556e-02
1.452285957239675684e-01
4.014457541866136570e-01
1.475653240730963045e-01
1.212080737258652320e-02
-1.992585641154643109e-02
-9.337855165043489059e-02
-1.244916341713031699e-01
4.779162227807375041e-02
3.163825247280986908e-01
1.459698282368542509e-02
1.567973851660828810e-01
-1.075775802862627140e-01
2.189916572631668834e-01
2.993329773236372282e-02
-3.431155778948234980e-01
-3.248392015921138243e-01
2.326135432121431423e-01
4.609041040459867927e-02
1.817047828060142090e-01
1.362684095868681167e-01
3.898538220032341656e-02
-1.478257017429797371e-01
5.251547783391037338e-01
-7.675475094790558117e-01
2.518875230323345815e-01
-3.549405732410308434e-01
1.789571399512470684e-01
1.117829318002375172e-01
3.178172148064935532e-01
2.475507164871663390e-01
-8.270658571994859987e-02
-2.522120550400919203e-01
-2.548855694600797861e-01
7.603272026189500377e-02
1.296969096072339567e-03
-1.876039152429986520e-02
1.326093785335021209e-02
-3.345803590386210447e-01
2.078979623634717999e-01
-1.198305930708841449e-01
2.840454483872831282e-01
-2.247791179020192653e-01
1.275688144382912670e-01
-7.765399804384369095e-03
1.204324220284327812e-01
-5.667668767199419283e-02
-1.757025847919979344e-01
-1.955037513009668382e-01
-8.552500587720481828e-01
5.788111708188454774e-01
-5.813324880296347197e-02
-4.023660071068572153e-01
-4.745743219247369749e-01
3.236170188816003268e-01
2.808120921561763073e-01
2.686158891678779026e-02
5.406462591307127363e-01
-8.078044841767656470e-02
1.132880984126264853e-02
-1.270625298556586902e-01
3.790486147768775682e-01
3.752740266291930693e-01
-8.371222025830143965e-02
-6.678829555108613258e-02
-4.275620395247133748e-02
-1.005901712789694785e-01
-3.734690009966988300e-01
-2.968394948349186574e-02
-3.400368792095814774e-01
-6.429571381929830021e-03
8.667607068764149325e-02
-2.097931384413267292e-02
-3.682846942341210794e-01
-3.323004955125604676e-01
-3.601495821740030578e-01
3.827402959487737899e-01
-2.728283488201617701e-01
-7.822281933131350340e-02
2.831693004717131812e-01
-1.449453290149667062e-01
-1.645713011482352328e-01
-2.804006704446244946e-02
2.993857541730685634e-01
6.621916707669138480e-02
2.764232166133139823e-01
-1.533996408587808349e-02
2.680408383809410600e-01
2.726179280457328713e-01
-4.878273281516454923e-02
2.353749126708075956e-01
-2.087873771798745004e-01
7.058936702225569737e-02
8.937917388415697606e-02
1.153537313613343940e-01
5.330031830372452401e-02
2.209561104074361515e-01
-3.243340869213267030e-01
-1.234294479994284127e-01
2.660036249932752894e-01
5.502366838623166945e-02
6.613731225010298365e-02
3.214487833554574570e-01
1.462425642235520851e-01
-1.613365819568071402e-01
1.838211066237421532e-01
-8.761311258862816698e-02
2.500641544523085069e-01
1.186820706133559222e-01
1.532547985423471648e-01
-2.217914096448847516e-01
-1.307626422014865342e-01
-2.123317270008296120e-01
6.891402751088175627e-02
-2.131998612279000782e-01
-9.705061438126882933e-03
-8.752555694661974528e-02
2.142484640336290713e-01
2.209767176649605758e-01
-2.879899747279629496e-01
8.683976407381378826e-02
-3.456259946398617527e-02
3.397916086812683423e-01
1.529187751326016309e-01
-2.459626632567749605e-01
6.574815011700325951e-02
1.821651126029310008e-01
3.210056373265606222e-01
2.109227594620357860e-01
1.795687435116585517e-01
-7.546537406530300085e-02
1.400953965405443424e-01
2.229635057303439305e-01
1.376381764926596640e-01
2.866042582378102166e-01
3.801513671065510636e-01
-9.488619667715601780e-02
3.976459639259154466e-01
-1.086526395157319386e-01
-2.125311599129663109e-01
-5.878971715044278845e-01
-5.822438700536374662e-02
-1.965777471877318827e-01
8.496190734286941659e-02
2.264379745983731151e-01
2.251801302070694510e-01
4.974173441194047057e-02
-1.425997572082781661e-01
-3.948036794578072550e-01
-4.213915754059749386e-01
-4.916253251191606277e-01
2.819320000095130174e-01
3.597151369511826235e-01
-3.589847334812710788e-01
-4.238345982050001348e-02
5.082152373181057087e-02
-6.229820337563111293e-02
6.619896288562684972e-02
2.838241039230371410e-02
5.074689669693329686e-01
6.729424417993600579e-04
-2.366761528944200388e-01
3.194730503128593302e-01
-7.784975504421629000e-02
4.386978279921043278e-01
-2.794285781209590591e-01
-1.375383585072982862e-01
-3.462082973635940975e-01
3.522425514849714667e-01
-1.998490280156632326e-01
-3.315833870674813610e-01
-1.890996695414380868e-01
-2.317315627000740216e-02
2.718777955321345918e-01
9.415165439953043780e-02
3.665668136936590660e-01
-2.111840953170125365e-02
8.764939652228290190e-02
-4.436365217048431758e-02
-1.610209909332112610e-01
-1.950138596516667877e-01
2.547936996208188462e-02
-1.357720777960876590e-01
2.330217314483835622e-01
1.400784647678498807e-01
-8.071775373883277593e-02
2.166953837884265724e-02
1.482770516147575157e-01
3.544493463874784367e-01
2.755263199157708676e-01
6.563069117443935674e-02
1.416637702109646291e-01
3.892002770912952880e-02
2.146671624527579370e-01
-3.104973967753841407e-02
4.909842679926742365e-02
-1.536962994639985702e-01
-2.192064985470267013e-01
2.542666614992581398e-01
-3.401405872425165844e-02
1.164970912747633341e-01
3.425129232615149455e-01
-2.303905110376549062e-02
2.088077787876179911e-02
-5.282547252295384521e-02
-1.870968453385942476e-01
-2.522697843540516738e-01
-1.559150638689054680e-01
-1.241630488011829930e-01
-2.214998810961510411e-01
-1.315652798494852949e-01
2.441206497534762487e-01
-1.167790870183402913e-01
-1.146570785870024700e-01
-1.342894866607909632e-01
1.828817204080818992e-01
-5.045450089569211011e-02
5.308100374969293433e-02
1.943354833368330292e-03
-3.206959223413975990e-01
2.330339047207841408e-01
-1.330097845410817270e-01
8.513909715767443986e-02
2.300423349894174102e-02
-2.124026870614003359e-01
-2.779098031587631801e-02
1.947013818648754280e-01
-1.008011922700172425e-01
3.519659020273885885e-01
-3.201873203336427220e-01
6.468579113828576421e-01
-2.085037251261291080e-01
-3.822816251800918805e-03
-4.526387189886647844e-02
-5.650021010627276352e-02
1.970869733299895898e-01
-3.591459057006287092e-01
-1.693234550044452613e-01
4.369434835772066650e-02
1.629627896801904841e-01
-1.223010516661562352e-01
2.557281741872832193e-01
-1.412190904963133153e-01
-2.322768225418938084e-02
-1.167348478213444708e-02
4.345589475932896684e-01
4.636349111856486425e-03
4.187036072629729544e-02
2.294386396125891181e-01
-3.079070986495265339e-01
1.486059824326493584e-01
-4.145147521874309460e-01
1.245309727114752157e-01
8.677167459762775981e-02
-1.456501657573636421e-01
-2.318284627182392588e-01
-2.998045732556292031e-01
-8.207058367293938728e-02
-3.734864627317791008e-02
-1.155098839667307309e-01
-1.043559461220673057e-01
-2.702771163929181333e-02
-5.432285145846277134e-03
-1.132097968743155658e-01
2.393824370567413651e-01
-7.743035582772514469e-02
-1.686240748416222845e-01
-3.391358352974959689e-01
3.322502146291350100e-01
3.884285802861507375e-01
-4.295142371718294605e-01
-1.561896885244236088e-01
-2.076072882263118313e-01
9.653334411117525660e-02
-2.950029769710470207e-02
-2.199026513651432535e-01
1.913645876025323600e-01
-5.243938948300919112e-01
1.439478449720177633e-01
-8.014291441283986905e-02
-1.762427425101773804e-01
-8.110691549550946150e-03
8.547949875548144227e-02
3.228180337706573755e-01
-1.188627850022885984e-01
-2.546045765146304762e-01
3.759115610425267096e-01
5.909838383760777081e-01
5.394195176472030284e-02
6.218295529274499023e-01
2.309531554682531934e-02
-1.251234488439453285e-01
5.468190632026413700e-02
-6.281650071327854468e-01
3.913544298500415408e-02
4.110775745871115827e-01
-1.575038494311103987e-01
3.758691773683021931e-02
-1.174230668025851299e-01
3.071563560179426111e-01
-1.135854176346313693e-01
7.656957970363661992e-02
-1.386952670116957109e-01
-4.122772435457875972e-01
-2.043867342294062583e-01
-1.834593078940787714e-01
2.633264665630250662e-02
-4.297779564033414323e-01
-3.840650394278676272e-01
3.209010075748200408e-01
7.926210613231486624e-02
4.496309684017344432e-01
5.284029782537068981e-03
3.221734770857658248e-01
1.160951171917976076e-03
3.212408813487293013e-01
-1.407640734012007289e-01
3.909425277698652113e-01
2.676001376301049839e-01
-1.662819310353940566e-02
-2.189192860834161258e-01
8.049608741095759523e-02
-2.374169357307212916e-02
1.949798056352540152e-02
-1.543294416676376790e-01
-8.331350093708031479e-02
1.007931055687802946e-01
3.133060444375502240e-01
-3.068645450794909094e-02
1.569300135475213409e-01
-1.156318668843471231e-01
7.408506517650365053e-02
1.913903178015462780e-01
-2.312636494132517262e-01
5.310071440691948447e-02
1.386698889887369723e-01
-2.520759214117211655e-02
1.524546105086382886e-01
-1.715272351241226567e-01
2.165208364757122417e-01
-1.939884434627732190e-01
2.635466899841321098e-01
9.298779587267680391e-02
2.876525841971877551e-02
7.706484110101069485e-02
1.179426990267550129e-01
-2.019534490567266583e-01
-5.732477403894627871e-02
-9.998066832797583570e-02
-3.360466042434804290e-01
2.221097965252083750e-01
-2.490040860366913578e-01
-4.651816969442032490e-02
-2.561875545171508062e-01
2.257219886854181790e-01
9.839055670183079194e-02
9.065528353461109468e-02
-2.501533967405039638e-01
2.492101238324648249e-01
-4.243379880084032635e-02
4.613350269252647351e-02
-1.444076613877297299e-02
-3.502094490454389364e-01
1.996433431203680775e-01
8.481488100849274847e-01
6.360194455168691197e-02
1.081847967970614166e-01
-1.358826492206735015e-01
-1.923689586402313190e-01
2.328494315000582404e-01
1.862753497714349782e-01
8.531401775362874862e-02
-4.520440018499312096e-01
-2.734863324437885046e-01
1.977793796900287338e-01
-4.975339522975047446e-01
3.868425047186084265e-01
-3.880114418457168007e-02
3.866765992902574389e-01
-1.513293302030012041e-02
-2.476586629320365884e-01
-1.698749522210799556e-01
-1.486810314772117336e-01
-5.699827161399314418e-02
2.009899518099761070e-02
-6.994545811328167773e-02
5.473837055051258144e-02
-2.222827544362750707e-01
4.714152907861476199e-02
6.549341516199334856e-02
-1.375516220575613568e-01
9.007087131311018041e-03
-6.160520305154498083e-02
1.033540622596811065e-01
4.532682623840376124e-01
-4.394351347995366641e-01
-4.947903254456807037e-02
-8.560730929085103025e-02
5.223787192999367057e-02
2.106641061799385262e-01
-2.346632768581182471e-01
-2.124281052416092386e-01
-1.774058498529816341e-01
-1.999791502193157267e-01
1.927855753313517106e-01
2.579281339946267182e-01
4.077499192880927881e-01
4.854102288192982395e-01
7.345328776697508666e-02
-4.095197372757138771e-02
1.180647211777387656e-01
5.194162416432158980e-02
-2.406493517281767802e-01
9.428463758939825690e-02
-6.966288024629248288e-02
-1.929957692434347560e-01
1.896385977033279713e-01
-5.102639520975840726e-02
-3.058135895509023205e-01
-1.416405926185950459e-01
-2.012562284347281516e-01
-1.346483376590784480e-02
-6.909568560197119069e-01
1.535405582882742870e-01
-3.476694134270453262e-01
1.663388636963675227e-01
1.006846756322584552e-01
1.989293204005162519e-01
2.387390743974391327e-01
-4.082730619831472230e-01
5.560027943137118012e-01
2.360467699354979187e-01
-2.859678189051805819e-01
2.406006481781545470e-01
-1.493402488692632535e-01
-6.844011443921502180e-02
-1.881971619443349730e-01
-3.401657300409776097e-01
1.678229248475912594e-01
3.106051286268088352e-01
2.107661405321237802e-01
3.438060266809909726e-01
1.619082435937831133e-01
1.020346648255770344e-01
-1.881233305478452467e-01
-9.421144592123976980e-02
5.170136754669403013e-03
-9.173964417162679130e-03
-3.629635032876691869e-01
4.963994776465085468e-01
3.624834091109920831e-01
1.567392732530128053e-03
-3.356294858444988649e-02
1.926834807671118088e-01
-2.246553007595101376e-02
-1.492845800458068861e-01
-2.932753715128241234e-01
-2.796280768873714989e-02
2.314250080599798698e-01
-5.484398176832392530e-02
1.264046144241076641e-02
2.305458221128691143e-01
-1.119662294611055708e-01
-1.875387330741034014e-03
-8.620316122841517603e-02
-4.240241810218331464e-02
-3.576538838557126176e-01
1.245344267846241887e-01
-1.839127175983074347e-01
2.138866018732673013e-01
-3.092867043621790324e-01
-4.216875371915392023e-02
-3.240021245313836062e-01
-9.633415821616872488e-02
2.504515606918911730e-01
-1.382174195345973189e-01
1.478661143399092603e-01
1.550994078493405648e-01
-6.862297013239464505e-01
-8.549345894011791541e-03
1.104168166413262847e-01
-3.412917817230733952e-01
3.353225172453996317e-01
2.070166206187658009e-01
-2.290880178064676476e-01
1.031824288148250890e-01
2.750354161044032408e-01
2.107451600609974718e-01
1.284887692742991694e-01
-7.477998446147818279e-02
-1.883760197646818790e-01
5.959532470088241274e-01
-1.849775719360039206e-01
3.276756520538968154e-01
3.615266605480714768e-01
-9.524024739261734152e-02
4.890989593099342447e-01
2.243570238524525140e-01
5.460785381915718786e-03
-5.086395137250345616e-02
-3.849684855749853640e-01
3.929484600198377975e-01
1.677447238876358382e-01
7.439434065768708859e-02
-3.001486470432280229e-01
4.125951249845014046e-01
2.526686277221996124e-01
6.233124654694594674e-02
-4.827986708465645260e-01
5.540648150006588502e-01
1.720838293024238783e-02
1.730818238095760131e-01
-7.526344740353115015e-02
2.623501580143819401e-01
3.658198082917015204e-01
-3.404635711006448462e-01
-8.484468621216750828e-02
8.484761780565010236e-02
-2.588278892623075422e-01
5.984541766667056395e-01
-1.155786948390030572e-01
1.393972878372661157e-02
7.858648376009122472e-02
-5.111226650216745826e-01
6.878597915807138641e-02
7.691544521690116265e-02
-4.803458024453143849e-01
4.985255464343258530e-02
-2.220133474833475284e-01
8.606047284259012164e-02
9.362705898727471943e-02
-2.177255704419764071e-01
-1.173686261990385948e-01
-6.787062270308878709e-02
7.030931106084399584e-02
6.086301634651735126e-01
-2.272255787119179804e-01
-3.537405177743827012e-01
3.463940879580131305e-01
5.942962237432268709e-03
7.424625380309496370e-02
4.458479993383096529e-01
-2.532476049759911918e-01
-7.357555404038011726e-02
-2.205618970604999174e-01
-1.637926769063842714e-01
-7.010581042412597497e-02
1.127517039805411708e-01
-2.122390282927640315e-01
-2.573366564306932558e-01
-1.484773848313017952e-01
-1.610409364970392387e-01
1.365450356472015236e-01
1.080061286786979102e-01
3.288065803874422044e-01
2.288138579335290135e-01
-3.234202607330328161e-01
-2.027325882943712687e-01
-8.972481224452352744e-02
4.292999351997767166e-02
-2.078610464990901241e-01
4.694292860811201396e-02
3.345146898779139955e-01
-1.647309393328793559e-01
-2.963574359866668062e-01
4.835463861980929257e-02
-3.494556953840571856e-03
4.855555663908084352e-01
1.525476463932634030e-01
-1.662232800521694642e-01
-7.909724298649033203e-02
-2.769008284605152248e-01
-5.080554631141961375e-01
4.028610225590915223e-02
-1.447251920235840261e-01
1.489810062748875008e-01
-2.661999123818590274e-01
1.221605860155135087e-01
-3.043507988635270056e-01
-7.026567158010130210e-02
-6.997420031950786490e-02
-3.156755938334648848e-01
-1.197218433152065636e-01
-1.674803526827097488e-01
4.579862339360141893e-02
1.649418600443264618e-02
1.132236867568251620e-01
3.854203663187553697e-01
-1.958070749327044391e-01
-6.999840987093704225e-02
3.206405586327629176e-01
1.429150030333774801e-01
2.102732476718249532e-01
-2.131250979296885409e-02
-1.341423598053477495e-01
-1.793402635399160006e-01
4.540414830876977059e-01
-2.059341844686257972e-01
-5.257995637960527491e-02
-2.932970410284093665e-01
-5.637606287027052687e-01
1.703095976352835272e-01
3.008063400235758689e-01
1.723191505316487016e-01
1.834871717027268534e-01
-1.830448506778670770e-01
-4.346260944514777624e-01
-4.227942422032580222e-02
-2.813945190385357398e-01
-3.056353342939425663e-02
-3.808853894021825559e-02
1.190452227514097183e-01
1.732340421515106699e-01
1.695128609699365074e-01
-8.933257528890647947e-02
1.697441379047057511e-02
1.822670819398412856e-01
1.996689265901157584e-01
1.385231338303636872e-01
-7.495463120686829406e-02
5.432321565461225576e-01
8.864501034368861554e-02
4.523736568476519754e-02
1.547514697242131643e-01
-4.018245425483142619e-02
-4.027009065120016884e-01
-2.706489031626312380e-01
-3.714761776701819840e-01
-1.197185477147487132e-01
-3.128531100262022524e-01
2.842001238901449844e-01
-2.578603380101380793e-01
-1.437360151758504678e-01
-4.710174582577915658e-01
-9.010380328867791111e-02
-1.701821818930018826e-01
-1.073477885855866482e-01
1.829435223664700738e-01
4.345524421296393519e-03
3.336189863224656160e-01
-1.842349533166879327e-01
-3.101869548099238458e-03
2.502890685364973083e-02
1.218481034220180448e-01
-9.508234538366451549e-02
-2.059899187063602422e-01
4.355816170453235409e-02
1.421172613734593138e-01
3.363826460503965277e-01
-6.533647532534483937e-02
2.462288554886343794e-02
-1.651503290857057604e-01
2.446391553026203841e-02
4.625260678336720610e-01
-2.063259313342356016e-01
-1.408482969807982044e-01
8.427943264743355256e-02
-3.566806742250296786e-02
-2.894736302548515661e-01
2.703112503762040153e-01
-2.067285334796707952e-01
3.463970603513631952e-01
-6.187144601062350979e-01
4.187658001237718475e-01
4.166461819408630585e-01
-1.819074991442736766e-01
-6.371906629491453922e-01
-8.380862402974832703e-02
1.295610029033047172e-01
-3.375538361115234531e-01
1.181601596339416915e-01
-1.029690674205575585e-01
1.645972874205018921e-01
-6.747111757762837281e-02
-4.624934532388416675e-02
-3.342379787666362179e-02
-1.879815648969728747e-01
2.620334760487634806e-01
6.083378347978342371e-02
5.558187010572233216e-02
3.318635199485134302e-02
4.979913071146838122e-02
3.448777116153777800e-01
5.877260938484777514e-02
4.358419850127472350e-01
5.348549311072670065e-01
4.588616686733698602e-02
-1.573787755699757318e-01
-1.568832379553291023e-01
3.240910092715443280e-01
2.803230916273210527e-01
1.321317595597283623e-01
-2.265982147915640565e-02
-2.858554493728598378e-01
-7.555253851976517776e-02
4.841400891820759056e-01
1.095136042465701537e-01
-1.019602161688477060e-01
-2.568848878283486736e-01
2.111813278111261960e-01
-1.232985699087263964e-01
2.919087511544344871e-01
1.049519136438750028e-01
1.617662000400083011e-01
1.236305349571036223e-02
-1.469744895142219010e-01
3.315297915840755838e-01
-4.106500325652699401e-01
2.341828668260896584e-01
2.630362825526028625e-01
-1.013903068430387633e-01
-2.375601235907192632e-01
1.168702725727002734e-01
8.053661485193427949e-02
7.197757665783181824e-02
2.726052414945651092e-01
1.239100437141069933e-01
1.061940475831924247e-01
-2.641714109839746749e-01
2.255575201145180175e-01
-1.902338420213351700e-01
6.165826868647242970e-02
1.070646278467962675e-01
-1.319460328974374208e-01
-3.252211045715779764e-02
-1.938149907390779303e-01
5.608584701752655777e-02
1.228777027170500358e-01
-4.274589153564475885e-02
3.335675709486128349e-01
-2.612650108447803765e-01
-6.633458744410063168e-03
4.846986297507469010e-01
-9.503726421663976839e-03
-2.332876670774673977e-01
-1.034076982752212825e-01
-4.828026970786601646e-02
-2.900317796372887669e-01
5.259200202614820047e-02
-2.581092810656269998e-02
-2.787624252657377455e-01
4.651225796057995576e-01
-2.843167998601420221e-02
2.775882661667849680e-02
-1.897735376282556202e-02
-6.709864808359246313e-02
8.405009045703482409e-03
2.661093185786502294e-02
-9.572106006663091970e-02
1.647626089405570746e-02
-1.899183801934831856e-02
-3.161747723014127903e-02
-2.794641166452452308e-01
1.530912984727333115e-01
9.313657911410369583e-02
1.216234365133198464e-01
-1.447730696638185877e-01
3.248148934254789788e-01
-3.647308636108857749e-02
1.195787485810938522e-01
-4.316862529386611413e-02
-1.702480406579458261e-01
-9.194328366156066801e-02
-1.091431085485652513e-01
4.153481150786240694e-01
-1.651190246624261448e-01
4.436418370169795677e-01
-2.563199958564748582e-01
3.397473350908776224e-01
4.752454073819746827e-01
1.540529348085860617e-01
5.577006681697201096e-02
-3.294139150325428034e-01
1.358744621738593450e-01
-2.451097100897769443e-01
2.066472321294231251e-01
5.997335939795149784e-01
4.120321365164431593e-01
4.413686016356385688e-01
-4.309420512681607640e-01
2.497005723414184863e-01
-1.609905382841442245e-01
-1.633902715144167628e-01
-5.894170001467230469e-02
-7.877459237608711029e-02
2.207721496435425257e-01
3.919616897125738908e-01
-1.262390800810926916e-01
-2.772636998282415957e-02
-3.290743437861102239e-01
9.860199894713157776e-03
7.836448986066839317e-02
7.287544870902680667e-03
-1.047504015135190536e-01
-2.234997166457517725e-01
-8.100750437044826335e-02
6.624188807725926720e-02
2.712739941567423457e-02
-5.126330484050578562e-02
2.516094214539053159e-03
-1.968851547369114552e-01
-4.037063657146906515e-01
3.767955114658009808e-01
-5.289052687966903921e-02
3.227864252555426305e-01
1.270656971476651631e-01
1.669938595492725594e-02
-3.184494529626702430e-01
1.892449640942197586e-01
8.758532223712169051e-02
-1.636568973001716609e-01
2.336789112289627129e-02
-1.705002924235298617e-02
6.929295550003017334e-02
4.638515193117134783e-02
7.150046697917694649e-02
-1.152787985276383653e-01
1.686981710458614891e-01
2.272832840907407226e-01
6.493598648502235671e-02
-8.781064403441493638e-02
1.760654773963320208e-01
-3.605625442428651017e-01
4.022309303782474754e-01
-1.457393182204779793e-02
1.770996182994322432e-01
-6.207249685130713200e-03
-2.602702344367859855e-01
1.826605343882670984e-01
-1.195567921513002729e-01
1.226100049462211100e-01
6.130663627041186420e-02
-7.972671987144656913e-02
-5.782295562193739275e-02
1.023758626486386686e-02
-3.019537433072509436e-01
1.031820817213250779e-01
9.013171594932586905e-02
-2.423001432618641093e-01
-1.770802599338766603e-01
3.068544230343451251e-01
4.221131539682477021e-03
-4.741967079637226384e-02
2.402008514443331189e-01
-1.915024540881966886e-01
-1.342624277056088666e-01
7.414294256002169903e-02
1.011010268725290664e-02
-3.175832035082187810e-01
7.806058665848098497e-04
1.274159331297619602e-01
-1.929428100011042480e-01
-1.828679257886816345e-01
3.877894295416190462e-01
2.860767486954533534e-01
1.276614173172103406e-01
-8.547264270236569761e-01
-2.042869832724208135e-01
2.677151895928132075e-01
-4.046472135329415298e-02
-1.283020086648406222e-01
-9.156608226851380150e-02
4.587339081543916897e-01
-3.012083182838589182e-02
1.633599826502414032e-01
3.553550903144666595e-01
5.081755210216089003e-01
-1.663950885261764601e-01
-2.709548022371067177e-01
7.396540366874128358e-02
4.223310130425467768e-01
-4.323932871335532391e-01
4.072491301451768853e-01
3.643026235891045350e-01
-1.529272351668596042e-01
5.896042227430187826e-02
2.481274032161979656e-02
-6.342002340866496890e-02
-2.385638286003597397e-01
1.725562832983564554e-01
-1.609130949577662340e-01
-1.887457383403907951e-01
4.675247321259248245e-01
-3.868057185064183168e-01
-7.716916568592128989e-03
-2.396597258528770924e-01
1.119483636816421823e-01
2.205972747123279565e-01
4.352946559476724153e-01
-3.691430784349980510e-02
4.846043255598533328e-01
-4.644280854533421876e-01
3.227852552965374544e-01
-1.630729785323092318e-01
7.858926365216083176e-02
-6.958509156610391544e-02
2.023493631484794830e-01
1.080033687691444033e-01
6.347766902704032876e-02
2.124803554245331960e-01
-2.227565007768584349e-01
2.729968299288298983e-01
-2.718987314862527649e-01
-1.634268222292938888e-01
-1.021758929238185051e-02
6.389094723817151378e-02
-1.270168023305277283e-01
3.100647570136431594e-02
-7.498059773024756680e-02
-3.908229219583398972e-01
1.322053189912551219e-01
1.169885820821535832e-01
3.399261573456145991e-01
-3.126332621488087798e-02
-2.298690454793549109e-02
-1.526278470308268520e-01
-3.265408348700667984e-01
-6.072451420133877925e-02
3.132612223189695233e-01
-2.824339863320955435e-01
-1.716844911737071544e-01
1.532914137586757486e-01
1.649429987081601767e-01
-9.762344863233597680e-02
1.157628914714872587e-01
-3.092166481745984852e-01
1.887046616834896773e-01
3.853398497755195495e-01
-2.389524878736672409e-01
1.067805165299567788e-01
5.058585457326475465e-01
-3.709559633119679511e-01
-1.893249892491402353e-01
-3.806677766664161022e-01
-2.691516193023806847e-01
1.814751740792825210e-02
3.395666098614976147e-01
-8.323427702018067198e-02
1.806346859029404894e-01
7.436941764429873258e-02
-7.739636122026602449e-02
1.635046316441807479e-01
-4.224168496338864820e-02
4.755099543929155320e-02
3.658348367337079660e-02
6.366023000475694305e-02
9.986374586790221219e-02
-4.116397008628449455e-02
-2.394999137031511658e-03
2.502121400104803106e-01
2.377405119655406629e-01
3.166220446512617581e-01
1.529309375361051215e-01
-9.124873465173632958e-02
-2.338069114516981017e-01
5.697653549124108430e-02
-1.469114757580668729e-01
1.143993075405016352e-01
3.513361794138970540e-01
4.516515900355039248e-02
-4.854866392708583056e-02
1.091628720044850037e-01
1.900156041129159312e-01
-2.060455930679202796e-01
-1.938487609026665615e-01
1.199805671534973500e-01
1.453401648040447691e-01
2.288702686718483148e-01
-1.742234026257133764e-02
-2.468771319634703032e-01
3.266187091597149705e-01
-1.735242268817863143e-01
-1.038269193436724691e-01
1.344636687298904898e-01
-2.211649508980573775e-01
-1.234425302823874276e-01
-9.341318891325982310e-02
-2.252615993983000386e-01
-3.141272324897515511e-01
3.529483707914882890e-02
1.885226614521451904e-01
-5.752697472205747786e-02
1.220645220333429343e-01
-1.115076754925986569e-02
-1.756528187448417461e-02
3.958744824649290672e-01
-6.232622477914551845e-02
1.569601575544980476e-01
2.034053643578529469e-01
1.577282673315587580e-01
-7.760265395894065665e-02
1.873299014673085738e-01
2.128117005978017451e-01
1.023661741833596303e-02
3.557831520447130025e-01
3.612028250648969662e-03
-1.733505474874625918e-01
-2.242714195684798045e-02
5.247110091348361482e-02
-3.081519463952842597e-01
2.350526900061300495e-01
-1.648174447657732300e-01
9.440841440013468533e-02
4.461722309876246517e-01
-3.762054768601187371e-01
-1.281180840263638487e-01
4.207278662977606554e-01
-4.872817509609063402e-02
-1.068622806456087995e-02
3.609599496465816793e-01
2.429896111811547521e-01
-2.674256787133026322e-02
-7.917563073558164799e-02
3.924800501582013934e-02
-1.960136155162267302e-01
-2.481779863259873237e-02
7.784587350718281604e-03
-2.242595896168502190e-01
-3.707523252528702878e-02
3.159938680222145746e-01
-2.603354214721452162e-02
3.378762826508011075e-02
-2.125946941264906243e-01
-5.998701906934286038e-02
2.471238064393606049e-01
-2.324308511820556700e-01
4.091554807088827739e-02
1.556418377066342562e-01
-5.148764956614140242e-01
-1.111759116456479679e-01
1.041488389759296362e-01
2.523114908480930119e-01
-8.944419485097201972e-02
-1.043402188848224360e-01
-1.810751045261360936e-01
4.149631900186499522e-01
-7.265817773802711599e-02
1.234200666749639581e-02
-1.359729505118583981e-01
2.278849693105229612e-01
3.810306195345362634e-01
-4.857360898417004136e-01
-6.486546408594879853e-01
-1.661234551702855666e-01
5.540976982944381124e-01
-3.817528833838927382e-01
-8.482816711008268895e-02
-2.837739575942155312e-01
-1.619735749893252419e-01
-3.079613786130234732e-01
1.354337730516253224e-01
-9.775143419513734888e-02
2.967176205697296121e-01
1.737677822046984899e-01
-1.243874090187102183e-01
-3.002411957302024148e-01
-2.652868724342104245e-02
-8.221949506801563834e-02
1.507675924200079787e-01
-1.340474461176751342e-01
-3.294902857102809945e-01
-1.771103706522972610e-01
2.211962336493372705e-01
-6.558366562414419398e-02
-7.386099855461689123e-02
1.691275068334918419e-01
1.875534028385592300e-01
-1.509687326415893038e-01
-5.983537547911836618e-02
-3.459784614362453325e-01
-2.218248407462092842e-01
8.836799519481987331e-02
9.911483830657946692e-02
-3.276697528541396842e-01
2.414567741674446821e-01
-9.120432006348691556e-02
2.239829055673526192e-01
-1.699945598621964704e-01
3.494724681526050758e-01
8.562482889718667223e-02
-2.777448429164802168e-01
-3.491711822253357744e-01
7.769623146192915220e-02
-9.186782963774374478e-02
-2.247432745310755983e-03
1.474119066718275473e-01
1.804043398917089258e-01
-1.201057067228336432e-02
-3.057382828985589010e-02
3.146055284898963134e-02
2.227263724428397706e-01
-1.071875523624798432e-01
4.571318811867040033e-01
-2.791182383567294423e-01
1.811476092517881609e-01
3.833776788528284879e-02
1.054925303324292518e-01
5.043534770447167803e-01
-2.576993517880388912e-02
-3.065266486655285894e-01
-2.356720690906597693e-01
3.218281737891293820e-02
-3.929292856356171870e-01
-1.604420692589398900e-01
1.060230313000705693e-01
3.254516679702039710e-03
-4.502790846051553664e-01
-4.987890199079502568e-02
1.669259745057218025e-01
-1.670049097198169075e-01
1.236002350037677666e-01
1.362195436193827380e-01
1.030630401035278858e-02
-1.841125923609409076e-01
-3.853962035977458456e-01
-1.241335755670641278e-01
-2.786519219143784309e-01
-4.084270925685089260e-02
-2.496399920958652652e-01
1.303831171537366863e-02
8.733001914918681399e-03
2.356181538842568035e-01
4.555970971591417618e-01
1.649155572424387643e-03
8.404340500402425473e-02
7.575873739091482095e-02
8.084139627830705388e-02
2.666774268423103070e-02
-1.729097894702635863e-02
2.546448862750524400e-01
8.910520669287977369e-02
1.611491210611364355e-01
-1.787379632539868590e-01
5.695414283415064505e-01
-2.893161585428229432e-01
-2.222609761884592958e-02
-1.019553126486271721e-01
1.426233419236252464e-01
5.306211865456537113e-01
2.801671047057554542e-01
6.638533304085160180e-01
-1.924680477158477454e-01
1.378854402160553660e-01
-1.770875798942579127e-01
1.750574957007486896e-03
7.970657002426526777e-03
-2.309459078542768495e-01
-1.420783932054874021e-01
8.179899271463901556e-02
-1.432544768911254429e-01
6.431490788523014368e-02
2.900669280866859448e-02
3.110864582376554957e-02
3.085982236353604913e-01
2.482318871996232745e-01
2.464880623878228094e-01
-2.590619923070185959e-01
2.384831704891038906e-01
-1.802171575110402685e-02
-5.402123742139218476e-02
3.952330187038655129e-01
-1.539127793289712942e-01
-6.710827717107667456e-02
1.716366952611123736e-02
-2.925546792292352954e-02
-2.307026793634724959e-01
1.862704728754124850e-01
1.307158865172163287e-01
2.099215636534515483e-01
1.799242144544963007e-01
3.745808277060409114e-02
1.453629045218750859e-01
5.051099357824487268e-02
2.300309412082337246e-01
-9.899417659934142688e-02
1.528982755837347551e-01
6.873261784533446495e-02
3.048952086320104171e-01
2.700113018998926556e-02
1.203070817510106805e-01
-8.147643057293128821e-02
2.173158067625660106e-01
1.560217246934975099e-01
-2.577886172858102620e-01
4.977181815645503882e-02
1.355116028715585841e-01
-7.815542356809866698e-02
5.717487809907193658e-02
-1.292778996340136488e-01
3.921359737578810484e-02
2.070428350001873308e-01
2.086194051323717602e-01
-4.951909080434892946e-02
1.457664447526748619e-01
-6.994271480721163219e-03
1.808871709306709985e-01
3.298787250041038677e-01
7.491389002731936586e-02
3.227970541126669590e-01
-3.197038620489218302e-02
-8.239435429387635679e-02
-2.204782210107832652e-01
-1.814950691888465306e-01
7.182939266946716805e-02
-6.090171823279935670e-02
2.157262546840575390e-01
9.012088179190227977e-02
1.626763825950795217e-01
-5.983327079012101812e-02
-2.469297910171526500e-02
1.784890254251374764e-01
3.039374829210331197e-02
4.647333753742556306e-01
5.736386994008740858e-02
-2.390225492060487344e-01
5.322947833529172862e-02
-1.103094202821476438e-01
-3.829051537468712574e-02
-2.928831768555472531e-02
2.396324212412195009e-01
1.866519310270144116e-01
-3.521586128524822890e-02
-1.280069296212064667e-01
6.074859265978321127e-02
-2.378966113694966078e-01
8.557538896134095699e-03
3.431800876247227405e-01
-2.007833900748812461e-01
1.286975090681312384e-01
2.143092112543895644e-02
2.651430396338904649e-01
-8.521419507903875423e-02
-2.062710155508576948e-01
1.399016527783337460e-01
2.972235189351840612e-01
3.156144075057895071e-01
-1.692799638031405596e-01
-1.460668857918612507e-01
-3.971972227515573883e-01
2.969240937032534000e-01
1.794537367533422662e-02
-3.220916745681020599e-01
-1.209999100768342217e-01
-3.657391196959920432e-01
-9.801170086633412271e-02
-2.111272825632432015e-01
-5.001357678790394057e-02
-2.592341028120434543e-01
-4.647969318007276196e-01
-2.736253314727508101e-01
-1.657389927952427067e-01
-9.594406478626922585e-02
-1.130785265996457345e-01
-2.824906494250216671e-01
-4.183315396675887921e-01
9.761189746820929380e-02
-3.582803207431580622e-02
2.441377558114876389e-01
-5.564581738835987917e-02
1.915891607422925969e-01
-2.219144957564007092e-01
-3.656310587550545832e-01
1.844540733692649759e-01
4.660547874382595102e-01
-2.531584255121741012e-01
-3.300522460948348558e-01
1.377453637574456990e-01
1.290742362233620322e-01
1.001265384097307365e-01
5.430612997848757173e-01
5.125279431909537248e-02
3.912257264143128091e-03
-9.176878731597941374e-02
1.141983783034933725e-01
1.937436893424816509e-01
4.180584525794080464e-01
-1.643806610314864636e-01
-3.627104294160041764e-01
2.604606149223056069e-02
-1.619789561275929990e-01
-2.025621412813622957e-01
5.601348922271045389e-02
-3.341207811043924725e-01
-8.239031900044604950e-02
1.457758894254400084e-01
-1.112331341417484160e-01
7.395722487331045369e-02
2.257020409907077030e-01
4.499717246577445984e-01
-5.057371288314066460e-01
-7.739914743238904271e-02
-2.077420714191529488e-02
4.249537196122606386e-01
1.850748450908394349e-01
-1.871089774238043901e-01
-2.461566725033503822e-01
-1.123446783579614833e-01
-1.756417266113926845e-01
2.006443456832790462e-01
-8.049656256662016118e-02
1.055857940748848034e-01
1.644410122274350405e-01
-1.917447594109712716e-01
-1.646968974222760562e-01
3.663358259327819111e-01
2.086027069339574935e-01
-1.277306581493751758e-01
3.996988119496794889e-01
-1.110736753970258638e-02
-7.005073715893912756e-02
3.053888322678800504e-01
-2.885820182302657744e-02
-8.240465711843535102e-02
3.837821401101913776e-02
-1.052635984173274503e-01
-2.697096837685225013e-01
-7.962684311937014148e-02
-1.309034403601630481e-01
1.672658071611085873e-01
7.190293029910929667e-02
4.145993624283946244e-01
1.926175284014982614e-01
3.418524368706560845e-01
-1.694923048031323209e-01
-5.490512681209352291e-02
1.640434864252547920e-01
1.029626070007789856e-01
-1.653568469615919745e-01
2.441845505207475564e-01
9.094537956306020243e-03
2.119215663791019777e-01
4.266194566783054754e-02
-2.672517578021276208e-01
-2.091366262385028485e-01
-9.407256681946217503e-02
-4.085464051535332430e-01
-4.657033913603568775e-01
1.218584131765391293e-01
-4.435590872749924779e-02
2.285118761880927385e-01
-3.199559376313498293e-01
-1.676620371867962589e-01
-2.117151144835802135e-01
-2.486784094336259021e-01
3.654834190189171772e-01
4.371050954395232502e-01
-1.166801194119295171e-01
-2.374779275727214312e-01
-8.872492026878489590e-02
-2.740258089294427823e-01
6.821683054488847375e-02
-2.255669040553755778e-01
1.857505309628398604e-01
1.681190229875835496e-01
-1.107465589795333522e-01
-1.025579646302033632e-01
-2.233805906245495965e-01
3.096701281758946767e-01
-1.212944722262890296e-02
3.325398895630440887e-01
-8.546906184976227339e-02
1.124794554088357768e-01
5.826811241941678987e-02
2.393450639200732089e-01
2.601191622386183067e-01
-3.019032853849838993e-01
1.827087897143343243e-01
3.088633895966088061e-01
7.066724823436275338e-02
9.197989134182174217e-03
-4.553146119103665401e-02
2.352242926506497092e-02
2.447471251235787959e-01
-6.976307141674246981e-02
-2.123190797456795398e-01
-2.030293598151070023e-01
-6.907956723779488939e-02
8.327099174349308908e-02
1.628863612480434542e-01
1.178954174849361214e-01
3.132124112812982863e-01
-2.045763995462046292e-01
2.843859707998892539e-01
-7.034926238231713203e-02
2.416853857083449131e-01
9.907204511486315812e-02
-1.894516321589106711e-01
-3.029485623157550656e-01
-1.794817615163036006e-01
-1.422802808254022833e-01
2.775498224296410812e-02
7.785432026735128463e-02
-2.483488428259232050e-01
8.841148021773014010e-02
1.946336900256872560e-01
6.601958769851199067e-03
-2.458336862239127452e-01
1.944560255291754025e-01
-5.042337286324261036e-01
6.498103767888370463e-02
-3.086186523859654751e-01
-1.860240738448204201e-01
-4.228438203277096186e-02
2.549485556026093724e-01
-2.373762267124713554e-01
9.700164957151628797e-02
-5.195523644952036724e-03
-3.612864238896567604e-01
1.735110159809863384e-01
-6.671663138948052962e-01
1.593025617262897320e-01
1.951981414616031918e-01
-2.400948892809874058e-01
-2.813826512634442500e-01
8.289636331084326848e-02
-4.519693948060708039e-02
1.967730143701962309e-02
-1.095929722392708361e-01
-4.445168851882290162e-01
-8.422331155780986289e-02
7.109477167782203288e-01
1.112063079613319905e-01
9.292687283017955768e-02
1.118976138935434267e-01
4.886285556887152159e-01
1.768448751701205413e-01
-4.296311982874029267e-01
-1.571490259709341919e-01
2.039102547424928580e-01
-4.215759547439063559e-01
3.375879914010507798e-01
-3.108796289985621061e-02
-5.672697858891814771e-02
1.559272750477360969e-01
1.691642126207652114e-02
-1.231422346028642895e-01
-6.809756340539928343e-02
1.620290946971529034e-01
-4.007113349708648492e-02
-2.152456482860674036e-01
-1.357261188803250175e-02
1.582044276276483585e-01
4.721703014210483496e-02
1.216053872832100619e-01
-4.029980207848658513e-01
1.558858011005706534e-01
-2.395161375457778019e-01
-2.653941669853126517e-01
2.390492817571064077e-01
-6.622156546567159463e-02
-1.867788046247734757e-01
-1.025791973529079915e-01
1.724131006116031151e-01
-1.128171070126090941e-01
-2.730069322554147526e-02
3.985384938227904406e-01
-1.107747724090125813e-01
-2.800342462279350464e-01
-2.291963982839016201e-01
2.232616993727558341e-02
-2.928205916000223286e-01
4.923726913893534118e-01
-1.421251746495336143e-01
1.052196528618055960e-01
-5.048666612517952595e-02
1.590617718591514351e-01
-4.513516756106562555e-01
-1.665756400521937741e-01
-4.909174749822212830e-02
2.301852141813401920e-01
7.537736760982399753e-02
-2.196969756810175367e-01
-2.160035367708099119e-01
3.450168061491147298e-01
9.026887379908266063e-02
-1.468662448257564146e-01
1.348120416932264143e-01
1.352753505727946615e-01
1.867574155704921357e-01
-1.227465324012340514e-01
2.036060968601848820e-01
-1.143421767896662111e-01
-2.958929815617002655e-03
-2.442862768591312905e-01
-3.149787857533198343e-02
1.588984527131004076e-01
-4.777224336727707577e-02
-7.855109483540187454e-02
1.671741668392237590e-01
5.505608231043711276e-02
-4.131445704243537353e-02
1.623629138260070659e-01
1.998345809963117392e-01
1.539114833749951061e-01
-3.810706140073575887e-01
-1.836245742844872519e-01
5.564477476165886616e-01
-6.965663245158860983e-02
3.227118687054766899e-01
6.402114050705430826e-01
6.284564444727069876e-02
-2.840288660524157086e-02
-3.310206978445127124e-01
-3.473447804100639885e-02
3.249545028950576479e-04
-6.965433220655874169e-02
-2.532122531089118778e-01
-4.501403445363363898e-01
1.721256566503189811e-01
-1.029689168612124978e-01
3.427414481689752823e-01
-4.112830945071487831e-01
3.052886617778499678e-01
1.524243390795932719e-02
1.789657208702559732e-01
-3.639513172554834086e-01
-1.070562975946543621e-02
-1.182748401183597864e-01
-2.090013903040284782e-01
-5.442168012827909573e-02
-9.614486849720616998e-03
1.325061164800048208e-01
-2.753650895664343581e-02
-3.331838252050238203e-01
3.630429447131774401e-01
-1.064888044866026465e-02
1.842663434524287602e-01
2.845998246861634051e-01
2.137837535878568673e-01
2.069231141403298779e-01
1.255803846404248136e-01
-3.398675148515717948e-01
-2.463850829417533472e-01
1.851024297209082417e-02
2.780943932231179083e-01
1.280987585342899249e-01
2.996586637303941814e-01
4.979327512386311737e-03
2.815816762169869730e-02
1.813406158743863794e-01
1.226276403154728974e-02
2.852571618491316352e-01
-3.074529130411729830e-02
-3.182745093307778883e-01
1.909254898880834769e-03
2.680604456553576376e-01
-2.417435555238436548e-02
1.073532850400409772e-01
4.089285330730343393e-01
3.673425586952467903e-01
7.258580079377013883e-02
2.970999215101400304e-01
2.090481084552401059e-01
1.078581575738536691e-01
-7.650398984186559947e-02
9.199222426031872235e-02
-5.225166791215696271e-01
1.214367491624835232e-01
-5.221481158458475547e-02
-1.379264696697478088e-01
3.191898056167118969e-01
-1.816900969882364603e-01
-8.083962942051421338e-03
-8.759271898782602928e-03
4.488320716563135582e-01
-1.865974920516794144e-01
-1.238298422453976838e-01
-2.519637136976766723e-01
-3.966245712356459285e-01
-1.093965809135522965e-01
8.281448370439419004e-02
-2.176234126808973823e-01
1.595797936041549459e-01
-2.560574400478923818e-01
-1.705393205495528974e-01
1.440145054546940195e-01
-3.379003499426109780e-01
3.988615735270023555e-01
1.183642287693745798e-01
2.212591137792189744e-01
-7.463391977905782237e-01
-1.601465262465276151e-01
4.293053951165270304e-02
-1.439540731953868336e-01
-6.516282946950287258e-02
8.625556044945761891e-02
-1.086321487753161008e-01
-9.013911298225507629e-02
1.977038953666529486e-01
-3.747831285460239553e-02
7.623316174806807344e-02
-7.715754726060063129e-02
-7.367352236876528737e-02
9.319268806901141733e-02
-2.166002094537787873e-02
-2.514907081256565480e-01
-3.444771842608529422e-02
1.362703735452086007e-01
-4.817649526493127110e-02
3.602398442812349694e-02
1.527828454984433704e-01
3.545252406680792778e-01
1.945585952507320956e-02
-5.589283154408010157e-01
-2.192535109977202523e-01
-9.609044525407034465e-02
-3.502019434656553631e-01
1.068177836379287510e-01
4.681503706383500218e-01
-2.762299572318285823e-01
-2.553760976991913401e-01
-1.998179519969919826e-01
-1.721670112975490774e-01
-9.646556468518754923e-02
5.428515848904277297e-01
-7.097733359491956336e-03
9.639371841547240971e-02
-7.358698792594162152e-02
-3.223767014770464456e-01
-2.205980872543163995e-01
7.024809457327180207e-02
-4.050044178599907646e-02
-3.129143588842044910e-01
3.516740484545327616e-01
-4.117568236929126102e-01
-3.341053941695210083e-01
-1.578557616377140038e-01
1.108805092548284521e-01
2.438139053324234473e-01
-2.753898491637559939e-02
-4.845461786173984042e-01
3.599134325301459048e-01
-3.381144359184632409e-01
1.050467778880005837e-01
7.768435420346453402e-02
-2.585105343243614406e-01
6.767084457060680569e-02
-2.020162836857147468e-02
-6.922380601517309773e-02
9.761962735993133522e-02
-5.726678038426293027e-02
8.118745335997243351e-02
-1.613917310677136230e-01
1.637372234643471036e-01
-1.319764009688426942e-01
6.815880155038064880e-02
-2.360290909451558117e-01
1.491602561089875600e-01
-4.933297893708454840e-02
4.595803727127134031e-01
-2.496350979413690940e-01
3.258642283285805366e-03
-1.694797055767788829e-01
-3.775991465166856909e-01
-5.716726222296203246e-03
4.838143836049666607e-02
1.021959879405763688e-01
9.044406415802273835e-02
-4.775042433936031727e-02
-1.365868492713102622e-01
-6.979931650424012202e-02
6.711306893314535060e-02
4.362797678889259179e-01
-2.234094442486014853e-01
6.101637241109132692e-02
8.085090325194893568e-02
-5.876684768108979967e-02
-1.870579636869029727e-01
3.932612858080056228e-01
1.843452250297187567e-01
-3.766016894796802433e-02
-3.546584950038097345e-02
7.217322272997789279e-02
1.590873777745787088e-01
3.033940769343464461e-01
3.089159670749882514e-01
-8.552643172013930928e-02
-3.127375838119826612e-02
2.547442103557330251e-01
6.207401476140426283e-02
-2.168125979243306634e-01
2.208019204950761871e-01
6.492988856977535694e-02
8.741540140952579196e-02
-5.598502263485337638e-01
-5.853126092741207931e-02
6.824951107941500117e-02
-2.410893043289349391e-01
1.218949646610314880e-01
-9.326631226808020439e-03
-1.054058480690599486e-01
2.138559010139891303e-01
7.544480475318510182e-02
3.659455409984238572e-01
1.358384244651831552e-01
1.381744441448863325e-01
-2.520166954654468050e-01
9.538509087012372878e-02
8.140254680941930165e-02
7.187673657455125042e-02
6.742517636350202348e-02
4.909487302931690444e-01
1.674275069614384048e-01
-2.086078868172465128e-01
-3.163803435302860873e-02
2.858170841984734589e-01
2.062498905930348903e-01
3.223493085317836182e-01
1.782470579406861544e-01
1.626090093576537318e-02
-4.024583904951190005e-02
-9.642509012058302076e-02
9.642559229302979928e-02
-1.142426928216189325e-01
1.911551502663103308e-01
5.591341506437502024e-02
-5.519120425087824938e-02
-2.939401517988254539e-02
1.569502311332980071e-01
7.083205733513055213e-02
-2.622563000693950430e-02
5.297949578700404671e-02
1.359789285047153795e-01
-3.426356399875870040e-01
1.650794267757614286e-01
2.097341950188185977e-01
-8.580883977440586022e-03
-1.850133475922615678e-01
-1.009437327106759430e-01
3.579325747471175795e-02
3.526579663737667292e-01
-2.917394359868257236e-01
2.634458961513759176e-02
-1.617936675824502984e-02
4.414211930844713638e-01
-1.378692017669495007e-01
-1.870378237533777133e-01
4.940597947576914062e-01
-5.615444750164832327e-02
-3.359439838131796779e-02
-2.171313934049699454e-02
-3.971940229886947726e-01
6.924601646906018704e-02
-6.116226846145602636e-01
3.919910386234701227e-01
-1.923936239513604207e-01
-1.107417894677682479e-01
9.859346568404049604e-02
-3.589494470719385433e-01
-5.806278626727463810e-02
2.111801151986039127e-01
1.234881082153453796e-01
1.949330655575812754e-01
-1.091847980583959821e-01
6.656663939472297342e-02
-3.724238767324100086e-01
-2.500073617967930040e-01
2.534660477532080236e-01
2.843495805475410587e-01
2.127291072989377467e-03
1.400675136019607220e-02
3.663306765599493864e-01
-1.074434376925139656e-01
-7.068133667919643086e-03
-2.470286985542195779e-01
-1.929804307937665886e-02
-1.428744182677545993e-01
2.789728203992856148e-01
-5.157761111090226891e-02
5.436635507012442803e-01
-1.489338062889402833e-02
4.135927765720304738e-01
-8.059394785630771829e-02
1.691439955187256095e-01
4.211977870986579053e-01
-9.144328453784042465e-02
-1.486913793509381798e-01
6.010753925894570665e-02
-1.490022902277240296e-02
1.350125115961163247e-01
1.246051833801228859e-01
-1.943818024445370662e-01
-4.245646265436670702e-02
1.559556058139418590e-02
5.180294084081010775e-01
2.193998319941820319e-01
-1.058882373735005877e-01
-8.615033362506024570e-03
-1.846732834625155473e-01
-2.678134678727585594e-01
1.163465552978284051e-01
5.239995683830157569e-01
-1.579570793826664821e-01
2.532180512895434998e-01
1.577232763018876494e-01
-7.479098718808839530e-02
2.189559353162656014e-02
-2.192829567778240007e-02
1.417709947406236015e-01
2.505888061051864124e-01
1.271047546589057220e-01
9.963845663295921307e-02
-2.975676062837534497e-01
1.830490986034925271e-01
1.861613835646465931e-01
-5.329633696843049107e-01
-4.861678768642841986e-01
-9.397145289526867562e-02
4.993706217116149898e-02
2.375249435017293687e-01
-1.447170439787466290e-01
-1.223163122640430894e-01
-1.363148069342513535e-01
-1.082207675623420018e-01
-1.906893320793328350e-01
-1.353255946615250505e-01
-8.487903168162867773e-02
1.404126160211275343e-01
-4.897875066769941665e-01
1.036240034827612816e-01
-3.687536448952297152e-01
1.436976149520208801e-01
4.264773988912797659e-02
-1.898919893810902815e-01
-9.836588532970946819e-02
1.823142674901227223e-01
-2.148777757551751932e-01
3.380114909855537753e-01
-3.428913759033607178e-01
1.009814319018766393e-01
1.733745949129704145e-01
3.152382059350061771e-01
2.263465607912724387e-01
2.192254582422512865e-01
2.578172173663905165e-01
9.224336957161885509e-02
-1.066873464325339832e-01
5.441606353923519324e-01
4.241754459305001612e-01
-3.965525973816548810e-01
1.841517118494319094e-01
-2.392763660704895767e-01
-1.568964935561339702e-01
-8.449736239548169547e-02
5.384675178348462543e-01
7.552475018576232380e-02
2.919635896817529552e-01
-1.040825518990643878e-01
-2.104190394369052919e-01
-4.528539999448042384e-03
-5.408206564052733811e-02
-1.013046235329411043e-01
1.159803945861817009e-01
2.609365848786798434e-02
8.757579885202107506e-02
-9.732204293375358237e-03
2.627069374052580786e-01
7.807071903148585235e-02
9.972296888343576415e-02
1.365990152616442521e-01
-2.166771968580028795e-01
-1.397177167394137443e-01
-2.735927986345739193e-01
-1.044140646802612371e-01
1.351273883358583734e-02
-1.148961101890622616e-01
1.141366976790898491e-01
-5.931714456698111444e-04
1.994623386975871993e-01
-2.466328807030354620e-01
-2.919497586106322151e-01
-3.364287564279601628e-01
-4.695207488400127693e-01
-7.149590710208209021e-02
1.840290621512132296e-01
-2.483042636353519628e-01
3.386601526642671889e-01
-3.522319588613248009e-01
-2.026982941750158085e-01
1.655131133552780465e-01
-1.624493856104785583e-01
-2.701676926070232243e-01
9.129300195389006278e-02
1.248435350754437262e-01
2.875769462914066765e-01
-1.840605560641931371e-01
1.364171739640452352e-01
-1.139339711611781769e-01
-4.982075106789428387e-02
-1.826445555118364483e-01
-2.927736926817020024e-01
9.937911856184536430e-02
2.811461989550550489e-01
1.071058352062697339e-01
1.086009139029213699e-01
-3.400013367078491555e-01
3.558642944536031250e-01
2.221384665433564776e-01
-2.555063594566942542e-01
-6.071180990454706078e-02
-3.518976330101556416e-01
-7.000632628668972124e-02
4.257594923710597556e-02
5.183072546433495353e-02
1.551878614234046272e-01
1.115443549293192865e-02
-2.090569014739366571e-01
-3.167236557976260136e-01
2.487716163361849420e-01
-4.785606828735254892e-01
-3.457211499306624414e-01
1.060957188598531387e-01
3.725208984782021338e-01
-2.819706683424641480e-01
-3.081046345493169691e-01
7.651304059958452530e-01
1.343565276759986771e-01
-2.328527507236516358e-02
7.905613994878482598e-02
-1.423538668496593385e-01
-9.899419824489236186e-02
1.009857757808363815e-01
2.593260877432124190e-02
-3.990770276726883781e-01
3.171465589281353692e-01
-4.196852910234652456e-01
-5.034143023217915042e-02
-2.752576821928548467e-02
2.641838743293669634e-01
-2.457476628188281359e-02
-2.447802507318622423e-01
2.498345285974326591e-01
-3.742324664481557761e-01
4.459325056049914249e-01
2.638825599642146691e-01
-4.507672344493249827e-01
1.966462374500980992e-01
-2.859628923817025270e-01
1.598239335069592815e-01
1.718148903296116622e-02
1.489145019705583328e-01
-5.828809901905432356e-02
3.271623033918190093e-01
-3.054464736863032326e-01
2.065172437323339882e-01
5.367926511416858393e-01
-8.245162646376383297e-03
-1.685963704288214182e-01
4.828731553629461715e-02
8.390925635873279498e-02
7.347779852881380913e-02
3.759053099065648440e-01
8.518931726597732401e-02
3.649785089475260924e-01
1.108845062042987384e-01
3.152674028924368904e-02
1.161394563772816524e-01
1.672115196258686654e-01
-2.721794755929461407e-01
1.748200407615725302e-02
-3.577463319495644556e-01
3.151741989736017158e-01
-8.120860425232449831e-02
8.378150872698972296e-02
-1.210643970376360512e-01
-4.765924437310596340e-01
1.583770895237206489e-01
3.405258894540288961e-01
-1.613930946620361906e-01
-2.633654216533302117e-01
-1.269471990737453815e-01
1.698492149621929070e-01
1.390143111115335062e-01
3.868552779034134526e-01
7.732915764151709892e-02
-2.020482762386430556e-02
1.143477131530516999e-01
-6.000030106463512952e-02
-1.063397401943843579e-01
-3.023392221486637110e-02
5.088143433673905092e-01
-3.690703004490149541e-01
-5.221289314723696062e-01
-5.298398790276207526e-01
-1.721978789330135540e-01
-2.643145380553180712e-01
2.030291288360466517e-01
1.108467834368071225e-01
-2.945675210834039492e-01
-7.944737638805423816e-03
1.264831652010510454e-01
-1.152966073075325643e-01
3.965989941275221975e-02
-1.181853667041479761e-01
3.473741815597194416e-01
-6.575440805193652483e-02
2.500421833587517240e-01
-3.364075358733070176e-01
-2.729338036303566306e-01
-2.077431831017747255e-01
1.022717418440205889e-01
-2.413165632853824134e-03
4.904053664123912692e-02
-3.804568299402192200e-03
-3.836642236919552557e-02
-3.437138242426950041e-02
-1.052476604842888033e-02
-8.134575388033955801e-02
-2.911420093358447758e-01
3.853489420589333025e-02
-7.265953640140907638e-03
3.875549899814328264e-02
-5.389980614468272563e-02
2.769180029875214707e-02
-5.926038289694390837e-02
2.176299249050805615e-02
-1.756481294126503029e-02
-7.802315505344538382e-02
7.528673954386927436e-02
1.240077243569177590e-01
-2.086602833015277145e-02
3.871132360025996560e-02
-4.996454000999717843e-02
-3.941598469042337238e-01
-2.807370539704501788e-01
-4.859405006692651408e-01
-2.600475800268308713e-01
-5.109581555001562192e-01
-3.405514842674411957e-01
2.122184028647907394e-01
-1.459257429577878462e-01
5.112102637912109282e-01
-1.038754435475880283e-01
-1.634623115070997224e-01
6.054815404185075467e-01
-1.124567740583009290e-01
5.693626273390055281e-02
-2.652905770344259895e-01
7.582660982089520219e-02
3.707134147392371903e-01
-2.019308610785975899e-01
1.431425611388186803e-01
