1.562015348353411381e+00
-5.109659258212777555e-01
5.952613617525791961e-02
-6.898709693751273186e-02
1.225321982749009581e-01
8.989436347212460543e-01
-3.060473435797348429e-01
-5.421250998163686941e-01
-3.680451822247160498e-01
-2.255376994323238515e-01
-3.261953988270951399e-01
3.751310436922601632e-02
-1.709843948917877110e-01
2.274383764180818723e-01
3.317067789736911076e-01
-3.865943499010155437e-01
7.574358713026737577e-01
1.384895269309185828e+00
2.216015044491528307e+00
3.974190771437257630e-01
6.822796183501270151e-02
1.456231491149477530e-01
2.125541560321101142e-01
-8.030256260680179725e-02
-9.752539483671369969e-02
-1.257333952465127247e-01
-2.569957434274497410e-02
-1.442178042706289409e-01
8.105161306480811179e-02
2.109421704665391251e-01
-9.317318281070144370e-02
1.092939681776076810e+00
-2.693505344717020064e-02
1.237191357154767274e-01
8.156116473993392513e-02
-8.829350575299206583e-02
1.255996065380345916e-01
2.903186149211053890e-02
-1.215065424118030729e-01
6.975078305023335590e-02
-4.185660060391219184e-02
1.543093198203152883e-01
-2.277906941882524849e-01
1.201637519783827074e-01
1.761147731855519649e-01
-7.858957823568117618e-02
-1.443119880252940190e-01
-3.874170018823057671e-01
-1.397553428196939007e-01
-4.666737248013343997e-01
6.273955613853503532e-01
1.422666103429900408e+00
-2.163780176951276418e-02
7.149364800692051269e-02
5.777319652491934993e-02
-1.779002241895794589e-01
-8.566384424805677522e-01
-3.882658812692506567e-01
-1.826792306845513192e+00
-5.208780635825867034e-01
1.338238803489463224e-01
-2.863028162427929124e-01
3.101862625472449064e-01
-5.589645384712081944e-01
1.767121027220607821e-01
-2.662514312929299964e-01
3.410227574647568816e-02
3.173795227127251262e-01
-1.146211840925339676e-01
-1.535939431014615164e-01
3.546964337655511557e-01
-2.652843524670555064e-01
1.653589191241305878e-01
1.982836636766574512e-01
1.712311456980057656e-01
2.368487611329888470e-02
-1.031083964703918138e-01
5.160399385004395267e-02
2.740482894775618239e-01
1.097857602996339665e-01
-3.105483596334267515e-01
-2.901247358407680332e-01
1.903559087846030118e-01
2.971740059608073414e-01
-3.506994831421480496e-01
4.283640352646166383e-01
-1.427561803487660541e-01
-2.459576144682670135e-02
5.814911730632262715e-02
-1.999023325553656583e-01
-5.036823747576939514e-01
1.660167366989056814e-01
-1.700846629557626888e-01
1.752104434909868003e-01
-6.037049323146869151e-01
-2.854492951990403871e-01
-1.793593179952566660e-02
-9.776093521159781585e-02
-1.908588688605368511e-01
-3.197859428237470047e-01
-9.122797921737851867e-02
-7.647438642944212606e-02
1.078979449474891800e-01
2.025868782690086467e-02
-6.016274850885628550e-02
-3.222296481654202821e-02
-2.933019778743162220e-01
1.217084859553738130e-01
1.508003698195418130e-01
2.726992319870813475e-01
-5.736075747055959795e-01
2.003100899113617051e-01
-2.873734616070371395e-01
-8.283686853034769038e-02
-5.250614312108341925e-02
1.911012503422477582e-01
3.556633977183871753e-01
-7.394946472120987602e-02
-4.615368093264050064e-01
1.565277406974255880e-01
-3.197030177789655925e-01
-4.014539566525544834e-02
-3.687657856995135708e-01
-2.601638205164258366e-01
-2.932045907684123209e-01
-2.925341772804529450e-01
-1.839314037042568406e-01
3.549910674837953306e-01
9.054079586975910532e-02
-1.155898858126884476e-01
-2.135159085026704928e-01
-2.173393727172413803e-01
2.042218588194068957e-02
-1.186703682236372459e-01
-2.072306117331003672e-01
1.337059193394496970e-01
-3.453828928909918328e-01
-1.318793089526991702e-01
3.422470072795474327e-01
6.989560521246163116e-02
-1.264823332212941520e-01
-7.748554787663562704e-02
-2.512174027006033317e-01
-4.732212205615721756e-01
-2.978011075103452199e-01
-4.576277447407511301e-01
-5.003039878157604647e-01
-1.733167122082588107e-01
1.982290595127863819e-01
-7.049101283413899965e-01
-1.381605312698673815e-01
-9.261232248599129968e-02
-2.252038188511640837e-01
-4.484547275270462513e-02
5.781136795041507126e-01
-3.355263514645631662e-01
-6.129210256793049538e-02
-2.882688103191955453e-01
-5.072056313955377455e-02
2.117747592390190059e-01
8.674786449134960775e-02
6.386516531280214681e-02
-1.532870122149697645e-01
-1.498272323091291713e-01
-3.384260699017991453e-02
-2.507967987793874864e-01
4.796354012916226872e-01
-1.547186416930597108e-01
-1.015542740173175362e-01
-5.921252362458571117e-01
-3.089381647042541701e-01
4.006507700001720740e-01
2.167292510841388464e-01
-1.421231597718008444e-01
4.655622538072974326e-01
2.468412773786244074e-01
-1.439900726849152879e-01
-1.090185348529715409e-01
1.072290550497305706e-01
3.747126724447873425e-01
-2.043335252724923223e-01
-1.089262815083443386e-01
-1.721865334973799178e-01
3.037320176724978005e-01
-4.436884664746155726e-01
2.913524946409388749e-01
6.402036197616724211e-02
1.073846907470717843e-01
1.113757892039397152e-01
-4.171447879881227949e-02
-1.636860111251239869e-01
7.061078099997514235e-02
1.070367601375213640e-01
-3.532801663437871720e-01
-2.444971689446438778e-01
6.036346969099633947e-02
2.079853167248695844e-01
-1.288272119303903174e-01
-1.443747634676517122e-01
-1.975071209455086518e-01
-7.789090202284883538e-03
2.443058816302222103e-01
1.390324993997489600e-01
6.143389161024311873e-01
1.527769446966583677e-01
8.682316141047639879e-02
-1.456140699631445490e-01
5.534478649594606198e-02
2.355237708548298392e-01
-1.274596597871097969e-01
1.009718176358856828e-01
2.401638527340179685e-01
7.845304733923477714e-02
-1.234281029111319455e-01
-2.704341188522261796e-01
-1.895450530169891235e-01
-5.435700687634162365e-02
2.417110026960736791e-01
-1.381292473897688944e-01
-5.395951486456313645e-02
-3.667557019110043171e-02
-1.745803019015486346e-01
2.398567446181136265e-01
-1.461478752286568105e-03
-8.181091834920795058e-02
3.798972664186198167e-01
3.689959547434434883e-01
1.725125128069476821e-01
4.558398386758368698e-02
2.101198213524670677e-01
-2.919911222706359499e-01
9.276313978588478226e-02
-3.290210362697446739e-02
4.301809765898026994e-01
-6.768548491508814824e-02
-2.373441229577513134e-01
3.505971144935757233e-01
3.973954362213296676e-01
4.866305886073938880e-01
-3.666021740050249833e-01
-2.192774050912137673e-01
-2.647175868526757125e-01
1.751580530890241849e-01
2.648287233032190491e-01
2.123593119486763825e-01
2.184574700534717695e-01
3.676783422927973333e-02
-2.351473863448980128e-01
1.300371526598617655e-01
3.583587686826496532e-01
2.820124859330993411e-02
1.046346424602190156e-01
7.831141551008370671e-02
6.812827748058097876e-02
1.152357045468387076e-01
-4.286884314635796001e-01
1.694418185434082569e-01
1.784758062994369066e-01
-2.094970893721953553e-02
-1.248485649021549709e-01
4.106233379539335759e-01
-2.011467386815704861e-01
-4.282937553268033049e-01
7.025875283031507434e-01
-3.484190998635628561e-02
6.653480604084944794e-01
1.066513693827345205e-01
3.373630083034715454e-01
-8.529815900597481626e-02
-5.632371004872626097e-01
-1.577402585064411333e-01
2.414294282646804457e-01
1.477899035194636390e-01
-1.533226603292537071e-01
-6.525538884057404676e-01
1.943834522175261204e-01
1.461473167429494791e-01
-3.528630724459659862e-01
1.448245292982443533e-01
7.113869146626775053e-02
1.721626855584696969e-01
1.780946254226270786e-01
-4.603079513890059316e-01
6.833002423002791925e-01
1.107275664959516820e-01
-2.874389658291943636e-02
3.037193646005409420e-01
-1.530635154195078840e-01
2.871177469377840796e-01
3.903761674301582940e-01
-2.498761520998958319e-01
4.345367210419709969e-01
-1.733731576916137940e-01
-2.497840412207662231e-02
-1.920475548166639124e-01
1.597189434023921772e-01
-1.052320130115416974e-01
-1.049331264835424160e-01
1.389949184587369324e-01
1.653450373707305576e-01
1.412868169772785176e-01
-1.524172769347539869e-01
2.388732878224980871e-01
1.216219548382304200e-01
-1.438504452422816327e-01
4.080863608541371312e-01
4.969290358438142180e-02
2.161036838418066708e-01
4.023172946826196750e-01
6.218647284401601638e-02
-2.048419775757289174e-01
-8.254820958170268341e-02
-3.341031113567566324e-01
-2.640087934298217531e-01
-1.258786532538559710e-01
-1.949032697087186433e-02
3.295555958405348984e-01
-2.519681189153012979e-01
-9.386323864772774458e-03
-2.220201299228911906e-01
-4.686178211566883328e-02
-1.628546727481523793e-01
-2.464515403304201602e-01
-3.293804406082252445e-01
1.922862246751350437e-02
-1.988902773246885580e-01
3.999048398682420458e-01
2.748955665925525635e-02
-2.229122799946557376e-01
-8.954264535702459449e-02
-2.449566475454042491e-01
-6.732373034901013575e-01
2.461284068764282573e-01
2.403803834104971948e-01
1.088939727437892996e-01
6.862908415891261216e-02
-4.916209258929857828e-01
-1.438628047487823525e-01
7.207327771670109240e-02
-3.066364923982683455e-01
-1.001644671692242528e-01
1.069927295103059034e-01
1.772056895339906568e-01
-5.836873353254289354e-01
2.152250236029296659e-01
-1.378035675263983989e-02
-8.029503649001661081e-02
2.279401448404947128e-01
2.952448559416812057e-01
-1.908224735448980913e-01
-1.150841169288331911e-01
-2.474062227615412002e-01
-1.571883620683630078e-01
1.574136521298114544e-01
-1.785721918988349144e-02
3.865372930143053803e-02
1.611620120510997567e-01
2.415170326696486069e-01
-1.218136143654204584e-01
3.101157158211238496e-01
-1.976064409943279476e-01
-1.226955024135570858e-02
4.546921627891092887e-01
-1.689238890352812994e-01
2.534115974085071263e-02
2.039437334858152651e-01
1.307608504934562321e-01
2.162636333842009040e-01
-1.202721687208150730e-01
1.981956192195852007e-01
3.116655401501878808e-01
4.039959111619904619e-01
1.684802055034308743e-01
2.170655297948786422e-01
-2.729319676398080929e-01
-7.374840113304977074e-03
-1.871622666954800285e-01
9.349529163742194282e-02
2.747766379778946444e-01
-3.734790514247087745e-01
1.669794245991768344e-01
9.207622319254259169e-02
-1.599555635801291897e-01
-5.228067459252164761e-01
7.706752590161136673e-02
-2.447382396429134965e-01
5.938983753828113166e-01
-1.334214289079873883e-01
-4.148811931269819064e-02
1.462092855315831330e-01
2.833638927133383945e-01
-9.759221202876414147e-02
-3.059908145594310569e-01
-9.944300397784808232e-02
6.194434284712907468e-01
-5.876497575176326676e-02
-2.351436157226608203e-01
-9.713258253858281233e-02
-3.581043724821219437e-02
5.057503280566082449e-01
-3.582228126280954245e-02
-3.441362835894446470e-01
-2.922230004336836551e-01
-8.882954458814655840e-01
-4.870013248277964557e-01
-2.258498111154462751e-01
-1.623086516087929657e-02
-1.063242561242346979e-01
-1.822653432861202349e-01
5.099772554752238785e-01
-2.611247473748541936e-01
-6.048257172451690922e-01
-6.390019712973839250e-02
1.797233324465490889e-01
-9.432221322123120200e-02
1.077912867221675203e-01
-1.446025958520886535e-02
9.830754067173841371e-02
-2.744170990322907233e-01
2.453369053292422941e-01
7.558082679597050157e-02
-2.110584080765376749e-02
-9.825634993358724201e-02
-1.351782913581916823e+00
3.099075744412496322e-02
-5.673807124484971931e-01
3.318162682233226080e-01
-1.099691352542591510e-02
2.187915575791220257e-01
3.080300164656054052e-01
-4.076755596577641971e-01
-7.802099886394141259e-02
5.566118560893436318e-02
8.483630051499070623e-02
8.669423971276890573e-01
5.197720000585097644e-01
-2.187606980821983349e-01
8.070583445420368221e-03
-3.705776425629249138e-01
5.380344950350781641e-01
-3.326262711452781518e-01
3.110179643182380826e-01
-2.502576700174054536e-01
-2.023096952941972337e-01
1.397683689309516253e-01
-3.830520503606030941e-02
1.685352513301156263e-01
-1.196224700172583838e-01
1.532691287098693622e-01
-5.563004757476746470e-02
-1.962454160164815442e-01
1.452106177454074165e-01
-3.259927679142294310e-01
-1.742939945554616288e-01
1.246371815511772008e-01
3.968127691052587835e-02
5.068533921438995726e-01
1.901501302465914423e-01
1.826682350772463603e-01
1.300382296797000237e-01
1.533725939807001060e-01
3.027418617778904752e-01
2.208563419328576222e-02
2.607803657797106989e-01
6.579746908076776479e-02
2.958826967829826793e-01
-3.283824202273350479e-01
3.705080018859421842e-02
1.644764506976741369e-01
-2.556986493840495145e-01
-7.180020381337225144e-02
-1.563467685744527047e-01
-9.757724763299023552e-03
2.113953245774508397e-02
1.630351114540543322e-01
8.420220424293212158e-02
-9.307693266394342912e-02
-6.838099557637017378e-02
-6.630687087927050749e-03
1.521955808603606478e-02
-4.356032572031588029e-02
-2.444654617996556423e-01
-2.189238296700775632e-01
-1.219324427824446944e-01
-5.431117916631026388e-01
-4.034018092706772030e-01
-8.183684841487057215e-02
9.513751289122816812e-02
-3.109075991119690241e-01
5.115563728444748604e-01
-5.314123285379984685e-01
3.242029704174558685e-02
3.450858132394494793e-01
-4.685737809305540874e-02
-4.557348146180611459e-01
-3.112671665054357328e-01
-6.717584662967046594e-01
-1.943005831440284548e-01
-6.386488918828023276e-03
-3.236027269028291520e-01
-1.768947927269003961e-01
