-8.003788308191229772e-01
2.540381921805118237e-01
-3.241680442599975676e-01
-4.277359029565025450e-01
1.448864169052333783e-01
-6.336349340995528490e-01
-2.513064885156344186e-01
-9.541194763073927720e-02
-2.261109388470324000e-01
4.003834331120216250e-01
6.879073263979404995e-01
4.742945903024726739e-01
-3.889215282604646107e-01
-1.326610329395217780e-01
-8.380834353286898963e-01
4.634829773077135673e-02
-7.088554281167160076e-02
-7.958081224639735884e-01
-4.712146931499917035e-01
-3.453571117386469019e-02
2.341964359568191878e-01
4.413912767873452436e-01
2.546240562869822588e-01
-3.309207946066835548e-01
3.389792872456451889e-01
8.277454074835179088e-02
-4.163058378900971190e-01
-1.866316933839012038e-01
-4.677980190558900242e-01
1.699227795262797380e-01
-2.057342539090593891e-01
-3.101364557352553342e-01
2.912483839137586239e-01
3.890229950427358530e-01
4.951432918932202054e-01
7.359510857255897598e-01
-6.523734131244940393e-01
-6.304573598804515955e-01
1.317542631106766171e-01
-1.691733991164638684e-02
8.258054611466336681e-01
-3.395189250012038418e-01
-4.425014016301206388e-01
-1.941549563761987285e-01
-8.718315233419181298e-02
3.506308100438468300e-01
-1.125544952449229363e+00
5.630388606946833130e-03
-2.187107012469479139e-01
-3.970924268238473775e-01
2.141430975640183643e-01
6.788205259233158761e-01
8.775498696144860833e-02
4.646529994980903577e-01
-5.500926159577502750e-01
-2.959597371565538329e-02
-5.017873539804512673e-02
-3.976681732261143631e-01
1.045906189879711318e-01
-6.023957577205015790e-01
1.909165270543158044e-01
-5.164144218079322890e-01
6.109733069469960864e-02
-1.697044374371495246e-01
-2.881504810016757290e-01
2.030661626028938127e-01
-3.921462120139379559e-01
-8.279991930928658206e-02
3.574210619175289816e-01
5.954879799766172876e-01
7.155118589799262796e-02
3.310691919304276781e-02
-7.955090592440644537e-02
8.769407799479762566e-01
9.440420551005790362e-01
1.217042621099756194e-01
-2.852282001802685096e-01
9.634101899604412544e-01
2.004810569855851876e-01
2.929251555180319433e-01
7.607999970871560658e-01
-1.816125857481596870e-02
-1.083346770865513120e-01
-4.827348391227573865e-01
-2.982936871792180589e-01
5.138030481234698854e-01
-3.870341002012862019e-01
-1.628317987718439497e-01
-5.949239157343582107e-01
8.317322352496157520e-03
-6.235656171315123036e-02
-8.921415740679064510e-02
5.904129307394129222e-01
6.270771649700217498e-01
3.842908601345759734e-01
-7.587426120286934195e-01
4.175372769334945722e-01
6.074564264350859055e-01
8.269294092918590966e-01
2.675120838261117739e-02
-4.890718414705324535e-01
-5.104187782097986403e-01
4.040208056862831798e-02
-7.007547228248768578e-02
-4.873016395923745470e-01
-2.884267404354940445e-01
-3.523245298265818559e-01
6.280178574605427277e-01
1.557252081226785656e-01
1.225220226367406962e-01
-2.346610185885781297e-01
1.118536809736677684e-01
-1.367611426867140507e-03
7.391664968513613765e-01
2.127821124844781475e-01
-8.261116435273651026e-01
7.448196696362865965e-02
7.750023468226863166e-01
-4.784824461892677738e-01
-5.225523517406779200e-02
-4.060259670537624821e-01
-2.750128128308715336e-01
-2.014662695968520434e-01
-2.239742232182704573e-01
6.378345917101727047e-02
-1.261144171343563103e-01
2.038867683242488182e-01
-5.893277425216976451e-02
3.632440677493094239e-02
-5.251399925685520387e-01
-2.410532212808169372e-01
1.810158876799726480e-01
-9.313708691329748712e-02
1.630035943679605803e-01
3.633586836981377299e-01
-3.398528447413803333e-01
-1.756719646200903193e-02
-4.113707816693301100e-01
-2.278870340909745218e-01
-3.874426850830165608e-02
1.439979309857330192e-01
-1.221854601650974453e-01
1.188128979305359698e-04
-7.685800502378671573e-02
2.707755984974823393e-01
-5.242907993881917861e-01
3.355710937730260190e-01
-3.695294050558406984e-01
-6.007459637582646117e-01
8.693901991544238095e-02
2.595601610006078586e-01
-1.243422464784872256e-01
5.952290612424152028e-02
1.041066645765028470e-01
-1.661582529967851884e-01
1.494020686914555307e-01
-3.530329037516115043e-01
2.923905992886930427e-01
-8.558441269897534842e-02
-6.048347252441017841e-02
-9.344397597733526684e-02
1.670422258309469110e-01
2.301053359762028627e-01
1.497173719851496165e-01
2.239532367752440911e-01
-6.057538131824573291e-02
-2.403982222113425563e-02
8.167223604702469886e-02
1.198450983514708947e-02
2.644693326032391406e-02
-2.426107117276465053e-01
1.290440634564500866e-01
-1.797038307640104471e-02
9.558685001575380202e-02
-1.193584965701905282e-01
1.382514117296985423e-01
5.513509534153487879e-02
-7.727195654296871441e-02
1.047898618440117335e-01
8.510535641502792181e-02
1.265726749098374515e-01
1.024137849314583036e-02
1.282550509938761296e-01
3.372034913169310033e-01
6.248972741203043246e-02
3.532439837484778744e-01
-1.133399222654592892e-01
-3.472189657039066735e-02
-2.608328259352938883e-01
1.338201251663557745e-01
2.409353933394257907e-01
-2.310905269604815182e-01
4.252867167413885152e-01
1.257545000189063539e-02
3.080721413772336548e-01
-3.133417114605173415e-02
-1.898181419028310002e-01
-8.992149010769030781e-02
-3.167815904248831860e-01
1.679340348294610860e-02
-2.038474681933555299e-01
8.048131588394351332e-02
-3.352249942930089488e-01
3.150454881829018450e-01
1.309943815710296056e-01
1.180600011557923490e-01
-2.902420045504910395e-01
-7.126126335877235041e-02
-1.142292874478796488e-01
1.887113108653143967e-01
-3.203973689328697416e-01
5.682826415547514998e-03
-5.153794339242609990e-01
4.158529263115105790e-02
6.231430556418526313e-03
1.422836046433283430e-01
1.328485632446037568e-01
-1.974646205884323380e-01
-4.295397886148152322e-01
-1.035770837433087066e-01
6.560057660271924329e-02
-9.051411163724873421e-02
1.123470863930255733e-04
2.369769251873051485e-01
2.405637422806544516e-03
-1.210349984228170778e-01
3.337830109185097593e-01
-2.535121364163038793e-01
4.216863912411673021e-01
-4.286733137192674792e-01
7.630641281670003107e-02
4.497072654360163152e-02
-3.880169101415633509e-02
-1.206579061811623166e-01
3.430737636211007024e-01
1.350300178446034727e-01
2.473268272579947150e-03
-3.978905676683076181e-02
-4.961557417590359842e-01
3.419789253108656557e-01
3.031272153900826383e-01
-1.158213347873770366e-01
8.939751079193906935e-02
2.243553043511671008e-01
4.277406832444410195e-02
-3.233674852906787689e-01
1.427577581375366611e-01
-2.528072963401954976e-01
-9.863268347057901897e-02
-1.109532220956672421e-01
-4.429105663620604150e-02
-1.385182426136902234e-01
6.685530013908332070e-02
-1.028516888845271704e-01
-2.169456212754572455e-01
-1.992063203467670310e-02
-8.880811030099722281e-02
-1.029907986992909807e-01
4.938232648484374571e-02
9.118196935204278541e-02
3.050900737256572182e-01
1.835255236576703933e-02
-2.020441972275687295e-02
-1.684944680530358896e-01
-6.651452880051814120e-02
-5.693379677006214258e-03
1.504459857284441704e-02
2.056804841565623709e-01
1.442261435129437719e-01
1.065687408199434555e-01
-1.353035570101738805e-01
-1.627014585142135816e-01
-2.951838130536648674e-01
-2.177166850673856457e-01
3.395762629637741337e-01
1.549629705109650812e-01
-8.126596043639822131e-02
1.733747613198178758e-02
-7.817074720631496387e-02
-3.270120140686249011e-01
-3.922479575090820347e-02
6.848281890837612518e-02
1.949436939487046716e-02
6.466760727909636186e-01
1.654081518098634851e-01
-6.867827225748908415e-02
-1.566958127520467342e-02
-4.750961754458032926e-02
-3.212750566318217649e-01
2.072475607160217115e-01
5.393367300163260519e-02
8.486751551644559910e-02
-1.228666292773105545e-01
-1.331956130053801313e-01
3.334980939753294793e-01
-2.206875773118685546e-01
1.049403611525928232e-01
2.127832542908304758e-01
-1.817925553019665297e-01
9.022322503935946425e-02
4.074059789340229165e-01
-4.192639081778284926e-01
-3.935984998061305140e-02
-1.951132526033273196e-01
3.887669132202207223e-01
2.522995687744624127e-01
1.913776900073072690e-02
4.457358104844085650e-02
1.070834186894505796e-02
-2.272661976883871560e-01
-2.073912845571461161e-01
-7.727699578195554309e-02
2.033533845933395978e-01
-2.122865974774070519e-01
2.512727479655900154e-01
6.087746867521734440e-02
2.044368967542138926e-01
6.108898043900723440e-01
-3.337284795797598180e-01
-6.708055430375843564e-02
1.160059559425521691e-01
1.282756655582996952e-01
-7.390718449118889588e-02
3.867977327727244452e-01
-2.726544322886235161e-01
-5.307270234164397638e-02
-1.034603274857606836e+00
5.451810707627293695e-01
2.725285225051199411e-01
-1.745683432109823296e-01
-6.091385129357557160e-02
-9.306004376112596288e-02
4.707467499353591711e-02
-2.624558311673672595e-01
-2.027613415152434706e-01
2.720674798106397230e-01
-1.686603052284917914e-01
-3.586939542718326490e-01
-2.479336540585199422e-01
5.730982146969209462e-02
-7.177860981613924662e-02
1.119274843517141377e-01
1.392715719490817960e-01
5.872107114537379602e-02
6.226905145097998417e-01
1.049755926377450022e-01
-9.631595019894319265e-02
3.226685325880619959e-01
2.202704975167132373e-01
2.046219039643779325e-01
-1.487973903203201193e-02
2.779903020137787784e-01
1.169589113630220140e-01
-6.805360386331187408e-03
1.249526775619025365e-01
-8.366773260907343912e-02
-1.889739319369507231e-01
1.589003073717748793e-01
2.338828011017203036e-03
-6.808607936803987015e-02
-3.745127156906424282e-01
-5.649074794621569001e-02
-1.668093146010566907e-01
-7.245290472896337430e-02
-1.691277265746641001e-01
-2.596792428493047145e-01
-3.025418756379832375e-01
-2.480377106030368373e-01
-3.861928229703158744e-01
8.238353070021709260e-03
1.232172868390784687e-01
8.377336489860266744e-02
1.644006573591466625e-01
2.129754904300202312e-01
-2.257961223771580428e-01
-2.454432552669734702e-01
9.507601264132395369e-02
-5.073673535925253830e-01
7.592601979622658204e-02
-2.456086368597885372e-01
1.105946024807772238e-01
-1.701594103039679451e-01
1.485991525979392935e-01
-2.418909370369117240e-01
2.072674804689272066e-01
-3.882166480104880940e-02
2.992037822505398403e-01
-1.082823041267942515e-01
-1.302028303081263216e-01
-1.018165052089513474e-02
-1.127606550795953733e-01
1.564862081162581575e-01
5.655492794686734631e-02
4.142965328586434987e-02
-5.781749026225715959e-02
1.497159525994638529e-01
-4.829044975416084406e-02
4.864502847749035269e-02
-1.290606517578689050e-01
5.636696532530951348e-02
5.305051813171471342e-02
4.697770594569881247e-02
1.490585098364252958e-01
-2.357835914493775775e-01
-2.116273151606102298e-01
1.109497493262124740e-01
2.485654406526036087e-01
1.351558203191547958e-01
4.431319021527519442e-01
-2.119121612317413292e-02
-3.929060835929378270e-01
8.762363372204098888e-02
-1.511765602293471122e-01
-1.070550465824099233e-02
-1.813367235151652213e-01
4.405891541266869216e-01
7.856687660096405013e-02
-1.145383600382043551e-02
7.106318545486170479e-02
-8.481493722974921268e-02
-2.486643688394544749e-01
1.697868303738980789e-01
-6.784113019768998887e-02
-9.880158167022207172e-02
-7.148576411011094145e-02
-3.601211667520149429e-01
6.946796584556479137e-02
-5.175456703330297836e-01
1.590855715132749593e-01
-2.437696201178283228e-01
-9.692181657008733242e-03
8.702923278349142255e-02
-2.060884966480948655e-01
-4.404829747832682794e-03
-5.789364622690044287e-02
-1.399984908979701459e-01
3.090304880404143861e-01
-2.758047763936732032e-03
1.752370950845617836e-01
1.068332931318614898e-01
2.733259641676305009e-03
6.017207028886505105e-02
-7.141327930531880808e-02
2.002561030398651576e-01
-7.053076620316267586e-02
1.320055073713585249e-02
3.778307213247935614e-01
-1.960074886224803248e-01
2.751199988177939759e-01
3.458105865432711812e-02
-1.566898382121266475e-01
3.184583666089955273e-02
3.523300881930929024e-02
-4.726243598816310537e-02
-2.306009125425762252e-01
-2.758888640911992818e-01
1.873738673575951197e-01
-8.159990864563031188e-03
-2.456705560523401166e-01
-4.169645491263415833e-03
-9.427733725719501801e-02
7.080655046808158326e-02
5.213521571870079890e-02
2.248442055183607485e-02
-3.302730441264471462e-01
-1.036816246907046463e-01
1.311685391999534989e-01
1.494281132953584890e-01
5.113988503806728148e-02
-5.743457108988037768e-03
-1.755911359829027407e-01
-3.403855360931604124e-01
-6.633492458984058260e-02
-4.768365387599558108e-02
-2.364421487650448794e-01
3.292705870271590007e-01
1.365520044354262830e-01
-2.912658823785042594e-01
-4.987360350415564469e-01
1.377183493407340975e-01
-3.846256572507501803e-02
7.531805124543472507e-02
-2.639506735125122378e-02
-2.007190499597448774e-01
8.753252350541038118e-02
2.384891790941962020e-01
-2.849748451636470170e-01
2.504064946864849595e-01
4.590765991565339682e-02
6.738811283813650466e-02
-3.170426554825270943e-02
-1.556344479059702246e-01
1.343179040995514106e-01
-2.079324777487261966e-01
1.290036351737061104e-01
-3.513881653250144899e-01
-1.676872166250734375e-01
2.089741329697901093e-02
1.628164985914234628e-02
9.786631587338404104e-02
-3.836866931125332975e-02
1.534672815776023103e-01
-4.487198647864146933e-02
-3.503373506241412305e-01
5.055492435957928410e-02
-1.308718955894525027e-01
-1.056690399837039718e-01
-7.598187759821653682e-03
8.832888578746457553e-02
-1.809256051168815077e-02
-4.958978649064056388e-01
-9.163176691933080931e-02
-2.470616118668438888e-01
-2.961360581299214978e-01
-2.745935651577897096e-01
2.120182514029793006e-02
1.580916677422165573e-01
2.497570348698478770e-02
-2.040894882146267741e-01
-1.605979623475659313e-01
3.544132687332779419e-01
-2.441900676290438554e-01
-2.698302103830012011e-01
-1.584050592341896546e-01
2.663067741768324059e-01
-4.031098516169383250e-02
-1.814615980404724327e-01
-3.551615549635774305e-01
-7.771593779197959184e-02
2.586169999388198901e-02
7.654601267328134395e-02
4.369750990280407699e-02
1.513019800149025262e-01
-4.655006421513904202e-01
2.572955928770132017e-02
8.304987653073094001e-02
1.575172815411028937e-01
7.324311615107893803e-02
-2.408130185669941636e-01
7.945000674137472907e-02
-3.313440187924447389e-01
-2.436800788797195971e-01
3.806563523420079809e-02
4.765483835115042616e-02
-1.331001114291284482e-01
-1.943184565685775883e-02
-1.105310376506027786e-01
6.293604706383353065e-02
2.616045370230658806e-02
1.704066664869203773e-01
-3.704247544045668333e-02
2.777469143743167487e-02
3.621350424759855469e-01
1.628526019638404099e-01
2.631963281556264356e-01
3.297924469351734555e-01
-1.303148277702793900e-01
-1.553345242217504252e-01
-7.588388982426649831e-02
2.489731303298859874e-02
8.373655994093766319e-02
-1.805795117782782108e-02
-1.097259744474558402e-01
-4.781303112405412697e-02
2.983579034010102049e-01
-1.247850399630126145e-01
2.057247603151541593e-01
-2.794200837586424332e-02
-4.761215542190742611e-01
-6.634055173295526353e-02
1.811393834653385326e-01
-1.323314058525446590e-01
-9.674231238508772257e-02
-6.358628544148313411e-02
-1.844243983192052072e-01
2.520186523390528510e-01
1.578777866367838401e-01
-1.989221573062638013e-02
-3.069385002610474089e-01
-6.937806558053467854e-02
3.916362273727201915e-01
1.463740988723840827e-02
1.160851916372700604e-01
4.853630194184693075e-02
-1.945264427866116586e-01
-2.942628674314769488e-01
2.402361690850266795e-01
1.707487284650445747e-01
-3.509947353176635920e-02
-1.149163643178932881e-01
-6.451795523587694481e-02
-1.333453058621970055e-01
9.794228425106768499e-02
-3.715668402784508828e-01
-2.683551513039261760e-02
-1.576172555602668446e-01
-2.871880480135952096e-01
3.128576650518298807e-01
2.039047078925671982e-02
1.640734327485915134e-01
-1.091520728723908013e-01
6.929740188803749923e-02
-2.329107097415817340e-01
-8.723929090903498329e-02
3.661528393401802250e-01
2.353821416045193959e-01
2.213537254770490403e-01
-5.837272086626014989e-02
-6.780419604844785397e-02
1.234856021919248856e-02
8.176291968192496429e-02
4.544959921750011539e-02
-2.499926762596885454e-01
1.114800255591631567e-01
-7.572631564450446606e-02
-2.023584842420437808e-03
7.971582094925770690e-02
-4.041250682716825138e-02
-1.373067554412070457e-01
1.392463770524976496e-01
-1.451885581657429425e-01
-1.098393354033126018e-01
-1.234714250584258988e-01
-2.942276712879574596e-01
1.091946858382646657e-01
-6.317639487421283784e-02
-4.423589089843799060e-02
-1.579717068760570498e-01
-9.162040493051044898e-02
-2.138445527888757636e-01
-7.351166805652048497e-02
-1.441267147736481624e-01
-1.112693601413512617e-01
1.022852826372682156e-01
3.435425674361964332e-01
2.175256899151124523e-01
-1.617892555260559140e-01
-3.046152313301971337e-01
-4.952777291605744980e-02
2.001722878182585902e-02
-1.848779130546099048e-01
8.944690048983860997e-02
3.875936876706730372e-01
1.722603330889243001e-01
4.568008874168368316e-01
5.372251272238826036e-02
-1.452162734814861356e-01
-4.932409730085796085e-01
-1.536003239289834149e-02
-7.954402123708101402e-02
-2.405708740091384579e-01
3.112180968890950611e-02
7.927428829254724862e-02
-2.418196398731023988e-01
2.965967017604834513e-02
9.403777323591200332e-02
9.067941900900980401e-02
4.131069261188486386e-01
4.839588742566943574e-02
7.064666465141434745e-03
-1.231937808255821609e-01
-3.057119625932495227e-02
-2.741801943672446673e-01
-7.385221502012989658e-02
-7.174533929058792220e-04
1.541980860904611506e-01
-4.521284511119254973e-02
-9.835363703073066177e-02
-1.369023302409115850e-01
-2.507582703176932104e-01
-3.122439699260231016e-01
-6.861579935553967224e-02
2.877985757196720867e-02
2.771649707588980452e-02
3.920602629023030583e-01
6.153544804488537967e-02
5.236689453133735322e-02
3.687406132532573128e-02
-2.064452946936437550e-02
-1.026832378572431204e-01
4.802242081974474885e-01
-2.197478322588402450e-02
-1.140337112364801925e-01
7.404706989057453781e-02
2.157830275292322575e-01
-3.402662612349677818e-01
3.628414084925444261e-01
3.209992176568090549e-01
-3.130256781528437116e-01
-2.687028148357531454e-01
2.319032598417965774e-01
2.757968607990834986e-02
6.491405189036315252e-04
4.323482205248499466e-01
-1.451071068764842303e-03
1.157968892659176352e-01
9.472312439804486672e-02
5.064184557838159045e-02
1.253258544987316814e-01
-5.840351956846922404e-02
-1.328941261696077458e-01
-1.250927580596299105e-01
3.676255337488648078e-01
-5.438757700701307013e-02
4.555545125210935797e-01
-4.239166768625789866e-02
-3.319884381883264624e-01
1.163758932005608260e-01
-1.646036283296573588e-01
1.603412121911525490e-01
-2.149676781612935850e-01
2.413302650624903622e-01
1.289224103513384734e-01
5.711865709429988502e-01
2.685287076645476168e-02
2.445202806308943988e-01
-4.961902636452514281e-01
-5.233118605133262741e-02
3.670585468057444012e-01
4.632086539439738554e-02
3.450662730930758038e-01
2.881128015400223896e-01
4.540507045561287813e-01
5.339079618038317099e-02
3.539683158070162233e-02
-1.111309272331429954e-01
-1.140146265139615200e-01
-5.791265195829341239e-02
2.821293201356736002e-01
2.754184045588425334e-01
-2.859801015166866800e-01
-7.324516040878256695e-02
-3.538686215404538982e-01
-7.277743778191664292e-02
-1.522455592320260676e-01
2.441089491149619761e-01
9.117873601096970759e-02
3.635418705170693609e-03
1.474504856423201060e-01
1.281975415161575385e-02
-1.064256059067654053e-01
-3.017508396099169987e-01
-2.105045437246573503e-01
4.969414102346000339e-01
1.685783530767267502e-01
-2.527554212274181755e-01
-2.706508796930786609e-01
5.322364781501175146e-02
-4.211145167983679910e-02
1.169592135529836791e-01
1.819201919462961337e-01
-3.220748540183732134e-02
3.253529852041857628e-01
2.494373308445969051e-01
-3.241387671292826900e-01
-6.026562847720863189e-03
6.238981628217089154e-02
-1.552942932599810644e-01
1.545765636737078674e-01
1.039223789499005290e-01
3.281588766245343569e-01
3.911608678302667952e-02
-1.591211327083095761e-01
3.414650634285082420e-02
-2.008987657503943647e-01
3.375062956586197260e-01
-1.426795828870966731e-01
-1.790336831831863471e-02
7.018461519982827079e-02
1.319434326241265831e-01
-2.286844020454968096e-01
1.767298500774413805e-01
1.251311767930602115e-01
-1.809682809850648444e-01
2.924532370908757839e-01
4.706536236951958108e-01
-3.423331575192530285e-01
-7.630106338911005204e-02
2.471694388540388206e-03
2.225870209154181545e-01
-1.954850854026264628e-02
1.602609324951992376e-01
3.284420732422106970e-01
-5.503299635167318432e-02
1.428376389739204749e-02
1.664653808339531735e-02
-9.435501795613304710e-02
1.738351409601691655e-01
-2.548846578321996570e-01
-9.206200748927502453e-02
1.774836433545033676e-01
-2.062954489107805545e-01
-4.483405447592587871e-04
-1.462263357467817326e-01
-6.840311815248240404e-03
-2.796545780346303411e-01
-1.181974560806755559e-01
2.085451978068801615e-01
1.185023458658711198e-01
2.020933743834625040e-01
-6.992241506240191862e-02
-8.197809497064853165e-03
-1.797742334803480169e-01
1.803927019662036613e-01
-2.539791831740531927e-02
3.489246580841620649e-01
9.963481445159901029e-02
-1.964857725571821645e-01
3.902646162892578485e-02
-1.897534921029659094e-01
-1.040112348909806583e-01
2.193084392409530570e-01
1.458490571778735811e-01
-4.128973738853432968e-02
4.346064369511574155e-01
3.788166093253037547e-01
-1.217933748568566545e-02
1.754137158152306863e-01
1.033761399159194572e-01
3.010073689427393215e-02
1.180996972749493445e-01
6.018731810646067021e-02
1.007650772178709658e-01
1.594053438787862431e-01
-7.716442125165692834e-02
2.252515069378514465e-02
-2.142954219267399207e-01
-9.329739057009810155e-02
2.773729161905730961e-02
-1.480868134956542514e-01
1.997111856086117021e-01
2.040574164739631102e-01
2.842261133280167273e-01
9.353101098488078580e-02
1.056861855911268855e-01
2.495960605417124611e-01
-2.097406196882417029e-01
2.938560327669242356e-01
2.395425375986948505e-02
-2.660333799998075566e-02
1.243923011215810059e-01
-4.882203487170045514e-02
2.048652943679911409e-01
-2.073979002212022749e-01
-7.719018947062850078e-02
-2.396690083169921437e-01
-1.439927382548515655e-01
-2.224998095510627161e-01
1.205273127573972120e-01
2.937710603978012647e-01
-2.067059082572021700e-02
7.594063250648039332e-02
5.988327747529616218e-03
-5.339931057429182504e-01
-3.265384087781077888e-02
2.616739816091216003e-02
-4.126906216221927215e-01
-1.327058270254583006e-01
5.784257566292163449e-02
-7.468249889059797031e-02
9.421537858670353538e-02
3.108453569867780653e-01
-6.974728417377443201e-02
2.719579071513147372e-01
-2.355574868559570378e-01
6.285030458244868223e-02
-2.579274872952737052e-01
-3.125359234906989747e-01
3.108913015439572214e-01
-6.265508948557181601e-02
-1.123964896543040411e-03
-8.942383859994544604e-02
-1.501487344565673870e-02
6.557492485805037352e-02
-5.185705165366857883e-02
4.102032129651050907e-02
-3.711145787974138854e-01
-5.032737506528038585e-02
-1.987293935681028467e-01
-6.104586614334820416e-01
2.353897176236461608e-01
3.142823633315542254e-03
-3.701837403709113405e-01
-1.595713993119584825e-02
-1.294966189684953195e-01
9.506020759171056322e-02
-1.269486223435636538e-02
1.664918107418260906e-01
-1.481411255763147861e-01
-8.399981654642198203e-02
-8.196444542743834549e-02
1.268801699685961071e-01
-5.573780585458106007e-02
-1.873244422970780920e-02
2.466364729704305647e-01
-1.919607993125835022e-01
4.467464726626015070e-02
-2.919267622660877692e-01
5.001369616837801901e-01
2.020033998584488122e-01
1.379525056042969211e-01
-1.048517252245876330e-01
-5.999151097196996074e-02
1.742547759154924880e-02
8.850187386952970692e-02
-4.304111970460633985e-01
8.965725757034846699e-02
-3.375025513011521983e-01
3.576369589334978394e-01
-5.702362356784898001e-01
2.651367469651871311e-01
9.482579807164057129e-02
2.326750377878857023e-01
3.977847188731157280e-01
-2.130282726086807354e-01
1.239196268405301678e-02
2.854273092655181254e-01
-3.758064507675651367e-01
-4.700679108146009477e-02
3.465013864518758091e-02
1.659576774776804486e-01
-4.626908549248179292e-01
1.897083402555700959e-01
-1.149456435155786077e-01
1.728150135390656705e-01
-7.587909298163190985e-02
1.245482877104202163e-01
-1.901039011549573166e-01
-4.615476653713819211e-01
3.943259748714827984e-02
1.557119482209815553e-01
1.681986920893922266e-01
-2.310136441342696412e-01
-3.718032885759134931e-01
1.735310013219975023e-01
4.579394444240750262e-02
-3.209783723195867022e-01
-1.589139630030056427e-01
-6.847381605417288825e-03
2.351665609709218951e-01
-1.202278193966496572e-01
-2.396095758433179901e-01
-2.993128903619512449e-01
2.583103267697902661e-01
-5.661075688388598343e-02
-6.795029786608575151e-02
8.638623104894525839e-02
-1.063288217508049499e-01
7.769210662143935520e-02
-1.916685706145727086e-01
-1.929782795141788965e-01
-4.619685375953746370e-02
7.218066988862152644e-02
-7.118759557904869029e-02
-2.935908414511443493e-02
-7.246761739379237177e-02
4.757402447711349680e-01
-8.198534913997079787e-02
-1.912087477124695678e-01
5.401308926905756119e-02
1.706775684248612035e-01
-2.426336262538054400e-01
1.250135068122638082e-01
2.179137158034722202e-02
1.081629483511776929e-01
1.810610843434328210e-01
3.296983248965223989e-01
-4.047864625190378263e-02
-2.859859026268251614e-01
-7.442402390578990723e-02
6.076245570326939405e-02
3.087978475986353014e-02
-2.851209971648289293e-02
4.331258322685509893e-02
3.698873345992826911e-01
-6.303269820225766706e-02
-6.716583876912349954e-03
-2.501092567079434836e-01
-9.955960740579154755e-02
3.185042327214247793e-02
4.111088352721246897e-02
-1.584419284602125166e-01
2.030437336020127492e-01
6.091588263579385092e-03
4.522026490274304311e-02
-5.312741185155188395e-02
3.657111170594061229e-03
5.255417617111309697e-02
9.495666366910629486e-02
-4.492857214709043701e-02
-4.191569688892147205e-01
9.767118546365603782e-02
-2.539188826460237955e-02
-4.035193418968364976e-02
-2.628168552732609853e-01
-7.056797574526280092e-02
1.564656222475615532e-01
-1.542180925337302728e-02
-3.003138793244742866e-01
-1.819308600354962308e-02
1.433788853900462013e-01
3.517903238253117237e-01
-3.610802633367344305e-01
6.691857446212175209e-02
-4.025457476593490291e-01
-1.914942873767435383e-01
1.568743349362584916e-02
1.302532343121124703e-01
2.997510297919999678e-01
2.032534158698159898e-01
2.583468549363892100e-02
-1.934399996982664183e-01
5.370154348658912752e-02
-2.129721669653709126e-01
-5.407151581920714017e-02
-1.206069964135122602e-01
3.030539941654820657e-01
-1.038468834592198159e-01
-4.001415359629952317e-01
1.385760916195660220e-01
9.814940447629588727e-02
-5.924757801016503761e-02
-3.159161973650732036e-01
4.772784604134680531e-02
-6.927779977942262468e-02
1.452289439083130629e-01
1.806019272472836057e-01
-2.670744802343661406e-01
-2.536544415971675806e-02
2.145380637217165869e-03
2.184345731200426910e-01
-8.899187345569184449e-02
1.002315814614609668e-01
-1.106573513391429925e-01
1.759157615788020657e-01
-3.087171329972414058e-01
-7.829709265593547129e-02
-5.074794576527480450e-02
-1.660160504437708795e-01
-3.049232617143359803e-01
9.258464543510792899e-02
9.977846006068226414e-02
2.475465959155913054e-01
-6.608618889868857205e-02
1.302827947408060627e-01
1.603509816752313744e-01
-5.381083997719535855e-02
1.904578249961315084e-01
-2.563133351411986949e-01
9.953116641022510813e-02
1.802870726092106191e-01
-2.175368809942438905e-02
1.731632567801472677e-01
-6.579778299428358512e-02
4.689477366650403670e-03
-9.969498705785571901e-02
-1.032324218217479522e-01
-3.538239815036714475e-01
-5.569839660740234094e-02
-1.005199749764482814e-02
-3.400787964233527305e-02
-1.397919120727267595e-01
1.457663036941490298e-01
-7.157648199446607629e-02
1.615273802807724174e-02
-5.533613157059209114e-02
-1.677416126932898821e-01
-1.876853437610757347e-01
-2.049102031986175798e-01
3.100956779750681583e-02
-2.902105323432395134e-01
3.058081315623317198e-01
2.289405671475029380e-01
-9.220177134730675461e-02
9.106553418917455456e-02
-2.119783337510666166e-01
-1.940581477831740120e-01
2.132600875683197394e-01
-2.213971767092559051e-01
-9.430042472617715388e-03
1.330280687110871052e-01
2.160983110310280564e-01
4.231522979073805701e-01
1.106264884256089598e-01
-2.469488362285008898e-01
1.135580045965195739e-01
2.268930187261966949e-02
-3.073298657514009768e-01
-2.333356220329664277e-01
1.169915274189289450e-01
-8.990862822349506012e-02
-2.221933610608431593e-03
-1.425481934330639910e-01
1.550140946376278410e-02
-1.902335397059977673e-01
6.663108558099977742e-03
-1.661782844211163665e-02
-2.798388703405583697e-02
-5.516974751765575391e-01
7.663071098411329551e-02
-7.197730659493810357e-02
-3.143978343773055073e-01
4.805127026185899292e-02
-1.093413871337732546e-02
-2.660573994837555634e-01
1.629276079212550188e-01
-4.686871357122746745e-03
-3.935636308899439495e-01
-8.498721239470301281e-02
-1.537824337318541568e-01
-4.374492414320306222e-01
-4.224150101199811158e-02
2.227823514876079158e-01
-2.247485880056204477e-01
-6.906124295516931355e-02
1.139751783591582274e-01
-6.728840386998227729e-02
9.304847768391442953e-02
-6.859260579445898565e-02
1.774602218858469527e-01
1.415418805954349601e-01
2.010540278155443228e-01
-5.337245394222329686e-01
1.194534845623025920e-01
-6.787506316594683897e-02
1.041744076893004189e-01
-3.352507343395521588e-01
9.209852612016133921e-02
2.411478684758412983e-01
-2.100659179523398645e-01
-2.202835595110349820e-01
-4.626368815735747153e-02
1.052477806082047357e-01
-2.410442371017585891e-02
-1.930045713265213236e-01
-3.193196769469972690e-02
4.380720445815501352e-01
-3.209899465067631019e-01
6.362497822270131442e-02
-1.565277639039308333e-01
-3.604439129054419766e-01
7.605541289777104086e-02
3.110253756745446907e-01
3.842778142261278965e-03
-2.142012287041191732e-01
3.808461168775037486e-02
2.241239345289112450e-01
-1.651147985197176093e-01
7.931801979834920968e-02
-5.726717666316648303e-02
1.403217242662898046e-01
1.212590587929769370e-01
-4.145562568395994574e-01
-1.180614829291177642e-01
-2.286104784340184659e-01
-5.482349580932031063e-01
-1.108925651561075421e-01
1.334981849924413155e-01
4.599600387422072556e-01
-2.354201528462811777e-01
-7.722382843859269819e-02
1.260670600163836140e-03
-1.996587758563986498e-04
-2.526570514640297804e-01
4.943830476432898441e-02
1.884533453429912131e-01
1.107276630928529099e-01
-2.421330185859869588e-01
-4.023497061795915097e-02
1.150205632523166460e-01
-1.111204112435698171e-04
-3.504595553001907393e-01
2.584591021529267785e-01
-1.537842049065137051e-01
-4.007692231306445585e-01
-2.186113538952831614e-01
1.561518761624728358e-01
1.539915244498795133e-01
2.013467451587943879e-01
-2.591070098101469835e-02
-7.805360120755373832e-02
-7.641056097351323073e-02
-1.929206833147960320e-01
-6.329041807928902086e-02
-5.575190814683936846e-01
-1.457409694381492926e-01
6.372475217816443542e-03
1.012326820842063546e-01
1.554313290756880184e-01
-1.597098991453188566e-01
-7.656532650214092905e-02
-6.461408465694531977e-02
5.551816210303840531e-03
5.476196685585501406e-02
-2.755592111782459441e-01
-1.635852788500153643e-01
-2.572528242134663468e-01
-3.776831388948165835e-01
4.937198198613338557e-02
2.553203584683618951e-02
-2.958629230311382585e-01
3.702047250143658541e-02
1.774373669810506426e-01
3.070448249607167224e-01
3.486590163056965119e-01
2.912961890283005673e-01
-2.607457883999222872e-03
-2.304795311991492124e-01
-3.868926928789567787e-01
8.052549096053528144e-02
-3.557015702163584397e-02
-1.399815811584673442e-01
4.317053320844809750e-01
-1.438918227347914802e-01
2.864235866235638195e-01
3.451960647921038881e-03
-8.193193739077317406e-02
-2.733076217475647329e-01
-9.792757738028032288e-02
-5.282943903287411896e-02
-1.049287686903611350e-01
1.118869600549997206e-01
-2.544467808912099782e-01
-1.725799687280099581e-01
-9.606515108524374402e-02
-8.438157771076292002e-02
-2.440023611435181428e-01
-1.036391040149017978e-01
-1.632626938453198562e-01
2.343516366852818056e-01
1.644071726081793028e-01
2.686371727515523555e-01
2.327372537144893061e-01
3.597898850187915276e-03
-1.910166466607560523e-02
1.417676693381967334e-01
8.948661437009750768e-04
-7.119740879311345361e-02
3.259960011861970375e-01
-5.589458700184766343e-02
-4.157265519111977836e-01
-3.919144965694710825e-01
1.229688844342749915e-01
3.223102982283124196e-01
1.512145718458730026e-01
1.390720060617156306e-01
1.959536856362556201e-01
2.935110588760598271e-01
6.836390867918708258e-02
2.299060241064677657e-01
-4.687028656547848754e-02
-3.769245291423160837e-03
-2.370874625455159368e-01
1.167923093546737040e-01
-9.809318309109126000e-02
-1.572569952271578031e-01
-5.343293749442182827e-01
1.482513605295988079e-01
2.736706238375730127e-01
-2.375520234715085000e-01
1.697136938687904828e-01
-5.305932938399578191e-02
-2.589361421001548647e-01
-3.324625323137391231e-01
-1.987846747674175754e-02
-4.331484443285452124e-01
-1.461522076140855664e-01
-1.479510349354467569e-01
-2.747902682761458326e-01
-3.211174085399445266e-01
1.959258755394319429e-01
-2.721737358055907954e-02
-2.161224946501504318e-01
2.398950092473773471e-02
-8.829507912047766804e-02
4.547745396547756003e-02
6.828958238745476417e-02
1.906638457294282385e-01
5.769628803491428509e-02
-1.940393500596066245e-01
-2.601980042374657000e-03
-1.820670972722294445e-01
1.816426717737337987e-03
1.467474286329696898e-01
5.147919723139822434e-02
-1.297299035533096001e-01
6.552929970731058429e-02
-1.613639047723344211e-01
-2.632643847754719824e-01
-4.856379893944558906e-02
8.850865180747527483e-02
1.278111926333539983e-01
8.580433573394419255e-02
2.701187341229630556e-01
-1.521119591132315541e-01
1.318962595833212195e-02
2.662017818801307514e-02
2.167614320791182714e-01
-1.971152305415938555e-01
-2.498867026788631485e-01
-4.352030956518480598e-01
2.296337642312960003e-01
-5.241663691717873830e-02
-3.603593054266521767e-01
-1.503253545686320143e-02
1.559525131649766583e-01
-2.122968829660935308e-01
-6.258958594559736743e-02
2.062549187558515018e-01
-1.316495741884663173e-01
5.534989274243182211e-02
-1.373774938490305575e-01
1.567248000891035276e-01
-7.916660074136629144e-02
-7.249658305536301958e-03
-3.484040346915744102e-02
-3.943825917209308196e-01
-9.045385878189836359e-02
-2.564420863323716437e-01
6.853720804816364198e-02
2.761250629556710051e-02
-1.319546584570670811e-01
-1.606995296641369753e-01
4.713891947804166316e-02
6.229655742190166601e-01
5.013194437866803632e-01
-6.002094652045068118e-02
-2.341449826513093690e-02
3.329007898702186080e-02
-4.813413296096578642e-01
-6.735638696103646295e-02
-1.577757786300103549e-01
1.000591115119170704e-01
-1.708805243051870759e-01
4.615759814740230116e-01
4.562545712008138354e-02
1.072938437882532854e-02
-6.621496607741390594e-01
1.380167427502139443e-01
1.065038785779871822e-01
-1.228069983823495449e-02
1.924244015601782876e-01
-5.646972070261267046e-02
-6.086662295980420634e-01
-1.411958684409617571e-03
-1.882104014199922071e-01
1.058989690801729111e+00
1.286500015226113222e-02
-9.289469368371215952e-01
-3.249819393208082663e-01
-5.231969990019378347e-01
1.035003946866693003e-01
-5.465766331425678803e-01
6.137531934148715562e-01
-3.216065150419436525e-01
-1.449284351709699825e-01
-2.616446689194343866e-01
2.613262308414182056e-01
-2.459831599381279155e-01
2.633699891681277050e-01
2.530202674384061656e-01
8.327068607329790595e-02
-2.922359819137849146e-01
2.027285000543083415e-01
1.377810308465728106e-01
5.829849159787890006e-02
1.683484388361752848e-01
-6.599476007981069925e-02
-7.327544909145998486e-02
4.829654565907294250e-01
2.540889552908688898e-01
2.238495762039328374e-01
2.255035160393920879e-01
-1.373379008826062231e-01
-3.108139305896323937e-02
-1.346787418687525884e-01
-3.139864361815035143e-01
-3.577844772704487086e-01
2.056623778713253040e-02
1.236483771968239880e-02
5.277419905501372632e-01
1.442021361521343414e-01
-1.627423493112458708e-01
-1.996576242347113672e-01
-1.216734581824009398e-01
-2.482529821491898103e-01
1.444192146651552822e-01
2.277031409305751639e-02
1.640867285663939745e-01
1.389215684031243903e-01
-7.414459310114353274e-02
-4.720675559606485328e-02
3.195722084617345082e-01
9.303200131400439499e-02
-2.048707539817389844e-01
1.940996709877375326e-01
-7.611408296344276958e-02
-1.192671290661690038e-02
-5.491699166591897108e-02
-1.430484252003142165e-01
4.303754274472942343e-01
3.255373242642242010e-02
-1.645699360267291189e-01
-1.134515862937008207e-01
-3.798067000910826940e-01
9.146067178398982478e-02
3.917370563145656792e-01
3.151359550446206081e-02
-2.139989603888052885e-02
9.915953707251279337e-02
-3.624734521918554497e-02
-3.850432376531064821e-02
5.732067819536653674e-01
-3.618670321919654209e-01
5.629028888978929168e-02
-1.844099688509535373e-01
-1.368509050516051873e-01
7.172246671079160474e-02
-1.677380629441303089e-02
4.435118298038903673e-01
1.973029204116354129e-01
-7.647419461495282011e-02
-8.343134407228848526e-02
-2.682726431372372544e-01
1.292233377140991624e-01
-1.716959112144964272e-01
3.694448256526867980e-02
-2.113073379095450066e-01
8.681789317176714926e-02
-4.314848169164867131e-02
-7.710359422701870691e-02
5.330532723201237416e-02
-2.367550218274840912e-01
4.112685697210013980e-02
3.208236793359854899e-01
-1.991916912888701818e-01
-1.706753414893330545e-01
-4.341139733739730194e-02
-8.533590982352688703e-02
-2.461839220198535350e-01
-6.814745806235884829e-02
-4.525195615924536563e-01
5.961668443522943894e-02
-2.474737065637951927e-01
3.279939632136551209e-02
1.313609081702125925e-01
-1.590300506505151201e-01
-5.522820465274382723e-02
-5.222558806551908656e-02
1.497525017875970810e-01
8.637563135754623700e-02
1.877013819987708165e-01
-1.475170985884848018e-01
-1.675181803460715213e-01
-9.175945440734581404e-02
8.197988199587220859e-02
7.833183663077192271e-02
4.254496680806117981e-01
8.177986679592429142e-02
-1.062439925455580525e-01
-2.772064493347432546e-01
-2.769692689074716371e-02
1.821950781520900176e-01
1.973971617824323566e-01
-1.625886888918158524e-01
4.518919914715811142e-02
2.377247608214614338e-01
6.002249567644438732e-01
-4.022889770498641604e-01
-2.108682432788804018e-01
4.270391492478250450e-01
1.100675510187868467e-01
2.360678625953581133e-01
-2.652719745021743236e-01
6.895608325179334967e-03
-1.487706377170373295e-01
-1.473374572788695713e-01
-2.776712607577910830e-01
-2.359950662229595431e-01
3.696764123613313635e-01
8.717768155039490319e-02
1.270794324984949597e-01
-1.070704034040812075e-01
1.191303500538492405e-01
1.039050887851717259e-01
-7.948415427574204162e-02
-6.733515563186183439e-02
1.930939271806714763e-01
-1.414777455188989397e-01
3.656331486076010162e-02
-2.238171030849863130e-01
-4.131488789431845832e-01
3.434854400875250735e-01
1.818037176055819770e-01
-2.544511246985176611e-01
-1.712160119960885463e-01
2.675051910692560209e-01
-1.655562823297349606e-01
-2.158645624628459103e-01
-5.770099901800927050e-02
-1.923556788179135724e-01
-5.620764104960791763e-02
-9.601804573330310899e-02
1.026547564606777041e-01
1.486197280125846620e-01
8.676453489621470394e-02
6.978183131064405464e-02
6.286403979655753871e-02
-2.108578063499608538e-02
5.907301474158879739e-02
-1.208468437178144769e-02
-1.660721264061038871e-01
-9.550827076689515083e-02
7.669704713741191948e-02
-2.319769215697225218e-01
2.613171581884307995e-02
-1.680094259825713754e-02
-1.331617307028011843e-01
2.322609265324047101e-01
-1.907896833941340187e-02
1.368439713411459258e-01
-5.246650641350956157e-01
-1.733733455612061491e-01
4.583536663434018693e-02
-7.624761320306025492e-02
1.508499823211647550e-01
8.990799952680304796e-02
-2.204950826928991914e-01
-5.098336637012286510e-02
7.584786582553872114e-02
1.190893132048564396e-01
-9.548832877650391404e-02
-1.524837528647094154e-01
3.389612570637611788e-01
-1.644645631545361697e-01
1.688445009416271181e-01
-2.831020002457910190e-01
5.017014715157856741e-02
-3.203630369296202318e-02
-3.532299472380808214e-01
5.040832556052019520e-01
-1.843747653794229058e-01
-1.383538770080554141e-02
-1.262763076225333070e-01
-6.985634131288985527e-02
-1.752415705116891209e-01
5.051488366100748140e-02
7.248770119911089604e-02
5.911829260619361204e-01
-7.119939156830272509e-02
-2.804661693787862120e-01
-1.090033723168045837e-01
2.045040747012060456e-01
2.252542004651053031e-01
2.417402063148202107e-01
-1.427554985025260015e-01
4.305163004129841653e-02
3.990723036952061320e-01
1.687554086419361943e-01
-4.968836225671143803e-01
1.540708487611762607e-02
3.182777726126662099e-01
-1.358242803360719675e-01
9.205609561754930781e-03
3.861355664885235406e-01
-3.039501371547325137e-01
9.837034654977692971e-02
9.943354619965677488e-02
3.898137873356165017e-01
-7.863268409374986334e-02
7.061329339123083304e-02
-2.134099402077366536e-01
-1.790253131913382700e-01
2.100715078879037204e-02
-5.120145340812380930e-01
-3.736211357650029985e-01
-3.176154001415208428e-01
-1.261662059329382857e-01
-8.974696492357038535e-02
-3.999401494821065023e-02
-7.961995218806047769e-02
1.073885417425733818e-01
-4.272081690465701076e-01
2.827685582868881831e-01
-1.103417205300900317e-01
-3.868419303224149841e-01
1.333337745961341303e-01
1.439867824663443041e-01
1.882825527368456042e-01
2.528862797085735803e-01
-2.502079145399960791e-01
2.303688372969390705e-02
1.456601496820812136e-01
2.871324142419873215e-01
9.301939920765055214e-02
1.349519945764693918e-01
5.512276357515834974e-02
-1.479348811225098814e-01
1.321026570225731223e-01
5.448830128650141713e-01
-4.006577783940010740e-01
-4.531668169466060436e-02
1.032993072003441509e-02
-3.791814725958308346e-02
1.193353256437711535e-01
7.499874441125403690e-02
6.278673056657507918e-03
-3.829842823670427665e-02
8.853656537218188016e-02
-3.044141249823386144e-03
3.705442267325136929e-01
-1.218032107653955858e-02
8.730738239031382575e-02
-3.396754545948029724e-01
-4.537136371719364680e-01
-6.455420396060575217e-02
1.827625002129965037e-01
-5.611238662209042799e-02
4.218916362181881347e-02
-1.887851446862582813e-02
-8.919861202048087745e-02
1.611740861117944568e-01
3.278782522467600657e-02
-2.884285654799347356e-02
-5.810400060408522915e-02
1.156848451792756166e-01
5.239974570576008683e-02
-4.854749767481313927e-01
-1.586651881256771479e-01
-2.197359454078731400e-01
-4.579260588667039555e-01
9.396367005457942345e-02
3.749600004558333727e-02
7.909521618563902789e-02
3.182977036651717939e-01
-7.520970909498320145e-02
1.576783891173748897e-01
6.891321478875467310e-01
2.994890123995179176e-01
2.170466606234305040e-01
-1.250140917095769189e-01
1.665717066251773959e-01
1.179308881155503308e-01
7.846402436696403582e-02
-3.471995593040172468e-01
2.392497770450187078e-01
2.462462076277655010e-01
-2.417097010416975611e-01
2.663851891096285802e-03
-1.131444100273007458e-01
-1.991501400105177566e-01
1.494023065456575594e-01
-3.590978871953002388e-02
2.568330796470463806e-01
3.632985262183396347e-01
-8.462706458920818409e-02
-5.810639532982045385e-02
-4.987140098775347252e-02
-1.559345064138942805e-01
8.120818368384503938e-02
2.036459255207864749e-01
2.801729224170183552e-01
3.103533309030759302e-01
-3.866906525833085917e-02
8.703338888078186730e-02
-4.058678324708296370e-01
-1.613622290964449868e-01
2.574765140350621095e-01
1.229296686878658812e-01
-2.522220676979350720e-02
-1.554274172416000334e-03
-3.411767815130388737e-01
-3.304014607462186781e-01
1.282759441255191570e-02
8.312286435094860815e-02
6.992362420894235320e-02
2.272268934058465084e-01
1.230794837080265896e-03
-8.568361011355571377e-02
-3.134382507675779195e-01
-3.289032153952042847e-01
-1.239956752436046084e-01
1.965835627057744561e-01
7.641520124746818687e-02
2.568055840579818172e-01
-2.882141183442419874e-01
-2.857413809303729346e-01
-3.404487291334715865e-02
-1.608335673513845709e-01
1.576982018426277832e-01
-1.277466515163113436e-01
-2.935299943337300599e-01
1.620833719214462287e-01
1.341501356433489889e-01
-2.567110693115609577e-01
-1.562634482599797592e-01
-2.024289791885446055e-02
5.136708974899862890e-01
1.261315620656169034e-01
-2.567864520120136107e-01
-3.793313599078144693e-01
-4.951349823989353860e-02
-7.021444742421532881e-02
2.064340053791959839e-01
-1.379601488119433506e-01
2.750122562363513934e-01
-1.015948950153729678e-02
2.637897812047244189e-02
1.020593871712208028e-01
-1.935819767545424175e-01
1.001795340317591237e-01
7.633633848934708033e-02
-1.465646987776403690e-02
2.354454278412422552e-01
-2.555295282782718558e-01
2.635766358929886310e-01
2.087295409185145334e-01
1.834331887071586065e-01
3.723576714994922821e-01
-6.442220719752217439e-01
2.836297745512711965e-01
1.983896755906663645e-01
1.127245500791023841e-01
-3.941408391258329202e-01
-1.732548234425090872e-01
4.242711048156213582e-01
-5.583286529029191786e-02
3.120419630907291797e-01
-2.818138538500591372e-01
-8.118805089106458095e-02
-1.041577523779423226e-01
2.629805844620639599e-01
-1.079988696405923959e-01
-7.164828965204911304e-02
-2.166670108103512793e-01
-2.469578054593884672e-02
-7.108884128511226697e-02
2.258039972994074426e-02
1.794427721772950679e-01
1.147893513922934074e-02
2.614189402650332061e-01
-1.455430975261871873e-01
9.318369798937943538e-02
3.825259508298007316e-01
3.306600514998268014e-01
2.460940159747057321e-01
-7.967354813952459702e-02
-2.056094867049347574e-01
1.163224453136597891e-01
-3.387813972542255692e-02
2.856317188721044786e-01
-3.674788262802251015e-01
-1.509231135546548795e-03
-2.145790473718731939e-01
-1.892256483681454757e-02
4.430217331790411300e-02
1.317699610838374558e-01
-7.477590206483045177e-03
2.692731189429466987e-01
2.035607969592120314e-01
1.957886575342239477e-01
2.331182606671435287e-01
2.378867323854823301e-01
4.107588093362345982e-01
1.197981276200730250e-01
1.983279849727483668e-01
-1.204981208389676733e-01
-2.447788023325372653e-01
-1.614279271749802791e-01
2.383511074785452655e-01
-7.465982615257642924e-03
4.925838923194788554e-01
4.006213401377564098e-01
-1.666039432952413357e-01
6.990898978838595845e-02
-2.329009856693013691e-01
1.519634795593141630e-01
3.630139961684741151e-02
1.941401902003628971e-02
1.042193660216259379e-02
-3.209018532453490335e-01
1.410241828119958296e-01
9.263328765873535264e-02
3.125136384859938388e-01
5.318526960102463313e-02
1.230545687094734136e-01
2.497843504445892149e-01
1.677702727664034110e-01
1.957504796322241669e-01
2.614353886684584460e-01
-2.260128526169360719e-01
-6.304755219465069116e-02
-1.358464803510503749e-01
-4.484195086528666024e-02
-1.399265419637546470e-01
-2.773416583865285223e-01
-1.077793050971144750e-01
1.130811494723686361e-01
-2.609649844059239165e-01
-1.454160165540207064e-02
3.920818134001043953e-01
-3.577792788022942094e-01
-9.777139420696556726e-02
-2.853223950095615247e-01
-2.372191929508623565e-01
1.502716704484537147e-01
-1.036847373892812452e-01
-1.735074985710739481e-01
-1.034220514200640505e-02
-1.347006212681207482e-03
1.013776520516655733e-01
8.596006300782364773e-02
1.917709453272794795e-01
-4.241182535243581686e-02
2.146712025333101237e-01
-2.550633120515134467e-01
3.755895626514967750e-02
-2.470164789418887938e-02
-4.511131866449707428e-01
-2.905630779230962760e-02
-2.405852934188151479e-02
-1.099109473651711105e-02
-1.499845213439041647e-01
-2.436593166254496790e-01
-2.895740406522653299e-01
1.652350107579457772e-01
1.377528670443058656e-01
4.439280010165364554e-01
-1.872737758881399261e-01
1.216729943053141000e-01
-5.188561651882706710e-02
-8.842344534758160568e-02
1.763050155249793749e-01
-1.734362592749678564e-02
1.500646129181100186e-01
1.581628757962237619e-01
1.963803630718398141e-01
3.754847266925959159e-02
4.999280853905527927e-02
-7.058256251179248486e-02
-6.303563135739066736e-02
-4.025706684073229041e-03
7.366825851891663224e-02
-2.638984341895637131e-01
-7.694987510411938070e-02
2.829195822016226658e-01
-1.403088380808772961e-01
-1.997305920644396049e-01
-1.492865554987968524e-01
-2.207235363111335891e-01
-1.307888206240383211e-01
-1.352795424629587295e-01
5.484771201416023256e-01
1.043449095869118798e-01
-3.421299291065819231e-02
2.294227852082176833e-01
-5.143179878866451782e-01
4.414165764965143346e-01
2.792894058463833706e-02
-3.204210286250827600e-01
3.331657019768722860e-01
2.359565266281314633e-01
2.576652886348876903e-01
1.241648955038101021e-01
-9.427023483123336822e-02
-2.470241530120375339e-01
3.663209979061604060e-01
2.414963184987757305e-01
-3.439880165381316579e-01
-1.470762565656664189e-01
-8.435968070078754544e-02
1.730676959180274810e-01
5.587746148777961164e-02
3.303158647992799485e-02
-2.479470558513946488e-01
1.764211462141404008e-01
-2.153695060538779182e-01
5.731474816377059994e-02
3.431257140330370992e-01
1.157065230959679752e-01
2.622966507100396583e-01
8.303304105004363778e-02
-3.731188834880218019e-01
4.510456844379435171e-01
1.761132133013499357e-01
4.548407229111089967e-02
-4.957510202034712821e-01
-7.257712037841922148e-02
2.431742751640651456e-01
-2.758436479466105928e-01
6.117277651196299966e-03
-3.110363205723061242e-01
2.079608876721230348e-01
-2.110012769131253407e-01
3.918023742319713398e-01
-2.406897873360680506e-02
1.101180490034764196e-02
3.816077881435361863e-01
3.466902880625669647e-01
3.904277585346639379e-01
-1.990193568384484302e-01
9.597220840607685599e-02
-1.405925421782921181e-01
9.417637976429810154e-02
-4.396593762500103364e-02
-3.488642573700779237e-01
-2.008543204368135326e-01
-2.047142417033803452e-01
-3.422514983939901612e-01
-2.047127215422836766e-01
2.355063033774706105e-01
-3.266597440768737592e-01
1.677143977250512286e-01
2.549561312255900214e-01
5.742392175357951406e-02
-3.480344802912239688e-01
1.731529266722436067e-01
-1.478579426205959280e-01
1.274712925859820267e-01
-7.176759271800623452e-01
7.255859656548760590e-03
2.882629674127195618e-01
1.487310335345220502e-01
-5.247336585663364694e-01
-4.128559274748545838e-02
-4.514311422190602774e-01
4.343693320273284142e-01
2.698050807208164648e-02
9.105436606792176313e-02
-3.965619395049052587e-01
-2.337740202173735262e-03
8.236653755452290337e-02
-5.842884375385372364e-02
1.593074798245323886e-01
-1.145017754293668200e-01
9.978967800191163029e-02
6.240065692199379954e-02
2.147975767993391960e-01
-3.494947745313964349e-02
3.171984056780769584e-02
-3.445830595384494904e-02
1.357035316964912142e-02
1.860476109600596173e-01
-1.954621788163036500e-01
-2.100142744786299420e-01
9.365564947717040789e-02
9.919218597223148151e-03
-6.644032019639579956e-02
-2.881734397717086726e-02
3.031814932772417537e-01
-4.407517757585503460e-01
2.825263770995301571e-01
-1.490818012634014811e-01
-3.537213425525591315e-02
2.355057073096763487e-01
2.459899955476079481e-01
-1.133721303727370233e-01
-7.616472927484917166e-02
1.228787047014470585e-01
1.836265248318917354e-01
-1.472161393892050252e-01
1.342675044182005673e-01
-4.115098174305798495e-01
2.703137286543842999e-01
-1.769542208836574759e-01
1.137543331703644162e-01
-1.461612840020753978e-01
3.226052769830432543e-01
-2.578487123412575022e-01
5.333945982302373129e-02
-8.167614470977190011e-02
-3.200240841645912715e-01
2.170225970954184902e-01
-2.534380029073093898e-01
5.204078334063652056e-01
7.421480288448210894e-02
3.758097118694831568e-02
2.547532681017737333e-01
-2.000470782935820924e-01
-8.386021919040273498e-02
-4.713393517479404493e-01
-4.422722512484877910e-01
-4.821268372328502139e-02
8.987754777957716879e-02
5.643151689561175244e-02
-7.956608263881274901e-02
3.231265475962160072e-01
3.678291149024723317e-01
-3.135175154479489246e-01
-2.883957212827741312e-01
8.727741173807010422e-02
5.328621973431826309e-01
6.330630283451123275e-02
1.576802515477429556e-01
-3.239327094848598043e-01
3.073054187187334585e-01
-1.822481016932522013e-01
-1.412152218795382011e-02
-3.311810076142517878e-01
6.396947163211496451e-03
-3.832816434051559279e-02
-5.063981461865220135e-01
2.064038122204734371e-01
-1.165122164235330438e-01
-9.704550804987466250e-02
-2.392045063639197944e-01
-4.028548733972686646e-01
4.973647910350689066e-02
-4.978936062012711584e-03
-2.617458873582783618e-01
2.830677044237365214e-01
-3.886007880561269112e-01
3.453572632358837269e-01
-1.969971866139660355e-01
2.054443238517168202e-01
4.307295506627530357e-01
1.437518428548245908e-01
-2.204185002912795177e-01
-9.800428802689267749e-02
-8.545870463724176969e-02
-3.331200920747979799e-01
-1.814446026768010145e-01
3.885044906644269901e-03
-6.688959291310241084e-02
8.003025796649579360e-02
4.659216157316516949e-01
-1.964867755900022439e-01
2.514585441808181998e-01
1.772258053325172222e-01
-2.532059110893214449e-01
2.537026516061434700e-01
4.290344957128172099e-01
2.790558037441427386e-01
1.350847618901473424e-01
-1.311354919638491046e-01
1.806015327209425092e-01
2.085801815604935161e-01
1.991127231435334266e-01
-4.399961365032404315e-01
2.361430929899213660e-01
3.709085568842413472e-01
9.692770383643031784e-02
-2.678166313316205360e-01
7.195221138806017214e-01
1.024015324754025541e-01
3.721701584019539433e-01
-1.399045816338978510e-01
-2.960472374983397770e-01
5.163688848867515474e-02
1.336727032513446156e-01
-1.674643927243731345e-01
-4.205212404233962808e-01
2.752469770035255725e-01
4.893444794917009566e-01
-6.912545718527490779e-02
6.000496630158171779e-02
-1.312931662205735206e-01
6.286454216152259633e-02
-7.500654460192597572e-02
-8.438813529695220195e-02
-3.757343165155788700e-01
-4.544896711547213308e-01
-2.880086510910679354e-01
-4.327168450163762503e-01
-2.427393412511814896e-01
-1.796535304690801138e-01
-1.612786142151741708e-01
-3.747184598824308821e-02
8.402774636094599847e-01
3.173858020553844139e-01
-2.200046652281572868e-01
5.332759935579222538e-02
-5.817042479482908979e-01
8.039283761797454131e-02
2.667286454801019446e-01
-6.495908640168227555e-01
1.951257399030010553e-01
-8.162062093932988260e-02
1.244045119608524347e-01
-8.539797819024830261e-02
4.305569127866585855e-01
3.984494195239636494e-02
1.319695541444428598e-02
3.584246127645186464e-01
1.635728385621603442e-01
3.003840806794288443e-01
4.569761891319440994e-01
1.341997240985273454e-01
2.236022078480148223e-01
-1.749347082325370117e-01
1.224292235926740524e-01
5.613505920418635636e-02
-3.158802065568376283e-01
-3.826824507337746317e-02
-1.741846032954645351e-01
1.111392872317777669e-02
-1.309586506837147890e-01
-1.813282240627703545e-01
-6.752463908810995008e-01
2.519689103457157242e-01
3.784710041450928264e-01
-5.303570052382792837e-04
4.920134509990400917e-01
-1.784163158298276153e-01
1.878959403103801912e-02
1.458419549037207052e-01
-3.983294710459263088e-01
-9.124026827205521106e-02
2.131660571058398845e-01
-4.129623178918174764e-01
-2.815211830176251873e-01
3.225220477354486803e-01
6.808572923420627698e-02
-4.007643072313951671e-01
-2.780025799539568299e-01
-2.095662271716827452e-01
3.405807872242423984e-01
3.219250877524017229e-02
1.442697233765363463e-01
-2.279381932409975664e-01
2.718324122598525516e-01
4.362617854505252968e-01
-3.734751949605572552e-01
-3.964470922290554422e-01
-3.831209292064483712e-02
-8.237742075857656943e-02
-6.139039551222663649e-02
1.344550916793419426e-01
4.625332991572548846e-01
3.267534216120956403e-01
-3.206711301414852389e-01
-1.455244978648233267e-01
-9.761951805105483632e-04
5.486017200522423642e-02
-2.896081202502331364e-01
6.269113159500593058e-02
-4.316163504275720708e-01
-1.340500614241931085e-03
-4.410470032047888456e-01
8.594517379319472836e-03
2.923716224801075625e-01
2.525756873529105273e-01
3.719409454282410210e-01
-2.745264407778966742e-01
-3.753670601707608800e-01
1.007264178891769391e-01
1.088503957908355801e-01
2.305893347942996052e-01
-4.208548369114166743e-01
-2.722882765811190930e-01
-1.199709878458786599e-01
-3.328868218091582398e-01
-2.247684237422583331e-01
2.376276735604968271e-01
-3.094681622768223270e-02
-8.613466411730952288e-01
-2.869818252112236179e-01
-1.402072277319129853e-02
-2.320804717244738802e-01
1.341933540123574631e-01
-1.188293330413460192e-01
1.281853782787744922e-01
2.681935855546088709e-02
1.154392223564716241e-01
4.989486302319142697e-01
-2.897637903572265472e-01
-1.873376920348376884e-01
3.523035920880483451e-01
2.567212381722659698e-02
-5.826421965895106636e-01
4.464076990882948071e-02
-3.507444778020030185e-01
3.971529884572960745e-02
1.993458376870724247e-01
1.582409154835028309e-01
2.306605517705794250e-01
-3.150196736045371426e-02
8.600555066541144822e-02
4.773620497970363918e-01
-1.699502510873008299e-01
1.493585730350995844e-01
8.238240812911427069e-01
6.183539717000120506e-01
-2.982630594119459744e-01
-3.063355902322046145e-02
8.116277726771088386e-01
-4.191866574816510010e-02
1.028517837131060764e-01
-6.457097080649685239e-01
-6.456188855741870070e-01
1.778872841319030229e-01
