-2.428935148129642840e+00
-2.026995044823664660e+00
2.029057321309237327e+00
2.815896199320091053e+00
-2.029877596825291619e-01
-8.765971832643232320e-01
-3.354384282660558547e+00
-8.388651783867915768e+00
-5.870393780877134482e-01
5.959056674431686407e-01
3.467750326902203639e+00
1.161407146244995303e+00
-2.927041810354350737e+00
-5.094654508705350970e+00
-1.004862049025695647e+00
1.110127255825626102e+00
2.673408149954766611e+00
-2.089119938995300352e+00
2.360305511080882934e-01
-1.456917879615642786e+00
-1.072630169928348698e+00
-2.792272332269536861e+00
6.246434772403763880e-01
1.803654796334302368e+00
-1.113711623794863659e+00
-1.497228766507092468e+00
-1.781525518846061695e+00
-5.141381405492615464e-01
4.512005115654862397e-01
-3.436730001388483835e-01
9.761218789046097188e-02
-4.005084039962719111e-01
1.097499709844139471e+00
4.654481566194984543e-01
1.377199439785879109e+00
8.169353364185107935e-01
3.004579957799159984e-01
-1.964053701020387344e+00
1.842122124317079113e+00
-3.293646330988493354e-01
3.387624407793850878e+00
1.678808651955577380e+00
-5.648510099361551129e-01
-1.634928417841601256e-01
-2.549957839277989385e-02
-7.581904127108297642e-01
-8.058884958085248129e-02
2.074167971660944243e+00
1.110714860838968532e+00
-8.226004253512154696e-01
-1.194734408826656713e+00
1.451810802381862386e-01
-1.274930620032454776e-01
3.505404959636047035e+00
2.895602862541669931e-02
7.157636043718870189e-01
-1.744946631716919105e+00
-6.899030638016488970e-01
1.294981431989672416e+00
-7.958991348477348904e-01
2.726820801737525612e-01
2.852562200021659389e-01
5.975311284559647884e-01
2.128613895276916246e-01
-7.857533453609613083e-01
5.558270343468124652e-01
9.101730775091618209e-02
6.060087154448304952e-02
-2.731264106798503732e+00
4.267087645336004043e-02
1.384158651486570579e-01
-1.212070363748773527e+00
-3.925709047325924295e-01
-3.381104568294855950e-01
5.681119430478915461e-02
-5.293116627376357464e-01
-8.078901071378520315e-01
-1.048357675330351624e+00
-4.390644627203608708e-01
1.413068427400800076e+00
-4.406666437109489631e-02
-3.494959398203039136e-01
7.018081889616607505e-01
3.836552621681027508e-01
-8.734141549103390245e-01
1.052626962489362938e+00
2.324996020573368016e-01
1.487796537783542539e-01
1.027892489724945291e+00
-4.354697252431534160e-01
4.324868530473619521e-01
-1.739232580805330164e+00
-1.723770443049452844e-02
6.284457489055028656e-02
-7.842877121876037361e-01
-6.926107850497206231e-01
7.924440697536755396e-01
1.272190671174988630e-01
-1.155173086810885152e+00
1.942807265488874613e+00
-2.237208642298985431e-02
-3.748774108434924091e-01
-2.110485627105638529e-01
-1.601762875470160996e-01
2.510778226093300924e-01
-1.396573749340959680e-01
1.824459018559343726e-01
9.486938195932981266e-02
5.032960159465897920e-01
-2.329428968665179719e-02
3.608182334890389087e-02
2.855069899026634328e-01
-4.258061408243494217e-01
2.190402091138685670e-01
-1.565448127559513625e-01
1.963377727634186831e-01
7.978379933860220430e-02
6.274825255461176088e-01
3.888264428949590457e-01
-4.698386585957290557e-02
-7.487186870399957783e-01
-1.347562704949462287e+00
-4.747282706308478817e-01
-1.155483525913007625e+00
1.885068507042835684e+00
-3.039303762440601187e+00
-1.252597999610615576e+00
6.406884585210874672e-01
3.870244374537312737e-01
-2.810799622119139474e-01
-6.344212810936339375e-01
2.253620022401511935e+00
-9.679727657958320242e-01
4.842050944426172232e-01
5.685262080017965403e-01
1.295040209095098094e+00
-1.805685498035374037e+00
3.411802363121076431e-01
2.154214854521984357e+00
-2.765253030675079771e+00
-5.804635955510089040e-01
-7.175099712320983647e-01
-1.803321205273519912e+00
-8.650774375175520614e-01
7.171285695140063865e-01
-1.519958988190136973e+00
-2.532453653768138024e-01
7.677447759010122552e-02
8.862104394058223367e-01
2.963291693212145028e-01
-3.024244392627125633e-01
1.612861236635712459e+00
-4.770767660597963755e-01
6.541454907311423650e-01
3.625609757725970494e-01
6.718407406866567788e-01
-5.828055475418819631e-01
6.955835621998149865e-01
6.699476210513688468e-01
-1.216358454965719371e+00
2.565604757599567742e-01
3.117632564119529603e-01
-7.753214578133933443e-01
-4.645384455627605824e-01
6.730678654923323290e-01
-1.063804809441746269e+00
1.118804201958686559e-02
-1.660236039675656028e-01
9.706545493578033756e-01
-1.498012919537417553e-01
3.080805798101889925e-01
8.479363204892250705e-01
-7.217219071081589776e-01
5.059457822171463670e-01
-1.464087345205856705e-01
1.945797915786371679e-01
6.581299683649748100e-02
1.289956677249534556e+00
-3.552431896261043498e-02
-5.765852068464030200e-01
2.003128645798449292e-01
3.057739863543871284e-01
5.347821431653704272e-01
5.171288257436999075e-02
-3.362301160390880894e-01
-6.702855949174117978e-01
2.014093515345153074e-01
-7.759881710267046984e-02
-4.314202780332728193e-01
2.231935416723946630e-01
-3.844491425370428206e-01
1.148123396039038430e-01
-1.396604395379287822e-01
3.362110552133852903e-01
3.725222095687301671e-01
-6.176047787349363966e-02
-1.072981564710155482e-02
8.326698826228716710e-01
2.653969492873015645e-01
-4.029509513680296084e-01
6.266754616436558400e-01
2.698297754711716512e-01
1.422572377932362242e+00
1.425806031414813990e+00
-1.140499820153920263e+00
1.586493046025712284e+00
3.400432031686257961e-01
-7.845320477757027067e-02
-8.385122332077091789e-01
-5.855541020159529264e-01
3.656010612141049609e-01
-1.439560643096314818e+00
1.854184814943968251e-01
-2.960213555944266606e-01
6.911841198107786244e-02
-1.128002783707294565e+00
4.998707311082330462e-01
-6.562730882445506897e-02
-1.122644342984525201e+00
2.306168470421199768e+00
1.069811198339692682e-01
7.177480833813824901e-02
-1.216191932349879185e-01
9.531493676903519952e-02
-2.639499820161069210e-01
1.206079619252233615e+00
1.493213316271498337e-01
-1.627116334389845098e-01
6.671745125310876157e-01
-2.824709393819390679e-01
6.472165993163748743e-01
-8.053778750457537550e-01
-4.370798031780728787e-01
-3.386044899212629078e-01
-4.268184376059303009e-02
-6.466334579600829802e-01
6.987614673547478672e-01
-2.243306583121192632e-01
-7.670710421265384271e-01
1.235046558060199695e+00
-3.818353105631520639e-01
-3.475249337210347123e-01
4.582434737995736973e-01
-4.377984411454389213e-01
8.049990790937364693e-01
-1.556864819762633356e+00
-4.243235615698678909e-01
1.899910937353057050e-01
4.438514206531543604e-01
2.492054268931495620e-01
-7.525858827269865658e-01
7.381295237035591095e-01
-1.919197453695189182e-01
-2.567611239498102105e-01
1.263343124087563385e-01
7.719863453671007569e-01
-7.015727290307076647e-01
1.414663558680574473e-01
1.296027551564564728e+00
-1.518159357783849694e+00
-2.408673448409209480e-02
-2.449809902917247928e-01
-2.073182758550573823e-01
-3.129281342063870985e-01
5.345325425325320179e-01
-3.131475971243516954e-01
-2.527417979683955762e-01
1.397337317526924638e-01
8.384424898428967377e-02
3.776320485387498205e-01
-1.798025986873878768e-01
9.697849990098506012e-01
-3.018079827146480723e-02
5.462070951688472592e-02
6.627550189643337253e-02
5.099609479008965218e-01
-6.315566949996286317e-01
1.128971982057597329e-01
6.578061708393186935e-01
-9.095145644525823858e-01
-9.928974812323576593e-02
-6.156848299133992342e-01
-8.757048561078676352e-01
-3.616952872876647018e-01
1.565138117705932308e-01
-6.457894012950466944e-01
1.251817323366878343e-01
-1.041265295298874072e-01
6.418854649835169512e-01
-3.310651247167855638e-01
-4.211204367350808442e-02
5.463338401526709465e-01
1.438974274957130484e-01
9.741956446920777557e-01
-5.108675998293797926e-01
6.754689167039568121e-01
1.682714804729354419e-02
5.671716469047071163e-01
2.520287182404533088e-01
-1.284017507465311292e+00
3.049873051153692005e-01
-3.792582759907742185e-01
-1.666111961597600225e-03
8.603078555074460398e-01
6.191284069879098295e-01
-1.343697653448981288e+00
3.205541871110770269e-01
2.690897622585067817e-01
-7.881023340045645309e-01
2.591098590300390178e-02
6.920756655940357716e-02
5.947830962747417960e-01
-1.269458150407048569e+00
-3.792723974104019596e-02
-1.804704972142762848e-02
3.335112291263527817e-01
-5.242397759947680091e-01
4.717960107273252435e-01
4.927831959120445582e-01
3.866217935854749932e-01
3.901715591342493905e-01
1.570133292348460996e+00
2.201912640646642938e+00
6.049976493660702559e-01
-8.253165427906380414e-01
2.100548208890701041e+00
1.014911905436859829e+00
-7.794037051506401692e-01
-2.303728661216603246e+00
2.438006768088692156e-01
1.652192122449148703e-01
-1.879013531789685887e+00
9.493809699426758453e-01
-1.064400227421222977e+00
5.643918459708806568e-01
-9.074185277443655995e-01
2.636507738211194343e-02
-1.797083208260239040e+00
-6.641597054564788438e-01
1.246015118004781819e+00
-5.331275682406142469e-01
6.090853175451625690e-02
7.965026495152650599e-01
-9.634258224771100054e-02
-2.455042051681915471e-01
1.046629830975827069e+00
-1.502929031271091342e-01
4.085540187477461060e-01
2.707064994255823365e-01
2.993442938273211396e-01
-5.968819644856226958e-01
6.806144195761261451e-02
4.173106483618266305e-01
-3.307904484973671067e-01
3.672425781665904221e-02
4.368907793115596183e-01
-5.549859064006005260e-01
-8.091499694171613299e-01
6.896834934300744013e-01
-6.474153389521536406e-01
-8.113068991828187304e-01
-4.514218531824850666e-01
-7.048487429409987515e-01
-5.950458781108042272e-01
1.097778619365198161e+00
-1.737261108720491443e+00
-1.779492002636330339e-01
2.325969212119307350e-01
5.693649831686806717e-01
3.948861319456972024e-02
-3.460406432361851081e-01
1.150725304688981820e+00
-5.586622743390666779e-01
3.199383969014637508e-01
3.759260099897779872e-01
1.100233731692035644e+00
-9.170273753313245013e-01
1.656323599308669181e-01
1.120483107076361451e+00
-9.728295376800806249e-01
3.194370084908536023e-01
2.691765273119293284e-02
9.016674194301029788e-01
-7.445683849020462430e-02
-2.469707125711180229e-01
7.659019774589369556e-01
9.377543001892447994e-02
2.605189209641178838e-01
9.420264706033856239e-01
2.016334130567602467e-01
-1.068948783090867966e-01
-3.259392144568008520e-01
8.245236868814611597e-01
2.181392719390902180e-01
-3.902672039952738425e-02
-1.240493051635649935e-01
2.617275232339943969e-01
-2.775811582200168326e-01
-4.229164339273593920e-01
3.607501762723972633e-02
6.720812858216732577e-01
3.817780304845870831e-01
7.357222144817523457e-01
6.796056998932293869e-01
-1.018133534455878841e+00
1.555599254484788085e+00
3.521883802994589807e-01
-2.260924626416006833e-01
-8.212509374950727192e-02
5.615714133862022284e-02
4.960034780165840096e-01
-1.487800972121153364e+00
4.398700323755720953e-01
8.987743178448120984e-02
-4.810192628378254787e-01
-1.131736286641640943e+00
1.009381530308562258e+00
3.797591681586136025e-01
-1.094401678747108031e+00
1.284734215347893560e+00
-6.136019086071741180e-01
-4.451047693924474746e-01
5.295262228955727180e-01
-8.724076690090298153e-03
5.575909530280943882e-02
2.341309036392986154e-01
-5.624516564412564978e-01
2.269128029746624586e-01
-6.648985897835925085e-01
2.996446835995822400e-01
-1.848781895356473304e-01
3.901624191343123771e-01
2.787136581995279250e-01
-4.294736687627941918e-01
9.974539163206545822e-02
4.882512810984426244e-01
-6.940497226841307876e-01
-7.901801841483353517e-01
2.595601969498065875e-01
-2.335974941860313459e-01
2.283392979730603234e-01
5.937827407756277598e-01
-1.948756308499076384e-01
1.735245666811398579e-01
-1.792437137510443368e-01
3.642200122927672368e-01
5.808191060943308504e-01
-4.374518631302127258e-01
-1.988755991308626403e-01
3.934887659588052200e-01
3.652809508298551222e-01
-4.616517586834238962e-01
1.002496823609323219e-02
4.346871337334363983e-02
-3.796071289335802845e-01
-5.122997590259888989e-01
6.792520260009718980e-01
5.574383138232794632e-01
-8.921716060116722247e-01
8.056388409092462011e-01
-5.500023277424453960e-01
-3.956679984263521965e-01
5.011061860912305321e-02
3.576465883323096673e-01
-1.070343688549633798e+00
1.025218586731818871e+00
-1.337236489982573051e+00
3.911979766279866100e-01
-7.994348401873515586e-01
-1.315801486404984066e+00
-5.190359862161635363e-01
-1.019898449787688621e+00
4.503752561967046958e-02
-7.561187354301676100e-01
5.947746515397169809e-01
-4.527038068193466047e-02
-9.673962367021969877e-01
-7.575928135379137451e-01
-4.159789346258546683e-01
1.625997761206389614e+00
1.623568359248290793e-01
-2.887365871450872090e-01
-3.153574506710551395e-01
5.321715623348096669e-01
-3.484853571697421049e-01
2.858130485520384290e-01
-1.557004342817774056e-01
1.875634041950245134e-01
-2.977745199026339273e-01
4.631727292341827895e-01
4.090767551104342870e-01
-5.006987837541591047e-01
-2.753276612732601381e-01
2.164390470142757983e-01
-1.828061443628715699e-01
7.605492419304121787e-01
6.894683651877977493e-01
6.025634297485871205e-01
1.746998000880171653e-01
2.419602123569371266e-01
-6.086673820752032116e-01
4.278661053552039184e-01
-8.498057634127881288e-01
3.899064512811057925e-01
1.704719075815549212e-01
-7.352281071218034203e-01
-2.865705752301483389e-01
5.856981406025962844e-01
-6.259793957371528883e-01
2.219147879335546525e-01
-6.825727088827713285e-01
-7.773656741238508250e-01
-3.163886530154872423e-01
-3.832847453094407886e-01
3.679434326210760942e-01
2.233201403699759391e-01
8.206305279773883354e-01
-2.025060735527068057e-01
-7.895923649985006620e-02
-9.803040160323792662e-01
5.794436430553271018e-03
-5.878912953709007627e-02
1.399379404901174018e-01
-4.922692843730717693e-01
1.609879339438613499e+00
-1.233776061243378130e+00
7.372165750727662781e-01
-2.867688737775676150e-02
-1.329340247248721879e-02
-8.077981880018746119e-02
-5.591898108419685043e-01
-3.190546696130897031e-02
-8.919234939930549555e-02
1.128132114834045074e-01
6.855287482909875330e-01
9.214545424678014310e-03
-4.791776585366667729e-01
1.334376128031461162e-01
1.811989891863633600e-02
-1.170883617968966117e+00
-5.945857825195461910e-01
3.692738784101526894e-01
-1.804365264570088612e-01
-3.647585775545066356e-01
1.359946861555277053e-01
-4.112322761868861254e-01
9.977802502530250250e-02
2.541149694293048378e-01
-1.643159601876590936e-01
-1.321520741902411311e+00
-9.259723407258099170e-01
-6.037071782174983081e-01
-2.382408122200906433e-02
-6.936429412050301030e-03
7.232285459704849984e-02
3.533846089853501793e-01
-2.877885456431344968e-01
-3.351074816017330926e-01
3.354020120709279018e-01
-2.985263979411055257e-01
3.605643286404456305e-01
-2.744223736509344147e-01
5.940914738435622011e-01
5.193641232259674778e-01
2.065426769607046076e-01
3.714813680807343421e-01
5.338778708640313786e-01
-6.649664779669444137e-01
3.713725514157629193e-01
5.173421626225511716e-01
8.340621850581809715e-01
-8.642485130646448965e-01
3.531843592952755295e-01
8.455606273590178523e-02
-1.792458102287477484e-01
-1.157682613928189275e-01
4.901887015491335903e-02
3.554305859288166558e-01
4.362092798017533912e-01
6.516385135397989581e-02
-6.287118189682002756e-01
1.642731919510422411e+00
-7.711372457069253228e-01
-6.178447218808057473e-01
1.084578282397105742e+00
-1.395084800397306868e+00
-7.043679157427431559e-01
1.502357784659430706e+00
-1.762903480186831295e+00
-3.352797561308512586e-02
-1.116834151798876906e+00
3.241059911385738568e-01
-8.168240531501430590e-01
-4.630707983534280148e-01
8.142493161648152178e-01
-1.740059510704314860e-01
3.051578267213306273e-01
-1.408887130340449545e+00
-1.096566206380778619e+00
-9.821962010610224558e-01
-6.220354756536630204e-03
5.737320610272421684e-01
-6.326559455187347192e-02
3.458136994734484215e-01
-2.175965520523532037e-01
-1.168245442684151536e-01
-1.316313392571722141e-01
4.132907894900278989e-01
-6.453753519267143579e-01
-8.558497025005441516e-01
8.190715887552514618e-02
-5.626093911052260088e-01
-6.724809425213035263e-01
-2.506109157033750146e-01
-2.219968277677617993e-02
-2.765144533680058969e-01
3.317271063011205112e-01
-3.207458307418341592e-01
4.455111382502559281e-02
-9.799821597244804394e-01
-2.812203982071686537e-01
-1.479509629500040391e-01
3.991903075264006118e-01
-7.520142044609769982e-01
7.660056819673453400e-03
-2.910018136148332379e-01
3.860458265992749993e-01
4.563977707845301990e-01
5.403350592503883831e-01
6.980715886576079054e-02
-4.890099179459095335e-01
-4.357507837167706732e-02
5.749680361115317995e-01
3.253799460671206178e-01
6.574839898482975897e-02
-3.879341634800523297e-01
-1.824471647111548800e-02
2.846725821420412750e-01
1.112385170954345928e-02
1.138672968032410776e-01
-4.351810745897421451e-01
-1.268888620598639827e+00
6.498313422167022457e-01
4.448499475956054217e-01
-1.078278978224298523e+00
8.500075587857894854e-01
1.996258978441795839e-01
-2.241896325029214321e+00
1.564801972253449636e+00
4.976885759896031991e-01
6.280469057511999242e-01
-4.118349125576274000e-02
1.033371291048846979e-01
9.601748543746997377e-01
-1.023420017185372233e+00
8.764378308234410664e-01
-2.335530625586582421e+00
1.099738257714672596e+00
5.782846576557704177e-01
2.971545397146647005e+00
-2.008075367510577663e-02
1.805607292115235796e-01
-2.888493168619938323e-01
6.851461635387611215e-01
-6.187298381235895040e-01
-2.050875309976151195e-01
5.456322617509467010e-01
-5.622438755788865539e-01
4.305856393914865854e-01
4.370557967243555164e-01
6.173050849530181683e-01
-1.775327390925215409e-01
2.103623901461378620e-01
3.257891671657979771e-01
1.263988953013584493e-01
-2.316059353402757370e-01
-2.990102982965971504e-02
-1.860363195707255557e-01
-3.016576827475223044e-01
4.783733041128622188e-01
1.526134887661675099e-01
-2.499892489331475842e-01
3.014249026140197185e-01
3.416468491351752901e-01
-3.851385464623502952e-01
4.568081297546585096e-01
5.209479081511300125e-01
-3.741046833312184350e-01
-3.788541072682266586e-01
-2.376410127353825175e-01
4.181539569288589830e-01
2.508579913493723668e-01
-2.666398037294744894e-01
2.344898882162004539e-01
-4.709202947678589601e-01
4.724094550294890421e-02
-3.587150644427244406e-01
4.292748917387476104e-01
-8.203847866309284947e-03
6.881071536888815343e-01
1.338136502437348163e-01
1.423634307900748519e-01
4.369110341258205521e-01
9.366117682700662861e-02
2.096420944750269216e-02
-1.990678202037645950e-01
1.931274962786039828e-01
4.594089279713526874e-01
2.314401766862065613e-01
3.510960406679479728e-01
-3.872629871295122372e-01
4.133186368959539808e-02
5.433139242974956984e-01
2.007760959001285705e-01
-2.257609537812165987e-02
-1.945670442429545122e-01
-3.453401114526509219e-01
1.102562486757596993e-01
-1.346236844658903753e-01
4.091818960606468658e-01
-2.168548851321313586e-01
8.299079579234117654e-01
-5.340833563605988932e-01
-5.851752187022453144e-01
4.818631011344560733e-01
-1.423391064864230504e+00
-2.308581445532774667e-01
8.433921368888841474e-01
-7.540146463951059586e-01
2.752098418033541161e-01
-9.208639985841525766e-01
1.994683794031867630e-01
2.830634894858251593e-01
-6.790974131841011063e-01
9.536275522321587816e-01
-5.734171404770487257e-01
5.002446092527237376e-01
-1.067700130598029373e+00
-8.773680836459597510e-01
-1.669245069793213743e+00
6.120528609661919361e-01
6.466182123930880321e-02
-2.582932023638900287e-01
4.655978422216690560e-01
-6.410782132466665839e-01
6.596948638576090040e-01
-5.046479578380650560e-02
-7.378554005986155406e-01
-4.272477529535446683e-01
3.860143444032749782e-01
1.657936852026089980e+00
3.281512341336675909e-01
-5.014729277626168713e-01
-1.018844786678918396e-01
1.158229488798932366e-01
5.166509851638280137e-01
4.358162202811111108e-01
-1.799007189458697031e-01
-7.270516205729035120e-01
1.402664275327325794e-01
-3.880571173004208063e-01
3.662787259486670055e-01
-2.802164689146713905e-01
-7.051317996950172695e-01
8.675442713839858211e-01
-1.944213658398668554e-01
-4.872951443190579601e-01
4.525558591360491767e-01
-8.075740651517531177e-01
-9.906595642311961658e-01
-3.884999187599056936e-01
4.868254445915780326e-02
-4.122864129742168093e-01
-1.689806289904074721e-01
4.824920716055608461e-02
-6.482622496874200779e-01
4.222499314399522780e-02
-5.976165837207758624e-01
1.160322071878185229e-01
-1.085181509135177080e+00
3.637786336699038725e-01
-3.969847930841038375e-01
3.543540300388859365e-01
4.796520509698768975e-01
-2.300562255788508315e-01
7.551302259173077180e-01
1.077067860633340729e-01
-1.023912803350222944e+00
5.062107277670139238e-01
4.006053866749543224e-01
1.851390423691280651e-01
-1.957307780092145955e-01
3.353508787786358414e-01
3.490670224677557276e-01
-1.176078390334852619e-01
-2.902290252546377847e-01
-2.563770014338799808e-01
-1.006854852720094756e-01
-2.094367976860914138e-01
6.691666078062127321e-01
4.030049376726729804e-02
7.850117021090219360e-01
-6.717133187063278887e-01
9.074106647507997059e-02
7.904344297633379701e-02
2.933237948214279522e-01
3.037977054333025340e-01
-2.270850493494974420e-01
3.293737023169657739e-03
-7.395748704774808280e-01
1.289831370838012414e-01
3.228032993319413513e-01
-5.550291463911957157e-01
3.017177692149951018e-01
-2.183018588879871436e-01
4.400061018213823338e-01
-4.081967143649330998e-01
-1.041950046197332780e+00
-1.941483957016000017e-01
4.671689101027065583e-01
-1.283566750393714540e-01
-9.081631831183831771e-01
2.990868350182521729e-01
5.515644655315093958e-02
2.134487328674174872e-02
4.334232629072714560e-01
1.283393936114692879e-01
-1.897808191389701582e-01
1.973502096354630975e-01
1.151676392507281488e+00
2.306240991320512024e-01
3.329045151124807034e-01
3.963835900332641216e-01
3.206220887024205934e-01
-4.767836840240513574e-01
1.419313036945008544e-01
-2.857863033130613739e-01
1.062821860396729434e+00
-1.145455696661165923e-01
5.947034533490507258e-01
-2.895646180441260875e-01
5.294523555636226897e-01
4.088607337222234239e-01
-6.192905716488871226e-01
2.794551186070257098e-01
-1.128960240808010607e+00
-4.969694634334731465e-02
7.668958735384547865e-01
-2.819643714619576337e-03
1.567871024596911508e-03
-1.450013919953344610e+00
-3.463274644625067844e-01
3.192035372079771172e-01
1.035202280129716712e-01
7.744548322379402050e-01
-7.369954184555516097e-01
8.573658383455159959e-02
-1.847712070224167280e-01
-1.120375848604382579e-01
-8.842589574350476767e-01
-4.597354652702044242e-01
2.098825604709796622e+00
-1.167628849118652168e+00
-7.656810664933526578e-01
1.049503158706058814e+00
-5.089814340759135636e-01
-8.217819150823529872e-01
7.202343542386672182e-01
-9.533496186705568975e-01
-3.211321484642492674e+00
-7.968351733096933343e-01
6.052061128488799291e-01
-1.135197476987386045e+00
1.406829195793133092e-01
-9.733883143468589905e-02
4.885514443920705996e-01
-1.462037743212485086e-01
-2.211232384493368563e+00
-3.914554612547750945e-01
-1.134478195408724854e+00
-2.479481377444093249e-01
-9.703246589525451604e-01
3.218367028958334375e-01
-1.503591813836859581e+00
-2.767970387728537623e-02
3.422959978056306918e-01
-6.245923688524880335e-01
-1.599643612451159047e+00
2.291020517581523752e-01
-7.645953262226095060e-01
1.240004319178139303e-01
9.633962552337260732e-01
5.872647706140757817e-01
9.176705139317183901e-01
2.712769776838427904e-01
4.033252195744081725e-03
2.807266520622564987e-01
3.857104680038076494e-01
4.326495098219337865e-01
4.369997251775945002e-01
-2.867604328717930362e-01
-3.890031591762284635e-01
6.083017294218776572e-01
3.103514823798260158e-01
4.287965000948071315e-02
2.324136856776255061e-02
-1.161958115743061820e-01
1.974708777527939829e-01
-2.508678091166693415e-03
-1.086492824678750857e-01
-3.016777347289106848e-01
-1.211371456791928147e-01
1.729382448655033544e-01
4.145131853570957481e-01
-5.759260303136730652e-01
-2.508229819660100224e-02
-4.812935233916604827e-01
1.481467070205152725e-01
3.639980063455777737e-01
-4.811502984866019572e-01
-1.434045469372374482e-01
4.927788186032454852e-03
-1.397610651431598350e-01
-4.680186520602203082e-01
-6.586347646627480935e-03
-2.246264526814211460e-01
-1.854116068435636144e-01
-6.261882156071320038e-01
-1.673948798450769493e-01
-2.720174409972750951e-01
-9.111960218145290780e-01
-4.590788667802023770e-01
6.178765047676688937e-02
-1.249628681656361762e-01
1.824599458397306584e-01
6.920768610171763591e-01
-1.328452679792677671e-01
-2.504701897832005697e-01
-5.968025041945078657e-01
2.401646806341173335e-02
-6.819289554319415969e-02
-1.032029268104053044e+00
-3.119280019684443350e-01
4.763587953512708473e-01
6.043826468300848020e-01
1.376018364000567984e-01
6.294439323440157441e-01
8.396286680743370034e-01
5.510227844009127907e-01
-2.991588599146215999e-01
1.006429916444296691e+00
4.496397281725289519e-01
4.908216568151780868e-01
3.889011105526530288e-01
-7.210910640654498716e-01
-5.088208238239179115e-01
-4.599176530512618100e-01
3.144068245301898101e-01
1.108320692462618551e+00
-2.007118746213446547e-01
-4.473402342870350101e-01
-8.452613813410176924e-01
8.161237108212080482e-01
-3.055126248415707124e-01
2.165041887354380579e-01
5.824287134051410186e-01
-6.132730334663080152e-01
9.794095437119093583e-02
-2.622726017366570628e-01
-4.282529992381849948e-01
3.930007840006262687e-01
-2.373981315347816479e-01
-2.874440100361600470e-01
9.555344640425390834e-02
-2.792354737183715407e-01
6.810390672700246117e-01
-7.149333223580801588e-01
8.465193478716702413e-02
1.301020224530071989e-01
4.458290517765398642e-01
7.075371286332339527e-02
1.404416941425585375e+00
5.001647695583989472e-01
-4.626143692282868036e-01
-1.058935113193454125e+00
-9.662129837644781727e-01
-5.260350116252178188e-01
-6.221154317145051182e-01
-6.516405119833361681e-01
-5.572415882931742726e-01
-8.398845168469682987e-01
-7.923822180943299598e-01
-4.435899987284165347e-01
-6.269248893364935959e-01
3.801660836110737351e-01
1.637064117955137066e+00
-1.407740007289567941e-01
-1.788953548672701066e+00
-4.770998222732500404e-01
2.708817379326373675e-01
-1.568505027770374372e-01
-1.242863179514187788e+00
-6.017503327417561554e-01
-3.471429355906107683e-01
3.646555236604635541e-01
7.105288475800417558e-01
1.136634268178642326e-01
2.523894638628978448e-01
-1.569584009804363689e-01
-2.528827030271527665e-01
-2.009890083140850880e-01
-1.201306512724900771e-01
6.642866683732115973e-01
1.053442524144276859e-01
-3.989682599101692650e-01
-3.614706891920392573e-02
1.778204593439948467e-01
9.949364274619744153e-01
-1.383705058589328463e-01
-6.435510665703010336e-01
-2.891877894680686123e-01
-3.868715872366467745e-01
3.725285216679797284e-01
4.017793776297647335e-01
1.017654245766942189e+00
3.081793068017319587e-02
2.257054549504315666e-01
5.973884048680088155e-01
1.635851887749421585e-01
2.773956207695421616e-01
7.396202101497099113e-01
-4.473903334367077683e-02
1.271884185024982072e-01
5.972485205525190910e-01
-8.075022443381013604e-01
-1.767950600268692329e-01
-7.960899647201025164e-01
1.121658700691440386e-01
2.500036257485417357e-01
7.466884438199367091e-02
2.925509692641194981e-01
-2.812519928394274227e-01
1.059754162263532695e+00
-3.410008888782562475e-01
3.678457399101117686e-01
-5.208370587590593903e-01
6.446982606597934182e-06
1.676460028054133911e-01
-1.860539173991437867e-01
-2.292062444549807995e-02
6.895457029181415454e-01
-1.798464697345246721e-01
5.729642808882431382e-01
4.688559501842708838e-02
1.591004166102618911e-01
-5.964020679685315685e-01
-2.258739342275247197e-01
1.462247520638215031e-02
1.663919759647720098e-01
3.137209449955541962e-01
-8.046704243796432010e-01
-3.171619377575707333e-01
-1.338647118988631313e+00
3.178050130276525720e-01
3.713558653889591499e-01
-2.437588203861850433e-01
4.880574890632261020e-01
4.792872678096271044e-01
4.082537240938329259e-01
8.927616187468521147e-01
4.523560238429840674e-01
4.005413984760535784e-01
2.219735128610954844e-01
3.350918276848702249e-01
2.446666985101572100e-01
-1.072170627064012338e+00
-2.573921109343567104e-01
-5.031852445046575140e-02
2.102939203968471893e-01
-1.394696045434289933e-01
-4.668942280762235220e-02
-7.896391772442523660e-01
5.246341418367007625e-01
2.404008510741156845e-01
1.472630156569625148e+00
4.921250247810526890e-01
5.040537869872582233e-01
7.625950409442000533e-01
2.565127265098733969e-02
-2.819390785225683316e-01
1.908062250789928527e+00
7.186358342157597168e-01
7.997082501947416766e-01
5.414391925889340262e-01
-8.785013512188439844e-01
1.041896935322716433e-01
-9.840672712076561357e-01
7.360898390986005957e-01
7.451034733225542217e-01
-5.361959520755982256e-01
3.810744403572555727e-01
-7.398364526344491932e-01
1.124248304821259037e+00
6.081511166527534540e-01
8.932249645754148926e-01
8.851069381677650894e-01
8.454901732154419536e-01
6.620566993504083397e-01
1.209607975961531634e-01
-8.393645854575740306e-02
4.183219096161527317e-01
2.152860522364473117e-01
3.128645240515371406e-01
7.391877037895281388e-01
-4.261159252347568316e-01
-5.538086838927749334e-01
-2.019307227136145078e-01
1.761163582242272763e-01
6.461788959195411408e-01
-4.161940209935549029e-01
5.525419842421103178e-01
7.237772188179153465e-01
-5.171807906605830896e-01
-1.356709956187949484e-01
-7.704407900893239791e-01
-2.969049981590499154e-01
-1.001678336228467581e-01
-9.298484610650535886e-01
-6.338487851719932786e-01
-7.474819259427832874e-01
-1.186022554772191429e+00
-5.435838430232025065e-01
-6.881734954085011458e-01
-6.020331120681563994e-03
3.103014085191529436e-01
2.569773525066392783e-01
3.489897330294957634e-01
-3.337941773907239229e-01
-2.844146482506177409e-01
3.813588849335298181e-01
-7.386857298108242542e-01
-3.026198587210920388e-01
-4.242720434227746640e-02
5.414692620248943156e-01
-4.073527368402625644e-03
-4.529162948730327543e-01
-6.475695000060875672e-02
3.153205616031814484e-01
-3.765485486218213274e-02
1.326719628213341995e+00
2.748719858693050577e-01
1.632172052060066603e-01
-3.913004542053282603e-02
4.359488740999770684e-01
7.244861171831927793e-01
-2.537748454210200788e-01
4.520058934411473953e-03
-4.272347458018704303e-01
3.851144745707242856e-01
8.447337213462355887e-01
-3.700250220927365358e-02
1.815481007846006800e-01
-5.462434915453758810e-01
3.402428608282997979e-01
4.002189579035685951e-01
1.072091549860087201e-01
5.652670123492369303e-01
4.731419418372925234e-01
7.783303661324755818e-02
3.896592162264029269e-01
2.567798828500350572e-01
6.828962767480549478e-02
-1.425469671181032738e-01
3.252281877199961757e-01
-1.368860811282536505e-01
-9.553709331647047831e-01
-3.126077159408846562e-01
-2.178123803528085045e-01
-2.325785429226958634e-01
-6.520840977483896572e-02
1.111536255037888776e-01
7.437363211847948241e-01
1.317254275117068385e+00
-1.417179909178764297e-01
-3.171342087490477968e-01
-5.819337228835673725e-01
6.199973804163097513e-02
-3.491813849686330462e-01
-2.287318642432765448e-01
1.316238568888345173e-01
-3.879468227945281344e-01
-4.418107746141662351e-01
-5.595975898315990182e-01
-2.495137753870691755e-01
2.197907910515294327e-01
1.205848298901505133e+00
1.592951889223728767e-02
-5.401641651343186412e-01
4.244705622176934978e-02
6.956487992179538615e-01
2.411224199840531716e-03
-6.073374586812053666e-01
-6.629358451982000355e-01
1.666744066992069673e-01
6.282276708444574087e-01
3.778553440993086543e-01
-1.726259475954855238e-01
2.939104322206695930e-01
2.214556896687302004e-02
-3.866486993114067183e-01
6.399226967728065540e-01
3.688973398775813317e-01
8.783519925629542646e-01
1.414108815128244379e-01
-8.067750543966420995e-01
-8.919517721814145261e-01
-3.308319959227067897e-01
5.812624650105100432e-01
-9.323624535569297045e-02
-9.238238236736618925e-01
8.964616458086409612e-01
1.966870054947091606e-01
2.028563379769720232e+00
-6.741673600331792027e-02
3.193958328138228886e-01
2.664100231160545021e-02
1.324598449259026534e-01
2.265842264081827095e-01
-3.215595885098199713e-01
-6.794686954099362630e-01
3.362114346889311656e-01
-1.274374390038134075e-01
4.642531143544209038e-01
2.592802542641059471e-01
2.898709156292043065e-01
6.786508836711993009e-01
-6.787829829569853868e-02
1.099855159606407673e-01
-3.720117219844359252e-02
-1.146398628439451589e-01
-3.670195097472257473e-01
3.507023894730659092e-02
-2.009196090164296622e-01
7.739727028873902848e-01
-3.306011025900917888e-02
6.636319283009499415e-02
3.077106068863919019e-02
5.653278189375691154e-01
3.922815362355164259e-01
4.793179887472892586e-01
3.489123501751588141e-01
3.424131428150134493e-01
-1.630569894258959967e-03
-1.932607142676853462e-01
-5.792355410109173951e-03
-9.222344310171497472e-01
8.528754050608469695e-02
-1.214830602565278722e-01
6.801426450846153049e-01
-2.433819429984150351e-01
-5.113632949144492068e-01
-8.443848124479400585e-01
-1.101470397866140871e+00
5.354069237057307307e-01
6.012126337342403870e-01
3.745741336341541494e-01
3.779199244369012556e-01
6.825225944279124102e-01
2.146654306064552098e-01
1.364643018497672111e-01
1.023621319161368115e+00
7.148696271580277095e-01
5.920210614677348104e-01
5.110995760865119086e-01
-6.907328218606063608e-01
-1.202036680749531294e+00
-1.019964774214471986e-01
4.260710662088287859e-01
2.667125384011121425e-01
-6.581106693196854263e-01
-1.218275785240319070e-01
-1.590986457129853759e+00
-1.406212775794025038e+00
6.178170948884118552e-01
1.346825150999439558e+00
7.645882494539502083e-01
5.873461319262861524e-01
7.506000894485441721e-01
-1.712254639810104062e-01
5.533488619380665385e-01
1.105877167051196652e+00
4.192273936629525299e-01
7.427589980911263323e-01
2.739792821395568567e-01
-6.978145619907237807e-01
-1.769120930221756538e+00
2.445760973352054668e-01
8.025444982233258528e-01
2.407584244718175837e-01
-2.973159841796778613e-01
4.205807910286002427e-01
4.096667356221429107e-03
6.526962829945247568e-01
4.442013016673072578e-01
-5.167345193934463898e-01
9.139726138732028327e-01
1.373644746011254192e+00
9.130165644208920739e-02
4.704151539641326929e-02
2.899724079664922627e-01
-1.114679278262452833e+00
4.870840929524142271e-01
-2.161838626433470190e-01
1.993326095628606687e-01
-3.250920350896736033e-01
-1.466055736871145543e+00
1.239661978380514507e+00
3.150281245740839120e-01
1.675527554227049520e-01
-1.400268045411920959e-01
4.874413780158990406e-01
3.577490420267377957e-01
1.456855791809358591e-01
-3.761019724483107840e-01
2.917363709065619315e-02
-4.036208165083340904e-01
-2.185332478989217841e-01
4.326402257310504526e-03
5.372695512470542223e-01
-7.097435208083194280e-02
-1.043375618935649118e-01
-3.018393737446607439e-01
-2.838971683817812647e-02
-2.707562102894857103e-01
3.571469807734561908e-01
-5.104704088361476932e-01
1.807757045618642033e-01
1.892819186434036623e-03
1.128568919108823704e-01
1.508658898798193315e-01
-1.191099273120255875e+00
-7.526892650653105310e-01
8.553376007082963417e-01
-2.043706097005849529e-02
-1.012468346604685765e+00
-2.314269628310151872e-01
4.104823920391696412e-01
-3.395094051282065983e-01
-8.690987683798082619e-01
2.088693869045852303e+00
-5.513495419207689041e-01
7.303341253007396006e-01
1.824388256149999388e-01
-4.668389166838275983e-01
3.755932772015877635e-02
1.784730099797147140e-01
3.475992369636493051e-01
8.736539583687569221e-01
-1.173087272527252728e-01
-4.438064053963128863e-01
1.984941445749224487e+00
8.903089933660488509e-01
-1.034213347134917527e+00
-7.090180772991586666e-01
3.413893782753219530e-01
-7.634342803661013643e-02
-3.321331658420942912e-01
9.605540649444329615e-01
-5.063638078257584052e-01
1.042619116560866477e+00
6.152968369542678451e-01
1.017027786286812230e+00
-1.730608395838617031e-01
2.783127738996530320e-01
3.492686784940182143e-01
-5.946948099824295175e-01
5.124029421462924887e-03
1.037138365874265222e+00
-1.321594361629504222e-01
9.208502757732128785e-01
-2.460317020190941339e-01
7.776658673139477673e-02
-4.284183807877334216e-02
8.828608298422600809e-02
4.091483003835417187e-01
1.968263173170128888e-01
-5.019715747424263741e-02
1.439998977815141468e-01
1.187065434833004973e+00
-1.238156395078088057e+00
4.929064273219773140e-01
-5.803941865630888319e-01
-2.616012186721844990e-01
1.279484507096751711e-01
-3.834647617901313504e-03
-2.983824265677531562e-01
1.277793818786530089e-01
-4.793351230171649102e-01
-1.664569970085087169e-01
4.558528268012720375e-01
8.602093448047019031e-01
5.442040355590844758e-01
-1.091673097987212682e+00
-2.637908355691335749e-01
1.029024595267548747e+00
-1.382817305322165402e-01
-6.976179240550899330e-01
1.121527312198549176e+00
4.642019777552648940e-01
-5.672373059135091822e-01
6.803599627288705598e-01
4.299778295184732979e-01
2.361760425133112816e-03
4.038358169209034232e-01
-1.537906479098097579e-01
-5.577347916661725552e-02
-1.389179454109154832e-01
3.758399389060650408e-01
-7.863310773791343244e-02
7.281571791807807115e-01
9.179242536866508151e-02
2.686057476337642691e-01
-1.047920608318122504e-01
2.019200516230645615e-01
-4.565739008320440773e-01
7.146768128074455495e-01
-1.193676227623167857e-01
1.528038648311633996e-01
9.857276723305262445e-02
-3.367232237160679431e-01
1.044952527811612575e-01
1.749540205209299815e-01
1.359910353609224687e-01
1.921793918346283159e-02
-4.240501924034428827e-01
-1.515834284946491681e-02
-2.097517430807125383e-01
-4.698644804053979107e-01
6.901029975511659142e-02
1.063741745765586777e-01
-4.630469100565134943e-01
4.408808014543502130e-01
-1.647574986362126959e-01
2.907045821943861630e-01
1.839571273649999450e-01
-9.054273764855411133e-02
-2.338639697504446835e-01
6.715067236822463981e-01
4.000899007777211636e-01
-2.033306580269754471e-01
4.045940396753694435e-01
1.422613398084674741e-01
7.179222480180212640e-02
-1.785372664921227315e-01
-1.123368965431794514e-01
1.275834865925921657e-01
-1.593404881627149272e-01
-9.680826390752764188e-02
-1.792740513184534479e-01
2.899215680922991312e-01
-1.009169241260807065e-01
2.901664944167409721e-01
-3.655991184976915553e-01
1.503163146653069271e-01
4.938569631768338630e-01
3.809353436475452215e-01
-8.820537308411173782e-01
1.376500556761632854e-01
3.474216434286198085e-01
-3.307717666322379513e-01
8.424074588728841517e-02
-3.241739846840390182e-01
3.232862427867720656e-02
-3.985488230351086347e-01
-1.185347381322693627e-01
1.003925716151249647e-01
-3.406473565744488341e-01
-3.236626807895887081e-01
-3.333820513753009696e-01
1.008131397770289650e-01
-2.908865742459526005e-01
8.902831942725093761e-02
-3.220763525780446779e-01
2.101240316764896310e-01
-1.777512848390084554e-01
7.141051199461787014e-02
-2.635621481005882838e-02
-2.588662698411105245e-03
2.465210443262879636e-01
-2.400004703374104820e-01
-3.446030861792540034e-01
2.336618347690119779e-02
2.058474260891934859e-01
-3.566696064859691817e-01
-3.763758082890584777e-01
2.401135574990604649e-01
2.384865029607432726e-02
-7.058063492712644826e-02
1.592835842280251324e-01
-4.604925883179711993e-02
-7.715908537774147646e-01
-5.193406340679240785e-01
-1.967389048280163422e-01
2.483377802734178519e-01
-1.738085660420094214e-01
3.738196368308890905e-01
3.137490283205950914e-01
2.949900400562653902e-01
1.616843016593848270e-01
2.785163215543791648e-01
-3.568100430818508806e-01
4.034239294873546156e-01
1.113623446075732992e-01
-3.077970446539525229e-01
-3.422112016162712211e-01
6.644820902217857261e-01
3.011447676100593163e-01
-5.570862194725703653e-02
3.527582460135453846e-01
-3.133924300297836751e-01
3.654526320898346392e-01
3.307063088463540468e-01
-8.725606060837781675e-01
-6.835173122837543899e-03
8.318900309945556071e-01
6.581594978552958164e-01
-6.508328614668585921e-01
9.869963016987834958e-01
1.072951433733390081e-01
8.624996636956432372e-01
1.391364582188844568e-01
4.909495825702576699e-01
-2.434320199116074279e-01
-1.864005986007941096e-01
-2.988384787975696955e-01
3.843133674032558900e-01
-1.208550686040607142e-01
-1.668196832004815444e-01
9.621540015309026916e-02
6.611837818699809466e-01
-9.342228148178448599e-01
-4.502127387270651176e-02
-6.691577372183830918e-02
9.241078549574890597e-03
2.442432138561005939e-01
4.215072641389132069e-01
-2.362583991800510097e-01
3.960617683690405566e-01
1.365022838929614776e-02
1.086065234572668875e-01
3.447688715232374856e-01
-2.088256493247070966e-01
1.132682322659460533e-01
-7.670985257295332982e-01
-3.310809262175316015e-01
4.022582024515027332e-01
-2.046872914833911816e-01
-4.152441644949703692e-01
-6.166697532939738879e-01
-5.443091158873480939e-02
5.548347343600094073e-01
-2.773286810832344407e-01
-4.412680587007854205e-02
2.652872895396888864e-01
-2.825467609721414863e-01
9.228324091433973697e-01
-1.630833186670242740e-01
-6.333421657898090362e-02
-4.187984946605231851e-02
-2.024344162143238701e-01
6.777216606120801679e-01
2.749481324007367333e-01
3.081950396749115195e-01
6.544657143777765640e-02
-1.832073681763217166e-01
-4.514033108848968662e-02
-1.098884629171339306e-01
9.260099273715907686e-02
1.455297129627168840e-01
-4.757392312585880800e-01
7.474149141345887148e-02
3.081875263591223324e-01
-7.037712275495917533e-03
4.242465882581710757e-01
4.975791013094594262e-01
1.736988368706227637e-01
-5.363078773256959586e-01
3.709192095598762839e-01
7.435243636851103233e-01
-3.667065494838225859e-02
2.916422847719873368e-01
3.771457524647939819e-01
-4.510350245168949224e-01
-2.424550379860962446e-01
-2.923230202030794866e-01
1.502136726787067500e-01
-1.241359536473341657e-01
-2.792164862981851292e-01
-1.269894912514168799e-02
3.426162832172244821e-01
-4.724411827941704667e-01
-2.563407154787392117e-01
7.264437988320037176e-01
3.168297822235552341e-01
-2.871116591372422366e-01
-6.269959964706518785e-02
6.695633975879374811e-01
-5.246281036227287142e-01
-2.585909125066402359e-01
-2.719629915243549911e-01
-1.458378782741448776e-01
-6.069876370853724001e-01
-2.737311558043786230e-01
1.014867621394865416e-01
2.275716182433947798e-01
7.008682011728724348e-02
2.551434322461190729e-01
-1.053173733399688679e-02
1.848704763044932420e-01
-7.471115295561212011e-02
5.690160838145071898e-01
2.593224989409461112e-01
-8.435103788679469694e-02
-3.077681369952721679e-01
-4.453731947755134590e-01
6.002153990959797208e-02
7.210560475102702378e-03
4.678095424529724600e-01
-1.157383099740309174e+00
1.394418143875689298e+00
4.295520257912764928e-01
1.371705101249316217e+00
-2.380806424911181274e-01
5.636145573444742984e-01
2.887214455892678777e-01
-6.987487302771537567e-02
-1.768447333419331802e-01
8.962447524154818490e-01
1.781651027733260062e-01
3.708157662032868784e-01
-1.453677546141978749e-01
6.716380825101900820e-01
2.538826650758871373e-01
-1.272115595551110423e-01
6.962706300874935139e-02
-2.347711585168351101e-01
2.643033856765224579e-02
-8.351337796282647385e-01
-1.424522840918123201e-01
-3.753222485198736136e-01
4.957981727560180629e-01
-8.819530285937638991e-01
-8.540544982900157012e-02
2.483331677449651387e-01
5.333821137921127553e-01
-1.185743552053703659e-01
5.599518059100255102e-02
-8.104831138437472438e-02
-1.013664425307359007e-01
1.907445540900047642e-01
6.880746792627142616e-01
1.789362715578849405e-01
1.214643971567790776e-02
2.410388283319684355e-01
-1.527093460095548666e-02
7.782916814018164819e-01
-3.869322259483198301e-01
2.811663668072264533e-01
-2.727666475905922150e-01
-3.851932902164009742e-01
1.022669030329181661e+00
-8.312808481745098677e-01
2.755174820224752796e-01
3.275216427621183701e-01
1.619200017713625650e-01
2.692942399092340677e-01
2.314336585339786811e-01
-1.452556330296873310e-01
4.362783442164923642e-01
-8.587758437001462297e-02
-3.330416129661255970e-02
-1.183433960257903594e-01
-4.545860373058583370e-01
6.727720998681778475e-02
1.470424584161791545e-02
-4.004147144947394210e-01
2.033494151675818012e-03
2.343942224307389577e-01
-2.703122861486377537e-04
3.496941646888572786e-01
4.145652904257676186e-01
-1.964820325081548594e-02
3.244891808448132492e-02
1.860412934292151599e-01
-1.440304771967596507e-02
1.873502206731020858e-01
-7.869631309268015906e-02
-3.491944635396438956e-01
-5.112238968325574784e-02
-1.787757570291416687e-01
-1.030380567027351812e+00
-4.049231012138025387e-01
9.790491321622666332e-01
4.779583116060978076e-01
-3.637179054632717068e-01
1.822132721105076680e-01
5.690137446680374606e-02
2.085337222031989624e-01
2.732794039794438912e-01
1.554601615048984142e-01
-9.055049976482145713e-01
4.617114030191424301e-01
2.297805620642304480e-01
-1.030450709353584182e-01
-6.231077159244685637e-01
5.819416221982929294e-01
3.014836119187281893e-01
1.711811579478833834e-01
-9.692654536846491420e-02
-1.869449933796032692e-01
-9.161884573251086739e-01
6.657755731546944888e-01
-3.690778116860489177e-01
-8.746003280137319702e-02
-1.140565601373957794e+00
3.494243376792321443e-01
-9.528267787700271663e-02
-5.804251581821079364e-01
6.540742015642811991e-01
-2.305905241271477113e+00
-1.739920494813070560e-03
-6.114676540049847064e-01
-1.332736034682733273e-01
7.158720422440550957e-02
-3.143555492303476417e-01
-2.293070108555143316e-01
8.957121996082170745e-02
3.703074102934788558e-01
-1.442384651839767051e-01
5.611959664914288604e-02
-1.545826941632635121e+00
-5.824555525073995543e-01
2.140708122090145604e+00
1.861878502764168219e+00
-4.716304362948201545e-01
-1.258190505448550267e+00
8.806728417123158570e-01
-1.443335106071665264e+00
1.721176938857585714e+00
-1.241329758520831605e+00
-9.595546665598964076e-01
-2.673937256480992453e+00
2.766213463476308587e-01
3.283063584270476953e-01
2.509351964849678152e-01
5.533834086052848988e-01
8.596782665935241985e-01
-9.947709341677436479e-01
9.132878482771789042e-02
-3.724078934338365676e-01
-1.169749186597163204e+00
