1.213219341099842419e+00
9.529915947067263415e-01
1.410640491507111627e-01
8.025220408118451942e-01
7.779923373439774359e-01
-3.882611754874207399e+00
6.610710216907524917e-01
6.612602410202192971e-01
2.212983485350956611e-02
2.033582338157020164e+00
2.897205118252521028e-01
-1.518166978300419689e+00
-3.556654512315873817e-02
5.378329358627704782e-01
3.593583153157405841e-01
6.991654514443710333e-01
1.378310861629875816e+00
9.939963726594237825e-02
1.413992828813896985e-01
1.914693359033003139e-01
-9.976991796734782092e-01
-7.581937939044790520e-01
-3.553583794090145465e-01
3.038110724287135800e-01
-9.851990290657006155e-02
6.912163969732137980e-01
7.552841024765665212e-01
-4.658193500184899527e-01
4.818418562039905040e-01
4.672365941047478266e-01
-2.060887485323186219e+00
-5.708949769834237298e-01
1.635177226289886432e-01
2.931245628633085132e-01
-6.226833118542875883e-02
2.096957766997789921e-02
-2.473313887149616308e-01
-6.140838230472532577e-02
1.077317257727044009e+00
-5.468072755112223238e-01
6.080164840829694883e-01
-6.327104758815757513e-02
1.975142661153820534e+00
5.577104013524478709e-01
-1.956519027312407233e-01
-1.877115259795790081e+00
-2.284618416515447892e-01
1.044058470703205233e+00
-1.266704159153228815e-01
3.707754374981679368e-01
3.770900910569620068e-01
3.598007596978163858e-01
-1.133731905912239046e+00
1.258291860072734636e+00
-8.774448817169029358e-01
9.339563179509533519e-01
1.120577040262439983e+00
-1.471269949153648060e+00
-9.470633541550783630e-01
-5.511892595548942286e-02
-3.000145747769261129e-01
-2.950636842156926232e-01
-1.406400121307261886e-01
4.004139930552604865e-01
-2.092179311574584588e-01
-9.193880760108520678e-02
1.636712497590550042e+00
5.849394662857956839e-02
-5.877193236603214105e-02
1.031785797721224363e+00
1.573251543811157727e-01
3.263564876194513520e-01
5.576267929544999058e-01
-2.064239535737834030e-01
-7.290880584954203547e-01
2.988738336490143199e-01
-7.912099338225934142e-01
-7.229323402183271963e-01
-4.700506079009064003e-02
-4.043337826060200424e-01
-7.518542711452644856e-01
-3.131015756018347695e-01
6.978144352157019670e-01
-5.099724769021370951e-01
-4.201087610475218725e-01
2.385362136282049850e+00
-4.911984813136949929e-02
-4.041587279688410028e-01
-2.260139593348797493e-01
-4.249309695065665582e-01
3.361591605649293379e-01
3.571000054551460301e-01
1.364646398497646740e-01
3.637299461817748436e-01
-1.490160335411694070e-01
-5.843213411885474218e-02
-1.734782648702369034e-01
-1.104895820298657239e-01
-9.423451644224362100e-01
-4.016933876428887551e-01
-2.276945562006464363e-01
-2.280910121879704267e-01
4.088589934574164420e-01
6.620501796920209570e-01
-1.738942338010227573e-01
-1.994854815568645190e-01
-3.432656271941869064e-01
-2.045621789881590102e-01
1.159560188584282947e-01
-6.572408708227294172e-01
5.030602645378271509e-01
4.221074943489699915e-01
2.015060794557552992e-01
1.412040931278580602e-01
5.985225108124187822e-03
5.968671839238209875e-02
-2.478979537525218546e-01
5.142069620421526599e-01
-3.391805248542106854e-01
-2.697651902859682371e-01
1.546068132369395887e-01
-1.303493850185083458e-01
-1.773422717901005086e-01
-4.868701862043497419e-01
-2.979334508708005123e-03
-1.942104924752391104e-01
-1.914159402856343561e-01
-1.499887716472400878e-01
-5.894994470624854987e-02
1.550054836102234546e-01
-2.443539112253557133e-01
-2.401443817457069030e-01
4.409754883080020393e-01
-1.598160895609467280e-01
2.173177957698657625e-01
2.441583781102548562e-02
-1.010586683889213994e-01
8.526712752632584214e-02
1.308817233628632205e-02
-2.126460267685459926e-01
-7.178061715495588635e-02
2.761056465001068827e-01
-2.107540325632417388e-01
-6.892055304037103536e-01
-5.736912195970737816e-02
-6.412290975352904487e-01
7.558670498425806850e-02
4.977832572164324620e-01
4.865890377475758088e-02
-1.600563477548127556e-01
9.742155465140454537e-03
-1.070264993503274586e-01
8.864078950381358568e-02
-1.872113265285167694e-01
-1.748160367884212252e-01
5.660109993721049171e-02
2.993538799215141877e-01
1.628223929157770686e-02
4.345488326760703346e-02
-2.362510984111202694e-01
-1.314407544982751919e-01
-1.962844181241387986e-01
9.415251073395294878e-02
2.779446918786298015e-01
-1.197535272869233308e-01
-4.104078595094237114e-01
1.197439917532392012e-01
1.580491445173509424e-01
-1.746099803086739177e-01
-1.008765139599919897e-01
-1.287988983933277543e-02
-1.111460464952241933e-01
2.316646840539250685e-01
5.532092580024121353e-02
3.113100610129794776e-01
6.526362453700920718e-02
-1.401770759125719468e-01
-1.142022709083861248e-01
6.462038024851303984e-03
5.770071128770763030e-03
-1.490874060824398939e-01
-1.404373845000150001e-01
-2.346575529931534398e-01
-7.424020480174207126e-01
7.757152654442070472e-02
1.984911365874176548e-01
-2.165802409745801960e+00
-1.008547782391846920e-01
-2.088065271510350929e-01
3.618764014785126881e-01
-4.830287528988498891e-01
-4.336825933587252213e-01
7.311198125611546583e-01
-6.498643961391080692e-01
-1.429582445130718749e-01
-1.136882262478586120e-01
-1.448451020768686814e-01
-5.003878172353960485e-01
-3.023849524541524780e-01
-1.831017620192478268e-01
5.650533633844538883e-01
2.459288118650976573e-01
-5.440395643902796730e-01
-2.370302272558369450e-01
5.714007168091485012e-01
-9.111464341532852229e-01
3.346532700436213870e-01
7.871865238986884838e-01
3.520305895251615944e-03
-5.275765524523814420e-01
-1.727008889437498251e-01
-2.502598967851778905e-02
-3.381139219178168620e-01
2.947334278606819069e-01
1.343938762297171574e-01
8.698034744320266853e-02
-7.282579620543802035e-01
-9.516001137046720126e-02
-7.355408569715378431e-02
4.026983551543174555e-01
-5.048655957647518733e-01
-1.249358135681626347e-01
-6.993959127388665875e-02
-3.298731557520804270e-01
-1.638361312402446812e-01
-3.524419950168840576e-01
-1.328903565562055411e-01
-1.277970929912083768e-02
-3.529826455002263996e-01
-7.333382526136367208e-02
-7.973918158144524537e-02
-1.417941819779671986e-01
-1.206305877232952267e-01
1.433712192015568487e-01
9.508965732093342671e-02
4.757789277493897767e-02
-2.897318372759971183e-03
3.446361802117632878e-01
-4.573338000261615854e-01
2.815036188923413230e-01
2.337693185214658464e-01
1.146842200026363251e-01
1.996342613411221378e-01
-3.424997171480205216e-01
1.461659710509116694e-01
-1.039899933738865079e-01
-1.344877645459593152e-01
-1.180436730072366158e-01
8.646292487407425398e-02
2.939247053131043702e-02
2.285879602852495529e-01
-1.132802147437166757e-01
1.429580597238554740e-01
-4.779174983659303932e-02
-1.756681276954438764e-01
5.298181564105606395e-02
-2.566199014077326090e-01
-2.141731653393428025e-01
5.182978315402837072e-02
2.665318777691027402e-02
-2.202672868778220994e-01
1.873152961343032274e-01
9.747401382936748959e-02
-2.693115400701535100e-01
5.650884295730858320e-02
-1.228716794138299748e-02
4.253611423795580770e-02
1.027696109589198437e-01
2.616083418853563658e-01
-5.357432279281366949e-02
6.993111328433919416e-02
5.446061301020115736e-02
-4.443569017480924477e-01
-9.237558780523821844e-02
-3.934155525868193032e-02
4.063754487431348594e-01
-2.637225329402669960e+00
-5.966579743989832707e-01
-1.016063317085979523e-01
5.526143644388136211e-01
-2.448033630528923255e-01
-2.106210076971569700e-01
7.484823072230595287e-01
-8.017713580452354716e-01
-1.714193022526411814e-01
6.800414136754800998e-02
-9.160996693894828402e-01
-1.788074539399015783e-01
-5.183151582574603289e-01
-4.785751351020118283e-01
3.994353659901400677e-01
2.969292342753738767e-01
-8.232205643665895245e-01
1.220143567371274468e-01
-9.267248122117751619e-01
-6.643153848832966668e-01
-2.181317615044687519e-01
9.689592140212214266e-01
-3.157727922512280627e-01
-1.683663996278249586e-01
-3.884198205279409399e-01
-3.675580382232680465e-01
1.054645212373865465e-01
-7.937690203500586891e-03
4.766472771578688858e-03
2.182825680608879437e-01
-6.833607601200208936e-01
1.898253114665993113e-01
5.746259188423775283e-02
-2.708620685391355809e-01
-1.474080171236940781e-02
-1.334282091448048789e-02
8.693748808634750580e-02
-2.182481253843425173e-01
1.667468954631065869e-01
-9.473382318419056036e-02
-9.726828021484971998e-02
8.325201978671405156e-02
2.567516452141151984e-01
1.599111246963449140e-01
2.173510189121501818e-02
4.056361702970391891e-01
-3.616811935510397813e-01
5.075667477327272178e-03
3.240029173110280380e-01
-2.934935223447137087e-01
3.925461577533441160e-01
-3.678086804223070772e-01
-1.466649080072990330e-01
3.398207641191489797e-02
-1.715526986095329554e-02
9.219580062398963216e-02
-2.607938124318049944e-01
-5.211397636747497897e-01
-3.407089923106291218e-01
-1.012351543486428862e-01
-5.491394501896877944e-01
4.763793052328665900e-01
-1.557894298179297345e-02
-8.333830265837660622e-02
-1.638022635780983505e-01
-8.154065623476329516e-02
-1.281907677133482804e-01
-3.392307005273804132e-01
-2.945575746239338377e-01
-1.394089260774666883e-01
-1.219255946879164443e-01
3.035622816448629857e-01
1.128214490283640514e-01
2.562925534437613950e-01
-1.171332182048520076e-01
9.321930887085776163e-02
-5.004876629708070457e-01
-4.304486328108785287e-01
6.192501522242679357e-01
-6.176921833638882031e-01
4.178369098964061501e-01
1.489489494850786966e-01
1.476721446926489711e-01
-2.898403540972207745e-02
-2.756370938795143499e-01
2.833559895827129568e-02
-2.709877831659983083e-01
-3.213729168129540459e-01
5.895386062940880662e-02
-6.138076875438056371e-03
-3.871585601300219781e-01
-5.226742140161733802e-02
1.693653129244138966e-01
1.664399572318471174e-02
1.124439628093563126e-01
4.687715161165988131e-02
-9.810036895003330926e-02
1.492895920234205698e-01
1.851177679021976663e-01
1.903398563942935440e-01
-1.735853044263161241e-02
1.541087954341325283e-01
3.152039018493272421e-02
2.949438228752815361e-01
4.231536117625356863e-01
2.711142096039786953e-01
4.472250662101287522e-02
4.055345859978048972e-02
-3.720311918952251551e-02
-1.074991273081190163e-01
2.940470789475591040e-01
2.519879098006021501e-01
9.572066424151846886e-02
3.819388170849567499e-01
2.273097166392552826e-01
4.025330699750694075e-02
-3.300499038225849363e-02
8.514791592898683925e-01
1.542860974120338069e-01
3.871521247616735439e-01
-6.814769307061674386e-01
-7.115457414591853658e-01
1.118301749978232451e-01
4.031385640902352546e-02
-4.052707384048886419e-01
6.093652490638142016e-02
1.407304409896816544e-01
-1.914200495618079978e-01
4.427920437978970225e-02
1.860271341793323374e-01
-2.373393978111614511e-01
-2.573279800324269062e-01
-2.756906772380496862e-01
-3.826905986837259577e-01
-8.449843819760714803e-02
-3.181364049296648844e-01
-8.784485136560378493e-02
4.218796199001002001e-01
-1.643718497634872322e-01
-2.224962122181785018e-01
-2.640509298164526175e-01
1.287205114829812480e-01
6.053624659113673173e-02
6.312600101679965992e-01
4.235077755816652606e-02
-6.008204336759275649e-02
-6.787006941691528517e-02
-5.236194375993229455e-01
-7.577764229677082242e-02
-9.325146529396581563e-02
7.361698927970433681e-01
2.961075560242979465e-01
-4.937451384019459627e-02
-8.884662058660609818e-02
7.091833252155212153e-02
2.865584259815735432e-02
-4.894959701350842102e-02
2.743056854766780239e-02
-2.032791978108391684e-01
-2.410274077979956617e-02
1.526188571938060790e-01
1.730007719025184743e-01
2.033801501895495523e-01
-7.184943636610335860e-02
-1.071045423598474405e-01
-2.962654440843969991e-02
2.772027834824790093e-01
-9.703663374636832817e-01
-3.889023562203339918e-02
3.641872141993125755e-02
1.548314558851391354e-01
-1.043095812478457519e-03
4.402174892396266692e-01
-2.460065095754018077e-02
1.001544783781861819e-01
3.130390728532804201e-01
-2.378924868119254299e-01
4.386971443138769633e-01
1.416434915674525397e-01
3.950576584712041095e-01
-1.352922705034499629e+00
-7.007459921299256100e-01
-5.766397706133631618e-02
3.345470459781353378e-01
-2.188546603492061704e-01
-1.668714044050137735e-01
8.740013444467386039e-01
-5.555378599998621603e-01
-3.447559434233294362e-01
3.396907104119444628e-03
-2.928211832694875838e-01
-1.993207895105727767e-01
-5.893935215421002294e-01
-3.156424491460868009e-01
4.204399382798543194e-01
2.764268761206365443e-01
-3.715946528009239636e-01
1.649442118643314747e-01
-3.363319704299576052e-01
-3.635500645507636630e-01
-5.404915271671620891e-01
7.872456141711724475e-01
-1.274056897246347575e-01
3.040762455706605416e-02
2.030186372918822979e-01
2.832910083741698587e-02
3.611289546647786924e-02
3.673902411923572753e-02
1.658443970764790221e-01
-1.018345867513039127e-01
3.073895586139829827e-01
2.532250891568810780e-01
-1.193578968191734944e-02
1.586093707174066891e-01
4.727758189925046484e-01
8.878003081010184261e-02
3.671391132317834427e-01
4.516430827225402234e-01
1.308258271817311913e-01
3.319505988297267313e-02
7.118516061913318649e-02
2.021623257421656661e-01
1.099093939058747547e-02
1.754482125847021123e-01
-6.163398268402067726e-02
1.587730541086878333e-01
3.855565134980723507e-01
-4.696059033367855351e-01
-1.956953671281009832e-01
-3.213773720905969133e-01
-1.471756545417587589e-02
2.041975772951641066e-01
-2.002844415103913756e-01
-1.310133081050281478e-01
2.643106659414591261e-02
1.884698134663589653e-01
-1.135502463389943817e-01
-1.345067964562544904e-01
-1.255168700501893553e-01
-9.320827059377789769e-02
3.243727691411957270e-01
2.442070709623682945e-01
8.179107089680896781e-02
2.535094611413336585e-01
1.095586047365371962e-01
-6.158432512545945064e-02
3.630108809606265585e-01
-8.845176494474196738e-02
5.447466668703897924e-02
-1.602739200036692457e-01
-2.584927018736753457e-01
4.781316339720279029e-02
-4.347796149311212825e-03
1.523058878866586363e-01
-3.875312909862452249e-01
4.848831194620691343e-01
-8.905603000673864567e-02
-6.612805087022329831e-01
-2.067556701344693826e-01
-2.474287357359271078e-01
-9.626588801428398456e-02
4.403169378504365292e-04
1.735008240741385196e-02
-1.401938387278232889e-01
2.445288032839692538e-01
2.048866946592131921e-01
-3.517589558536984157e-02
-2.142235400584117100e-01
1.875977197052707823e-01
1.142997857904028969e-01
2.895839868046273802e-01
2.073732080521513699e-01
1.142364137177940414e-01
2.455891172976992498e-01
1.367022203748451126e-01
-4.520267436266688782e-02
2.357987453143645454e-02
3.925395354231519529e-01
-1.351081930342805937e-01
-5.383974132136437607e-02
-3.194596189580518886e-02
8.710273343523219913e-02
-5.369859469544540492e-02
1.565934484599355858e-01
-1.474206012588479275e-01
-4.248477169515935126e-02
-1.301080360256716695e-01
-1.367255155751022910e-01
-1.992014466772211168e-01
-2.909702471676657298e-01
-5.768563908924622535e-02
9.474436286457769973e-02
-2.933230069807883367e-01
-3.277649732399177673e-01
-1.289719040765907321e-01
-1.834121548471223107e-01
-1.340233381513309396e-01
-1.092853177460887532e-01
-2.076762105109699885e-01
6.228152135536919182e-02
-3.454440607417256226e-01
4.633890226047714805e-02
-2.889431111590332057e-01
2.851834187920389632e-02
-4.249505320101020778e-01
-7.498034775874237723e-02
-1.140234954611302337e-01
-1.487279209333529362e-02
2.160016101663584376e-01
-1.138848935090680109e-01
-2.426843204326767367e-01
-1.292293500038406984e-01
3.442716169068726212e-02
1.534965373678079115e-01
-2.951361040217096443e-01
3.503638996845728215e-01
-6.230507658060462084e-02
-1.134741778146548946e-01
-7.791849017575538938e-02
-1.436081500882185058e-01
2.879880830965854677e-01
5.528777280867931687e-03
-3.744378966260715202e-01
-2.075900965595382786e-01
1.399273557439389137e-01
1.174021584129241857e-03
3.015240302341515855e-01
6.320301964195358391e-01
2.069284904259696689e-01
9.678495745586991605e-02
-3.431857353231789198e-01
-4.364452352627572473e-01
1.053546705900516300e-01
1.941888599502147594e-01
-3.036330754998716741e-01
1.880243266987053907e-01
1.598578776645745436e-01
-2.305232026712270288e-01
1.074393137970570539e-01
3.301682955310386580e-02
-1.473296287916635861e-01
-5.981604884386452353e-02
-5.728035879264118391e-01
-1.570309782758010086e-01
-2.835932353094213626e-02
3.957236575275458607e-02
-1.931039363027103883e-01
3.277601386109288972e-01
-6.690275138824493262e-02
-1.002071136220216048e-02
-7.110118056695943767e-02
2.154566343962295016e-01
-1.656703108239053757e-01
2.948127362659335171e-01
2.803991140315895692e-01
1.289113368275574822e-01
-1.606041537194628221e-01
-1.129388715534314636e-01
-2.096288207879596077e-01
-2.228641961410351147e-01
4.950753690727092704e-01
-1.780457323219912513e-02
1.628987522913483144e-01
-6.625757284789149208e-03
2.846370163486851568e-01
-1.940246926349871726e-01
3.515709841893244758e-01
3.601997592912439816e-01
-6.537797162424185959e-02
-6.664690567653101805e-02
-2.928803306377493754e-01
2.329490421290012492e-01
1.389122869975203123e-01
1.473248031614132203e-01
4.376363673288787282e-01
3.669595497892559899e-01
3.401217099899563889e-01
-2.128159540736539179e-01
-5.551037676768939139e-02
-3.975334285460511291e-02
1.679478403115372553e-02
2.744138615954798688e-01
5.928787233456696976e-02
-1.216190769641328426e-02
2.648442242469997709e-01
8.933312309218530145e-02
-1.697860427100458258e-01
-2.850988340670239096e-01
4.332410588691759656e-02
-1.435131478557238535e-02
-3.955517010462777372e-01
1.019401071130563927e-02
6.219387628205972490e-02
2.571765627709693969e-01
1.099589640090247733e-01
7.355389641336275430e-02
6.101839508843533988e-01
9.477736528267416416e-02
2.642863304819572656e-01
9.108555208984780993e-02
-1.441141797195555907e-01
-4.953072499842272464e-02
1.343749464059342258e-01
7.708636269770093898e-03
-1.875356886771309406e-01
-2.043873245736951491e-02
7.598450051338746791e-02
-1.786983428781393213e-01
4.436321322752045243e-02
-3.279979100428065952e-01
3.218806600294851078e-02
5.396158209219056312e-01
7.593062055589797077e-02
-5.755157669152358851e-02
-3.953480552432611650e-02
-1.162753224838116994e-01
-4.509198092683021075e-01
-2.111375654683766978e-01
2.690740754210325936e-02
9.514885345090824675e-02
-1.538285092223188877e-01
-2.156064016719586030e-01
-3.587548964939661356e-01
-1.258072909084421154e-01
1.199937487123981100e-01
8.504213057109377694e-02
-1.707819097773150274e-01
1.862515370226500155e-01
8.380207747282210351e-02
2.469210381795548803e-01
5.506807203283355101e-02
3.476296402060577995e-01
-4.069332725008924928e-02
9.306640267666418942e-02
-2.407879425074154756e-01
-2.106137332330914880e-01
3.309116070322651315e-02
-1.017192256216780388e-01
-6.779717881934174684e-02
1.976272842669568597e-01
1.766147535632291155e-01
1.711233807630144488e-01
1.083532030635084020e-01
-7.509180031828059654e-02
-1.594566781649761622e-01
1.146281409941203866e-01
-1.274913231703018457e-01
5.394944299694462986e-01
9.979476018038244134e-02
1.281936827873569884e-01
-8.187109224341456715e-01
-5.946867891855611710e-01
-1.509961871656011756e-01
3.881328215952264404e-01
1.108362741768319365e-01
-1.850426744904575815e-01
4.495124006061865796e-01
6.516153723300580070e-02
-1.739133219304711264e-01
-1.166177442846709628e-01
-1.264366664197279500e-01
-3.108923394562689291e-01
-1.596506043117787432e-02
-3.707038564806012793e-01
1.199308749515576589e-01
-9.432494230520735434e-02
-1.016985468485699096e-01
2.719357964485049073e-01
5.664102294219387074e-02
-3.032556338863771073e-01
-4.596281268760209898e-02
4.661468090234170969e-01
5.459015859026311590e-02
3.305152848431847784e-02
2.522872806107379073e-01
2.567250767084797713e-01
-5.573760769267414178e-02
5.960168044185365499e-02
2.269532398105959525e-01
-5.272628125735172588e-01
-3.629603439830907802e-02
8.118788830174389348e-02
-3.109109525098792404e-02
1.116178873005974808e-03
-4.734509664872223189e-02
1.429677730388572432e-01
1.149601537722287625e-01
-1.109015507013690477e-01
2.830275459671994231e-01
1.405787746932517929e-02
-1.256803828220679486e-01
2.069506418121149494e-01
4.884405632879246922e-02
1.700123996507213187e-01
-1.766462498480264320e-01
-3.681191185022698181e-02
1.114370015114199280e-01
-3.772377403027875054e-01
1.592026058543495604e-01
-2.092270384614994261e-01
2.618240474488090497e-01
-7.293467033968947799e-02
-1.744462780323852158e-01
2.267829103454239714e-01
1.950895420281175963e-01
-2.689331724176150518e-01
2.122893368359593247e-01
5.102486107103347823e-01
2.255283998299557890e-01
7.210010876939450253e-02
-5.120487889786020652e-01
-7.595230846319569462e-01
-6.103553192361663160e-02
6.874206009437504317e-02
-3.177694814570843906e-01
-1.754125360119261345e-01
-1.115908473628899611e-01
-4.349160675806585385e-01
-1.351766605453107450e-01
1.640849312755279232e-01
-8.710056188757188400e-02
-1.828537364300458767e-02
-4.014662516919004220e-01
-7.065423336825252809e-01
4.368442404192834361e-01
-2.366922407584899357e-01
-3.173018934200003693e-01
4.326342359407309157e-01
-5.364568164838079412e-01
-2.876410344352727799e-01
-3.976328692318756852e-01
2.374211037229239096e-01
-1.960477181358098175e-01
-2.517659678578793025e-01
-1.948691156002939073e-01
-1.740872236874766721e-01
-1.205036082865766633e-01
-2.854297506259248496e-01
1.569552606548083595e-01
1.452048811427422703e-01
-1.003449521109309295e+00
3.547902164911635736e-02
-1.990253962370143459e-01
2.278864689016694631e-03
-4.790282212091113712e-01
-8.409804943264607979e-02
-5.123779904877166086e-02
-3.913214776282850638e-01
-1.117167725262381284e-01
-6.565324703250739746e-02
3.081047300761226571e-01
-1.731796816837024577e-01
1.259880200659909411e-01
-8.209324534211863422e-02
-2.935351678556024635e-01
9.892521810471133215e-02
-2.090820106425033131e-01
1.305334037766398350e-02
2.008102977836567493e-01
-1.825340982596390382e-01
1.188359826308479500e-01
-4.427200565380166042e-01
-2.808232178378018435e-03
6.149790131428816559e-02
9.080228050230972070e-02
3.997284589417887113e-01
-2.141795736156410501e-01
-9.272833389718286579e-02
-4.443630120782354753e-02
1.300647595437394444e-01
-1.466435053371341335e-01
1.650479882503685103e-01
1.572110092129776482e-01
1.335184086110550658e-02
-3.115474723030955614e-02
-2.916733796995034655e-01
-7.612309218185164816e-02
1.024917373428924500e-01
-2.977878629756668463e-02
-9.714907491483266988e-02
1.896859386937553849e-01
-9.458004523413805764e-02
-1.424652987101465706e-01
3.794167517898361930e-01
-1.711389183308890116e-01
3.246827967743939891e-02
1.128901958444770842e-01
-2.417222617444255151e-01
2.516451818923960970e-01
-2.614695286512414008e-01
2.460479331169326545e-01
1.264449127943325923e-01
3.501549874753864897e-03
6.618211534319569378e-02
5.443810206987391431e-02
4.558540867675393155e-02
-9.616632037404378164e-03
3.132033766054326263e-01
-7.465485692242211646e-02
7.657425222099814577e-02
-9.227507433185629104e-03
6.910350510127852286e-02
1.574506666754493019e-03
-3.397405142722904614e-01
-7.230495296790494242e-02
-1.818180112960454398e-01
2.414282330336727789e-01
9.806414646589041439e-02
2.728279943206786753e-02
1.254698529182932398e-01
-1.073297290330245540e-01
7.756126167392336790e-02
1.033014200590168796e-01
-2.439925502680296565e-01
-4.202342522325653307e-01
-2.211411007799461148e-01
-2.963835813244940498e-01
-2.049081058127788235e-01
4.409949762731117662e-02
-5.433638389864806073e-02
-1.232353738974401314e-01
-6.628953792215601382e-02
2.161411655671522103e-01
1.348838434565866051e-01
3.528329538578697244e-01
2.719209717603888188e-01
-5.522874183065759612e-02
7.679042934330914116e-01
4.783421485187816513e-01
3.095223206842538932e-01
-1.884807825511272350e+00
-1.136212459740784997e+00
-2.742204723221005613e-01
6.734274687333450249e-01
-4.953367131175059890e-01
-1.578319195510631545e-02
8.138910380850181703e-01
-3.923311552746279740e-01
-4.445644439661677882e-01
3.661042243869223889e-02
-4.613555371226472079e-01
-2.229885136939203649e-01
-8.083361496339025454e-01
-2.399450471128199702e-01
-9.367864345756228561e-02
9.480060648364002640e-02
-3.976639685311213479e-01
5.773245031147242745e-01
-1.452482501954786287e-01
-9.432457634736617358e-01
-2.803806047737396057e-01
7.085690545237822713e-01
-2.005032687955940474e-01
-9.910730536453410400e-02
6.534984872526283795e-02
-8.459029331756184877e-02
-8.428593377222917682e-03
2.541744311928545996e-01
-2.722046467565028549e-01
1.152311635805168405e-01
-8.062865594717838480e-01
-5.890330849367009236e-01
7.424207551481888656e-02
3.882101190871434793e-01
-2.535861459681932883e-01
-3.145360817605001857e-01
4.149878786001641728e-01
-1.822980726308087163e-01
2.209605665023269550e-01
-4.485935730278422379e-02
1.187440648134591298e-01
-8.943282218818116025e-02
-1.980459424123313106e-01
-2.065790218012083512e-01
1.212249940905908985e-01
-8.268499261547325452e-02
5.902325525679844032e-02
1.326341414265337082e-01
-4.066645040411827616e-01
-2.488227732958372129e-01
-1.038125280669903970e-02
5.543032760027952754e-01
-5.276237929819853345e-02
2.931211538213236711e-02
9.488101255602262585e-01
1.146300950965540022e-01
1.270474644996417157e-01
-1.865915096293802034e-01
2.683556610349630556e-01
-1.497827493553330336e-01
3.010318701808984976e-01
1.217379892509994205e-01
-2.904693354175697092e-04
1.536741660463035730e-01
8.272663164412928649e-02
-2.047265439161213840e-01
6.336169609056542251e-01
-2.626699594167733118e-02
-1.749022788341983159e-01
-1.874293598190871213e-01
1.121637136065137402e-01
2.878336304963223236e-01
1.558617562564514336e-01
-8.115149861529197262e-02
-3.470902383416518688e-01
2.090176401469269196e-01
-3.776206511707788649e-02
-4.717548745436502822e-01
-4.027610417736367521e-01
-2.589372157610165814e-01
-1.933260654441965321e-01
2.691004200057270923e-01
-1.259032043436468240e-01
-1.556265490581253130e-01
-1.178623662692107193e-01
-7.097515685750963033e-02
-7.906195937688766454e-03
2.572728481420685775e-01
4.851038597060535612e-02
1.177354894651010120e-01
-7.122206638365380371e-01
-5.185648925739674286e-01
-1.256361828235114664e-01
3.000514541085165798e-01
-7.305696495177163574e-02
-4.452145015730205602e-01
1.732175194576863475e-01
2.435424236449265298e-02
1.227505668611825196e-01
-2.771105345804865672e-01
-5.063180683746486554e-01
-6.455733601836517732e-02
-3.256885592969827603e-01
1.076399808484501952e-01
3.297917713262248918e-01
-3.364198884790350896e-01
2.587021528606274143e-02
5.237128714440504318e-01
5.689742129639858287e-02
-2.624292616933163735e-01
-4.010585096410013706e-01
4.667402400348200087e-01
-1.579073142591545520e-01
1.559176712892689776e-01
-2.143494925543591445e-01
-1.162914816561864545e-01
-1.113070295637142576e-01
-1.362590717510740179e-01
-1.767093402526453139e-01
1.676148409484152502e-01
-1.156740238483840333e+00
-5.266535099892043909e-02
-2.408244592686497043e-01
-1.413711405597612991e-01
2.441071987873509944e-02
1.753791708997023413e-01
1.233131480799884300e-01
-1.659868590935247717e-02
4.908645943735836376e-02
4.555214630447814751e-03
-3.648917692582577012e-03
-2.045400808699640305e-01
-6.835327644663881375e-02
-2.132829657883875407e-01
2.082596104854319841e-01
-2.255481783209961621e-02
9.913756235034915099e-02
3.483362368344553595e-01
1.482995519848281096e-01
-8.361691824504519088e-02
-6.877002394984281508e-02
8.657338745625825505e-02
-3.526229675373748762e-01
1.905958825117824440e-01
-2.617435794745311475e-02
2.173748515556241379e-01
-1.399063039316897350e-01
-2.615168727951824312e-01
-4.194518883230383133e-01
-1.715268206291593045e-01
4.439675512779227562e-01
1.505286734997205757e-02
-7.429341722442242557e-02
-1.491673847357472826e-01
4.368812849550526844e-02
7.306133501899375604e-02
-5.880884023827909896e-02
-1.592310867909802474e-01
1.875773681252393410e-01
-8.542347202687101959e-03
-1.214281978437820875e-01
-7.541082203337101664e-02
-1.053131866905845787e-01
3.486811256428297146e-01
-3.014073681498117274e-01
3.093336069448054948e-01
4.833275742645475742e-02
-2.239494853204340996e-01
-1.665294037001371907e-01
1.279686193131029381e-01
4.446721914229274653e-01
-6.768864258904903897e-02
4.312675125412628874e-01
-1.122047242278220586e-01
-4.619107887830425918e-02
3.123371864912698539e-02
-2.258222283869173175e-01
-1.666188706713412071e-01
2.149701645978027709e-01
-4.944042648729906481e-02
-2.561528284585816787e-02
1.185746616968583050e-01
-3.509101045630920179e-01
2.341135986189912255e-01
-6.175809465538448922e-02
-1.540225390069045464e-01
-3.810596961633913593e-01
-8.172316436514828752e-02
-1.960438549684436205e-01
-4.304883599277376655e-02
-1.237825902994746513e-01
-1.786866827595052221e-01
-9.315474310049950968e-02
-3.850299484365386944e-03
-1.232191636929033385e-01
1.274810988201422746e-01
-2.806735802209651132e-01
-2.440487238630121014e-01
-1.877774608249108967e-01
-2.094248278784948403e-01
-1.360561842926075182e-01
-8.600436545271450406e-02
1.230472947309623200e-01
1.472279279910727878e-01
9.809675210403043244e-02
1.306482918435993568e-01
-1.880585776492147698e-01
-9.490869077801145082e-02
4.271677381596534345e-02
-1.095432812397863359e-01
2.035731565427111034e-01
-2.117186302707433909e-01
2.356665340045671908e-01
-5.478050397608013461e-02
1.658303697553888123e-01
-4.235963117428712121e-02
-1.571786828304507777e-01
-2.806110039110566445e-01
1.083291040782012327e-01
-1.659624464600374105e-01
1.041328766292183711e-01
-1.793878283142077978e-01
2.775555834813993594e-01
-1.074175373624436519e-01
-5.798784830533052631e-02
1.029473939127511922e-01
-1.115367187479626848e-01
-1.287097282041657631e-01
-2.084720376249146745e-02
-7.437817200586742394e-02
2.294589455768508354e-02
-1.520963371110206630e-01
6.220234148913267834e-03
-1.264789664440320038e-01
3.457131758157922508e-01
9.489157557231535367e-02
4.505185352127037413e-01
2.683133305134916546e-01
-3.443861558221111147e-02
-1.108887296623238955e-01
1.806266374187386337e-01
-2.798322345224716137e-02
3.194216114941406809e-02
-1.806519848617669510e-01
7.118851439077687748e-02
5.156786123129181165e-02
3.762862371976316567e-02
6.508409957105480703e-02
-1.392342057084329787e-01
3.387806583065746113e-01
-1.932515409477672573e-03
1.296826702977342261e-01
-1.604214674852687261e-01
-1.339171722443891765e-01
3.163713577613570527e-01
-4.044545355325596114e-01
1.852106286977054372e-01
2.648816436492236193e-01
9.318542312689848117e-02
2.629266200080848659e-01
-4.729816109515229683e-01
-1.540435081866833311e-01
-2.078014070676834357e-01
7.831187772660785917e-03
1.133895849434953529e-01
-5.323450630366863973e-02
6.132492705897973212e-02
-1.535851511604252040e-01
1.817525271560045119e-01
1.366142667285442924e-01
-5.556779071128216396e-02
1.790952472269023710e-01
-9.262382460124542194e-02
-1.932424678904574519e-02
5.949775652408354799e-03
-1.480635314200816344e-01
2.353898024026929506e-02
7.585580429474506059e-02
2.995851114543615079e-01
-9.423280392457043797e-02
-9.671277359115793004e-02
1.028683868923554838e-02
1.287997731779798594e-01
2.034915518589681671e-01
3.634741058116670170e-02
-3.699067316613278977e-02
2.239162591323605803e-02
5.901552730576530709e-02
-2.843805084912732761e-01
3.575894187587823347e-02
-1.467658980525127499e-01
-2.630533626970061878e-01
-3.244074534786433039e-01
2.691467692006879742e-01
2.542685968234986160e-01
1.034566753397596212e-01
-4.941631877228334080e-01
-1.580407304512610744e-01
-1.554892211425487891e-01
-1.214420660062141694e-01
1.367466376790613981e-02
-9.544453225986490597e-02
2.023740241801954068e-02
1.287982621990110821e-01
2.023241117216024731e-01
6.762465457493958831e-02
2.679967003905444622e-01
-9.356826778566787461e-02
3.716137028374723143e-03
-1.971828703075393929e-01
-1.758273669725647081e-01
3.138465111151292342e-01
-3.979546459867579905e-02
2.325772387351493775e-01
8.579749642617703898e-02
2.048171520730156792e-01
-7.462385916888505943e-02
-6.168148553419319224e-01
5.519891831244306407e-02
-1.976200422724222749e-01
-1.472624564035110439e-01
2.985675601940573909e-02
7.134941864914542964e-02
-2.310716355638977593e-01
2.081364678522319156e-01
-1.611149939715100510e-01
-7.505862008412440833e-02
-1.755525202640249860e-01
-8.762011829062538171e-02
-2.426036465300255573e-01
1.069953196694824138e+00
1.462725501446808796e-01
1.912572711022099137e-01
-5.926397557797195154e-02
4.620716381539961143e-02
8.720419259037076598e-03
-2.815153699419699063e-01
4.919960005919470913e-01
7.678703694633728406e-03
-1.711518665313617737e-01
-1.284941697098219149e-01
6.759040344713869441e-02
4.080063312874940840e-01
-2.590963644552343736e-01
1.729800724330971540e-01
3.428079093475645128e-02
1.302705901818957956e-01
3.410816832022015022e-01
-2.310798644153424508e-01
-2.061390590205007013e-03
-1.929873967262103474e-01
8.875851299534857908e-02
-6.131589427550714760e-02
2.649229504609231234e-01
2.500729399315836377e-01
-1.318158536459832220e-01
3.051764346777481249e-02
1.948798221450861734e-01
-4.771598608430686200e-03
2.658421651529692675e-01
-3.841159405306126401e-02
-4.581138262973700748e-01
-3.273479869387618257e-01
8.912683600728860773e-04
1.636752638850702893e-02
8.722734450714659388e-03
2.537050093277253837e-01
-9.435666389445421243e-02
9.505981117065795405e-02
1.170029569743336606e-01
1.147598474860885703e-01
-2.488250084570594878e-01
-1.304854983466890717e-01
-5.105228852256181726e-01
4.575141640160992375e-03
-3.189083472304451439e-01
2.937309185577363646e-01
4.163716215725721259e-01
-2.821946509502775147e-01
1.006685942994387656e-01
-3.067750010628018109e-01
2.811274972570776409e-01
-4.003622362890841418e-02
3.905247047137235666e-02
-1.708358856044299989e-01
-7.622825146073770874e-02
3.581002997386751874e-01
-1.407548009993884186e-01
-2.489939294938180170e-01
-1.670940859976877413e-01
9.929339176063443906e-02
2.521417745261961274e-02
-1.301419857502884858e-01
-1.408160690148870797e-01
2.655162111042845274e-01
1.392594161051078916e-01
5.548877998919057170e-02
2.862122413142637600e-01
-3.584437623594040612e-01
-9.753795059309827709e-02
-3.278483504669246762e-01
1.618212627359622291e-01
1.996583891236118347e-01
-3.193138339961641980e-01
-5.251615385890910648e-03
-2.085624735368729887e-01
4.229348222508350075e-01
9.795177009459221651e-02
3.920674940426108895e-02
3.141518126126985333e-01
1.066214647414123196e-01
6.006549715287838598e-02
-5.228446701255117651e-02
5.528217019954231870e-02
2.196505808749739386e-02
-2.421282126562788184e-01
3.758085140389231249e-01
5.765907056322508994e-01
1.102590594564609311e-01
3.270972824370220744e-01
-1.195196383001284474e-01
-8.069420181093773792e-01
1.227867680419646342e-02
-4.059837718177871646e-01
-6.942628221027191682e-01
3.724415804548223408e-01
1.929224960424245350e-01
-1.928505686910694794e-01
-3.644809043145616489e-01
1.014482619109374900e-01
5.035579793327802367e-01
-8.870497385447619898e-01
-2.347980777536525232e-01
2.535990276134388322e-01
-3.895529859516908000e-01
5.272403413285206009e-01
-4.300493231309457931e-01
3.470002501060920896e-01
-8.241974051220276598e-01
-1.076319728511921259e+00
-6.026006631880433950e-01
-1.403644288032885323e-01
-1.988290384042816217e-01
4.752550405771922004e-01
-3.310847706070603746e-01
-4.089289975440014990e-02
-2.616911186380063148e-01
3.048931270438064445e-01
8.371740126916395186e-02
-1.708611830361084216e-01
-1.379759546554303051e-01
4.342099483873030907e-01
1.192457715052796796e-01
6.405275278180793119e-01
2.219178868150395167e-01
-1.145286081448267795e-01
-4.268180929408194046e-01
2.568328011597941773e-01
-2.036595092078280749e-03
-7.775380310684267826e-01
4.119947794985333034e-01
-9.739526759194901129e-02
-1.915785220368372288e-01
7.447584813590790720e-02
-3.604430789347977671e-01
6.122985516690448993e-02
-4.630817623781998023e-03
-3.467407413897176660e-01
-9.964093887139188754e-02
-6.264301141175365739e-02
4.707870132867986862e-02
-1.741034354039599497e-01
8.482647797377733390e-02
-2.533315174574870543e-01
2.984893674622978721e-01
-7.626414933057028278e-02
1.100302771111921762e-01
-3.266038785488272617e-02
1.808351789167388091e-01
-3.224266272600191385e-01
-1.763778091330714670e-01
-4.169356081671802272e-01
4.327615793772126435e-02
2.871544301677425842e-03
-5.679439961430275963e-01
2.512782533333385304e-01
-3.176027470408245013e-02
1.372800256590313295e-01
3.272690558953627038e-01
-1.051747378335701061e-01
1.527751818634096870e-01
5.182809462856898669e-02
1.436808459687957396e-01
-2.579742951148540908e-01
-2.043768262012828907e-01
-1.996925757282113911e-01
1.608456021079391063e-01
2.757023849592190601e-01
-8.836072896315330660e-02
-2.777761510175763005e-01
-2.068211733028253035e-02
2.094683149079572537e-01
-5.239866414529036343e-01
-4.123937998266473670e-01
-2.223078603691526767e-01
-9.836767274336312428e-02
-4.764878356767201367e-02
2.845214258013940567e-01
6.756044146347286450e-01
2.979087067062891614e-01
1.086000074868408022e-01
4.643211180679331362e-01
-7.406910544660519902e-01
2.519103940395994168e-01
4.172538386087211171e-01
-4.900753246723245082e-01
-2.656955326041921528e-01
-4.963624665073905762e-01
3.730202133883891435e-01
-2.904927702505385456e-01
-6.064482538560580366e-02
4.467466443432515089e-01
-6.236793867146579462e-01
-1.830806340240279939e-01
-1.813883802446173976e-01
1.061424583243579522e-01
1.861810843498191703e-01
3.586664489496498021e-02
-1.057794578987658191e-01
-7.967504724762271284e-02
1.067002166936165120e-02
-3.336426015194374761e-01
4.604274679534359899e-02
5.017219281992542357e-02
-3.320738977271843750e-01
1.060354001513744704e-01
-2.707120231135888219e-02
-5.616248942866898172e-03
3.878309037121578928e-01
3.040913695562890567e-02
1.291474354057323692e-01
-1.591609920333102446e-01
-1.549927840664636347e-01
-8.035996014802558596e-02
-3.885300849125123968e-01
-3.020044248753405713e-01
-3.326557616859817101e-01
-1.890432024701543257e-01
-8.651277144479482817e-02
-3.018441451961547672e-01
-8.099024501631245029e-03
2.407039777112901235e-01
2.153384394905210122e-02
-1.256920769919030179e-01
-4.938765711756501475e-01
1.388983041785432360e-01
2.804932851412444885e-03
1.347705836702416116e-01
-1.199796042760083309e-01
6.947671610337796677e-01
3.592315329760596976e-01
-3.000547472539707994e-01
1.293299565255116856e-01
-9.325947551113400458e-02
-6.110930014016361378e-01
4.217144331474405594e-01
-3.466890405956258303e-01
-9.964085017472683325e-02
-5.381295184985743774e-01
-1.395407007954203304e-01
7.103854451245686930e-01
1.661367222599210991e-01
-4.210033040069565552e-02
-9.948301620976155446e-01
-1.162682881417685721e+00
3.653559438665076042e-01
-2.109926411816523684e-01
-8.646455397270917664e-02
-1.067099107272614589e+00
-1.049895851420167281e+00
3.530785068387875536e-01
1.297444357621530431e+00
-2.672051738232708584e-01
3.424355271597262496e-01
-8.084823065377259865e-02
-6.883676533799526487e-02
-2.067865663632319773e-01
-3.667201359729980181e-01
-2.495528670997295695e-01
2.150916497468675637e-01
-1.297432812486197171e-02
8.056956981216362168e-02
4.077174706761516054e-02
-2.206959362670497804e-01
-1.418411515604657835e-01
3.773994055263700798e-01
-6.553722819650489861e-02
-1.320665697143424966e-01
-2.023743855044301820e-01
-2.261848022394815361e-01
2.940752817030003151e-03
-3.364238382849124576e-01
-2.115255906365141880e-01
-1.352339256786520283e-01
-1.806580877227413895e-01
-1.417505433543231885e-01
-7.375432201384105046e-02
-1.407664103970716618e-01
-3.549365405095901149e-01
4.812426663149146910e-02
1.057399876489792806e-01
-3.425008167714385099e-01
-3.138939274852057260e-01
-8.033125103266797185e-02
-2.269825853035646046e-01
4.128345668737409269e-01
3.174577961236172419e-01
2.828834980119420694e-01
-2.868817703636575844e-01
2.431768796278257483e-01
-2.609363545025337738e-01
-1.331561399353089203e-01
-8.742331245304835186e-02
2.687078662505057100e-02
-4.141473586956492814e-01
2.836532795458472922e-01
3.326432362456681613e-01
3.690376655883237933e-01
-2.453977036353135466e-01
-9.367615673780038676e-02
-3.411304074570374878e-01
-3.413814467585260526e-01
-6.966434230971096930e-03
-1.029649802236464184e-01
-9.050206761574410008e-02
1.087309057714660188e-01
1.107048040405771427e-01
4.717525318375824506e-02
-7.839841402280751936e-02
4.478705815549159919e-01
-1.588063240115656638e-01
-1.554181000627714859e-01
-1.639019995641308181e-01
-9.293897443347496484e-03
8.415859638015943389e-02
1.425658569383086438e-01
-5.206573206221647432e-01
1.359869334078357139e-01
-2.393571158853557423e-01
-1.654808404594644289e-01
6.153951892383539846e-02
-1.709271417444303554e-01
9.625334627288716083e-02
1.179035514656891909e-01
-2.835175671491991789e-01
5.429496032104501602e-01
-1.571450678191835537e-01
-5.378976485294787585e-02
3.944422407533974828e-02
-4.798459083070705233e-01
-1.710497622749741417e-02
1.927619596869739604e-01
-2.131864448375281607e-01
-2.116403292759350407e-01
8.086359389471625692e-02
1.006868434984581201e-01
-2.411260807489865043e-01
1.080625055977794541e-01
-2.113133946107274286e-01
-3.612112195659103464e-02
1.324058375379484577e-03
-3.978825169597592915e-01
2.582953247001174568e-01
2.563646116861699187e-01
-4.585997733322868530e-01
-1.162965033879932025e-01
7.308738123455423008e-02
-4.503526403602646500e-02
-2.976879304922063624e-02
7.201102483066189330e-02
4.646357952765887700e-01
-2.911899064729480888e-02
3.261441764150615485e-01
-3.136421118896590143e-01
-4.625383258222311861e-02
-1.546043891820976235e-01
1.493519407129406396e-01
1.961602918821499231e-01
-2.769712321597569415e-01
-6.119495777227303979e-01
-4.337952968888545979e-01
2.879533836526546597e-01
-1.190427948067584868e-01
6.044718129816596397e-01
3.704487625772066028e-01
1.343662713715494325e-02
-2.102717255199257895e-01
-2.792908054101646276e-02
1.445067055444669568e-02
-4.132421143320700874e-01
4.043790799653880774e-01
-8.297457573664772379e-02
-2.731039327843356457e-01
4.723162853945778172e-01
-5.593628318079088002e-01
7.170820992085701340e-01
-2.456999844303973668e-01
4.294531840756197760e-01
2.209987154375699647e-01
5.243044354372487087e-02
3.228337184522557801e-01
-2.173845090359010912e-01
-3.125301003119593801e-01
1.809219078566567940e-01
-4.996988204955685187e-01
-2.288585927802173625e-01
-1.845106412289311271e-01
-1.277462497996217361e-01
-4.947818525445291105e-01
-5.960321487042643529e-01
-5.352211469042292280e-02
1.000752927727045771e-01
-1.290613478532963987e-01
-2.129186362730545734e-01
-3.182220674310554109e-01
4.397158961073975858e-01
-5.441861453914047242e-02
1.125327396092817983e-01
3.413547441825536821e-01
3.108787670483737289e-02
-4.047763497621744699e-01
4.688283637089246669e-02
-2.760273175326459216e-01
2.252646252857525566e-01
6.995718473675209548e-02
1.765846096454747327e-01
-3.565846371704903817e-01
5.441132868927396615e-02
3.186284807329894248e-02
8.999595583366787332e-02
7.528773371856023466e-02
1.128679157771126512e-01
1.411022559250817432e-01
1.264469761435384476e-01
1.115265599965872406e-01
1.403544845340491398e-01
3.081058209357818642e-02
2.904008414844466701e-01
4.521849354333185023e-02
-2.109774916704627301e-01
-1.934225486736856070e-01
1.846844144091097650e-01
1.587778753572271218e-01
2.671299358049172290e-01
-6.653661496224051383e-03
1.112385958738749785e-02
9.074994808131563173e-02
2.250572781465838279e-01
1.546283278066166132e-02
-3.647474599923860097e-03
-1.951771965977653345e-01
-9.464344368145454628e-03
-2.219583174927356739e-01
-5.193521092855721832e-01
-3.278683416365569259e-01
2.486570623066738372e-01
-1.086935033552014623e-02
-2.630616732150321546e-01
-2.700196523770454493e-01
-1.840973551968864697e-01
8.714626303838066690e-01
-3.728374845800864756e-01
7.591381591716832578e-01
-7.048582860716440246e-01
-1.335548168908980093e+00
-8.465002253614916511e-03
1.714671135199854202e-01
-5.750964179191831848e-04
-5.339482634920613702e-01
-7.926482045488122963e-02
-3.020454510752210164e-01
3.392033728403052173e-01
1.132629902432359843e-02
-3.295268538473783426e-01
-1.855821787864729011e-01
-7.576872948574929489e-02
4.132425888850975726e-01
2.374772796640308714e-01
5.865593028889176663e-02
-2.452902594548294068e-01
4.447516928845298562e-02
8.513278787884974441e-02
-4.754862615967856976e-01
-2.600647612799666386e-01
-7.525107538692236975e-02
-1.308007501494811986e-01
-1.736595295647696546e-01
-2.271508070919959488e-01
1.553544572441518667e-01
-6.312891719224613674e-01
2.845058427147287294e-01
-2.948001827980545331e-01
2.105201533489642896e-01
3.598800159670950127e-01
-5.920997212565409784e-01
1.816606651980561260e-01
-1.793083767314014865e-01
-3.262225371470955232e-02
1.905234963862439124e-01
4.648018000135869521e-01
7.647854358529374008e-02
-2.841282329598853185e-01
-1.570619634685488653e-01
-4.771992869619975375e-01
-9.045496148124057001e-01
-4.772929115112743703e-02
-1.404210651810178789e-01
-1.461797266059236544e-01
-6.939206071730484870e-01
9.412850793626968346e-03
1.222532656609017360e-01
5.128168530696642496e-02
-2.383138485669479001e-01
-7.666915840958971051e-02
4.087732333682138064e-01
-2.148383145074339584e-01
1.189905554899944179e-01
1.845042676253821068e-01
-4.123093477837533882e-01
-2.352191248921183808e-01
6.955636884531656017e-02
-2.377488892982871638e-01
-4.501917665442819322e-02
1.411888827883381325e-01
4.147997926762044263e-01
2.543073586103262312e-02
8.241550911350532804e-02
2.091858421484340258e-01
8.512709085166977885e-02
3.043137539557898563e-01
-4.526496700240975612e-01
3.720655382044175674e-01
4.824598885429705053e-01
-6.705836213690016812e-02
-6.479292121767314672e-02
3.753216968839341305e-01
6.851599226632298922e-02
-1.258009134976148802e-01
2.513824735393034859e-01
7.000709037328409212e-02
1.435710211125484081e-01
-5.696649533472489813e-01
-1.100629177807113807e-01
8.052935806327624069e-02
-3.033048904110451915e-01
3.669209089105205379e-01
-6.409796989695461245e-02
3.224945584872785931e-01
6.131967397160492661e-02
-1.268304552803896368e-01
3.499835356083191851e-02
-1.983615964065814641e-01
9.765670877622574519e-02
1.767378014298457561e-02
1.369239577897693114e-02
-3.619822531961842671e-01
1.712796439963811534e-01
-1.462983386626609886e-02
-2.938668300206856779e-02
-2.889428260784059344e-01
3.442018723863152774e-01
-8.906603564863066480e-02
1.641879035208527668e-02
-5.378972139500480809e-01
-2.869226280436403334e-02
6.835588597382125098e-01
2.371218151438290733e-01
5.262200203814945132e-01
-2.716897363510883956e-01
6.467870249634605218e-01
-6.424121993042890277e-02
1.238886306363573553e-02
3.298057205355702792e-01
2.823300634623096550e-01
-3.166055901793211058e-01
2.442593367432597806e-01
-2.874893680030355947e-01
3.773629919438226676e-01
-3.950071854424624385e-01
9.187599353144144942e-02
3.660173748990244724e-01
-2.321750723512959191e-01
2.441158674793240946e-01
-3.842811031673922795e-01
-1.009161712979778525e+00
2.599374269341468702e-02
-1.452499760999658718e-01
7.089548973010469102e-02
-5.477287510799605519e-01
-6.663334391099761111e-01
2.776888329027403859e-02
3.068096574509390773e-01
-2.799910445202006756e-02
-5.794464492068593930e-01
-2.134377192116570232e-01
-1.267326137980380740e-01
-6.746899842037118455e-02
2.522014339196930188e-01
1.236671935167907854e-01
2.201829416154454100e-01
-2.787799267688549354e-01
5.086484632877247281e-01
-4.518040361161241442e-02
5.520757273042121716e-01
1.495539938819784587e-01
-1.520026102947014679e-01
-3.352225405095735078e-01
-6.479555971551315130e-02
2.502808957694418468e-01
-1.746383454324438034e-01
-1.224059489306250081e-01
-6.476835781842424367e-02
-4.296548536251523220e-01
-1.624292650944358096e-01
1.110215877591742284e-01
1.051400101349062449e-01
-7.587058447350561452e-02
1.268540335607583613e-01
3.105395138248910614e-02
-1.026754852754042519e-01
-1.119934679253876825e-01
3.922752238762909349e-01
3.774421239223042790e-02
5.344081742666857704e-02
4.755595526082066482e-01
1.502875782760719758e-01
-3.317096748179617083e-01
-4.273904264468005865e-01
8.098376734304128799e-02
-5.478739665665437186e-02
-6.024750159273193489e-02
-2.754436273677216551e-01
2.442194283215669559e-01
2.610644534965793628e-01
3.311794449400832369e-02
8.538942822090013485e-02
-1.703076044903724939e-01
5.429133704108793923e-01
2.297647611999044936e-01
1.132597060008551509e-01
5.361309933689224760e-02
-8.589194028170141215e-03
7.419692683935881494e-02
1.059081845629225721e-01
2.519275755100664482e-01
2.797332841714307294e-01
-7.099516044002494863e-02
1.053129133139066309e-01
2.177126844060317257e-01
-3.619262772056340838e-01
4.361327918106293611e-01
2.363823316138832786e-02
-4.894934987706761609e-01
-2.772509082009167597e-02
-7.898924146490091114e-02
-8.312854230004319139e-03
-2.490039480882478284e-01
2.003543998151583461e-01
2.907414956958815910e-01
6.910443333220708806e-02
-3.532972408132664666e-01
2.417828631136022255e-01
-3.036824016189954567e-01
3.281393524080955526e-01
5.684633753773780107e-01
-1.205119263792469586e-01
-6.756875323306088359e-03
2.917125581507544441e-05
2.173236878650754433e-01
2.762897539006509140e-01
1.977916723050042180e-01
-3.820861949672659796e-01
-8.148059412249003541e-02
-5.007129903627289408e-02
-8.342726618542770090e-02
-2.363662474093807253e-01
6.573993994680449315e-02
1.428652424187377701e-01
-4.391543599752292804e-02
-3.494694065655922777e-01
-8.422641617213241227e-01
1.845637073490592472e-01
-8.514952112744362785e-04
-2.631697735522135484e-01
-2.457391273593574343e-01
-1.611975087608745194e-01
5.337379829455632940e-01
4.730660904397417099e-02
3.908096585621959052e-01
-1.091226370699444198e-01
-2.432700139399764927e-01
-1.008594042379528100e-01
-1.497181710049775849e-01
2.217752268652163072e-01
-4.854345643144443228e-04
5.369501695431137811e-02
5.153769968908126220e-01
6.768550907484081891e-02
-2.295222272306097488e-01
-4.836295594278965104e-02
-1.034838187192483119e-02
-1.359402350595645187e-03
-2.079162796407071911e-01
-7.196834939218281491e-02
2.459348604242109770e-01
-3.860251050079510637e-01
9.172941508217140327e-02
-2.234358964945999115e-01
2.733841227330132684e-01
-1.706016337648416092e-01
-3.135039107742524922e-01
1.224392041192328834e-01
-2.628761525447207426e-01
-9.737683597515729705e-02
3.047541665182308401e-01
-2.132178774470032678e-01
-1.602612223476112263e-01
-9.924898331445292099e-02
2.282426148385812426e-01
8.911030640100695011e-02
1.013263387855654618e-01
4.258495696317912138e-01
2.682530094856190872e-01
5.923197428553592658e-01
1.587845503186349205e-01
-2.648889061033778414e-01
2.549033415514168673e-03
1.835753734401698867e-02
-1.544283965114080955e-02
2.245418819897491980e-01
3.148663395477169780e-01
-2.715533774347163032e-01
1.726550537671989183e-01
1.807286467983469092e-01
-8.735867928262690540e-01
-8.204176920312762356e-01
2.150646794724710431e-01
-1.629648404624452762e-01
6.001737366071907553e-01
-6.953567116415068083e-01
9.545101257514736204e-02
2.030310134338000894e-01
1.732517069243147967e-01
8.245230833499079814e-01
3.165102766998997841e-01
-9.458787562699376705e-01
-8.795623175584215137e-01
-3.155744545564932446e-01
2.546763380595297721e-01
1.014837608307463945e+00
-2.308721069569822371e-01
-1.351763550147793702e-01
3.708290337797925940e-01
-5.214822401222309889e-01
6.819303293636108654e-01
-3.722968840792593714e-01
6.434169308371484597e-01
2.963481561858936630e-01
5.445102657402438595e-01
-2.443411463193873312e-01
3.631357437701022706e-01
1.351146154468286786e-01
-5.678245611412411353e-01
1.517557955243767076e-01
-4.079567856042474183e-01
2.358232279629996764e-01
2.750881585107801675e-01
5.834582930928683409e-02
-4.169348572488298932e-01
1.691140439375496685e-01
-1.401075732561627152e-01
-2.257841538436199669e-01
2.620070302249112928e-02
3.048898381160488613e-01
-5.549629539379740129e-01
5.294763766974626140e-01
-3.123251362501198169e-01
1.541850268008146049e-02
-4.749709671432707503e-01
-3.989029324085103245e-01
6.139495525506320078e-02
-9.033325267019852445e-02
1.728047233704909091e-01
2.425993402051044578e-01
8.582615905214545649e-01
-7.849904033306955853e-01
-2.121927727896748272e-01
2.194530397258379339e-01
5.208657573371953120e-01
2.696314925791288286e-01
-2.770308522394829276e-01
7.842658889476852302e-01
-4.425516334414579256e-01
1.215586819058221690e-02
-6.207151977762924711e-01
3.279024738406629419e-02
-8.650933819179928985e-02
-5.542868455107198278e-01
-1.993639986087460125e-01
3.838327218424913978e-01
2.800554358402129185e-01
-2.111799320841591110e-01
3.473334393446728119e-01
3.033974482440223164e-01
-8.864717415150888402e-02
-3.640486688142372529e-01
2.117369007923795565e-01
-5.698335941531119941e-02
-5.013634583109790599e-01
-4.504194660198130445e-02
-1.294424131616684626e-01
-5.313982822259244454e-01
-1.173609835272939328e-01
1.410118446666075720e-01
6.331658410798902958e-02
3.472969327905021664e-01
-4.180507879174880093e-01
2.982380865675969828e-01
2.867431666122930989e-01
-2.887994815745896227e-01
-3.521970751953484857e-01
-2.879004775877200273e-01
5.593699424407410081e-01
-1.588547617745361962e-01
-5.203839518744552972e-01
6.195186795771923105e-01
-1.832709238367745408e-01
-3.736941546531870606e-01
-1.452081950161105382e-02
-1.424501981751804258e-01
-2.036743044848082773e-01
2.725796388458511313e-02
-9.082391819276547373e-02
5.714103225914933526e-02
3.668200146688767316e-02
4.297742227216266864e-01
3.717294062041439501e-02
2.762316355219137098e-01
-2.279532733536464295e-01
2.329348244137036394e-01
-1.765924989422024416e-01
2.594638520589041542e-01
2.618776991474941473e-01
4.153946070181968597e-01
9.007902122634051656e-01
-1.430516313616992718e+00
7.776668859170514647e-01
1.646368619709908110e-01
2.889905033007258983e-01
2.312113322638918375e-02
-5.833884090055820731e-02
3.386251248817147008e-01
-4.764275255085059224e-01
-2.831477637353363996e-01
-4.997846365714077033e-01
1.875380427191040977e-01
-3.625660891063384739e-01
-5.852485232418779271e-01
-5.474391557589491919e-01
1.066886279550467026e-01
-7.406504306094725543e-01
-2.967165368477389098e-01
-1.081450469483740351e+00
-3.828442668269969595e-01
3.390796967169151244e-01
-9.582513235706963464e-03
2.933920573292142508e-01
3.792460576077893997e-01
5.219304235882264997e-01
-2.730397129384266042e-01
-8.516452983433210611e-02
1.640680058712450096e-01
-5.549250266854500735e-01
-2.997547890328204900e-01
-1.438080387955108230e-01
1.986118603571590258e-01
-5.480082241597934445e-01
9.747228169738025860e-02
-2.112217116058163480e-01
-2.411779433249099103e-01
5.298865996246924226e-01
4.337707362897660346e-01
2.984588392662212430e-01
-2.618655635577682994e-01
1.997604525723116475e-01
-4.623900239833230591e-02
6.078163146307358905e-02
-1.348642979718499002e-01
3.583545193320175626e-01
-2.627654825443767606e-01
-1.608413502814812768e-01
-9.408248308459077336e-02
-3.559076501929221009e-02
1.681666674128392755e-02
8.649557990962920828e-02
-6.508065745797942947e-01
-2.342358918957104102e-02
1.887009231579892254e-01
-5.148252921184655051e-01
2.508001740816235281e-01
2.618500360730679696e-02
1.228533896147425419e-01
3.248410491905688313e-01
1.171771887086028446e-01
-6.485510932268246931e-01
-8.644452627086616214e-01
4.926769082159658808e-01
-2.424301103199894836e-01
-5.015391255643750767e-01
5.624508374623546358e-02
7.576952845842021000e-01
-6.625301954333253640e-01
-4.812623575585331381e-01
9.163608124458821891e-02
-4.945939339314853189e-02
2.558897690973722105e-01
3.998200688115648993e-01
-3.256965358910165476e-01
-2.843038605857496348e-01
2.224021661347405920e-01
3.629221245810173579e-01
-5.728701575951111735e-01
-2.377280770261131979e-02
-5.265140085435204148e-02
2.922331244753891832e-01
7.047674550626763512e-01
1.080569532774153935e-01
2.052663982772923862e-02
-3.442052930869623495e-01
-2.761113820888997164e-02
1.001466373148355432e-01
1.503579881510608007e-01
8.543013503694766309e-01
9.758484577687639994e-02
3.854953849394695542e-01
-9.382595343367242657e-01
1.086163173836018681e+00
3.551343378935493678e-01
2.467088812886145677e-01
-2.541328988487946416e-01
-1.824544647680766130e-01
-2.533230688109366358e-01
-6.941542423479083457e-01
-1.021081321782700141e-01
-8.072560398864835340e-01
5.099222066200324033e-01
1.052409114439495086e-01
-1.814962711048318245e-01
-2.995856732150146695e-01
-3.486324601415021623e-02
-6.794123065865743938e-02
-2.795132150689841888e-01
-1.968907882593743663e-01
4.355810891276096219e-03
-9.068293758416512418e-01
-1.478834628097536408e+00
-2.158113741153689924e-01
-1.572011968667093862e-01
2.317902050551775006e-01
8.780735109984927345e-02
-1.558243754071532983e-01
-1.709849305455637958e-01
-1.406425105970166012e-01
1.837432278670260086e-02
-2.045078927866857688e-01
3.226558004002891833e-01
-1.009500576816796530e-01
-1.403194171570444453e-02
-1.284387857617464102e+00
1.432327277053201293e-02
1.189915055457856780e-02
3.391867431327777460e-01
5.690391239544447810e-01
1.006346422190559919e-01
-5.976531575425286791e-02
