-7.946502857309365453e-01
1.043128274662639576e+00
2.709137312987832114e-01
-1.093187838266008072e+00
6.289974377678889672e-01
1.736462524490422599e+00
8.269238464200092675e-01
-1.721708447569389122e+00
-7.770208411536570769e-02
2.960726775055450566e-01
-4.093491081791034158e-01
3.707750270144453131e-01
6.185225657412476430e-01
6.512880997126033744e-01
-2.890633519819391650e-01
-5.660846285626621732e-01
7.101164491956901692e-02
7.355619286662873346e-01
-1.065890613936146591e+00
-2.902805536483110682e-01
-9.548222766475134016e-02
2.682022579829058118e-01
1.996960371332882067e-01
-3.037140423433441483e-01
-6.074969467039138121e-02
-2.347320404286640516e-01
-5.576554091292048460e-02
-9.509910487205147644e-02
2.521798301331594216e-01
2.752453072616751692e-02
-1.360944596930564743e-01
-1.859760312714231201e-01
-3.100491429326204113e-02
-8.764727266138949702e-02
3.075321629233631060e-01
3.035722073433636536e-01
2.572205559424863355e-03
1.263138263184450383e-01
-9.754661474152352685e-02
2.001518246125310041e-01
4.116439007095114566e-01
-3.262034783269837646e-01
2.160348091981853513e-01
-1.419819571283530320e-02
-5.778656057181130040e-02
-1.491659565866512160e+00
-2.646376450527613833e-01
9.092476704324097270e-01
2.204718672977880600e-01
-3.454109944745803462e-02
-2.079819006529482761e-01
3.201416879553519723e-01
-6.442525677935508899e-01
-4.165001797503901093e-01
1.388100943728790004e-01
8.708949526384491824e-01
-3.248553170121800671e-01
-6.718791825510550542e-01
7.650597961369383082e-01
-2.539659358566954683e-01
-2.321463328332152021e-01
2.703236763413188748e-01
3.276776521302868783e-01
-7.526587101625467624e-02
2.012976094665169524e-01
-5.765081189913002779e-01
-4.220136055349429927e-02
-5.695096205677254719e-01
-2.358793405602646331e-01
5.508305047980007751e-01
5.984782511767231528e-01
2.380946726129849200e-01
1.431744413276327677e-01
-2.133195854408216630e-01
-1.446128700668037337e-01
4.264159776066250851e-01
-4.285706606596675905e-01
-2.717523823838998154e-01
4.830738585881467345e-02
3.090041005037665323e-01
-5.282736207798702788e-01
4.921383015255621496e-01
-5.847290874818363016e-02
2.291393081769765860e-01
1.019086107516776613e-01
5.225330559270950637e-02
1.857957294361439471e-01
-7.779014456928899646e-02
1.096146302597427319e-01
7.290796506478147698e-02
-6.553666617977711439e-01
-8.300714403523116666e-03
2.714862844184983692e-01
-4.931571664115926290e-01
1.161832686506776152e-01
-4.916193587027059553e-01
-2.129115304761027283e-01
1.546755291872353166e-01
2.372819978866185231e-01
2.094557173521225668e-01
2.731806442201336615e-01
6.283212563281756480e-02
-2.772800381824952476e-01
3.855877626197032892e-01
1.737228086288871987e-01
-5.587947319523512979e-01
2.496829422391893816e-01
-1.980455306544758876e-01
1.012436205172382586e-01
5.237489681964331290e-01
4.677710491761790101e-01
5.547924369289317648e-01
-3.289581576987997136e-01
-2.850829011663749690e-01
-1.482184331049357651e-01
6.088271009740121587e-01
-7.658702982851869900e-02
-4.809593210179881340e-02
-1.669410156596317085e-01
-3.295625473961286134e-02
3.842525995418707985e-01
2.039041739425444533e-01
5.175728757657902523e-01
4.233438845814535001e-01
-1.831287664358967615e-01
8.387705805124768821e-01
3.976226674142426809e-01
-1.355376051517425684e-01
4.850661175608663583e-02
-1.918677022180366731e-01
-1.065438300834835150e+00
-5.547757772296454393e-01
-1.151011998469424896e-01
-3.479411274767531537e-01
7.326780210335193111e-01
-6.549275769793800883e-01
-1.502548497566373424e-02
4.353272004810876949e-01
3.519908442364078766e-02
-1.162899467156609939e-01
-7.691543820950401400e-02
1.495507868325288668e-02
-2.030712699036704427e-01
-3.356447426431227177e-01
-2.953483011299243462e-03
-6.859015269431956163e-02
-7.508317081500458512e-01
-2.182352413385936218e-01
-1.947231784348251171e-01
6.442442927613049042e-01
4.487693165663252381e-01
2.651961355709143708e-01
3.097621221981315398e-01
2.956363259783525294e-02
3.079283410562207446e-01
6.867580029676977338e-01
4.094502621641470386e-01
2.240001943155677799e-01
1.056525672182814513e-01
-7.274949287596937930e-02
7.716611200514089663e-02
-3.212680914078008265e-01
-1.011980186348141603e-01
-1.406897691451317392e-02
3.348566803704877137e-01
-2.798904693234782748e-02
-2.079619027900626027e-01
-4.040360941594822730e-01
5.751968209311637548e-01
-1.070622632478506475e-01
2.424048757716909253e-01
2.941844899556530502e-01
8.982771483438614646e-02
8.599021114204909166e-02
1.317499605502759352e-01
1.538262479455638765e-01
-1.027281211633172542e-01
3.363850413331438971e-01
3.691106002216220650e-01
-3.975762279593880039e-02
-1.101748888989422942e-01
-2.617441043695017400e-01
2.463540822248947992e-01
1.055697394962152279e-02
-2.415805422994492524e-01
3.951082446212889621e-01
-1.805869490142193723e-01
-2.785561961991607216e-01
-1.587090892289407806e-01
-1.842554834213180059e-01
-6.450324375556083512e-01
-3.675138396578922495e-01
1.320547649166262886e-03
2.755706363656217905e-01
-1.992699842343962358e-01
-3.214770545058933671e-01
5.227739727476150844e-02
-2.386724847913376801e-01
5.703452019232425618e-01
2.715153864947405030e-02
-6.229280432610512230e-01
-2.867016298969599641e-01
-1.633068985022869402e-01
1.418309208153598622e-01
-3.732600658730119564e-02
-6.432517548101631677e-01
2.446846784734316160e-01
4.191360574251935811e-02
-9.199350884400415984e-02
-2.262510827674203140e-01
-5.274707774175438901e-01
2.663897445869405356e-01
-3.325433211168352110e-01
4.437062242714510940e-02
2.552406590246827922e-01
-2.945970073313673998e-01
2.317127825250729981e-02
-2.131192833823941602e-04
3.525818465602734708e-01
-3.790135544563125736e-01
5.278845313511835169e-01
-1.784084319580097472e-02
7.734542328734504701e-02
3.062222831468308648e-01
4.596096376679759676e-01
3.060112088432000998e-01
2.570908927385125511e-02
-2.070800784925758142e-02
-1.260576937336576608e-01
3.709308149724040993e-01
9.146045698188911555e-01
3.574059428230986768e-01
-1.136341182165341579e-01
1.066006620843607394e-01
1.510748711960485380e-01
5.490726204080447204e-01
2.679379754996652832e-02
3.098751700900975181e-01
3.346502714987882876e-01
1.389898260040782485e-01
-7.842149709424020010e-01
-5.904923500301355321e-02
1.449971269277324226e-01
1.163545759528343132e-01
-2.277541361918248575e-01
-8.296175487583329344e-01
-7.524813700908485059e-02
3.722539500417604286e-01
-2.607211240012635156e-01
-3.915838845461675627e-02
-2.645350044076843488e-01
-7.447118268099427174e-02
-4.025929846648094168e-01
2.334955559478552045e-01
-1.686223351847890017e-01
-2.134955602700998045e-01
-1.143040785267121356e-01
-5.643846077894268953e-01
-2.010839769295852397e-01
2.896596506481883271e-01
-6.499862801955350600e-01
2.540493687381680799e-01
3.977046270142074041e-02
-7.691173488524737090e-02
1.146442421781762311e-01
-5.814018304529195991e-01
-5.339758171624454236e-02
2.038706678657871418e-02
1.668370326964993822e-01
-2.479317618002230827e-01
3.256344479587268137e-01
3.008458467964025829e-02
2.208944476665354248e-02
-5.043871670588622597e-02
9.199844750632912849e-02
-3.418292431198337589e-01
7.952463111257507267e-02
-3.328499966157835166e-01
-7.672247050736465124e-02
-4.269797762453018675e-01
-5.565421405791987769e-02
