-2.820185018595743887e-01
-2.625530677260913825e-01
6.760118253112984421e-02
3.417154613268377772e-01
3.789646768702772395e-01
3.042065912248063664e-01
5.553454625404773831e-02
-1.777058414415250143e-01
-5.830516322350551284e-02
1.558992632445774240e-01
7.263559165175909049e-02
1.905555109931252045e-01
8.293563725266153708e-02
-4.284185841883149659e-01
-4.666834382959033321e-03
2.797411864516258784e-01
-1.788596327295940980e-01
-2.361061513242318777e-01
-3.443388936011290008e-02
1.904137701809421315e-03
3.722183289171719367e-01
-1.302384251209206256e-01
-2.077734336666240966e-01
5.144850974696245638e-01
-1.625151617083274158e-01
-4.041725308599320443e-01
9.969892705141304712e-02
-1.459013949514584019e-01
-4.218359777419944390e-01
3.109529908193012226e-01
1.356736849338521789e-01
-2.917132384830277148e-01
4.652337670783038975e-02
5.037999987090452381e-01
2.664569856388913638e-01
7.595343141656575592e-02
1.574896537881732839e-01
-1.983207107034476169e-01
3.478352796645892142e-01
-3.587041629416925503e-01
-2.868928666842201353e-02
-2.855100728905121329e-03
-2.380788865429745230e-02
1.967034206364165136e-02
-3.906438039269052344e-03
1.527173444817990673e-02
-8.255896523124622161e-03
-3.116024822453353042e-03
-1.341264411342755689e-02
-4.392448234799023465e-02
2.298118154803725083e-02
-2.970926557902681120e-02
-1.147117905296809667e-02
1.358718642346929523e-04
9.551883568291372889e-03
-8.159372854497599220e-03
2.490510200828138440e-02
-3.471902521851949475e-02
8.849754047420229676e-04
-2.598360946710736794e-02
2.045894990210966602e-01
7.919094796158587801e-02
-1.404332537862739427e-01
-1.231766025127072339e-01
-3.997583943247213223e-01
1.382467840154617267e-01
1.325324817958058454e-01
1.458335789595669452e-01
-1.655518777511924833e-01
3.168539559570344305e-02
1.325531752858782053e-01
3.819466250130010981e-02
-8.759856941018129284e-02
5.771471178592479240e-02
-4.211662467517861275e-02
-2.053874030670028161e-01
-7.261375468498126873e-01
-2.792267954191725646e-02
7.987491066549859409e-02
5.267107534117312362e-01
-3.876750048336644050e-01
-1.189093932446646656e-01
5.640517300803556122e-02
1.231608938964504595e-02
-1.039988840022393751e-01
1.384033138653545936e-01
-5.084854127919993111e-02
3.817988092965816649e-01
3.304186803864393451e-01
2.242502056762230023e-02
1.147377984225993741e-01
-1.963232884760516828e-01
-2.594630128506829059e-01
-3.383406589189880825e-02
-3.898250594086684617e-01
2.590782936223559596e-01
1.212627895188515548e-01
5.564090286525111284e-02
-1.075007689517351317e-01
3.500785648707057107e-01
-2.910070311966034967e-02
-4.568352240814325671e-01
3.410991852521358947e-01
9.721689217778223995e-05
2.676784465065801602e-02
-1.469587737584799880e-01
3.176807399633128082e-01
1.133797825978031942e-01
-7.643964590960980465e-02
8.944153799516207926e-02
-9.842926384821476526e-02
-5.508628028374718683e-02
-2.689944513618138799e-01
3.641232389500814182e-01
-1.331901107597028289e-01
5.588163253590679863e-02
-3.714181916078519025e-02
5.710045100529105300e-01
1.743544876635748919e-01
1.461035992440446740e-01
2.657012540922390822e-02
1.122020387524846896e-02
2.697727890185459554e-01
-1.056388609280274338e-01
2.065472609462215559e-01
1.071083140455557636e-01
-3.004433843026789730e-01
2.235163637060562369e-01
-1.078302986488295645e-01
-2.821974691075626041e-01
1.845716694355797050e-01
1.732244770546323073e-02
-3.827554741571076447e-02
-1.079361719202908271e-01
3.876977641575232031e-02
-4.383977030152338417e-01
-8.010529698819064681e-02
2.502143720846091157e-01
2.053742639072254350e-01
-3.579969231410627395e-01
-8.949086004217526868e-02
-6.585245429702608899e-02
-2.885572319359763771e-01
-1.234486389322468902e-01
-4.799938824030632045e-02
-1.688070237157432776e-02
-4.266219966372558625e-02
-6.116333747294436934e-02
3.435449338920261442e-02
4.689688217674053416e-01
8.203745537025838863e-02
1.301165185382124889e-01
-1.929932300233777320e-01
-7.074216893066698209e-02
2.256755259565194904e-01
2.926905733409084984e-02
-1.121653113245251604e-01
-1.803160995422707080e-01
-4.502699226232901863e-01
2.512191407400186649e-01
2.461268293173608790e-01
3.312533547686996593e-01
8.917918072707139987e-02
-1.598077186816066753e-01
1.332820517426032136e-01
3.232292973487868593e-02
-5.640085359567257456e-02
-1.617379521028877165e-01
3.787432944348361752e-01
3.551470498456038311e-03
2.067395865407252731e-01
-1.911173655895675311e-02
-2.359516375619492012e-01
8.146474101854095373e-02
-1.334810333055217735e-01
5.776585835883430581e-02
-9.804080187078889619e-02
-8.464998552893404637e-02
-2.744166378659919081e-01
2.279946438167244557e-02
3.051350120066268490e-01
2.027943160028359004e-01
5.640270603231720137e-02
-9.867212800885158744e-03
-6.278925774906927160e-01
7.913082145677180490e-02
1.523190372995197883e-01
-1.024491570749264252e-01
-1.472136029212421093e-01
1.735379931346790472e-01
-1.710773477761605987e-01
-2.905518934167103939e-01
-2.483636630661291422e-01
2.896087400427177841e-02
1.350900967516216189e-01
-1.515093061690165333e-01
2.994860886804130984e-01
3.910383293212119638e-01
-2.169630738985113202e-02
-1.308875250969987192e-01
2.506939130621343437e-01
-1.589219055203063558e-01
3.453628683767251406e-01
3.716855955797233046e-01
-1.497963205072170290e-01
2.685527421536385018e-01
-1.201384659276027479e-02
1.067376541330021696e-03
-3.791722067121486850e-01
-3.026127073662565614e-01
4.535095799783728232e-02
-2.568510903810004506e-02
1.420883647034309194e-01
-1.388306146817511189e-01
2.832795992979701416e-01
-1.779670594660371363e-01
-8.319190806052095821e-02
-6.318714299277625179e-02
-1.189967761784168215e-01
3.512359329716703837e-01
-1.735095341479110376e-01
-4.315136236887371357e-01
3.316733316633235784e-02
-6.072759140030561248e-02
1.999660664270529187e-01
1.425467958830208826e-01
1.762260235572763421e-03
1.156581563025949888e-01
-1.712341697214105410e-02
1.572762324113527108e-02
9.920426576204520452e-02
5.340758515538591988e-02
-4.487377800383356430e-01
1.566762370270115279e-01
1.456719025062725437e-01
-8.743887849406616064e-02
-1.149671187863947619e-01
-1.602217891535566707e-01
-1.139207026543416351e-01
3.010788352254679112e-01
3.494249074002120370e-02
-2.829798999161891801e-02
2.179020872196301695e-01
-1.235505275380416601e-01
-9.509482554358932027e-02
-9.707519634061406721e-02
-6.091607921241408430e-02
1.991302349559904636e-02
3.023076225206823286e-01
-3.222158396284351828e-02
-2.513686204448813410e-01
-5.797393242004871272e-01
1.294396928653052670e-01
-4.154875695466459518e-01
-2.180973704630186361e-01
-2.508330737662519197e-02
4.792504172110163135e-02
3.970772063798255758e-02
1.597795646509551082e-01
-4.673936999047549334e-01
1.516890782126954773e-01
4.147317113134655372e-04
9.036619212487312369e-02
2.549504500111691649e-02
1.263552320793226713e-01
1.193005477711823331e-01
1.092161953558691417e-01
5.282434981761238713e-02
3.234990570846373037e-02
2.138078663608671270e-01
8.327584296493426019e-02
2.954560643135638598e-01
8.373938043027356892e-02
8.551184574123443793e-02
-2.461703048985204936e-02
-3.487378134071979913e-02
-2.341525997104819679e-01
4.189821833646766303e-01
1.482593545952570202e-01
-2.352817191631401128e-01
2.514887813394867805e-02
-3.087009561823642056e-01
1.584037231764681142e-01
1.782276049968034570e-01
-2.441811056550987902e-01
7.531766907616610496e-02
1.064411016804031329e-01
-1.470757674652020675e-01
2.860801787106957983e-01
-2.633066751187218557e-01
-1.770799388483370804e-02
-2.049937216105341409e-01
1.246740035810297853e-01
4.690143948087038828e-01
-4.336998918543128467e-01
3.861859503828461437e-01
-1.565268408140004300e-02
-1.553945783969409300e-01
-1.131787602049379726e-01
-3.355950246256657610e-01
5.375885962889798142e-01
-3.135333988085683976e-01
2.934982546260916370e-01
3.034442910745281385e-01
1.640792982701662628e-01
-1.065482263035976741e-02
3.659034916550116812e-01
6.448859460486298933e-02
-1.957718818048086451e-01
3.185212717987493877e-03
2.054385211733113781e-01
-1.435259216226798251e-01
-2.713005714169882676e-01
-1.417724948498056692e-01
-3.184811804203614427e-01
9.156229433552706687e-02
-1.615216581097409509e-01
-6.696194294077634224e-02
-7.289377371305424957e-02
3.359142906079803231e-02
3.601627139646908227e-02
5.159960140297716047e-02
9.405009188003447818e-02
1.373062705332281364e-01
2.954630275820579466e-01
1.745268674260887221e-01
2.801453804438078232e-01
-8.811790971205640810e-02
-4.528962441229506530e-01
-1.294741767900683127e-01
-1.383597035735277259e-01
-1.272530630545990610e-02
2.439604474370862530e-01
2.684494663947694162e-02
7.751735252676915378e-02
-1.738297112690162516e-01
-3.119080887007896763e-01
-8.156090190664104511e-02
-1.852957716529588655e-02
-9.053057818047471547e-03
-2.858788891707195190e-01
1.874495065146746520e-01
5.015206040632156359e-01
-1.767226946653068786e-01
-2.265550953519696042e-02
6.366405519939458690e-01
1.532411583344248929e-01
2.769900054915513943e-01
-1.319377999057241013e-01
-1.037032352788327255e-01
-3.044139302632604682e-01
-2.808248488280234642e-02
-1.025061044133720317e-01
4.735775844528118672e-02
5.172742471539095582e-02
7.259471513762921768e-02
-2.134995544230930409e-01
1.140211335386682318e-01
4.069130172635933018e-01
-2.728711705712109636e-01
-3.153918436307788786e-01
-5.243441639449651637e-02
-6.999486214069965129e-02
1.073758232893533143e-01
1.206366555126992951e-01
-1.595725696662526338e-01
2.690340621170942415e-01
1.959804967976094547e-01
-2.272773354223857345e-02
3.093974699332285166e-02
-3.355175674306511147e-02
-8.099290558592669997e-02
4.970221992283076901e-02
2.526425930002449416e-01
-6.255735403389739435e-02
2.308728404392676459e-01
-3.624450283075664747e-01
5.890963345548736255e-03
-5.764220884742038420e-02
4.315270938625082042e-01
1.021169099023327281e-01
2.117471242577393387e-01
-2.364207108598085916e-01
-2.150457240714284124e-01
2.224549553500305421e-01
1.423554530292515663e-01
5.135869681138986731e-02
2.239730815996412439e-01
4.115884310809976854e-01
5.168013692893805300e-02
-9.826827658595582715e-02
1.241297904181269118e-01
1.301892931934507114e-01
2.046356289009549356e-01
1.116636575751751570e-01
1.925003923199979788e-02
2.181350180134090377e-01
5.123425280461330056e-02
1.316118816666712876e-01
-2.105156318739031807e-01
1.703994543148534546e-01
-7.193132594949926129e-02
2.327789011358298299e-01
-3.566955635657542700e-02
-7.373173605794329510e-02
8.034199635227096126e-02
-1.688665545123864756e-02
-2.325359299271472502e-01
3.870213237975325682e-01
1.470232134951523495e-01
1.062932563290376331e-01
-3.357425145792671817e-01
-1.703969268878537113e-02
1.555150843686664286e-01
-4.268573561291693491e-02
-2.125177119241917489e-01
3.374534803130787020e-01
2.593165091432615976e-01
1.126881947696211916e-01
-1.301392456942446485e-01
-2.606463992697751197e-01
-5.396280118091273392e-02
3.340327584501892044e-01
9.253478651680419054e-02
-2.292022442690464998e-02
-5.223755373861870693e-02
-4.277176568518415989e-01
1.061104558162498934e-01
-4.209909520848941211e-01
1.308331758817018187e-01
7.834828521126976919e-02
3.011691408445139051e-01
-3.320426808448100758e-02
-2.101112333175369218e-01
-3.084736506143609391e-02
1.610287503683557886e-01
-1.795989437907133113e-01
1.336951678062643090e-01
-3.319229779702358440e-01
4.958053270382206668e-02
-1.432816295988992017e-01
3.623037131068164527e-03
1.962328769369896531e-01
-1.140454648532096549e-01
2.533423807171004127e-01
-2.682011833956152169e-01
9.603257695293958285e-02
-3.762898887732186171e-01
-2.380515843015583999e-01
5.492875227104263569e-01
1.568008307093613982e-02
-9.672500435472303204e-02
-6.526966809407364067e-02
-2.416660644318226539e-02
-2.326467164663580389e-01
7.955402761242871823e-02
1.581180879664809136e-01
-7.058758472299429820e-02
-3.463728556970600558e-01
3.128922266446714784e-01
-1.639004225037523450e-03
2.890526389881906480e-02
-8.101872254760049408e-03
-8.035612377239837595e-03
1.189786808348483951e-02
8.130280426313299044e-03
6.729709551368887998e-04
1.295509047857908852e-02
-7.263158577111442429e-03
-4.192048975335242560e-03
2.692733233688263117e-02
2.925344461899517801e-02
4.658017808002385893e-03
-5.957241525490958312e-03
4.516802557708963529e-03
-9.420519734420637614e-03
-4.825622514925881346e-03
1.433108566807943934e-02
5.493735984309916151e-03
-2.205754903134837103e-02
-1.771960707155142284e-02
1.539423515575092105e-01
-2.195518061718242930e-01
2.463110021981111120e-01
-1.131697583093012466e-01
8.865935109524056279e-02
-2.759095523034966746e-01
2.226920181908668417e-01
-1.998935911639767860e-01
7.298960463283167555e-02
1.044594982237617015e-01
-8.690334254654839830e-02
-1.477735329410053977e-01
7.904215339829771814e-02
-7.193077162930326673e-02
5.158072477392817712e-01
4.897808194446885421e-01
-1.309205656563265652e-01
5.773025351966642321e-02
3.663567044937627859e-01
-4.455183492110658672e-01
8.447578808160099983e-02
-4.753334724851749349e-01
7.440452745577846860e-01
-1.064844351900770397e-01
-2.782219250443468059e-02
-1.161452989773721772e-01
-1.267296580676131601e-01
-2.082421367045954042e-01
-9.108200245848475929e-02
1.857123974955213475e-01
-2.023072195739931134e-01
-2.451667528276929853e-01
5.413619307130688313e-02
2.488241953668512974e-01
2.911858949067373525e-01
3.216886463254867712e-01
-1.092126262487270322e-01
1.667482292146127976e-01
-2.030903343689382384e-02
9.861095498366566348e-02
-2.619715509865053193e-01
-9.207587198116154448e-02
-3.754515532667508926e-01
8.867795412343292272e-01
-6.053292250503873317e-01
7.166934518546592969e-02
2.684272570990680618e-01
2.584743596813172672e-01
1.090239127343898828e-01
1.057132363422647048e-02
1.918712868329913723e-01
-2.363459130122394780e-01
2.113260063787827242e-02
2.640698656345404904e-01
2.970848706431158393e-01
-1.435270876532513673e-01
7.671642608503780048e-02
2.271376367135925223e-01
-2.771978594167877619e-01
-3.490563382169469681e-02
-8.670789676824888770e-02
-1.832583677438401892e-01
-1.646733660036345526e-01
-7.704463486885966550e-02
-8.233911856370297599e-02
2.490829279487680181e-02
-2.066810199215497745e-01
-2.771933096639181970e-01
-2.805701829730987695e-01
-4.480918544984507923e-02
-3.353008813740585570e-01
1.102095998195082027e-01
-4.083352724266609002e-02
2.087866927720484767e-01
3.013869387748223105e-01
1.695239628948367119e-02
-2.727995698274864392e-02
-1.189560910401234878e-01
1.825204394048621573e-02
-1.525400006775469719e-01
-2.270775426597751792e-02
1.978244931944643514e-01
1.866806951627476840e-01
5.740688288138163786e-01
-2.698386165326936426e-01
2.507902430546029016e-01
-1.464410051809337254e-01
1.350956914751818005e-01
2.723092521891988804e-01
2.383618476068013192e-01
-6.847313360097880830e-01
-3.784688014705551041e-03
1.043982273810005190e-01
-2.244521487800046899e-01
-1.493633284725467969e-01
-6.690901458421893294e-03
-7.266649839269294364e-02
3.238938872554399800e-02
6.260475854358353576e-02
-1.712265222636785156e-01
5.387173322364046113e-01
-1.359817229808089889e-02
-3.607166522164992339e-02
5.755448617059231164e-01
-2.933700891700691260e-01
-9.243775431125762776e-02
-3.157005063874284145e-01
-4.869066683556823039e-01
-1.298211151179934075e-01
-8.741640393675398357e-02
4.240801809672096190e-01
-2.466800899182446938e-01
-3.374445181523697684e-02
1.873133680921361399e-01
-1.518521300323595891e-01
-9.113018634949825170e-02
-5.775535035727832889e-02
-3.701057292506535479e-01
-4.853973845135182985e-02
-2.596523759353669761e-02
8.726823632148253407e-02
3.084569675504594821e-01
4.161938748683048916e-01
-1.917754062019866035e-01
1.911261089675827807e-01
1.329205501900322939e-01
-5.300287679349414277e-02
-1.098562843770208297e-01
-3.856640136513981298e-01
2.045263811261521514e-01
-1.195180736448488296e-01
-2.876931494557884994e-01
-2.288550420671486285e-01
-1.478118052625057022e-01
-4.492777100668466361e-01
1.722816270915463743e-01
-1.356865856387254841e-02
-2.207901459044910586e-01
-2.411474899904829938e-01
9.577697558972213254e-02
1.241887461099821927e-01
-2.435703230469709463e-02
-1.765489384833606457e-01
-2.696153415073385684e-01
-4.146576851713262152e-02
3.668157827435108431e-01
1.647754751615989333e-01
2.695298177805220963e-01
-2.479909419097667822e-01
8.649719209248100948e-02
-1.276447076222722576e-01
1.683672061092814365e-01
2.734164846538668092e-01
-3.781693801624274459e-02
8.123165928623742038e-02
-9.831294197105570551e-03
2.227073426593708869e-02
3.145393743045105106e-02
1.925084998728013586e-01
-2.333363188692951229e-01
1.741026349939800433e-01
-6.634634924479745899e-02
4.596571632122609108e-02
-1.076710406393773106e-01
-2.258239025062295235e-01
-2.659088538484671305e-01
-2.731835544682361672e-01
-2.076881713142865737e-01
-1.980892688295618209e-01
-1.607961269371724344e-01
-3.926197350151351684e-02
-2.492579892045106160e-01
2.049069543330786503e-02
8.237288321554724069e-02
2.685606880151631959e-01
-3.119190735689775229e-01
1.326690960672414488e-01
3.520173777117370784e-01
2.101595711760564644e-01
-2.280762846666414823e-01
3.074381295198780339e-01
-2.225938436019077316e-01
1.063103303019495433e-01
-1.248361144852409149e-01
-2.297813371222214296e-01
4.788644448776324669e-01
1.403617032355796712e-01
4.579310319102897764e-01
3.405991774008211292e-01
8.072399768778112938e-02
-1.840566767172972518e-01
2.139501176590342946e-01
-2.061779296072414891e-02
1.674600515620876598e-02
-2.913251600422698817e-01
-7.211593090285157992e-02
-2.215950775751168444e-01
-1.009746029559489694e-01
-6.929220645256185807e-02
1.207710277111432445e-02
2.330390595257146313e-01
3.750861105679421104e-01
8.962684817819344119e-02
-3.421544951804024459e-02
1.949260515189197018e-01
4.753349470936088506e-01
8.539823373543878327e-02
-3.507893456589854519e-01
-3.871168562697678839e-01
1.183621937303350469e-01
2.193394240603242507e-01
-2.124456083219513070e-01
-1.606718445086566249e-01
-1.349359015689818864e-01
-2.326755640162151972e-01
-2.522828230773739300e-01
1.441274827821217297e-01
1.170630615625705279e-01
-1.762017182067536838e-02
6.355553374962898128e-02
7.200976865873903732e-02
2.620360111206984643e-01
4.854036803449229276e-01
-5.180727761466613623e-02
-2.154800956338126239e-01
1.944065195200619378e-01
3.780464444100198884e-01
1.806906436082002243e-01
2.308863800460199123e-01
-1.242894875171052654e-01
1.769671615773054651e-01
3.751276357495419433e-01
2.686872458774572023e-02
-1.126581799178698502e-02
1.059425868645485908e-01
-2.001074869821515001e-01
3.270341768419363637e-01
-3.978513436290025303e-03
2.721561050895324185e-01
5.738909603791110536e-02
-6.968236144352500661e-02
-1.744427578917141231e-01
5.137421724903853959e-02
-1.085767664090732942e-01
-9.648589931190658386e-02
6.685820679799533810e-03
1.525751099031059377e-01
-8.485712689697622046e-02
1.970668198424390671e-01
2.396243017633920003e-02
8.427808603156065892e-02
2.682072096108053527e-01
-2.522236634669347000e-01
1.830369449574393570e-01
-3.130198884925247116e-01
7.677860408382536361e-02
-4.649260233277249243e-01
-1.844625390413801580e-01
1.165011788885754462e-01
1.440355432576152957e-02
-5.282594866675017348e-02
-1.648709641246272686e-02
7.181817041767873944e-02
-3.658040065397220042e-01
-4.659277605986553161e-02
6.615637202481303158e-02
4.157180660309416076e-02
-3.166400251983910730e-01
1.826216576889985455e-01
-2.245514843460293675e-01
-4.471595591883299470e-01
-8.842712174102174139e-02
1.102642120055073033e-02
-2.304040391297820234e-01
1.707267897162938752e-01
-5.394354522383546652e-02
7.996085126124138909e-02
4.928203765234688560e-02
2.034480953918271773e-01
-2.848120023786137600e-01
-4.338674228526869237e-01
-1.017745189349750501e-01
1.048237738450453066e-01
3.628224973360647532e-01
8.604527485847440760e-02
-1.827634660008699008e-01
-2.588552913115628185e-01
-3.430567789319721173e-01
-2.880328374128382496e-01
1.879040328228573919e-01
-2.524473886534493450e-01
-2.381192326586724639e-01
7.111302118181009324e-02
-1.691800510041300276e-01
-5.336499230781577285e-01
-1.445734012224077769e-01
2.699382859206556073e-01
3.272446384842227496e-01
-3.228033279544946788e-01
4.477458009677608153e-02
-1.760488055148795028e-01
1.486894945696193571e-01
2.066228930425165478e-01
2.725526660753484209e-02
2.673172333769374132e-01
-6.224160190455617359e-02
-8.157647183727388673e-02
1.403518630639566667e-01
2.854888279895091419e-01
-5.116060023553244962e-01
-4.031368556718717411e-01
6.748106603187824237e-02
1.942122273032419466e-01
3.885774268597962794e-02
-2.568197745471181292e-01
1.422841019110016592e-01
1.258787459274546619e-02
-1.136265993562439458e-01
-1.618888831366693259e-01
-8.858868255479443454e-02
2.273019129187487941e-01
-2.035090191862690967e-01
-2.694396888621445121e-02
3.809261836725381656e-01
2.689306986502578156e-01
5.320667852209696180e-01
-3.708160573280378652e-02
3.566563321468607106e-01
-6.210764284806305491e-02
-1.178939870692187059e-01
3.695958393273992559e-01
1.193055540248916593e-02
-7.431913456731185919e-02
2.728854299842639608e-01
1.465486684640854853e-01
-5.696175609165447622e-03
-3.055229881228128663e-01
9.626533033370247849e-02
-2.652367946127692343e-03
3.281143519240577872e-03
1.081643598787999927e-01
1.038066260757909975e-01
1.796805250013727429e-01
4.684286014154936950e-02
2.111459758990862912e-01
1.621884401181186708e-01
-1.829886999301158501e-02
-1.698273203037396484e-01
-1.430127981953923863e-02
2.412151820041918693e-01
2.954860816804008583e-02
-3.666572305370977003e-02
1.151058833658007013e-01
-5.047445366938576594e-01
3.611601202234104857e-02
-9.548655061514992048e-02
5.962019318896811561e-03
1.463208338466654435e-01
7.963895161399507650e-02
-8.188345778111234818e-02
2.719793241052773959e-03
1.756773766608982490e-01
1.396277997340608645e-01
-1.270529772793386747e-01
-2.477525537919764986e-01
1.233472311819810985e-01
-3.838093335935741091e-01
2.602329545356015239e-01
7.488151625188063654e-02
-3.791648433496143666e-01
-2.559235474623911544e-01
4.441844825935207242e-01
-2.124876601903831486e-02
2.408184584673845330e-01
-2.362917963309829616e-01
-1.677271451513375269e-02
2.377908234773915275e-01
8.272140541299954908e-02
-1.475091204783412768e-01
1.158339941789734984e-01
1.625169408047655029e-01
-2.953750403734111130e-01
3.848081098043003301e-02
2.803645141622157499e-01
1.823315234648044125e-01
-4.071135753452395090e-01
-1.448521915918834224e-01
7.043088561981576678e-02
-4.274757081852780249e-01
-3.687346387006502080e-01
9.423470193546530649e-02
-1.134995975531696150e-01
6.230388135070288186e-02
-1.917498401564184107e-01
2.996988515814905107e-01
-1.952223798269405175e-01
1.387444900200177356e-01
-1.500202333591978410e-01
-1.662289438973923728e-01
3.165043481752259809e-03
-1.742529683884126669e-03
1.815095414268844826e-02
2.904598901783083872e-02
-1.096612680049471444e-03
7.157806424040770443e-03
2.638685568070261306e-02
-1.256935492518660748e-02
-3.949977819533162168e-03
7.106352034890174758e-03
1.782477247436844991e-02
1.054676242911750314e-02
4.079783208673451803e-03
2.112662767189550650e-02
3.291079233689489514e-02
-3.046380126638533435e-03
3.112259503765854151e-04
1.242748658444268149e-02
1.835717760756942415e-02
1.448025420211240116e-02
-2.015694400435776856e-01
-2.883234266329003370e-01
1.417341088786328862e-01
2.922789663299497076e-01
-1.487625820861898096e-01
1.420265807578212358e-01
-3.806667439546377874e-01
3.896306396460639393e-02
-1.387432008246882731e-01
3.900209248461999900e-02
-2.636395735570065679e-01
-1.969681790977232394e-01
1.978581893117765944e-01
2.463364194977433475e-01
-2.250042391288573917e-01
7.777115531905606782e-02
-2.929147491491377320e-01
8.620665293977779198e-02
1.061452359591378569e-01
-2.244148572320501245e-01
-9.241776213045617416e-02
-2.372997986190517050e-02
1.434271846788035820e-01
1.762689508242783198e-02
4.846336200269413252e-02
-1.044267838480579247e-01
-2.453947489748155644e-02
-1.852551316193659092e-01
-3.725731822354846207e-02
7.602659331792356590e-02
-5.638169813655935503e-01
1.343916591195573086e-02
4.800887561707770090e-01
-1.062839780122610822e-01
1.970453440357109176e-01
4.475117525827870257e-01
-2.995892981897047003e-01
-1.540794256490204406e-01
-3.309019034063494513e-01
1.277847082494129594e-01
5.893514780920470347e-02
-4.848322298443668577e-01
-1.025837494291406693e-01
1.696691039313924509e-01
4.993665845873571790e-02
-2.129596654593042815e-01
1.454805703686311291e-01
2.615457519608306858e-01
3.728940583744287385e-01
1.504863409449662126e-01
-2.675996567681699148e-02
3.954022348830893430e-02
-8.289570047518543539e-02
-5.226902563660339174e-02
-3.814723154118637716e-01
6.744600233550133994e-02
-1.090335821233875124e-01
-1.814231275587470937e-01
2.127121938144794500e-01
1.766387515800161567e-01
-8.445811838873297228e-01
-6.082103640294099778e-01
2.704981834302143673e-01
-9.199718376733952152e-02
-1.954709983979140975e-01
3.733628676716189698e-01
-4.639893074449882859e-01
1.954194140736669749e-01
-1.734286342456171359e-01
1.011557112533291308e-01
4.095954252952977992e-01
-2.892034682430017476e-04
2.603610228124753068e-01
-9.738284821559065052e-02
-2.536610666892130106e-01
1.437565924044361121e-01
-4.666522658719591266e-01
7.846707828803639595e-02
-5.473683780304588326e-02
2.073151207176240352e-01
1.552750493231588036e-01
1.868198927913553853e-01
-6.900513845392620971e-02
-6.299639394043998752e-02
-2.297742978281019366e-01
-5.611500104890855545e-02
8.262787182930279861e-02
1.400615395819445608e-01
-4.548159435797652916e-01
8.909483023334946114e-03
1.362385872600810170e-02
-8.986905126739817840e-02
2.965686118343273114e-01
-1.001525064995380798e-01
-2.164501415144583496e-01
7.583980253751511358e-02
4.782486969546421302e-02
-5.716542791467785767e-01
3.851605582277745771e-02
-1.080329404551337857e-01
4.066433257223250192e-02
-5.719046657344661888e-01
4.964752968413789491e-02
-7.224027413822735333e-02
1.731497008789714964e-01
-8.273034124463103656e-02
7.101467084805708485e-02
4.597904253521140072e-01
-2.157366883063162877e-01
-2.110534711800488572e-01
-1.434075081833890639e-02
-4.298546706448613253e-01
3.065120036669890524e-01
1.496339018426460221e-01
-3.728470196005848059e-03
1.847293159339823410e-01
2.727949628282264061e-01
2.641910163628106156e-01
2.021525429676730018e-02
-2.256252538306309507e-01
-7.778683484012904881e-02
9.692176646842884380e-02
-1.156434789370838628e-01
1.286425529216790875e-01
2.575923298350373813e-01
-2.901904521470891063e-01
8.360374510533349901e-02
1.051326443763497681e-01
-1.360117422044219981e-01
3.651144119759073409e-02
5.550938056842270873e-02
2.702701281673948464e-02
1.447477353664970712e-01
-9.358278098441851281e-03
-2.905520245656398326e-01
-2.155923316586812535e-02
-5.737585176150138411e-01
9.695978692176532299e-02
-3.964354317479692469e-01
3.476210388157270348e-01
2.303386844553955981e-01
6.954577097115528794e-02
1.397133416894006386e-01
-2.589853477419899463e-01
3.729663141970205875e-01
-5.190703470235643602e-01
-1.003890090112343342e-01
-2.784922970000874298e-01
-4.470061257366652607e-01
-3.284135126749029854e-01
-7.300137405211885866e-02
-4.002566456884747992e-01
1.323586418769039375e-01
1.576835944172569892e-01
2.706506181759620322e-01
2.137633497021695361e-01
-3.623281104903467997e-01
-1.571610772800271782e-01
2.793377747966971358e-01
8.241851126511071102e-02
1.054656244615085614e-01
-9.082034836296828950e-02
-5.266939777942213352e-01
-5.879009751564411024e-02
-1.639185716654454061e-01
-4.623137082091336586e-02
3.760899318143607895e-01
1.690044527364443772e-01
5.236645934320668244e-02
1.311775884110343848e-01
3.611981804563151321e-01
3.745739235650715204e-01
5.687019954064106292e-02
2.041009529744130038e-02
2.278694930404361330e-01
7.708368418887327767e-02
-1.613199926201658030e-01
2.947406712179157298e-02
-1.986268681915138168e-01
-1.444968344188755083e-01
9.750572585203379217e-02
-1.561782596031512371e-01
1.353897383676219979e-01
1.483590500566911718e-01
9.263314255035540179e-02
-1.736485275122526817e-01
2.009734750817502857e-01
-9.784410606165276636e-02
-1.004891706307702304e-01
-1.485323701581329758e-01
3.662808299143429647e-01
1.536494287905406653e-01
-2.431731566893728380e-01
2.253923708118548697e-01
-3.347100892013994966e-01
5.715214693887443048e-02
-4.736942650780785052e-02
1.173643075513502165e-01
-3.842334575992882584e-02
2.192757038814142911e-02
-1.744704276151476663e-01
-1.639423627312025511e-01
2.430490627513886004e-01
2.977335151812414149e-01
1.467931295498808297e-01
3.329470680411730776e-01
3.889050652849669887e-01
5.149429276672391059e-02
9.507464247242870814e-02
1.693735285369818711e-01
-1.173263037951329940e-01
9.564691125752319834e-02
3.304281596721373448e-01
1.448332519714315980e-01
-1.035378617642923743e-01
3.400343442079988010e-02
-9.233219564815929592e-02
-8.621005596594707998e-02
-2.618742500653660765e-01
-3.395423337916767537e-01
-3.168879733613783056e-02
2.385105431028529954e-01
-2.174420045440719207e-01
2.524255542674428976e-01
-2.195250922673623595e-01
-2.931323877073867545e-01
2.009297132362040383e-01
-1.958133592807693446e-01
2.458438815901008156e-01
-6.384262781523329655e-02
-1.306159525784966191e-01
-2.698532325653888245e-02
-1.574052091581722157e-02
3.143870489746369845e-01
-1.831051073970780818e-01
-1.239358390443121571e-01
-2.876005163062793635e-01
-1.042341088720398490e-02
-2.983152143118822375e-02
1.055664075149871303e-02
-9.815827203941034085e-02
-4.070885123506111092e-01
3.551737348951750778e-02
2.404669076555039087e-01
1.366915642239817895e-02
4.187829592659066125e-02
-2.819202035213345114e-01
6.953779607593086297e-03
-3.260617544095060771e-01
1.585710389143265286e-01
6.543560843146789541e-02
1.052476471253191159e-01
2.832589447481254630e-01
2.052371777554873600e-01
1.981471569361729079e-01
-1.645822069354631045e-01
2.249371209789426396e-01
1.530259115596309741e-02
4.548762886121265892e-02
1.770255938119514316e-01
2.217008801663859080e-02
1.184926316923888834e-01
-2.236499580303824286e-01
7.357594197575491324e-02
5.321558572789402142e-01
-5.758768866222094274e-02
2.826498180459205423e-01
2.403425008679640484e-01
1.268671620422263668e-01
-1.211939197690384412e-01
-2.387340958440519190e-01
-3.863884839845861396e-01
-4.800657096639548427e-01
2.463153836781581674e-01
-1.332276028732193585e-01
-5.723149278816922481e-01
-3.659000976978215580e-01
-4.588121802116313930e-01
-2.899363941403478306e-01
-1.132143225353985164e-02
-3.984450653572959022e-01
-4.538960266312258574e-02
3.384143783801431549e-01
-2.362117138783551284e-01
4.363793560638740132e-02
6.916659638422628653e-02
3.515755962427124515e-01
4.157573020024706023e-02
1.011994562041441947e-01
5.186501668376315433e-01
2.182315116131926941e-02
5.939855274502320315e-02
-7.456069810868874714e-02
-7.292472599714243386e-02
-3.923314664621262438e-01
4.262117400567831393e-01
-2.807693706149259061e-01
-4.869479616166809410e-02
1.181664250465379457e-01
1.932848705621603991e-01
-3.724494746399280992e-02
-1.788545897702275775e-02
8.844727526866349998e-02
1.815085960089373174e-01
1.204753606863469551e-01
1.533298580586068827e-01
-2.052197536669288780e-01
-7.307645455597946288e-03
-7.165964597423912785e-02
7.721123137683626181e-02
-7.490368967415891865e-02
3.192933615058757193e-03
1.045654529321583953e-01
5.047008339019639495e-02
-3.764227051716633604e-02
-1.378667372948824965e-01
-1.062765984656866419e-01
-6.146620392467629784e-02
8.397990472742365708e-02
-4.364650853489094318e-01
2.938400434279089257e-01
-1.845640873888960629e-02
2.493281840458481668e-01
-1.630554879422973502e-01
3.797634460907991505e-01
-3.086434566798997026e-02
-1.580380673770103231e-02
9.836309127555151188e-02
4.745806169571636923e-02
7.628907148169281061e-02
-1.136684415891223987e-01
-4.805414201869375596e-02
1.696876743728849835e-01
1.887678691571421929e-01
2.936488172468340596e-01
2.263891998006318379e-02
5.550276913535145962e-02
-1.715483822848966888e-01
-1.880723861535454622e-01
-1.313826888609229138e-01
-8.174530774314436865e-02
7.957281159154838690e-02
5.187764683335564092e-02
2.798822918477018584e-01
1.465966639601461452e-01
3.273918180717823589e-01
-1.376943824176455819e-02
4.227069832336950439e-01
1.597792881408273413e-01
-2.927846188110209136e-01
3.419283864989532407e-01
1.741120129479954981e-01
-1.309251711329508239e-01
-6.194531982005726384e-02
-1.085446811813009643e-01
-4.262241231801513486e-01
4.047628408127760397e-02
-1.619656581628466097e-01
3.986191774995253012e-01
-4.651233027250739616e-02
-4.725138734488787406e-02
-2.153176724116382390e-01
-1.609764910438007401e-01
8.352872610037073708e-02
-3.516286589900613491e-01
3.296367283134256088e-01
-2.916495121330588483e-02
6.709683239613178918e-02
-1.034257266148863597e-01
-2.876163415862649231e-01
1.577871913331993226e-01
3.528707796440057609e-01
2.332118502954367775e-02
2.251855801209768637e-01
-1.489953673262641165e-01
-1.239629353610107315e-01
-8.815284460750463791e-02
-3.681606518210951001e-02
-3.396154370381933019e-01
-1.659929053716997505e-01
-3.453647070252965131e-03
-4.025818508237343218e-01
-1.542499865691646654e-01
4.263161264627745584e-01
1.359507597076552998e-01
-6.973851237149041038e-02
5.025647825232387039e-02
6.906506567439593680e-02
-3.387764984766539200e-01
1.028120255917182313e-01
-9.847690155004269752e-02
-1.582027944424408139e-01
2.932605960226170594e-01
-1.864665685198719780e-01
8.501822004757983442e-02
-2.686250746879069173e-01
4.647015555595382930e-01
-2.243247091830305739e-01
-1.118252996445734948e-01
3.233244098116788146e-01
-2.096987052610340546e-02
-1.129792827459080891e-02
1.102024348290352694e-02
1.222648889994579387e-02
6.497992552612068262e-03
-4.866867573998031812e-03
1.443584613269977349e-02
1.566658265827622354e-02
1.625691549540007105e-03
-2.000920881557849505e-03
1.910701306539718848e-03
1.270415133265557356e-02
7.791763093469999263e-03
8.811147663425599255e-03
-1.211205752591333791e-02
-3.924441506967499098e-03
-7.433621742865732102e-03
-7.546398854246559075e-03
-6.953512244407420752e-03
1.475922865584063971e-02
5.820292902689244707e-01
9.149017857253742558e-02
-1.060424644780067205e-01
-2.138259750501646239e-01
-5.775243828057352591e-01
6.707368216039215347e-02
1.064848258524148279e-02
3.103005642444269796e-01
3.810214552678785616e-01
6.374934590316959360e-02
-2.371507046535865637e-01
-7.210075915530107793e-02
-6.623078431910341124e-02
-3.201275189820591560e-01
7.498012413270038756e-02
-1.683442755060308438e-01
1.303243321241883967e-01
-1.704349250039021157e-01
1.881221929645328916e-01
-9.832376483127772474e-03
5.537327483899622677e-02
-1.217914804220086994e-01
1.699364501929295779e-01
-2.219740168533748323e-02
-4.205010563794701062e-01
-2.793011707705953528e-01
-1.579817659225395132e-02
-4.195136482015200674e-02
-1.387383145732282441e-01
1.361529882590564733e-01
-1.326711999575997183e-02
3.092266936428669788e-01
-4.353561894986135439e-02
-2.446339861568579965e-01
2.101868357037527946e-01
1.558299886699260426e-03
1.136460271594175730e-01
3.889496375635224101e-01
-7.163461878164258112e-02
6.487113011715285593e-02
5.664970314375987748e-01
-2.495667833804324914e-02
-1.762575692784827952e-01
-2.036287360577187233e-01
-1.317346759889622410e-01
2.938988257131661119e-01
8.216553835749970669e-02
-2.921858084039065662e-01
1.313180108848792382e-01
7.008120567250386568e-02
9.252700456589565969e-02
2.083587758164137937e-01
6.518808939305531513e-02
-2.222878147126013115e-01
-1.817693395923467570e-01
2.095476740543469538e-02
1.590665726263775781e-01
1.833970901166861733e-01
-5.704117444680327498e-02
-7.664818716580444613e-02
-2.605923385175112905e-01
-1.385704524139191318e-01
1.223616243176767343e-01
2.073193830636413382e-01
1.037162830701237187e-01
4.050114182652985589e-02
2.293344723095901150e-01
6.724201348208820594e-02
3.992974119595812388e-01
-7.418630474650003692e-02
3.699223510621263977e-01
-2.132849271238314304e-02
-1.474992963643381449e-01
2.255065865272718739e-01
3.320894234005669632e-02
-2.217032314145901684e-01
1.971031785575294570e-01
-5.303537048010644600e-02
-1.419012104445433742e-01
4.718843691348931224e-01
4.604385402643494662e-02
-2.027333637311171371e-03
-2.976047654327674818e-01
-1.919949205120472513e-01
1.988122346611840285e-01
1.617215032685238307e-01
-1.705542330960267416e-01
2.332197894354839651e-01
-3.562361645880021688e-02
-3.870430619970786079e-01
2.034164335196622826e-03
-1.055122657389343521e-01
1.969102626995938576e-01
2.806538443385712678e-01
-2.029142022793289646e-01
1.347513295187941218e-01
6.340544728031131949e-03
4.792073229555167679e-01
-3.679591703482235771e-02
1.652449146777657529e-01
2.882069998615396922e-01
3.786314254528391765e-01
-9.262292658262139336e-03
3.881262104946589520e-02
-4.564609748651087262e-01
4.285589491606647261e-01
-2.002143469184606284e-01
3.614470808280403902e-01
9.786725955941719471e-03
-1.610979214988634001e-01
3.345164631938742084e-02
1.378897879287810380e-01
1.810488054988715068e-01
1.633125224400836240e-01
-1.891867672210973128e-01
-2.537086707111415040e-01
-2.629010515398339520e-01
-3.844267345192767249e-01
7.431420806319537220e-02
2.645640846422657733e-01
-1.599503172217663083e-01
2.667645989625427871e-01
1.173423125777472570e-01
3.012616545118532718e-01
-5.403703997997266056e-02
-6.325095013223726303e-02
-9.303752425172966134e-02
2.412459014136121849e-01
-3.254496886350982665e-02
-4.879907733389311497e-01
4.774888883591256739e-01
-3.322754108086869995e-02
1.517439765050485889e-01
2.208734068654163996e-02
-7.870650732919380610e-02
2.482325671423653984e-02
-1.719423160844602005e-01
1.170572016369493679e-01
-9.891470680064734511e-02
1.722761438417623192e-01
1.970975234096550843e-01
9.718727580297453761e-02
-1.937035193902715002e-01
7.709523254643882439e-02
3.102746415248069933e-01
2.091900910328701735e-01
-5.433344053397881623e-01
1.314974710436088157e-01
2.193905950450133202e-01
-2.886614781074685054e-01
2.055704760548353327e-02
1.117438890103995136e-02
1.416065234418283914e-01
-3.251465702890010134e-01
-1.480241519169908093e-01
1.593582388100770741e-01
-1.656633945283433329e-01
-3.116047777611856071e-02
-3.622579110899311616e-01
-1.148231867599183581e-01
1.565329695248314154e-02
1.177463543349951541e-01
-3.499501372406070843e-01
1.786461028158982667e-01
2.101786206883839991e-01
-1.939436070868661988e-01
-1.641091379344097601e-01
-2.661573479216954863e-01
-1.249243765072858975e-01
-2.048505167101459801e-01
-1.710739954456701462e-01
7.501169218569757324e-02
2.348352823057654748e-01
-1.925943037994891360e-01
-2.318683432611529649e-01
6.660508797767906997e-02
4.701454685045411983e-04
3.832212485210215874e-02
2.189374087427438942e-01
5.711782165327794480e-02
-9.395284331857452209e-02
-9.082514778412978385e-02
7.259275982141206833e-03
8.117357749017051205e-02
2.342413554121715591e-01
-5.377803960246217013e-02
1.148456439705629190e-01
-1.624971835766864103e-01
3.827635583555288878e-02
-1.950000814404126981e-01
-1.775667030599913099e-02
-1.732028910885638762e-01
5.054368305440108677e-02
6.545926909532035279e-03
1.011015517076434417e-01
1.557597762515369744e-01
3.125070534139502421e-01
1.733325650350662217e-01
3.516030694406944712e-01
-6.414151066753219499e-02
2.347389130795020096e-01
-3.331160169271762950e-02
-7.908767372034471166e-02
4.464543870216750726e-02
4.221158979114141840e-01
2.834842794285322709e-01
-1.710835147871808959e-01
5.807082806166075084e-01
-2.606202691018933426e-01
-2.769800423050149812e-02
-7.974155046636047239e-02
-4.565798203099929314e-02
-1.974552416304291569e-01
-8.706655970851082116e-02
-6.814335652173897362e-02
1.632137228258171979e-01
1.399778756855866446e-01
5.477991817450136164e-02
-1.759928032824257041e-02
2.789507050728540910e-02
-1.962644919334408013e-03
1.943363895340180225e-01
-6.254418121125963903e-02
-1.245151185852837877e-01
7.131613384936985600e-02
1.570337414520531216e-01
-1.576405952946060840e-01
2.585387969875874714e-01
-1.630289407995663964e-01
-7.699508408139971172e-02
4.951963610636170854e-01
-2.621219302464080636e-01
7.291015044282420088e-02
-3.648926863564420642e-01
6.222162906683949973e-03
1.257413494571788526e-01
-1.878107312719595190e-01
-5.069383520929543474e-02
-6.430824231833233151e-01
9.632974945918036658e-02
2.408100509582269677e-01
8.274508507279484948e-02
-2.350930733607637102e-01
2.189931900761638295e-01
1.008490790266985682e-01
-2.169426831543538534e-02
-2.544796374795063598e-01
-4.741091985358844574e-02
1.610056448100809501e-01
-7.963404575932335472e-02
4.319928302416496391e-01
1.376742398906110054e-01
3.184994441538795407e-01
1.624485170109702531e-02
-1.304246188015550749e-02
-1.126474271550121087e-01
-1.337566640619191893e-01
7.459794926259603887e-02
6.376255045790356346e-02
-4.185271670998759463e-02
1.893089798640529009e-01
7.816517424382796175e-02
2.481387510331588275e-01
3.380573115482759516e-01
4.364423120422691177e-02
2.018616985682138432e-01
-2.320960789151668424e-01
-1.333342614665896375e-01
4.484740984506566108e-01
-4.277276057186206459e-02
1.807982657325738485e-01
8.006182684620941070e-02
-3.246823671561160363e-01
-1.026809270775822930e-01
-3.087197226999635058e-01
1.502083914593474734e-01
-2.129109501076152482e-03
2.912427670671616578e-02
5.275100768914880306e-02
1.760851564869320707e-01
-2.874877929097099383e-01
1.909914326175940827e-02
2.170630799898294883e-01
1.710874375104065315e-01
-6.429642180666879370e-02
1.069855425032846946e-01
4.476686250793520672e-01
-1.173063875378670823e-01
-8.286595561109243169e-02
2.259409315088242720e-01
4.172222609308764291e-02
2.121477471736509801e-01
-3.616498356228227684e-01
1.487209941892369824e-01
4.679868752293232792e-02
1.000957764582828674e-01
1.931541102779747443e-01
-1.983904525890675119e-01
2.318330874604664360e-01
2.931534114303522842e-01
-3.938678643750085917e-01
3.189858152791444912e-01
-1.111198911123442434e-01
5.709208651389247047e-02
-7.932094921903205809e-02
1.240381317090414048e-01
-1.556142444838725103e-01
1.189376538579218177e-02
-6.111771683055703397e-01
4.224536281355734668e-01
4.323198655876995811e-01
3.658181212279881800e-01
-3.215300370077008862e-01
2.321128640614066596e-01
2.405163786673086140e-02
8.739018415627752834e-02
-3.496594331463206973e-01
2.763955194694248108e-01
2.787243258713303223e-02
2.006189521195244352e-01
-1.044098889749285330e-01
1.258756809459532500e-01
2.769131602459984354e-01
-1.959819141015591015e-01
-3.368126465595854824e-01
-2.050173831736024355e-01
2.063242177323434123e-01
-3.053574591749995681e-01
1.633143489998376274e-01
-2.439518417267479700e-01
2.347298175386711705e-01
-2.107244307488015111e-01
6.723038179007023718e-02
2.419876069894691117e-01
1.354843477798567675e-01
6.861640501295117323e-02
1.372502068048093160e-01
-1.017441764903356458e-02
2.815976736521550589e-02
7.086843364042967608e-02
2.399330234512496163e-01
1.205075645607461693e-01
1.721280317104384727e-01
1.892568221840397469e-01
1.750083614540272337e-02
2.194537240738819173e-01
-4.003291125615907609e-01
4.455868796841918611e-01
-2.176521004145172966e-01
-3.077982387752167814e-01
3.120782816809661853e-01
-2.513603001324821729e-01
3.504545854227885671e-01
2.991290431946908024e-01
2.312293600832063534e-01
1.667124049876362035e-01
3.990944148509895650e-01
-2.747506530354114004e-02
3.411481751441113874e-01
-6.080222995873532654e-02
-6.221779900172678957e-02
-2.106061568686657115e-01
-2.549803225573984422e-01
2.053329190825967446e-02
-1.157203562848472117e-01
-1.592141257142072330e-01
-5.050338027856289547e-02
4.640444902416378525e-01
1.657703384539730151e-01
-1.032688344812377895e-01
5.856742458146436681e-01
1.800172656526174975e-01
1.223127142302610389e-02
3.099466000729202420e-01
-7.486017914547257734e-02
1.068075267645080956e-01
-1.453384473087616091e-01
-4.753334710146779885e-01
-1.450028786869884262e-02
-2.306480282181169461e-01
-5.321020807801339625e-02
7.495072526003619673e-02
5.236174427891177041e-01
4.070274419234677366e-01
3.267810918904301420e-02
2.657110884098458081e-01
-1.243733479448138057e-01
-1.805879613251991089e-01
1.357615991499905306e-01
1.054902657983489145e-01
-2.376936058332149992e-01
1.763572273587688533e-01
1.314067499931846975e-02
2.433088056177016012e-01
-8.798455037064249751e-02
1.497293511979872205e-01
2.070261445475334028e-01
2.219693738405635053e-01
-1.117276313509825841e-01
6.113291789515891417e-02
-1.030997887245240982e-02
1.166746064274013471e-02
9.196754831393670615e-03
5.000476655382457732e-03
1.730061776428307510e-02
-1.474624416352873085e-03
-8.574430305149330356e-03
-2.776368733194626952e-03
4.054721002180488275e-03
-6.592527480430029029e-03
4.116823491970988610e-03
1.204328196600072502e-02
6.573587900340375698e-03
-6.731253217579381137e-03
-9.382738734172479597e-03
-5.610056821676076555e-03
2.307427186510615895e-03
2.103149367195138782e-03
-1.498978969189681404e-02
-9.204955925884192140e-04
-5.451151461887363547e-01
-2.695979829609587153e-01
1.795897457702398392e-01
3.682025939109097312e-02
-2.442983453584964271e-01
7.502170206401878594e-02
1.398789575599701518e-01
-2.450942370298558881e-01
1.663226951384121355e-01
-2.535589484922600723e-01
-1.523681503216977595e-01
-5.210406209931693622e-02
8.417668876446683657e-02
-1.060189361328062324e-01
-2.043835912279650113e-01
1.409180016462424911e-01
8.594440494142656373e-02
-3.156636213529343676e-02
3.076706758600708178e-02
-2.730205092054778238e-01
-5.379660234862398971e-01
-2.641700058356585834e-01
2.420297163922415784e-01
-5.180086726149575327e-01
2.174012758358503938e-01
-8.218824997002185939e-02
-2.520665682450411449e-01
-6.829917907640348229e-02
-1.341135027136719227e-01
1.565148178447089977e-01
6.094075252382375602e-02
1.239660578794994500e-01
9.828465092691802962e-02
-4.181359913577299414e-01
6.391478585409676727e-02
-1.335746266465308585e-01
-2.825829223685482061e-01
-2.812977803712819469e-01
2.015399390686460623e-01
9.068896788785560381e-02
-2.504268968178684496e-01
-1.908366777711352491e-01
4.560771604010606384e-02
-6.769743352315397977e-02
-1.639152424334355818e-01
-4.176844619296500860e-01
-1.702437938283209162e-01
3.770052518141996795e-02
9.283854061029270244e-02
1.359233994542228541e-01
-1.106547546122944592e-01
-3.193772957254573108e-01
1.627059493614902153e-01
-6.280689273626302582e-02
1.369820429040168573e-04
-7.282649465925622456e-02
-4.060194885967335909e-02
-2.850737137924670983e-01
-2.628039627524155764e-01
4.261893877875513187e-02
-3.741427290819847595e-01
-2.894617517150427366e-01
3.046418145128904631e-01
-5.790606235334204710e-01
8.743439890020797411e-02
-1.262440920731672522e-01
-2.361095113797334888e-01
3.804228076833719996e-01
-7.123104083267725595e-02
4.890722630394796905e-02
-5.769774227904476277e-02
2.200290525208371817e-01
-3.486482593242293260e-01
-1.678363889929453123e-01
4.219121921234486421e-03
-2.809012474851980135e-01
1.442780193311057058e-01
-4.226738833504814497e-01
1.279240588386021671e-01
2.929413750617701484e-01
4.592498531791921468e-01
2.267633529829964356e-01
-4.557372900701304186e-01
-1.523477726637609553e-01
-5.457774965342171436e-02
8.435338547059084355e-03
2.155274031058713180e-01
-9.076426577543029312e-03
2.176244733529908715e-01
1.588481129858550500e-01
-3.504893157246897761e-01
1.211704760565749939e-01
1.989305319324069787e-01
9.094817313336284181e-02
2.533706896091348915e-01
-4.182295498727535699e-01
5.110991157331530241e-03
-2.148348628913058778e-01
3.237584139577773246e-01
6.223081071012470655e-01
-3.942372879588362106e-02
-1.081337588354603363e-01
1.845270513346509711e-01
7.360128836578631525e-03
2.666712880084781134e-01
-4.312376849728108974e-01
-1.606402543941299055e-01
-1.200995186068280207e-01
-4.779236769631478587e-01
3.583340850470378286e-02
-1.249331825056486656e-01
-5.400895353840499125e-01
4.229993984334020629e-01
-1.034142038257980650e-01
-4.318572984318611030e-01
8.147716080557536322e-02
-2.287979557270168052e-01
-3.253871733564410451e-02
2.061894057567880689e-01
-8.945220823650154585e-02
2.073748207252855066e-02
3.919178009433057497e-01
-4.432633085606739742e-01
2.582758853752287198e-01
-1.720998499052469460e-02
1.247116466070917890e-01
-1.112152976533629101e-01
-7.527230459003789176e-02
-3.131680273857577745e-01
2.289839609845254476e-01
-1.449136137582279493e-01
1.557894179312054872e-01
-3.248011861617164375e-01
2.623464332579777958e-01
-4.852475027651613204e-01
2.725260527388949638e-01
-2.129274999226300671e-03
-2.504918428856642842e-01
8.534714668994965170e-02
-3.683079632635420930e-01
-1.866210110505309855e-02
-8.679123295660798321e-02
1.001896586961084495e-01
1.526670529810860918e-02
9.383382583903281116e-02
-2.827573600875630810e-01
1.599224458958953821e-01
2.540113421631440827e-01
3.140436244263404286e-01
4.364298991874913103e-01
-2.904324408954136322e-02
3.711409078605727996e-01
-5.175364538353442040e-02
-2.073261235810993156e-02
1.878245296026685440e-01
-2.843320044485204284e-02
-1.191715405797553196e-01
3.580116331201526648e-03
-1.152472131526042637e-01
-2.288551887012665875e-01
8.266830699494580326e-02
-1.185924012034480501e-01
-2.488012060040525886e-01
1.259000786225233648e-01
-2.819409532175053967e-01
1.521658563252853702e-01
-1.599684908543583250e-01
7.638591161613005054e-02
-3.420552530595388219e-01
3.352092619805795981e-01
1.907514969819460449e-01
-1.575384526606765298e-02
-1.591109206400330434e-01
1.854747513740774914e-02
6.081410556818282742e-02
-1.005227021332556203e-01
-4.851859754393077206e-02
7.058351072329673015e-02
1.083062080570639796e-01
1.860426298730762373e-01
-2.870160888538759655e-02
6.188574623069735547e-02
-1.288947456321560825e-01
5.074084735580758343e-02
-1.937230470636894519e-01
1.323179212934624642e-02
1.039363031885381511e-01
1.656067717727430777e-01
-7.088952031190420833e-02
-2.089805524701069117e-01
-1.525083500911973144e-01
-2.819401083899335525e-01
-3.256303362006618407e-02
1.509836081905585325e-01
2.493445731288003453e-01
3.361985331093683693e-01
2.102877445067337925e-01
4.863167769970507676e-02
-2.045029255473166940e-01
1.879782446095387971e-01
-1.300633878609184224e-01
-1.477917813771520983e-01
-4.059455544182839493e-01
2.286379018037935362e-01
4.738098849640015042e-01
1.660976207757576817e-01
3.257381188313551168e-01
-3.671761205804338069e-01
-1.630716189264761473e-01
-1.745558993658510305e-01
-3.973906933458229984e-01
-6.377952580733250998e-02
-1.541278089387527750e-01
7.717806563744432878e-03
2.660692283347476650e-02
2.309254817304497165e-01
-2.144605309578859198e-01
4.113392352239036986e-01
2.627947556103752552e-02
1.680094688943176151e-01
-1.357682277768003931e-01
-1.991074671551496533e-01
9.463537751942197040e-02
-3.469205290966935751e-01
1.040858720630519207e-01
-9.330896919360630315e-02
1.103539960400065773e-01
3.251838675517906840e-01
8.752485158683290245e-02
2.097342491019224542e-01
-3.136223421444472303e-01
-2.513595093561302174e-02
-4.024883140813151350e-01
-2.951872096968650716e-01
3.376231426365423061e-01
-1.868283800469194011e-01
-2.414864578724617850e-01
-2.352733789117566754e-01
-1.947203494350346620e-01
-9.599321900879666247e-02
9.495979196107452724e-02
-2.268053697015657288e-01
1.354838943425004704e-03
-2.226154537094718611e-01
1.782339902189249981e-01
3.349038168114267799e-01
2.548882432550075849e-01
-1.370306864330924357e-01
1.055602524330404857e-01
6.431813409612653631e-02
-9.208787581719336812e-02
-2.900254980473291472e-02
3.306412642295406545e-01
-9.544072373353014449e-02
9.807245809438439044e-02
-4.423145386304260240e-01
-5.454669554364509343e-02
-1.278945208002054690e-01
-6.883825982813258915e-02
-1.019442210426511064e-01
1.671711126211571641e-01
6.639973242434779599e-02
2.584045406063734673e-01
-1.700629846006653789e-01
-1.763920394131410496e-01
-9.114810843133031026e-02
-2.938908637494917486e-01
-6.196119394111997830e-02
-2.262919551454009234e-02
1.766633887547524595e-01
1.795567199412930193e-01
1.426925848987097845e-01
-3.949158929581264577e-01
-3.188496691829955515e-02
-1.125371644805428367e-01
8.914823331945523344e-02
2.367697378071576542e-01
-2.000202287393066658e-01
-1.207002832671107417e-01
2.802253427682362408e-01
-6.636207298327315707e-01
2.139761298879243323e-01
3.921721248937981574e-01
1.406607146089320359e-01
6.577475814312526425e-02
-1.185620406945851885e-01
2.219655433163418290e-01
-3.950327894001955803e-02
-1.496809581060356935e-02
2.460917668719765083e-01
-5.062098824506758854e-01
5.167735992827970914e-02
-1.254736008577196638e-01
-3.927434977981859587e-01
-2.868640339687880125e-01
-3.124780380653915390e-01
-1.015395636724279876e-01
-1.344233313397739937e-01
1.404199606378916110e-01
-3.101939238610713079e-01
-2.370737253061258321e-01
-2.363930350910759329e-02
2.320210140028088341e-01
1.538634512199891363e-02
5.530020507278634451e-02
1.571393874426001980e-01
2.016146672225436198e-01
3.629679256060584502e-01
-3.633520119862476139e-01
3.576500291625903105e-02
-3.681480278437052056e-01
3.476899073354263181e-01
3.857846359793015711e-01
-9.563985653090364969e-02
4.294299412927817805e-01
1.948671204764355347e-01
1.724356892254232110e-01
1.444694834331160249e-01
-1.556635970562550431e-01
-1.067683665467538540e-01
-9.964150855333414603e-02
-3.516957178639070203e-01
1.032654686638370262e-01
1.336007818684162296e-01
-6.447050060853784514e-02
-2.436509112320313086e-01
6.737213149136346557e-02
9.691536136185177619e-02
-2.723418350888897610e-01
6.847787735804239384e-02
-1.407221967468384183e-01
-3.046967667340019226e-01
-1.177788822128526397e-01
-2.251724378827859030e-01
-2.386080703464320274e-01
2.057409792851761787e-01
-2.409283933548729204e-02
3.672203003475532634e-01
2.666904690897050068e-01
-3.643312201785890714e-02
-2.252188142687285843e-01
1.866534984989786372e-01
1.481460182400931025e-01
-2.507807997860255766e-01
-1.247872563269532692e-01
-7.998608852738259278e-02
-3.144857159744506303e-01
3.489357064135481523e-01
-6.067763140215322315e-02
1.933346336285803957e-03
3.562949116264776950e-01
-1.253831343877180038e-01
-8.469037879998050911e-02
-3.556679281426598505e-01
-2.014922817192104365e-01
2.240794832802958381e-01
1.189714099993141455e-01
2.193607814301319070e-01
-2.974500518768039559e-01
-1.552617495157770089e-01
1.534338306189401147e-01
-1.786048440439697363e-02
1.153952057382794799e-01
1.410076720971601139e-01
-7.362556280081926363e-02
-7.108627352609689365e-02
-2.924023416643408702e-01
-1.108203509319903440e-01
5.288983971467790118e-02
-3.948485740203447891e-01
1.907208592439314232e-01
2.273993262264016324e-01
3.146566181795369399e-01
-1.337693260434699438e-01
3.714130232286647626e-01
-4.346859289959945638e-01
3.193909352074563168e-01
9.480617574636668321e-02
-1.889386029251906018e-01
-1.374227998462772271e-01
2.389940719340183095e-01
-4.827453312508310501e-02
5.116541471779015304e-02
-2.494469322048590773e-02
3.739655740596221634e-01
-2.394620211286467848e-01
3.005064688402966366e-01
-3.590129304767208929e-02
1.928445395886469738e-01
-4.038715293794765959e-02
-8.270987463456075384e-02
3.101167154355993771e-01
-1.827104680874098303e-02
-2.427946465184346037e-01
1.894620055408031412e-01
7.743243683510198094e-02
2.376056292061359543e-01
1.142754688238318689e-01
6.467370313464245943e-03
-1.786255388886176798e-01
-2.241130116254637025e-03
5.178213429138249545e-04
1.495387426084121910e-03
-2.480416237286960091e-03
7.852671717880762084e-03
-2.357036580490011815e-03
1.446450528457506567e-02
3.668165492031266132e-03
-3.260044571853128789e-03
1.102061554754038206e-02
6.663042377027574188e-03
-1.319789857597569033e-02
6.669387823313707503e-04
-6.419953827365184988e-03
4.416489172823744036e-03
-1.404946680778531003e-03
-1.562540608131158734e-02
-8.838849054133518165e-03
3.061717750463304171e-03
5.008391810471857220e-03
-2.208736991370996161e-01
-1.771881572162741503e-01
-4.430217117742742405e-01
-3.048421068927321675e-01
-2.299874336471575964e-01
1.653848147705687666e-01
-1.440540290520414546e-02
1.864818743936156042e-01
-1.727074504952956224e-01
-2.649009644059786006e-01
-3.955610565313728011e-01
7.827330184367295440e-02
6.780402069892084438e-02
-8.044522619836926708e-03
-2.010307631890188851e-01
5.557342014653651741e-02
-1.832492702218448399e-01
-2.981657847821108653e-01
1.420380270049061977e-01
3.918241050936399628e-01
7.421554462400531404e-02
1.099875245625003689e-01
-4.853347474139801249e-02
1.854782411561626265e-01
2.286457340058203058e-01
-2.860966818625925723e-01
-1.481770136288227957e-01
-2.928218936961168601e-03
3.076516944065331716e-01
-8.801342599820158319e-02
1.566302940802312416e-01
-1.306911213337889621e-01
-9.927385709620539789e-02
7.259404509540925976e-02
2.378304756198307279e-01
-6.308777117249653177e-02
3.327303066708484081e-02
2.079028919972477837e-02
-2.649550725666687256e-01
3.592706209427075636e-01
1.434181980620675700e-01
-2.924686952957751829e-01
-1.833793885286653103e-01
-2.339473406015950621e-02
1.963146811920103152e-01
-3.148821251679247146e-02
1.555549366795204967e-02
6.732579168184131546e-02
7.006121595877916330e-02
2.558429777719110620e-01
-6.976091104253312469e-02
-6.562740205632243418e-02
1.299052993517569865e-01
-1.141849483363568118e-01
4.858687452035569121e-02
1.594312870607684229e-01
4.804114076651248011e-01
-6.311853145696399991e-02
-1.087902946046081648e-01
3.174633870217836717e-01
1.809782056286901586e-01
1.558341369480701066e-01
-1.472072625043337191e-01
-2.143330000788704337e-01
-8.568250348284749129e-02
-2.660802185116876717e-01
-2.201709919269382310e-01
-2.367598606489116908e-01
7.534341159002892752e-02
-3.027344216539624294e-02
-4.943439083615629170e-03
2.149561017723936318e-01
1.262232464226221151e-01
2.435670151091044733e-01
-2.022908295495991216e-01
-1.087839209366095322e-01
-2.246900674643292073e-01
9.371577227369731755e-02
2.299283630145053936e-01
-5.211264848023354837e-03
-8.505786061747390436e-02
1.471708202715544256e-01
-3.032253538416264660e-01
-9.633873243848721513e-02
-3.316684994493992455e-01
-3.167449091752579382e-01
-2.273291204638248630e-01
7.878583431104990709e-02
-1.444026313425215424e-01
-2.354904428905725267e-01
-4.061974180167041842e-02
1.186193467819582625e-01
-1.295245312256597114e-01
1.133107712609824208e-01
4.134152097853107111e-01
-2.225774328860890550e-01
2.978915718777558341e-02
-1.147806171262520936e-01
-3.953093838167905712e-04
-3.731919339496570509e-01
-7.232204367264162548e-02
2.067816352159834448e-01
1.658141598309440207e-04
1.249383624724923203e-01
7.436778265319886339e-02
3.709020528901185720e-01
-3.756150941235603113e-01
-1.567602730134873001e-01
1.525061813354035845e-01
-1.842604804204389102e-01
-2.462663898450187169e-02
3.695648852225641434e-01
4.689314092717664084e-02
-1.246904432690419118e-01
1.327212907944202713e-01
-1.018126819433917869e-02
3.349663676716130301e-02
3.100874601545298634e-02
-9.453960278978104648e-02
-1.366452304263069961e-01
4.396555483527768080e-03
1.586454178299431528e-01
6.499683684869549116e-02
-2.458298777634377041e-01
2.859795404677783690e-02
-2.583487264569778175e-01
5.211484731454202324e-01
2.969360038139885472e-01
-1.481546318636103865e-01
3.441571039522665632e-01
-3.924694726033600700e-02
-8.011371795701914544e-02
-2.153423647643402383e-01
-2.561787951992712253e-01
1.602140033019754661e-01
-1.125618359377470040e-01
2.251093354373413513e-01
2.790208798068367080e-01
-1.071705792172069661e-02
2.735940285768925784e-01
-1.410026343344434885e-01
-7.100837629962579445e-02
1.766383541619869213e-01
-2.958945336708143081e-01
-3.243382713431322562e-02
-9.823497671784696406e-02
-1.122542056194603122e-01
1.696946874872399258e-01
2.160219563324490902e-02
-1.490083278618588580e-01
3.521477422118823863e-01
3.679888109160386195e-02
1.320971182819578038e-01
2.429776433191044027e-01
7.433619350273867887e-02
9.603355617092589058e-02
-2.347208512157237734e-02
-4.614612851017877992e-01
6.244409224776160949e-02
3.915369621735353967e-01
1.585379196744715335e-01
5.016950125362113627e-02
-8.706565947666149163e-02
3.084999404001975698e-01
3.215271774428844487e-01
-3.443635394482078005e-02
8.930783187425729575e-02
3.354315525731551562e-01
1.870152481207116302e-01
-2.737001643880863089e-01
3.255268956527676005e-01
-2.331560111828336890e-01
-3.210432234205982116e-01
-3.053193219759061661e-01
-1.916025991689561669e-01
-8.480311099052963153e-02
-1.561932380406657883e-01
-2.091781499531991939e-01
4.620880805275636577e-02
1.900115558515279857e-01
9.319719243902541139e-02
6.176965234778157843e-01
1.946254816210203631e-01
-2.989960179272265761e-01
-2.547298837237348956e-01
7.033787416955482319e-02
-1.597105602748636055e-01
1.670770243913611564e-01
-4.985491071749890632e-03
-2.841095349564454753e-01
2.147772660126707756e-01
-2.717366978772728370e-01
-1.741116540838628379e-01
3.269650840543568693e-01
1.210831470250040565e-01
3.939200726799180208e-01
-4.097260773445305509e-02
1.445867760184124662e-01
-5.446672815003718998e-02
-2.206380567341447232e-02
-1.735341172940496890e-01
2.006753044429408772e-02
-2.610314704079402803e-01
3.951329633959284049e-01
-8.903752997422174909e-02
2.038809340329030551e-01
-1.212778381832632091e-01
1.114521368685648661e-01
5.300441579950871535e-02
-9.604260228213166994e-02
-1.642033496219209854e-01
2.400245563504811441e-01
1.087623518146009494e-01
-5.130538283394159987e-02
-3.961462193569312285e-02
-1.345551341215299179e-01
6.027266892698674994e-01
4.556910325324081690e-01
-1.735202567301565024e-01
1.544562164824876682e-01
4.015847757236576943e-01
2.765989934855488802e-02
-3.301966784724237325e-01
-7.209918761412502375e-02
2.137209219032898400e-01
-4.134585054782165953e-02
2.155088423001012832e-02
-3.822989513101944792e-01
-7.420563359288449498e-03
-1.278008179244559672e-01
1.566897587371328740e-02
3.998874365046160839e-02
1.064310296110152210e-01
-3.107294903345271253e-01
-1.102880182954704413e-01
-2.789638606875388116e-01
-3.153180587816329372e-01
-3.045651144858464443e-01
2.211921221701870777e-01
8.124536039519376918e-02
-1.901740775226512525e-01
-6.169085523162437350e-03
-2.470492556949988039e-01
-1.631995008142654302e-01
2.942601084710854686e-01
3.711224980268466589e-01
-3.869078241350252800e-01
2.984804040159818039e-01
2.283930009077077550e-01
1.448207094390085159e-01
1.538492646956218513e-01
4.144031975820530733e-02
-2.608666500268393973e-01
3.082316572757983972e-02
-4.607113360533421909e-01
1.143643223756877214e-01
1.153226908728403610e-01
-1.585524306126034622e-01
9.924909057532396717e-02
-1.478333397011198369e-01
-1.922900431940624934e-03
-1.150707884113201518e-02
-2.619156052462143225e-01
3.190651564304533561e-01
5.072989699777661343e-01
-2.469439470143584489e-02
3.006322028422621015e-02
5.106637177101845948e-01
1.158095722844823816e-01
-7.830370820404138066e-02
2.093109044302290389e-01
4.478894407253921073e-01
-1.927140716133679821e-01
2.586286643622088821e-01
-2.598888953163709936e-01
-1.957364347085524536e-01
-1.617404877406818375e-01
1.143517875287341085e-01
-3.537002584475771316e-01
-5.378490421939257499e-02
-3.542977128610476090e-01
1.011269699067453565e-01
-2.245139355183928542e-01
-2.150856535694633531e-01
-2.035767836714255999e-02
-8.885904211067012504e-02
-1.882178644685515712e-01
1.140842279677094229e-01
1.913268681434668883e-01
-1.718664842836449824e-01
-2.205795609809906299e-01
-6.637840053220804559e-02
2.504982765246752674e-01
5.567470646127695155e-02
-1.271784046255908240e-01
1.910255998573258673e-01
2.222402473280226665e-01
-1.585275090363604533e-01
-4.972581081673366904e-02
-6.895314962869940334e-02
2.282469799640815186e-02
7.052995573244710825e-02
9.245602681813906709e-02
2.706476784502925281e-01
1.880931731395548423e-01
-5.563262847337135594e-03
5.820881205298032990e-01
-3.949264569453053014e-02
-3.384449469563817481e-02
2.026388697999203792e-01
3.258719123040572652e-01
9.694789837355032025e-02
-1.111999674600645110e-01
2.123805671059796341e-01
9.856102052708082262e-02
6.700953078451291067e-02
-8.502064359058549015e-02
-1.123066741149253839e-01
1.562694423104457331e-01
1.081823567801583896e-01
-3.055601824012401657e-01
-5.518824575525840825e-02
4.628972752502154564e-01
7.293806082969123139e-02
2.926262984752924790e-01
2.636235533585625790e-01
-5.915478402203631220e-02
-1.673677839143791757e-01
-1.773196570341635525e-01
-7.706532771896323908e-02
-2.235944702272428253e-01
1.541616661315741987e-01
1.960675492639545880e-01
-4.164893745027592464e-01
-6.011926206348747193e-02
3.228481061926579687e-01
6.785752160033870634e-03
4.031899817626249244e-02
-3.659145797106103798e-02
-4.752148383831291539e-02
-2.063717927327844148e-01
-4.595736396210606950e-02
-7.706043451763006091e-02
1.209430363471254016e-01
3.676945868921235178e-02
-1.128453826987716596e-01
3.875925248033156023e-02
-1.960073207748962432e-01
2.613587408887977359e-01
-3.183434740685052722e-01
2.669760360129068144e-01
-2.856383851997990608e-01
4.616740637587186113e-01
-9.116260808101556146e-02
2.497408349434950270e-01
-3.091652145531361140e-01
-3.024028278598786534e-01
5.762707745353207872e-02
3.398650345951438334e-01
2.335563889518536829e-01
-4.746212219153490008e-01
9.482005991306204085e-02
2.222546653442232234e-01
-2.212026711155554715e-01
-5.738154320892149135e-02
2.067134266204425086e-01
2.757175090536643225e-01
2.276105218608497349e-01
6.127307358085853223e-02
-3.824228764194038677e-01
-3.052422493167198936e-01
-4.979099409019775713e-02
5.481235035490211738e-01
1.382098939677492977e-01
-1.009379513828913971e-02
-2.300852112689565354e-01
-1.645941285580272695e-01
-1.291652903879637049e-01
5.059116960005059782e-02
5.670091956399871125e-02
-1.916899365870357308e-01
-1.515068064190229213e-01
-2.595180450316986881e-02
-3.440735616555288257e-01
-1.610584466009407356e-01
4.230208468142539896e-02
2.331948747614137618e-01
-2.026512298668194378e-01
8.613945227147343231e-02
4.382990379060974218e-01
-2.827498637394613712e-01
-2.510383778843449168e-02
-1.267808368962406174e-01
1.427939414806031759e-01
-9.847411850966303337e-02
2.877301488842777255e-01
1.865682566568647727e-01
1.096529949628134298e-01
2.054415310565362585e-01
2.932661140654298504e-01
-2.893597382013721360e-03
1.099505892055634322e-02
-1.103838434647702810e-03
-6.088432791953944656e-03
-6.475685214668563429e-03
-4.405729477068097530e-04
2.456717554399713392e-03
5.414269478082462707e-03
4.111529213141293729e-03
2.838260876278368879e-03
3.775034511104039328e-03
-4.715038689014535052e-03
-4.876533853917290780e-03
7.611110765885130414e-03
1.524523550974194504e-03
-6.876949764996053739e-03
2.476584361360679304e-02
1.067248558481330217e-04
1.463176165798700783e-03
-3.406775401253973531e-03
2.173472686940767784e-01
2.176364593080599430e-01
3.853221747993673119e-01
7.081517269699595662e-02
-4.191294564111504306e-02
-3.071755769194277064e-01
-1.783797972271164434e-01
-2.815486387786257649e-02
-3.699605953415488480e-01
-2.358566612053992206e-01
-2.672810878154935343e-01
-2.413795765714100428e-01
-1.551944690359227108e-01
-5.226766032661163131e-01
-1.303836480091158379e-01
-9.603988233638004191e-02
8.330381000122799584e-02
9.523644426439629995e-02
2.083871768495466070e-01
-2.669105276551342332e-01
-7.279558508096437008e-02
-2.648807290742464238e-01
1.785550104731618024e-03
-7.860742858177889592e-02
3.256488749029678442e-01
-1.585513004996708455e-02
2.826222931596322069e-02
1.108963421487461770e-01
-1.954904863608512011e-01
-1.852475926106055271e-01
3.475763824727859386e-01
-2.964037625008471566e-01
-8.394603190722114971e-02
-2.631936729584221091e-01
3.286267317624511769e-02
2.660451975029337057e-01
2.366156816699684431e-02
2.171227148699037268e-01
-3.668880939906585814e-01
-5.140062076068485641e-01
6.202070668711603951e-02
2.525553011051047056e-02
-1.240861538835484057e-01
-2.370884442194944597e-01
1.412417051359934547e-02
-1.282971046645828847e-03
-3.056035195076901578e-01
7.538774710486824404e-02
1.662302461227604666e-01
7.384627651405416097e-03
-9.271282376866722685e-02
5.440827268608970646e-02
1.757501329331958295e-01
2.465560626157533575e-01
2.244850610614162745e-01
1.277257298172065625e-01
9.558317641950045407e-02
-3.589790235544349506e-01
-7.647002723262033563e-02
2.799696136937090962e-01
2.228400240128765031e-01
-1.048556733855866563e-01
-4.644243895538115868e-02
1.512614623097895683e-01
-7.136145833539227212e-02
-1.373960786192954253e-01
-1.607134307648115379e-01
1.589489688779847920e-01
2.149274734597659831e-01
2.005341461619800647e-01
1.545836320542981757e-01
-3.856334542402816701e-01
-5.278130901228283989e-02
-3.212977273884577989e-01
-7.574395391448678072e-02
3.572379684081294221e-02
3.973183439690038399e-01
-1.987436327622775223e-01
1.477015308922545733e-01
-6.836564150313906296e-02
2.257122925602744190e-01
1.500216539777182723e-01
9.583603830589375316e-02
3.155152160363863811e-01
2.391966452934094212e-01
2.125071100563569702e-03
-1.812206052501662279e-01
-1.700049945245895033e-01
1.773819342202215821e-01
-9.641675501905436207e-02
9.366212966898238013e-02
-3.290210160959680663e-01
-2.669850488948586897e-01
-7.043426830785011299e-03
-4.615974590715336556e-01
1.034222157069232678e-01
-4.673040021553401951e-02
2.502525938387341053e-01
-3.613647784461457846e-01
-2.882530551540540276e-01
1.157948635715047858e-01
5.994126613463870296e-02
-2.424879934547559956e-01
-1.633746000941369847e-01
3.110658216179629232e-01
-8.286283601173623226e-02
4.195194602285848284e-02
-7.426367258979650610e-02
-4.236454579892668937e-01
-5.264618431584724978e-02
2.814142236939529834e-02
-2.262951873013025472e-01
1.817831905302627338e-01
3.281047041810069009e-01
8.321481366701176385e-02
-3.713282359190243631e-01
-3.414282296316978882e-01
-1.374092080980602038e-01
2.089582549978117598e-01
7.266785523188630525e-02
1.476307245728004924e-01
3.119899028671394015e-01
4.500818803583674088e-02
8.032472611182311928e-02
-2.134509669563065537e-01
-2.436226949363801825e-02
-1.686530733744361632e-01
-1.745786629368442644e-02
2.291621253248381784e-01
-3.443076555155074603e-01
-6.845290987415911244e-02
7.842521256369956728e-02
1.126548791870727179e-01
-9.853213289702962563e-03
1.627173046589135141e-01
-3.770964632052967863e-02
1.344878161349137013e-01
2.899549187357000624e-01
-1.488855101380993362e-01
-3.899613750973153492e-02
-2.560453467913326175e-01
-4.513948940732048776e-02
-2.790582173149175338e-01
1.201532423072876332e-02
-1.943065913557303070e-01
-1.692408736778445166e-01
4.590008283156091912e-02
-4.185423945398859813e-02
-2.780429870964529204e-02
-3.428108691494548554e-01
1.358734194876283774e-01
-1.701295181083227193e-01
-1.087034673347232611e-01
4.859873761207976206e-01
-1.532450654112214317e-01
-2.122919029262104185e-01
-2.076242349067491944e-01
-2.723251645027253282e-02
3.695082244746267230e-02
-3.347720112640757972e-01
-9.896585958244256964e-02
3.372805467995231288e-01
-5.181726290624358855e-01
-2.126903629556531616e-01
2.227662231671376919e-02
-4.645145975143885608e-01
5.761340087120350034e-02
2.799505430518298837e-02
-3.863433234990259341e-02
-5.314289479973041130e-01
1.007564829836612996e-01
3.723244504921199155e-02
-1.223442686900633319e-01
-1.855820733495612551e-01
1.954091978683887842e-01
-3.113493528431428570e-01
-5.322917074928474879e-01
6.725738394358197342e-03
2.127726974767471177e-02
-3.883104230362362935e-02
-3.938854682193568268e-01
-3.733069668977662126e-02
9.042117669841828742e-02
3.365566964926786780e-02
2.315987288516902776e-01
1.170439803986963179e-01
1.683215393149825878e-01
-2.202016088297022722e-01
-1.150303729711300016e-01
-1.431785163899710334e-01
1.317239018321691157e-01
2.435962083155100988e-01
-2.165931949909138954e-01
2.829489025107178590e-01
-6.486643947427782331e-02
8.668139738708888209e-02
-3.007523133024759820e-01
4.538057069896104245e-01
-2.296016811676178382e-01
-1.987386372684347424e-01
-4.197792629083934440e-02
-8.463854052840742714e-02
-1.872203473745472080e-01
2.112766183460262348e-01
-2.438269312347711160e-01
-5.978498600413403863e-02
4.532103618553520730e-01
-2.737819566392749038e-01
8.005173666040220348e-02
-2.388989497198164003e-01
5.076684353052112186e-01
-1.012165379426413492e-01
-1.300056591444262444e-01
-1.377570438652456035e-02
1.228850684391249587e-01
2.909483942744284235e-01
-1.836225709198885669e-01
2.807309598621358648e-01
2.526666236085891026e-01
1.998790872886465342e-01
-3.847772131010808450e-02
6.961489348116075560e-01
2.466189971615627141e-01
-2.085266903329885957e-01
-2.264056095934837420e-01
-4.097433202538691699e-02
-8.304250806128381235e-02
7.171935694514265658e-02
-6.224451348721327104e-02
5.268975925486154427e-02
-1.428322328956593279e-01
-1.295831485888710444e-01
-8.672575685497800960e-03
-1.091712566389922562e-01
5.942922923481113590e-02
-2.389274414555391524e-01
-1.723202798535124203e-01
-1.297859940526172318e-01
-1.186389986544634095e-01
-9.229756614935057113e-02
-4.121860887299173548e-01
1.656510114626493502e-01
-2.394583728006583756e-01
2.464583058977216079e-01
3.908696818022300290e-02
-3.277903958866593137e-01
-1.376554533280561488e-01
5.687445889727910445e-03
3.578498538753102642e-01
1.424610051300038982e-01
3.449579248477384619e-01
-8.781802295651991441e-02
-4.930298644571298738e-01
1.675429528268679025e-01
2.376026969784995613e-01
7.137740891493550045e-03
4.431052073229505561e-01
1.331272249628546178e-01
-8.740062255590104467e-02
3.474170130257880906e-01
1.125201205397647897e-01
3.878914487458631766e-01
-2.448296259032899380e-01
-6.467486559634667842e-02
2.638088677724574893e-01
-5.485868785129389101e-03
-2.033978900822305258e-01
-5.573031273942997965e-02
4.329562989526202638e-02
-2.305502718694676101e-01
-2.038941691754586061e-01
1.313216182850971137e-01
-1.054193926107649532e-01
-1.264958085589504289e-01
-4.161922921006747100e-01
5.680732108597823932e-02
1.194992956487633262e-01
3.106724932393969407e-01
-1.128645865257687647e-01
-3.557437946658871808e-01
-2.518700887264632704e-01
1.160676073165837346e-01
7.555816580528412763e-02
4.092316798111427234e-01
-3.090201363891643682e-01
-1.930307539202281986e-01
-2.052140611264867132e-01
2.194823366411530752e-01
-1.813754223334295979e-01
-4.852092026470297692e-01
3.266241016305439504e-01
-6.645869587847050286e-02
5.532832745208428327e-02
1.291402265110564163e-01
4.893777768811730655e-01
-2.152993542823438966e-01
-4.169511399571689259e-01
-1.070913240486801449e-01
-2.392957195088158406e-01
-1.398011282472955696e-01
2.541509169486986242e-01
1.032000518770417180e-01
3.265770964582987435e-01
3.186578798759941988e-01
1.265178900205521373e-01
5.394791808759944601e-02
1.555980592010007893e-02
-2.150798918295852499e-02
3.114780198911538678e-01
3.700426498698484723e-01
-2.148939849287027082e-01
7.215780171419107492e-02
-1.897952638726696228e-01
5.181535925566236461e-02
2.023108981375423832e-02
-5.890121554277093496e-01
-2.087211382168829010e-01
1.071361294605446268e-01
-3.956520427275511675e-03
8.005524687844788045e-02
-1.860388344676525973e-01
2.782643355589051182e-01
-4.596103806895053545e-02
-1.455135767260268449e-02
5.173169654118644489e-01
-8.144530508384341394e-02
5.824679013196704114e-02
9.453631073881887947e-02
-5.843500906113419102e-02
4.029819633334329188e-02
2.893268860746412430e-01
5.649509920118532813e-01
5.341196536748021861e-01
2.043276432196370063e-01
-8.016590054743090443e-02
-2.165369152566226363e-01
-3.090140090352165303e-01
2.986569258842100005e-01
1.465403175811204883e-01
-2.485474068937457495e-02
3.041784667714419466e-01
-1.374406644006623268e-02
-1.163220266826142961e-03
3.923937159229474309e-02
8.768182377931481308e-02
6.780986190211422959e-02
-6.020631958518376896e-03
-6.331113822503910138e-02
1.447803744817115490e-01
2.415875254917376758e-01
7.771458230264666027e-03
-4.432004716330532057e-01
-3.001240901472403966e-01
-1.255712452236446008e-01
5.995574305022537825e-02
5.327911323498647073e-02
1.562988680762794069e-01
-4.480069020520744544e-02
1.873401645741766541e-01
2.151232390297740937e-01
-1.425923686568048021e-03
1.984430766679085023e-02
-3.388370283193357091e-01
2.236160165047759996e-01
2.914936256650751401e-01
9.893356756950914821e-02
4.020497212695121059e-01
-5.347686184628549361e-02
1.357111258738545774e-02
-2.037006580981401416e-01
3.450132767437575354e-01
-1.555302010701902849e-03
-1.176382991391228261e-01
2.108748653500446338e-02
1.463200185336875625e-01
1.276781829101568400e-01
-5.686953302271956501e-01
-2.106389030649862548e-01
-3.288473156709200151e-01
-1.980544740182966224e-01
2.983833113144784485e-02
-1.519553278560105691e-01
3.131990719930385914e-01
1.113087632874924654e-01
1.871132019903982147e-01
3.344827000919713827e-02
-1.217401186663624735e-02
1.611117858013878523e-01
2.300781020973791391e-01
3.658576472179083106e-01
-9.019871125035568149e-02
4.446859747105863514e-02
-4.100465557166129704e-01
-2.937196928879610702e-01
-8.522613768224453212e-02
1.098267962612882592e-01
1.668714814222238829e-01
1.571959837879749744e-01
5.803696445203990889e-02
1.773201930510867608e-01
-3.090668675555210271e-03
-3.676251939126754832e-03
-5.795644760635193689e-03
-1.129151502663648231e-03
-2.125648919980461116e-03
1.593543281037272663e-03
5.160484609439274124e-03
-7.033506091447893445e-04
-9.377825333801288700e-04
-4.689122627195977874e-03
1.328659907411801995e-04
3.654078849196274337e-03
-8.886650712299076229e-06
-1.404654100279892218e-03
4.044843512187237941e-04
-1.417506839332711207e-03
1.848835514910890680e-03
9.790729029662218613e-04
-7.359001554206733454e-04
-5.885691901870816929e-03
3.269806503472126868e-01
2.414756957303139384e-01
2.826562714462909076e-01
1.270652785690168929e-01
1.658554669077425270e-01
-1.186232649768862307e-01
-3.846939753210561475e-01
8.404319242170561755e-02
5.750068341440217612e-02
-3.578330460646728106e-01
4.289036109295978338e-01
4.918808040983878027e-01
1.584948202136255702e-01
1.557169991226483967e-02
-1.915289260840479348e-03
6.076851150880618890e-01
-3.798168827982815188e-01
-1.927035059820107060e-02
-2.208370333701616950e-01
-3.871082008110339201e-01
-7.920044302370161243e-03
