4.438875702762062891e-01
5.987821745867397683e-01
4.255454347587289132e-01
-2.220312039938328041e-01
-4.365556470334738814e-01
8.122648044796178593e-03
-7.331596757306330092e-01
1.578834095730911324e-01
-1.936106084992738896e-01
-6.340801900356888288e-01
-5.394348062619204187e-01
-1.479298058110118108e-01
-1.130082933925137534e-01
9.209560879371126996e-01
3.317921518784981011e-02
1.515730009849200199e-01
5.738964311175114297e-01
-3.298087253016289133e-01
4.617856655508403296e-01
-2.992095265332679263e-02
-2.374093640866202226e-01
1.903248292457422391e-03
5.527130803454964880e-01
-1.374346310309374208e-01
-9.460991412239201370e-01
-8.662845312239791928e-01
-2.602370869193850189e-01
-1.656813655673672683e-02
1.527954429102213740e-01
-3.074392015706565173e-01
4.580079967805879976e-02
-3.698665660785256382e-01
6.279113347967389680e-02
2.566799029180364539e-02
6.228091716144578127e-01
-2.170012641149189347e-01
3.850885056070778578e-01
5.356779148424830467e-03
-1.366226946851904767e-01
-4.061570841785245856e-01
-2.347772790510597729e-01
1.679279462374126067e-03
7.547107130143143605e-02
5.006884064399283289e-03
1.948201080022290421e-01
1.422128043187366186e-01
5.914688653323431355e-02
2.707061191193785993e-02
3.857691924798963695e-02
-1.252605072238857919e-01
4.021401873476795341e-01
-1.069600939384182242e-01
-4.373969832054908774e-02
-5.129188408569110846e-01
4.411236299226336394e-02
-1.650517635191381949e-01
-9.248654179473325687e-02
7.788225126589526370e-02
8.142866528448085284e-02
1.127364330192151196e-02
2.756487679703517046e-01
-1.123875220567265298e-01
6.436265614908334709e-02
-2.720291794600159796e-01
4.145744533373413865e-01
5.458137989190933043e-02
9.737971147337107572e-03
-3.319139090632171052e-01
-8.816622148042067841e-02
5.484934943638377497e-02
2.527450347906545075e-02
-3.307376149899609041e-01
3.026063550948352235e-02
-5.152143764198043874e-01
-3.600874561500877480e-01
3.020251827316521309e-01
-3.558107008666175908e-01
1.478212121690382630e-01
8.258904670389193015e-03
3.208847245271331111e-02
1.893960636832390243e-01
7.953246015795099877e-02
3.278965501919124947e-01
2.866018469163559845e-01
1.645284299610423051e-01
8.941006343471127882e-02
-8.407823050266402531e-02
8.755002007546533460e-02
-3.085138412620653248e-01
-2.924519900102264258e-01
-4.741084812470142129e-01
2.492823280477176606e-01
-5.318012059503322841e-02
-8.517474399899029047e-02
9.053599445371741938e-02
1.127915412964135972e-02
-8.412365612965784500e-02
-2.038847521286563380e-01
2.013591406379685034e-01
-1.462515470876679102e-01
-1.835098098165643954e-01
1.361782973139206432e-01
-4.559808792684206247e-01
2.781998295332870907e-01
-1.947036479594263514e-01
-6.835100546058985038e-02
2.036843000207804177e-01
2.237592966608061562e-01
-1.024019013027968744e-01
2.527204657541279320e-01
-1.179326164720766040e-01
-8.952454183549398217e-03
2.350231112994365379e-01
-9.996361842335980963e-02
-2.038708085500638145e-01
-2.651471325126722456e-01
-4.376654497981419256e-02
1.423839205495040783e-01
2.713487907417739143e-03
-2.377342561432735923e-01
-3.518858985977881271e-01
2.470379348874985823e-02
1.837634510197928284e-01
1.924633381411755273e-01
-6.869970683300845316e-02
-2.930525925766353304e-02
9.021534513651341403e-02
2.672136465642215852e-01
6.826967918366860788e-02
6.968066239514247862e-02
5.903123060266652899e-01
-1.568157543264603604e-01
-7.505175607072013533e-02
-1.149622685497331820e-01
3.281404129781141377e-01
-1.176527979075029373e-01
5.427706989464615994e-02
3.823622120349827180e-01
8.561017737485780710e-02
-1.935854618090150081e-01
4.350043337347226508e-02
-2.076255740236358782e-01
-2.138904582071221305e-01
-2.233897161688931376e-01
5.959221152031343033e-02
-1.138941650060559391e-01
1.898804513169480568e-01
9.942045125050466559e-02
1.513421480249179385e-01
3.274796174045816605e-02
8.455731360059772772e-01
1.073797044268400350e-02
-2.225181469218357189e-01
-5.019349742016162574e-01
1.759832310855803383e-01
1.261503570770046156e-01
-2.203874323870001761e-01
-8.252783114856747371e-02
-1.280219616581308728e-01
4.138739956370121043e-01
9.173141574960667899e-02
9.183644508791272143e-02
-2.242240670991842710e-01
-9.833171301427080790e-02
-2.612497727938325465e-01
3.591588708026318133e-01
1.713143423771655849e-01
9.597905029673436950e-02
7.596391660041686145e-02
-9.143189056857194130e-02
6.654253299218069184e-01
3.319092465835777328e-01
-8.448119852108332273e-02
-4.397675684448976857e-02
1.759570388405540947e-02
-2.697441308717044572e-01
1.464479544179987935e-01
4.960690470049246570e-01
3.316419420082276637e-01
1.157551693566198775e-01
-1.789811065385343569e-01
2.445001416125197891e-01
-4.670104057106115869e-01
-3.298720194277719731e-02
1.565892171881608508e-01
1.841522221780071134e-01
2.183352246724978574e-01
1.889758042683060413e-01
8.152891609246086524e-02
-3.744119598826542439e-01
5.319643086484627803e-01
2.414614561378105873e-01
-5.020372335474489883e-02
9.879905496470173243e-02
3.186077477997377172e-01
-5.566525222116515403e-02
-1.859225619249474104e-01
-4.865649398437971868e-02
-3.617161232805360394e-01
-8.193617945676355194e-03
-3.145032399092864139e-01
5.791804229310116431e-02
-7.758612522634622533e-02
-5.752497221760375368e-01
1.621752640155778302e-02
-1.898372804932556279e-02
3.873136986526839465e-01
-5.422662205939239310e-01
-7.994869247120389710e-02
4.448041245966816160e-02
1.299180671139089221e-02
3.062156492079800424e-03
-1.688294527683768809e-01
-3.152185738323554087e-01
2.023361868597573984e-02
-4.651385511604501088e-01
5.677895140140304386e-02
-2.522439522127919442e-01
-9.330343541895587400e-02
-4.577154942450195052e-01
-8.671138120605198507e-02
2.279662113866011142e-01
-5.522507383982434848e-02
-1.216114323540131714e-01
-2.887579694099847716e-01
-1.726506111762268481e-01
-1.701998031712325943e-01
-2.857392279281572092e-02
2.322832602981155792e-01
-4.448022238509768272e-02
-1.569951648762162588e-01
4.775496972326613056e-03
-2.206286618397232391e-01
-2.812152701699361934e-01
-3.754325717498159243e-01
-3.521568779693138862e-01
2.187613047233250285e-01
-1.188567745206690757e-01
-4.861374402975519038e-01
-2.693856756721213844e-02
1.920219974632644266e-01
-2.190954514418024524e-01
-3.326124585849692394e-01
1.867517739739106564e-01
1.063181965251924210e-01
2.373832064846535111e-02
-2.556483442093064329e-01
1.285201151413317873e-02
-8.764551776331219735e-02
-2.181761784482434130e-01
6.546533986102429648e-01
1.093224835348944324e-01
-2.400241874197120151e-01
-2.418192990537270382e-01
2.480849694967062202e-01
6.288941029290237572e-02
6.929198256525540001e-02
-1.676643113710860611e-01
-1.584149909156288838e-01
4.939269108275576858e-01
-3.469690427161522400e-02
2.472697655629857716e-01
-6.988008060131578603e-02
-2.868974904319496200e-01
2.141931601042160183e-02
-2.740302218115517885e-01
1.224734943234783158e-01
3.604231296910753723e-01
-4.051586173659624257e-01
-3.142199082171260316e-01
3.036643762496228915e-01
-4.335244820852444114e-01
-2.550563525432279488e-01
-5.513646872463788540e-02
1.612558553091653427e-02
-1.595434239836003298e-01
-2.678633915563407575e-01
-1.128847556522886986e-02
-2.898830833965046483e-01
1.433383157793418905e-01
-1.602702078686694259e-02
-1.748342956010391358e-01
-7.088724138164712550e-03
2.301449907312460089e-02
3.955338168298244694e-01
2.783101887079110770e-01
1.211224928591563416e-01
1.232815236334761366e-01
-2.639644654013998393e-01
2.652892017342988740e-01
1.816078455550317605e-01
6.228064349147096612e-01
4.247710270954149769e-02
6.761307077578460056e-02
2.951149100948646797e-01
-2.332827828505374124e-01
-2.908451849886563578e-01
5.747634131388976858e-02
4.043227645365261025e-01
9.125378539856147941e-02
-4.148798957731741899e-02
-5.405830219854184521e-02
7.126111603252957560e-02
-4.211314390233133857e-03
4.820601497148005454e-01
2.077233966202987892e-01
-9.194253474405844617e-02
-2.608049883626676821e-02
-4.947585159423074086e-01
3.817826187874573951e-01
2.037536833378723045e-01
-2.416019185576628592e-01
2.186564197807007448e-01
2.692928609193132594e-01
1.933725412743045047e-01
5.121584636927194178e-02
-1.566679688982212937e-01
-3.783711437996050697e-01
1.859032376551117416e-01
-5.444591649402316103e-01
8.582750107550082830e-02
-1.111934212553683521e-01
3.297155116604065239e-01
1.217349301310898246e-01
5.101800856921133442e-02
4.824869213325021500e-01
-1.146334567469049770e-02
-8.643131907336557007e-02
5.150066767697404346e-01
1.563381543124275630e-01
1.172025780755236307e-01
-1.785971485317987828e-01
-2.676128698271272588e-02
-2.323663942887835010e-01
-7.471907070039434107e-01
-1.608565153626642930e-01
6.109452284114881282e-01
-6.275309753530562695e-02
-5.278525307513615757e-04
-3.851531179128203086e-01
-1.215334346013291211e-01
1.828653808746846521e-01
3.004448184656852150e-01
-4.094242098343536113e-02
-1.724132079563698849e-01
-2.844888749337096123e-01
-1.916717200979863034e-01
9.100319466165016080e-02
-7.060810452555567052e-01
-1.192957324517536777e-01
-5.288420157423194823e-01
-1.716497129127118049e-01
2.663482245461998299e-01
2.312256091167932265e-02
2.952157749792130303e-01
-1.989345924875049465e-01
-2.688235791010340492e-01
-4.403600809666648186e-02
1.701024481500701679e-01
-4.536153363829136254e-01
-4.860815726688587357e-02
3.531676310133287366e-02
8.342194321815613045e-02
-1.317300295952577305e-01
1.219759531904279493e-01
4.234728782683798154e-01
-1.500709166881725454e-01
-1.552432387837212047e-01
2.839157498408800828e-01
-2.651389003879393025e-01
1.450227499527601549e-01
3.295947198817477481e-05
3.363164960352848509e-01
-3.678618135779017362e-02
1.653882327016021336e-01
3.809412425782668921e-01
2.569459496468752824e-01
7.997725118116112697e-02
-1.680776542734860671e-02
-1.595892395826053189e-01
-1.989734274679892112e-01
1.948863377214329617e-01
4.396522871606937111e-01
-1.036781701896618280e-01
-5.146609296173886294e-01
3.400995145935692410e-01
2.339437872329245827e-01
-1.130340471909437872e-01
-1.149964394400270901e-01
1.967672794929062607e-01
-2.503131633378835597e-01
-2.938171361112690838e-01
1.391372775591439293e-01
7.071472183526224253e-02
-1.482439679307338276e-01
-2.112673863211064762e-01
-3.432481311529573392e-02
-2.517665400305971191e-01
6.769584462904265632e-01
-2.452204641741705382e-01
-1.031353391434056271e-01
9.533321837651714814e-02
1.110399454613321818e-01
-3.193684596088877115e-01
-3.268147944883649791e-01
2.463544863880924238e-02
5.191480751812945771e-01
-6.878718590031437929e-02
1.628281422949344193e-01
4.021515315690660786e-01
1.112897243789481849e-01
4.445576855375599212e-02
-4.389977949106894928e-02
-2.562254024642995343e-01
6.255507433080312318e-02
2.584076072214345869e-03
-3.375491173764277181e-02
-3.790035712788074607e-01
2.168893241254384319e-01
-9.545600777733156961e-02
6.533474488696650040e-02
5.860227206569663255e-02
-2.459377638182642656e-01
2.966679032114878378e-01
1.859154417647082558e-01
-2.099973357856253775e-01
-3.348025930673532158e-01
9.202440862901502261e-02
1.707956987451352826e-01
-1.145362962665754936e-01
-1.953853181414719475e-01
3.915503907555674401e-02
-1.738793930242944208e-01
9.619944318659372218e-02
-2.288049706631225255e-01
-2.319182048583882105e-01
4.873615303691108402e-01
-2.176142694573694747e-02
-1.257410267660790670e-01
1.241716086815566472e-01
-3.602316325716295453e-02
-3.570826744244289253e-01
1.356841669974254427e-01
-3.917718839608471670e-01
-9.483090759604203765e-03
1.298583040488169860e-01
2.869466473829293540e-01
-6.817690576548555148e-01
2.024507177713033568e-01
1.506497532334881984e-01
3.452547937572532089e-01
-1.040133448033845748e-01
1.577086167775333392e-01
5.367033515354874967e-02
5.273516428536700190e-02
1.545472823240711113e-01
1.904767117388254105e-01
-2.898023341103399542e-01
1.496929282039049375e-03
-1.018399085119159331e-02
-9.457296843360585292e-02
9.923350680697613779e-02
-3.167035276633192176e-01
-3.945554713567197419e-02
-7.779039410026961088e-02
-2.469943833033806657e-01
1.596434324645939207e-01
-3.770193026015587062e-02
-7.655213126116716671e-02
-4.222561263614903193e-02
2.717104443926260382e-01
-5.369958724049130050e-02
1.525996024232826598e-01
1.679432613302823951e-01
7.766647050404780483e-02
1.869330206661531935e-02
3.740882145239515094e-02
-1.929474616493790373e-01
-3.979690343223634547e-02
2.600063973667073869e-01
-2.597385942640020873e-01
-1.741116285885676851e-01
-1.748250369532786813e-02
2.823386058312946645e-01
-1.394379915802976544e-01
-1.150201525738174246e-01
-1.313114635246435957e-01
-3.269894936293358256e-01
9.125825916578858554e-02
3.971992687973754377e-01
1.411343071377306468e-01
-2.266197372801264931e-01
-1.602192219261950046e-01
1.700438397182701955e-01
3.013653858202543501e-01
-1.946098698681464623e-01
9.083488441451743889e-02
2.855430131429810281e-01
-2.527888722956285819e-03
1.201103655193063585e-01
-1.725179404166267694e-01
-1.927267731073483148e-01
4.268331721018136515e-01
1.543358138482202498e-02
-1.952853940531467103e-01
-7.748675112232426831e-02
-5.264569481410172336e-02
4.405794906433713187e-02
1.852157194092881598e-01
1.518881976699679448e-01
1.253016558626386945e-01
9.223424170417256207e-02
-3.277119849711147004e-01
1.629329077089577971e-02
-1.163983378093886994e-01
-6.287462757247470890e-02
-2.707953722277381403e-01
-2.745059442763351232e-01
2.007951895858861024e-01
-2.212726247763033630e-02
1.823927760333581283e-01
2.001336341462595370e-01
-9.553181878511222969e-02
-3.395342713078057795e-01
-2.089006038503213036e-01
-9.360567003417014087e-02
6.037080125772280592e-01
1.267214670107358887e-01
2.477753126824281393e-01
8.263238941301490059e-02
-3.694990319512443944e-01
-3.108642421499019023e-02
3.153644370528464747e-02
-1.410339747660926436e-02
2.555871328529848996e-01
-2.572539796215176922e-01
-6.658944822561089216e-01
5.900462387583640389e-01
-7.959897491268187741e-02
-3.319241902768897967e-01
3.823374932165400364e-01
-3.076637309024549682e-01
1.260020893685810488e-02
-1.764511983179242183e-01
1.472257720284946836e-01
2.276890284633514006e-01
2.034298835225410718e-01
2.515224654604635846e-01
1.513748823787763320e-01
-1.790038567499004918e-01
-1.525406500679238851e-02
-1.358707427123025668e-01
1.383382937686790937e-01
1.569658950269894604e-01
3.322068937399974553e-02
-4.172092258485974314e-01
-1.668354947795709642e-01
-2.826775916161214930e-01
-3.094216324275515517e-01
4.341922667496123101e-01
7.671686778560127262e-02
-9.670935633638548523e-02
-1.991766693979783176e-01
-3.834571280109596025e-01
5.129693516808610243e-02
5.640939017977391473e-02
7.962577744239869582e-02
-1.479425022105801402e-01
-2.579185563529383107e-01
2.527240748181049379e-01
-1.773972852531490174e-01
-6.663280543758634544e-02
8.341091290318665072e-03
-8.324235917851624533e-02
5.987123529028773317e-02
8.935796152623504129e-02
1.236172685289955442e-01
-1.313134243033781678e-01
1.485673719677960691e-01
4.578349373134700528e-02
4.004930328483080615e-01
1.410757353507232914e-01
-4.285149119304814680e-01
-1.704555311774724746e-01
-6.544386400296919870e-02
-1.015220018121974349e-01
2.324475251348801647e-02
-3.080288849073625421e-02
-5.500543470483448827e-02
4.087253725722023862e-02
-2.023528459031184723e-01
-1.161931470966753310e-01
-1.932455378656437739e-01
2.037352428830292717e-01
1.384938431918193436e-01
-3.018150439012380892e-01
2.367232591199048761e-02
7.771920249143826620e-02
4.122257486577417529e-01
-1.061447239273333593e-01
-6.925289943109215474e-02
3.241453214302004310e-02
3.393612556968441107e-01
-3.703528313978840525e-01
1.190273165976978853e-01
8.556056480337521919e-02
-7.527032770356010261e-01
1.461896471727254510e-01
3.622481597645269696e-02
-5.819151186544977428e-01
2.816703005941477711e-01
-8.929800047411899644e-02
2.162951208138715609e-01
2.587256234810663136e-01
2.394614817527321304e-01
-1.833123487143153707e-01
3.168748654567485890e-01
1.872847575214613702e-01
1.779825279227610071e-03
-5.946247999617892965e-02
9.301659376178501859e-02
-2.747722745264950459e-02
7.701549724528364282e-02
1.504519365761301242e-01
2.859004959283002918e-03
2.296276133216165055e-02
-3.506772946576366956e-02
1.909674622469017813e-01
-2.065934565489622732e-01
1.959806212030659467e-01
-6.376077895140333518e-02
1.663174954275247475e-01
4.268654427876232837e-01
-4.590638999880668480e-01
-1.555525386126880346e-03
3.081088830596790951e-01
-1.417788163652792255e-01
3.769991388010718314e-01
1.587945733840283591e-01
1.105392984003071392e-02
-1.424878735367232641e-01
1.464820068591097535e-01
-6.114574931632463795e-01
-3.904279737710626974e-01
-7.024420225272150209e-02
-4.090596764190193024e-01
1.092162527230401414e-01
-2.911260913088287716e-01
-1.533466970966211040e-01
4.976291719748800885e-02
5.483411443762396809e-02
2.245431773227354322e-01
3.173791755048059882e-01
-1.133398848999368769e-01
1.551415644282387318e-01
-8.653559709983348058e-02
3.661545096244750441e-01
-2.639218279991328298e-01
7.760960424622809217e-02
6.707751178065389334e-03
-3.398220636186344290e-01
2.077016183023767393e-01
-1.954366637358865844e-01
-2.285529814877172994e-01
2.761777649894988848e-02
-2.660713973062829307e-01
5.026190242603519875e-01
-9.098304953956820595e-02
4.032559851385506683e-02
1.255704406951526630e-01
-8.384084444380796031e-03
-3.791514828228672584e-01
-2.385102023480714373e-01
1.154265039478335891e-01
1.483828019084831862e-01
3.371196156929429644e-01
1.125216279910726536e-01
-1.785756984532604202e-02
-4.438418863603800779e-01
3.653543251901943956e-01
3.161678055379690822e-01
-3.051924136909022756e-01
-3.229738330586932049e-01
4.670506752640361525e-01
-2.186569499723089449e-01
1.474681695403153581e-01
-2.081749746308277360e-01
-1.859999875405356495e-01
-2.600009908739080427e-03
-4.121450465000949803e-01
-8.629798248311328079e-02
-1.804583198045335846e-01
3.360814481805121101e-01
-3.974553945871354792e-03
-2.765607282516845400e-01
-8.821191848296391913e-02
7.751429677625862880e-01
-2.261173196503098171e-01
3.378539960283180599e-01
3.074730506175153977e-01
-1.248435241118017180e-01
-8.985428240204748618e-02
1.211655832063380789e-01
-1.894126970470320914e-01
1.595882920527905702e-01
1.402746793350832279e-02
3.962567477090700452e-01
1.709483496933724700e-01
7.326900745290751416e-02
8.315888447154576313e-02
4.107165001640410845e-02
-3.150102449611390520e-01
-2.196594110858640092e-01
1.026152098326684886e-01
3.079406697792042014e-01
-1.745956300669151973e-02
-1.315988168117417922e-01
3.711068118273347372e-02
2.903491796030352456e-01
1.786174747181074607e-01
1.167857846068295902e-01
-2.034795754682542646e-01
9.725819141841765547e-02
-2.293052364179004876e-01
-1.046131224562888290e-01
2.481553615388983614e-01
5.436073431313680204e-02
-4.309026132120177821e-02
1.706640287810002321e-01
-7.854507031942908890e-02
2.791479599964599156e-01
-3.634113146746841688e-02
-8.978460695227105659e-02
3.486867763095735651e-02
-2.727320288390263636e-01
-1.827999037788282169e-02
-1.634257113476863532e-01
4.472192708138076483e-02
9.873182826167949122e-02
2.337190160707396380e-01
-2.230265996259098993e-01
1.541418548151297918e-01
1.983410462529906770e-01
-3.085514263862043638e-01
2.280876072460956069e-02
2.143041759820085435e-01
-3.316440990749490725e-01
1.561985073468725657e-02
-2.211645319932593334e-01
-3.380242256533042555e-01
-2.134527063596356744e-01
8.296311184739609684e-03
2.780592679060124861e-01
-2.278838734198012361e-01
-1.649721421263372900e-01
3.828737734883488342e-01
-4.592911756234097642e-01
-1.953080991683474044e-01
-2.827699191474108420e-01
1.277488169194810064e-01
-4.744977866979770420e-01
-6.324803234528952878e-02
3.421918166873100242e-01
3.288024309065125383e-02
-7.121208538923501363e-02
2.625967688772651298e-01
1.699804603366533995e-01
1.071161941481783425e-01
-7.114715470277108156e-02
-1.430803607377822140e-01
5.744527492618798498e-02
1.972631820042512404e-02
1.020841421302415841e-01
-3.480010838683675854e-03
6.985244982041691197e-02
-1.086138452736934261e-02
-2.920123261804659642e-01
-4.840486075700307228e-02
3.123983307813890664e-01
-1.195233739581863346e-02
-1.968689948675078349e-01
-7.872249321064471450e-02
-1.455035717420297137e-01
1.399573259121589253e-01
1.803294154881651679e-01
-2.219615184883199643e-01
2.300904974259592450e-01
1.100007190120005918e-02
4.525977011507325426e-02
2.438672653089082043e-01
7.367149213066759295e-02
-4.130404676541978015e-02
3.152243668787509390e-01
-9.203561336502202265e-04
-1.892324835647913317e-01
-4.080863588481161153e-01
2.692391734688117655e-01
-6.784685141025310895e-02
-8.395525833455701192e-02
8.458571851902907390e-02
2.239940074437106465e-01
3.344350776612638187e-02
-2.034662288502071814e-01
4.343822822539671336e-01
-6.283951178010184213e-01
-2.941755564463603423e-01
2.177546005947628704e-01
-7.194279166119992019e-02
-3.107969401697376344e-01
2.464083283216539078e-01
1.641392677667872779e-01
1.011717048674343200e-01
-8.708991852835647196e-02
-2.792630322580512692e-01
2.285333760572277537e-02
-1.999999134785333532e-01
1.765838022503458393e-01
-3.354976906838590955e-01
-1.263199394882615623e-01
3.881982455447922226e-02
5.102810218207572968e-01
-3.831858779345780897e-01
-3.120714024831323583e-02
1.199298890446791332e-01
2.557147593206392511e-01
-3.980851182462114002e-01
-1.843024968118164297e-01
2.154920101801973964e-01
-2.637631896425057798e-01
-1.942012613178891733e-01
3.742679661500754040e-01
1.523799670705602294e-01
-3.260225056072469929e-01
-2.263906795060816046e-01
1.431314292098223584e-01
1.107116867527899694e-02
-2.535082099741708082e-03
3.055135379447020127e-02
3.001027496244145221e-01
-3.470831611233273772e-01
-1.294696683250853853e-01
1.998630656734362854e-01
1.669753093915726239e-01
-2.112504930063453246e-01
-1.426044163397334648e-02
-2.180369293624560278e-01
-1.994189046800997622e-01
-2.313561339394696811e-02
2.966456156143168488e-02
-6.525501977278848342e-02
-1.866791318762619362e-02
-1.799917402786630760e-01
1.369451940480531926e-01
1.478273361310598888e-02
2.791460930826072939e-01
-2.369533746221004766e-01
5.430006090100268634e-03
2.071651378881393946e-01
-2.459502912885477566e-01
-2.706583759977202602e-02
-1.647257204392913454e-01
5.630097684392453006e-02
3.357560953108125745e-01
2.032782306429122277e-01
-1.545751841083090050e-01
-4.518468765557345224e-01
-5.519133756098244525e-01
-4.976596310943798285e-01
5.259162420266192406e-01
-1.397420596677943494e-01
-1.846241652598546168e-01
7.884293488223556579e-02
-9.888917446227314667e-02
-1.866991419878408776e-01
-5.277102755204863271e-01
-1.021467963484086125e-02
-1.402385729914583205e-02
-3.772167219627859391e-01
4.023992318122326939e-01
-8.746640044396744584e-02
-1.156130363889223828e-01
9.765742871766225353e-02
1.527611204835306047e-01
5.418691276847293486e-02
-9.402384360354731907e-02
1.146607401855102570e-01
-9.524231188080690969e-02
2.041336470034100722e-02
7.580379676641599285e-02
-8.834188374839223312e-02
7.373662686710337477e-02
6.504507282919257116e-02
6.379742419900658046e-02
-5.309170020577697741e-02
-1.689351746983940861e-01
4.825156567392034634e-02
5.959866258948431916e-02
-1.191199821675894138e-01
8.580111359241339442e-02
1.634938156114628949e-01
-2.458386608795227468e-01
-4.133504503830093824e-01
3.310797972944680700e-01
2.711821768663764259e-02
1.240965375353296068e-01
-5.923202642984811694e-01
4.883871514526075264e-02
-1.878971360929757028e-01
-1.582483631799449231e-01
-9.767288989559085033e-02
-1.225396420887084475e-01
-7.994971646102959351e-02
-1.288914081545778634e-01
-6.753197776639916494e-01
2.603818771687060885e-02
6.172324673025729458e-02
-1.126366092165732302e-01
1.430166484172697705e-01
4.301945852673689785e-01
2.935419529130615587e-02
-1.000537132815082220e-01
1.303120645761466079e-01
-9.166771940491783011e-02
-3.350066149971454577e-01
1.423945694418503050e-01
1.129231714911728551e-01
8.943260986043118435e-03
-1.758035154193411942e-01
-9.458340557065571252e-02
2.428344638062337746e-01
-1.766110348707837785e-01
4.900285786016252421e-01
1.982660590238779497e-01
1.362355600947820315e-02
-3.148951151698386464e-01
-1.136998651463293035e-02
3.002847425079736565e-01
3.993919646869879131e-02
1.404189747345419292e-01
-3.467614631512087597e-01
7.731673468656447001e-01
1.988991893573989200e-01
-4.115079026592959877e-01
-1.628716969639594780e-01
-5.968386054667295521e-02
2.613022457675462373e-01
1.900022449937672775e-01
-2.464880652257897889e-02
-4.582670356830514241e-02
-3.553736371461209687e-01
1.890314682430117577e-01
-4.293330915481143317e-01
3.369087986012649361e-01
2.038623975290173099e-02
-1.662061357011413720e-01
2.705948253145022686e-02
1.142122619724494498e-01
1.004621134428954343e-01
-6.365798934617334925e-01
-8.712636458255652860e-02
2.193132102997723820e-01
-1.330876459271635170e-01
6.630687001272479730e-02
-4.052442471911575916e-01
1.000338211642862185e-01
-2.724510111398049106e-01
1.820065463973092601e-01
6.412836026208301732e-01
-1.496078032223962379e-02
2.575828338801072204e-01
-1.409678633983974250e-01
-3.062846750819908093e-01
3.865137925667923025e-01
-1.653168300145585745e-01
9.480572626304591133e-02
4.084325407457029683e-03
3.022385159273662802e-01
2.039296325282846101e-01
2.844342997189385769e-01
2.728488959796621094e-01
-3.026096070839321972e-01
2.993975762485859837e-01
2.911668342177028274e-02
-3.492740965203552234e-02
-2.597071910532171568e-01
-1.177439684178795687e-01
7.924855051298125563e-02
2.132435002410247582e-02
-1.218234735047301204e-01
-2.267962248560332489e-02
2.475073296774976395e-01
-2.257399524116330408e-02
2.416156432965855250e-01
-4.907700849589848729e-02
-3.349135498144220624e-01
7.547529409711761783e-02
4.413622881403820863e-01
3.206531828093756586e-01
-4.469284615438180452e-01
7.744163891378071270e-03
5.427711161147844576e-01
1.028586388601563373e-01
3.550078222090733981e-01
1.357815076489632677e-01
3.200991565660734062e-01
-7.378450742571431020e-02
1.459303382165960394e-01
-9.100685294276099346e-02
2.223771748146413652e-01
3.000180142539426997e-02
-4.174795510247871766e-01
5.833421712462343728e-02
2.999685878977749187e-01
-1.136555912879014252e-01
-6.589683694058562184e-03
3.854133440083960110e-02
1.449026413458476270e-01
1.611731687912131561e-01
-4.285286493210071490e-01
1.134782555876180654e-01
-1.352030557260920363e-01
-2.322712540550460891e-01
-1.735403469003155355e-02
-3.251905706994351886e-01
-2.001269599144542832e-01
-4.620855389407949737e-02
-6.457502097325398815e-02
-1.409117793764071702e-01
-5.465732234629970820e-01
3.043782905157100260e-01
9.027407791496891779e-03
-2.585722824146673982e-01
-2.533720655976424638e-02
1.087147484059944325e-01
-3.421684766689134793e-01
4.956746874927751012e-01
-1.293299207375024629e-01
5.446636725809238938e-02
-2.207679855699763438e-01
-8.117068912548892901e-02
3.328023822652523278e-01
2.261342963347278689e-01
3.670607700379283078e-01
2.889787984657606335e-01
1.760324509911583568e-01
2.453692050212376297e-02
-2.214296440548380041e-01
-1.638827963252027509e-01
-7.493486823738453040e-02
4.286173791996918808e-02
-3.502741329356153649e-02
4.020322763005741706e-02
-4.138120538663538905e-01
-1.414824274950362559e-01
3.263696753026925634e-01
1.996881717517002414e-02
-3.438578503746012732e-02
-3.255677061697011265e-02
1.807707793525063500e-01
1.720093968962274067e-01
3.504384171991893338e-01
2.488165619621463334e-02
-1.183768898870010688e-01
-1.385877087340071367e-01
1.940330497745125227e-01
2.918805762765546916e-02
2.651330882979271997e-02
-8.299486483267354275e-02
-3.353506624305726547e-01
8.492969741585132404e-02
2.850633106311591392e-01
7.998744124330441074e-02
-1.030111644250356479e-01
2.879085313263784474e-01
-9.798483725930810448e-03
1.529463477870477983e-01
1.486554870917013993e-01
-9.018241977657884961e-03
3.695240465296676935e-01
-2.823947080014707067e-01
-3.256342788172914560e-01
-2.928816137043228074e-01
-2.777510790426128140e-01
-3.932251255125507328e-02
-2.626647451699414826e-01
1.620915604051932505e-03
-2.762680815501455944e-01
-1.994361249080317811e-01
3.118569509908303283e-01
-1.728781628171308649e-01
-1.955128191409065408e-02
7.582539138792114553e-02
-1.579368987590350770e-01
1.084417510419542346e-01
4.615548029389970885e-02
2.447732285651768314e-01
-2.590706112718010878e-01
-2.127217344874849647e-01
2.247759462546446985e-01
2.004499465800168266e-03
4.404669883938139296e-02
1.462162605763159262e-01
-8.282777405438504492e-02
2.437473736200834740e-01
-4.142281987891138217e-01
-4.264660034195618676e-01
2.205991167155125221e-01
1.532988598728355079e-01
-2.544076722249896672e-01
-1.685901994172373242e-01
-6.299977120489563820e-02
1.881099981179881475e-01
-3.279617041591396664e-01
-4.821493767086967308e-01
-1.336434936817617603e-01
4.301185297016732467e-02
1.004937823076963894e-02
-3.037181772399139001e-01
3.457995303343207316e-02
1.443284078034720030e-01
1.991185947785074906e-01
-3.718492995165543769e-01
-2.397724990297040448e-01
3.562124747873042230e-01
-2.520529605748783597e-01
-1.626617521209929307e-01
-6.866075263568004183e-02
-1.463438122789998408e-01
-2.444510156432155856e-01
1.072339884170187135e-01
7.112634181313769177e-02
-1.287491990465486069e-01
3.598480676469604789e-01
-9.804402440306324296e-02
9.800052625272434592e-02
1.515180663405945871e-01
1.969185597263606591e-01
-2.633269122766763171e-01
4.344002700031698305e-01
3.169436572749491088e-01
3.497893302185618447e-01
3.024194677931673070e-01
9.886692729987904549e-02
-8.591571824720309336e-02
-2.126859001563050910e-01
2.758627396045680302e-01
3.841638220670294535e-02
-2.732690775015726437e-01
-6.943893040435404618e-03
-2.854205266389575613e-01
3.645951781094294297e-01
-7.573763938904919113e-02
-1.212058944969999358e-01
-2.668348718248845786e-01
1.069362026738480548e-01
1.653697630770953886e-01
-4.962915005647025035e-01
-1.506065186480898543e-01
-3.134813160945116306e-01
2.344586256306886440e-01
-5.401497220341588967e-02
-4.953557273763830038e-01
9.553263485370283581e-02
2.598037612224105564e-01
4.492780922067998728e-01
4.310126774960662543e-01
-2.760673693401620721e-01
-2.690615193971601093e-01
-2.775848146335265776e-01
-4.203575672833406024e-02
1.555489565766756122e-01
-1.455043837044280863e-01
-7.072419098427787376e-02
2.852238129956077839e-01
1.202340745949107004e-01
6.642341798269849051e-02
7.344915308930009823e-02
-2.176451770068447422e-01
-1.152758498042381480e-01
-4.880324135592715717e-01
-2.212663549889717918e-01
-9.788072619035577404e-02
1.460429965591346635e-01
8.675783287046332296e-03
3.277428402747523672e-01
3.286233725300125030e-01
1.524265957559779172e-01
5.829117047480626701e-02
-6.043907051089073557e-01
1.739782782126232941e-01
-2.182498174771634603e-01
-9.309214357815706609e-02
2.117009666739472218e-01
-5.703785523941539565e-02
8.160883461158884022e-02
2.627637577611590669e-01
-5.270124604537630431e-01
2.655609943344204860e-01
3.496271625863852095e-01
-2.893344231978934311e-01
2.704131395237077129e-01
1.630529216547556282e-01
-3.596270961248881903e-02
7.972782206728425136e-02
-4.047255030317679636e-01
3.891718457176864820e-01
-6.776864887421024664e-02
-3.084626897839081172e-01
1.875323460380952101e-01
-6.395508013614689680e-02
4.131162775703323131e-01
-1.134333714793540893e-01
2.430226718540426933e-01
-2.028398683904447941e-01
-5.326072721303202195e-01
3.295519328505182588e-01
-3.962408456100711268e-02
1.855406147244586801e-01
2.057595584819101875e-01
1.224446574797760229e-01
-3.599361964907723394e-02
3.784745976545002000e-01
-1.610017460190967808e-01
-2.374420676854323287e-01
-2.365803042675734547e-01
8.469642546117837900e-02
-6.626603279692031001e-02
5.400001931682327783e-01
4.208463907082701100e-02
-3.228417153872496087e-02
2.240460965534055437e-01
2.121694511550764883e-01
-1.509083767453106573e-01
-4.106563846655489902e-01
4.853279981027079359e-01
2.321476180351667584e-01
3.411877053940149951e-01
2.604995414714372792e-01
2.445638468773659868e-01
3.398006354913009064e-01
-5.715542016472488496e-02
-1.256225287782001925e-02
1.803636308599917415e-01
-3.695935144472375054e-03
-7.297179261643035875e-02
8.653882235700301184e-02
9.017408411394521595e-02
-7.401140872145671457e-02
-1.087753493799156895e-01
-1.785348121939777377e-01
3.800339892338117642e-01
-7.287100744209678016e-01
-1.227523911602955257e-02
1.429517632216899536e-01
1.617639963597384545e-01
2.707003999859470822e-01
2.735837588729790326e-01
-2.804104195135257230e-02
3.925533506813573825e-01
2.643965306863123033e-01
1.370880744950990771e-01
4.076036736514347392e-01
-1.276058115218020872e-01
-8.615675354747158454e-02
-4.425965800461309496e-02
7.155993372863864166e-02
1.988556848218244258e-02
6.883714084665300270e-02
1.287103461836571761e-01
3.247031619660588064e-01
2.085249789951363619e-01
-1.357182526593249394e-01
5.189808166843701970e-02
6.249626309147968822e-02
-3.487378542900080453e-02
-5.247422430595246601e-01
3.908585469123983525e-01
-8.513238932742832332e-02
-1.673991626858032378e-01
1.221785793639121147e-02
3.031226234902305028e-01
3.438954590392284683e-01
-8.701091974123707773e-02
3.921737059829517869e-02
1.671419620441053633e-01
-4.034026192595595028e-01
1.006992461422199711e-02
1.132421230493790149e-01
3.822880425590391984e-01
2.296436379163191432e-01
3.571265495326074735e-01
2.444960971171056818e-01
2.864718672535426780e-01
6.026891549081355715e-01
3.850204811741205629e-02
-2.906398766833429570e-01
1.502016654882944724e-01
2.002096128481680726e-01
1.370334007365537066e-01
-5.947913447841078616e-02
1.776092535372618686e-01
1.005833414401160510e-02
-7.463271583145103527e-02
-1.561563877512421247e-02
6.973098661942606080e-02
-6.931117193033982382e-02
3.576912287033092580e-02
3.402825693711335892e-02
6.240780003861561703e-02
2.796104574503773671e-02
5.153777963266828466e-02
1.081995899997322402e-01
2.749839298987007130e-02
-7.459907767087700647e-02
-5.479518786604126862e-02
-4.739281627924517987e-02
3.400187986352987135e-02
-1.392274752822944550e-01
-1.411803788031388077e-02
-8.863975579980464545e-04
2.304247092316660250e-01
-1.776329145601199255e-01
2.341544128632207233e-01
-1.024273254577182796e-01
9.241744685513274271e-02
-6.121296716658652937e-01
1.962040860516755247e-01
4.266282790428266858e-01
2.442936419729348566e-02
1.554840793260839349e-01
1.135525993454298138e-01
1.007314771795741887e-01
5.510439798123607097e-02
-5.632348249880343438e-01
3.892382235011409564e-01
-2.563951362293082070e-01
2.290945696366143425e-01
1.041849517017243987e-01
1.987153879222920971e-01
-1.157332117014163025e-01
1.933682331358820838e-01
-4.619350001797127916e-03
2.933577847965086471e-01
-2.962504781511984819e-01
1.110592340106680564e-01
1.430907536789529089e-01
-2.751423050567737214e-02
-1.974467484140327578e-01
-9.903452109199618880e-02
1.928073245260895630e-01
-2.312216244502326296e-02
-1.952151354943710074e-02
-2.025266582091633516e-01
-3.321708868399229631e-01
5.148490230858265848e-01
2.287611274931727889e-01
2.753534305806908944e-01
-1.153749036892798702e-01
1.368266813642318447e-01
1.707526204216603394e-01
-5.391610757423547229e-01
-1.497624795208098158e-02
4.002640732055800371e-02
-1.255292401460249840e-01
-1.481443126471188865e-01
-1.872234185959773534e-01
-7.358169899457624175e-02
-1.794061495381699400e-01
1.205826467750192726e-01
8.852963022512196078e-02
-1.050950753426709190e-02
-1.506290211295710779e-01
4.137222165009915575e-01
-5.101639332896024809e-02
-2.140670661262804864e-01
2.833156463813624737e-01
8.121974403559591160e-02
-4.504315391842216715e-02
2.132401403488055347e-01
1.244066242303958362e-04
1.457127912237634326e-01
-1.333358804232765427e-01
3.136957089233270990e-01
-1.781758102113495945e-01
2.765959284524427408e-01
-4.568071770628131523e-01
4.676637297884716354e-02
-4.508366514306313411e-01
4.358977921146962170e-02
-1.399241738164086757e-01
-1.970811289168970803e-02
8.582345334840055240e-02
1.408198943475487686e-01
-3.473715776753714263e-02
-8.966001192838377043e-02
-9.233040783845612720e-02
-2.921204451501872579e-01
4.201262502729775916e-02
-1.460429950078957761e-01
1.821320646067799143e-01
-4.474141245133602535e-02
-3.448931054865830154e-02
-1.108751892559857455e-01
1.334648207630229344e-01
2.092131531809798828e-02
1.950604238530173895e-01
-3.335694176054151416e-01
-3.799142865824186588e-01
-1.072235083282978840e-01
7.778230002440002233e-02
1.310610290070225725e-01
1.132789576868204195e-01
-3.577286215674864711e-01
-1.749354592546980280e-01
-6.248169315529555207e-02
8.850187418568042363e-02
-5.648333407995016764e-02
1.853311522557113677e-01
-2.425914711125927159e-01
3.054948678378965332e-01
-6.449519900457843791e-02
-2.778701923126455919e-01
-4.566004618121984743e-02
1.984075188475467044e-01
-4.910038507935881591e-01
-8.199986871146566769e-02
-2.788022852392982864e-01
-1.064605839980536095e-01
-1.040281235751004812e-01
-1.019153127582646534e-01
5.419678558740975705e-01
3.430198285953082737e-01
-2.010148144733988063e-01
3.386554074950629857e-03
6.454300069597374012e-01
3.854805977745218715e-01
-1.052749156990374080e-01
8.327290804371098587e-02
4.038436916754371553e-01
-2.647981730095182451e-01
7.552566852588186996e-02
-3.548778395817344007e-03
4.746544666062581519e-01
-7.766680625409060068e-02
2.708229758934748710e-01
1.857295843612824515e-01
4.753355583728245404e-01
-1.836711782858323075e-03
1.100487916488332024e-01
-3.194116561928195958e-02
8.478438630438188406e-02
1.663826891512589223e-01
-3.097434511512502930e-01
3.773170153869018217e-01
-4.453189613427441240e-02
2.623377565244006671e-01
-2.340982232795701112e-01
-2.587744849454159946e-02
-1.556058784226016789e-01
2.887648948779652502e-01
-2.659961164730083039e-01
-2.386590700299264234e-01
-7.896332920974770408e-02
-2.347221652724764407e-01
1.005570336003411419e-01
-1.617078550241498880e-01
-1.809401663330429191e-02
-2.771469917508714298e-01
-1.181974617159217283e-01
2.418000962430414680e-01
-1.166746152953200000e-01
-2.946904856229893843e-01
-7.222032306935186226e-03
-2.422146092723882482e-01
1.007506657554886331e-01
-8.583245667627113773e-02
1.550813664774695032e-02
-1.100637000686232186e-01
2.645336159336261206e-01
3.045501541673718005e-01
-8.311881635441158156e-02
-1.309223751624738648e-02
1.892652447396138415e-01
3.009157955629670478e-01
-3.255767985918808227e-01
-2.540802415471536332e-02
-2.237726184256615403e-01
2.582259283181428389e-01
2.503114268077955562e-01
-1.855928369175651460e-01
-2.018962912780729591e-01
1.807381389720123105e-02
-1.778979743973445049e-01
6.963614381056891511e-02
-2.161794014545511677e-01
-2.960318525825774705e-01
-3.142967735185318023e-01
-1.372639733051781441e-01
-2.970164801632473872e-01
9.445511571604798401e-03
2.860832261906929783e-02
-3.521418015544669489e-01
-1.412314888501190781e-02
2.698457845900621432e-01
1.449924394840991781e-01
-1.142519978074756637e-01
7.913634291808946397e-02
-5.902876743482331906e-02
1.503195498546683676e-03
2.540396650406743229e-01
-1.630557326409259322e-01
-7.477574156392369220e-02
-1.193185809429213734e-01
-2.539696009515872155e-01
1.786006370781197949e-01
-1.079921422017857124e-01
3.167942885847150891e-01
5.296246425822823817e-02
2.085618504288928310e-01
-2.279438057931852113e-01
2.053678730893025162e-01
-2.510279534403989654e-01
6.911146839566269240e-02
-3.129700840037893950e-01
-2.657007840880046823e-01
3.553357081734375561e-02
1.187157644058062372e-01
2.533035812282379284e-01
1.348375203728946203e-01
-2.158537130677185834e-01
-4.696442872490030895e-02
4.801204482918199901e-01
-5.829559188540930914e-02
-2.226266326053158995e-01
5.032219754111683790e-02
-5.065987628590312708e-01
3.204485108356712186e-01
-8.760835097173744201e-02
-2.540609420067440616e-01
2.190880546346723745e-01
1.122199597457383957e-01
-5.375613947705933787e-02
2.066671396199181998e-01
7.086853774892802604e-02
2.436199861516666898e-01
1.765878705128653692e-01
1.147433918099000638e-01
-2.832044526679135601e-02
-1.789303418884066743e-01
6.216037560371043269e-02
-2.015169859512548900e-01
-6.634443731434372382e-02
-1.085634882160791265e-01
-1.418209139524090612e-01
4.132197986081275615e-02
2.638151012183232447e-01
-7.910170465036575616e-02
1.268092823470879649e-01
-8.275356002230567498e-02
-2.364544744431991974e-01
2.864202847100184024e-01
-3.470082586187215878e-01
5.826770965627616622e-02
-6.765726649493199185e-02
8.920136517492156802e-02
-3.786084733337980457e-01
1.618588148210979918e-02
-9.833204172781057160e-04
1.771403000160359786e-01
-1.260625552659962734e-01
-2.566830817113201491e-01
2.793938441733989642e-01
1.538672524986346712e-01
-3.995140239671233773e-01
1.401193497529572805e-02
1.240571974230672420e-01
-2.632437141320972396e-01
1.200208321136296379e-02
-4.617375026903776380e-02
2.257981468831367078e-01
-1.348235516848605153e-01
-2.934134247013034380e-01
-2.413833976729998498e-01
-2.056337619653902105e-01
-1.086515335108994146e-01
1.155725617093326663e-01
-1.867973435822614658e-01
2.694921772007972671e-01
9.472118255944862730e-02
-1.382153173027463877e-01
1.578659579808135982e-01
2.180847565293813073e-01
-1.804093128262450052e-01
2.957911241636632105e-01
4.881189482572574345e-01
-8.930754959684629457e-02
-1.431507783305938086e-02
4.080467622014041784e-01
5.469226215828891791e-01
-2.254638272229116669e-01
-5.581764052783080854e-02
-1.544892080717335525e-01
-1.365519301905654681e-01
-3.979682066326064444e-02
2.223376507672406854e-01
-1.817435457105730234e-01
-2.533334489117123334e-01
-1.840726421271017543e-01
4.564126397234860577e-01
-1.795428726146005016e-01
1.361904249867726402e-01
-2.958928044248960165e-01
-1.506340734848737595e-01
-1.295610018985566547e-01
7.298520905014960203e-02
-1.142459110860965660e-01
-2.281153821750633165e-02
-6.796041534941127393e-02
4.646807081129803590e-02
-1.178841671193877755e-01
-1.635506042355204248e-01
7.058949367568824462e-02
-1.134100850279587541e-01
1.227011372694097463e-01
-4.222227031874496439e-01
-8.621647777769242404e-02
-2.397384803557823518e-01
-1.065484974518860345e-01
4.206876372199387371e-01
-7.447526950563047032e-01
-4.028290731144851602e-03
-5.116558527806979589e-02
-7.119011681575700135e-02
-3.811958859164256697e-01
-2.444293911753110393e-01
-4.753954251976293122e-02
-7.514573595396782657e-02
4.356323954869609771e-01
-1.169859939703127294e-01
1.991380064877573963e-01
-1.775003050323901987e-01
-1.995350533078620592e-01
-1.593077164895602971e-01
-1.448392331661865207e-01
2.016398291065596704e-01
-7.177901258600287437e-03
1.539365404132924699e-02
1.308666024452721788e-01
-2.731511055134644428e-01
3.935151116263827520e-01
2.050376298029029376e-01
2.553969828787774898e-01
-1.977322667929470867e-01
2.923618979288179764e-02
-3.461031208698742700e-01
9.494007440030901093e-03
3.907668981106871692e-02
-3.491780206614813475e-01
-6.688348965855426265e-01
-5.942669189746817987e-02
2.755945374229131217e-01
-1.671128684639629491e-01
8.773204993469489732e-02
1.005835346981008294e-01
-2.083410525314229739e-02
-3.806886565772497066e-01
-2.785396751803370652e-01
-1.940123182618403441e-01
2.792966774599532354e-01
-1.222256048672129836e-01
-1.741968182822087874e-01
-1.174116091711374377e-01
3.082463568655878783e-01
2.198574266976335012e-01
1.547141088157212574e-01
1.251273334397125514e-01
5.269171297038285351e-01
-2.287891219874523818e-01
1.954054832532356178e-01
5.465388967778841284e-03
1.170387899576731533e-01
5.344603394836682231e-01
-2.955295559630471414e-01
2.893292380332621039e-02
3.158452033592020758e-01
-4.970802106444945911e-01
-1.711311536664234800e-01
1.675148893294486343e-03
3.784454781472353872e-03
-1.305657810702710864e-02
-2.863078110503068929e-01
-8.880527776131535989e-02
3.292153985111776621e-02
-8.042282755462926147e-02
-1.977142746690048747e-01
1.889241171436958217e-02
1.539124575798534421e-02
4.921615860923559405e-01
1.692961686400681065e-01
-7.389421465487730489e-02
-3.348258049443347817e-01
5.028105198019794386e-01
3.931344324992568917e-01
1.682269983460278617e-01
2.319043978262367300e-01
-4.035461745742309203e-01
5.047623349988410862e-02
4.861880488003275658e-01
-2.825009610036536833e-01
4.589171680433152267e-01
2.436370033599747076e-01
2.239223153137048505e-01
-2.655785918237088278e-03
-2.988670317524136921e-01
8.626391591560347849e-02
-2.948916619401770189e-02
1.861592489231431169e-01
-3.116069857933386755e-01
1.180580749026196585e-01
5.022870627360417339e-01
7.067912553464519854e-02
9.608902901150125769e-03
7.966494468974570642e-02
-9.006642330405021518e-03
5.497832594337913326e-02
1.740083511024838325e-01
-5.033550832688486049e-02
1.765524071415727064e-02
-6.625655108728113751e-02
4.974322653952829160e-02
-2.528350644407094047e-02
3.885443941119694038e-04
1.252813931578464039e-02
-5.621740189906724444e-02
-4.955699763386882395e-02
-6.802126650357610826e-02
-8.825231467305547084e-02
6.179572654458344999e-02
2.664913489017551370e-03
-1.244146823841173026e-02
-1.148328536382980415e-02
5.105712474290720337e-02
-3.380129080937231967e-01
-2.284392064349756168e-01
2.096704039788511997e-01
-2.642312003425664746e-02
-4.207847143833050585e-01
-1.422408521304411866e-01
-4.818901053535151746e-02
1.416859173100978586e-01
-1.398983960621441765e-02
-2.092779936234353266e-01
-1.758671801192429884e-01
-2.482222726321680617e-01
-1.107101751618985441e-01
2.088826331685233184e-01
-1.357957401139306686e-01
4.182364573450643441e-02
4.033092937029869041e-01
-6.483622478364238495e-02
-1.080089655821571404e-01
1.842709910876898227e-01
1.745780863080194922e-01
1.133997422053577286e-02
-2.651654328549891138e-01
9.349660526851907849e-02
2.189176408640064742e-01
1.482044573910271668e-01
-4.480760078109712330e-01
1.617746011848783805e-01
3.051457339523011014e-01
4.049749973697326366e-01
4.216720846657423527e-01
2.189839812760689675e-01
8.276749636825063428e-02
1.757502953756461817e-01
-2.673909020396105299e-02
1.348763499102650920e-01
-3.465768105414917394e-02
9.733334765100980224e-02
-1.474931205817079372e-01
5.977231333272906566e-01
4.159552689392892466e-01
-8.089352461155460694e-02
-2.742836647872751860e-02
-5.489893097162543839e-02
5.219449300172661621e-01
-3.229441264119760624e-01
1.871096406909302512e-01
8.492746724105952605e-02
2.541158970300567699e-01
1.456054939867280629e-01
-1.063596012205779845e-01
3.142730723842807605e-01
2.256277063987159326e-01
-2.621815660962916184e-01
1.438615999884990670e-01
-1.843328563221951766e-01
-7.037155155426517705e-01
6.190424722802995161e-02
-1.860578804924432061e-01
2.699689184269223399e-02
3.457945818822643069e-01
-8.289868540673241137e-02
-2.787008678035737819e-01
9.787575020803801484e-02
-3.131991300959336977e-01
2.412206318352167478e-01
-1.971944979708171453e-01
5.832518055378151101e-02
-9.131738682249865291e-02
-1.459489260210862782e-01
1.110501040161166880e-01
1.245431728067094984e-01
-2.012297242834300282e-01
8.250165083202082306e-02
1.891776073322587459e-01
1.184742033955945156e-01
-2.972423967017964741e-01
-8.482526362437392553e-02
1.254426745259428488e-01
2.421080123582337040e-01
1.582070543813584307e-01
-5.173312034926260683e-01
-1.413429879150273627e-01
6.667228090659958750e-02
4.047672619192904109e-01
-1.805192544898549800e-01
2.815858644039686554e-01
5.425698428146317198e-01
-2.686973274225731290e-01
-5.948478699062243608e-02
-1.099273390115720617e-01
4.106444740535393212e-01
-2.107387201738746552e-01
-2.358459554993637686e-01
-6.171374005315235362e-02
-5.171196958453221776e-02
-2.727565052133729684e-01
-9.164571819947971154e-02
1.449463026571198299e-01
3.820345745269242421e-01
2.058638657812918438e-01
1.667634839141197978e-01
-1.786497640587697000e-01
-2.347234500575475502e-01
1.291864714833560190e-01
-1.211911092148665048e-01
-1.085051981933711912e-01
2.351125435885977749e-02
-9.407304789555785696e-02
4.837800778782900407e-02
-2.940925452039645505e-01
1.660215570484701864e-01
-3.265057765211508145e-01
3.222865952049154825e-01
8.260882521895482333e-02
5.308208393924802593e-01
3.056380362378304308e-02
-2.457097478330066975e-02
-1.798356263473160910e-01
-7.321163725736372363e-02
2.543398928023004602e-01
1.492707115910824889e-01
-2.044586370537294223e-02
5.360923576538272062e-02
3.696191819380605786e-02
3.764881130944939813e-01
-2.609083371673479590e-01
1.037171280629538700e-01
-1.330846240254470181e-01
4.855208209760503157e-01
-3.658815929346005968e-01
3.934240298145318948e-01
-1.455395056754306415e-01
4.467012773834916350e-01
1.554792873524561136e-01
3.718481214526066919e-02
3.415662977875786877e-01
-1.510317777438136000e-01
-8.924780791736079688e-02
3.245895640590891751e-01
5.095032028422417925e-02
-9.750399374725002635e-03
-3.125627509293123496e-01
3.743397206105206210e-01
1.239769104358601493e-01
1.284625959347909518e-01
1.314824786331068585e-01
-1.742661169146329236e-01
-2.198875318645325816e-01
-1.458489513492071121e-01
-3.327595389142839477e-01
-4.453039411404851600e-01
3.132356083388637136e-01
1.080443316561678496e-01
4.699793759359063849e-02
-2.993959684746407279e-01
-1.188348021471125927e-02
3.439845421456725894e-01
4.476700578468801456e-02
-8.363189194468990950e-02
2.508427849150701716e-01
-4.633811602303217203e-02
2.406404028642514514e-01
-2.373435783555324363e-01
3.309430610021158459e-01
-2.436113864384516214e-01
-1.097862942355939085e-02
-3.562894948829231634e-01
6.825655654307818954e-02
2.049162197960806842e-01
1.098426927017870647e-01
1.072067010569209555e-01
-3.899831960926808394e-02
3.895789169064656221e-02
-1.411491879747659439e-01
-2.440858269218215693e-01
2.244046293908057710e-01
-5.207835053386394852e-02
1.615082172849039710e-01
-2.140611083255952035e-02
1.768075948219987037e-01
-5.150332066599867809e-02
4.841456941709349482e-01
1.456591148140374582e-02
3.198794771479523957e-01
3.041040595973310556e-01
-2.037247182732496165e-01
-1.656299533052835865e-02
-2.131842605220157227e-01
-7.510976316172297829e-02
1.694363990014811916e-01
-1.314363888775540445e-01
-6.422929223454376668e-02
7.085525369902623272e-02
2.204327449247135695e-01
-3.571575885915630466e-01
-2.680801651126432095e-01
-8.487802277522962791e-02
-2.435405535822192102e-01
6.966925219020111970e-02
8.366648573306642578e-02
6.206921800606959166e-02
-4.023985148272425649e-02
-1.084001757976855579e-01
-2.240348206729809166e-01
-2.408094746642766848e-01
1.290543354865756054e-01
-1.852979659062242018e-02
-1.592349085564523370e-02
-1.553545795730691681e-01
6.117466092098806929e-02
-1.178232752493160174e-01
3.058683785223317297e-01
3.251057697946831970e-01
1.691091480191875274e-02
1.473964215965634927e-01
1.601123124552892019e-01
-4.135194634469537694e-02
-1.159256835009715991e-01
1.523961221215204553e-01
-1.425756875489882503e-01
-2.735661917035511204e-01
1.279768478669056631e-01
3.725454339382582719e-02
1.503462909785992785e-01
8.563998200624166335e-02
1.702496921048054224e-01
-1.547043648465228349e-01
-1.865042074090423330e-01
-1.512185724214636096e-01
-1.035750707671259790e-01
-7.232615149498334839e-01
3.291976987107769204e-01
-2.470413699764525128e-01
-1.383297656798768704e-01
2.578858050788974121e-01
4.686732858343145569e-03
-4.387699262806452061e-01
5.376269576759103164e-02
7.007153129772727418e-01
2.693619409907885287e-01
4.473203389906685312e-02
-1.769943265616995276e-01
5.270609675738735511e-02
7.998927018885475249e-02
-1.093555805167541195e-02
-7.984518460434951448e-02
-1.118687742041784942e-02
7.539067326122773915e-02
-9.872730311390207070e-02
-1.351264563615691729e-02
-4.084360085762449577e-01
1.602466996484929462e-01
1.689461550867789874e-01
-1.317142909666571549e-01
9.050250692328085100e-02
1.476533951802251332e-01
-1.129283873770973445e-01
1.318569468586560101e-01
-7.942100234446290707e-02
-4.761813206893304729e-02
8.659365909386372573e-02
-3.512809923812080792e-01
7.637991561335684410e-02
-2.000397607541986866e-01
6.865204051938875174e-02
-5.013314788245261111e-01
-1.353594520321049210e-01
-1.225515120674678105e-01
-2.041067408743728606e-01
4.414222978468045899e-01
1.645852823335456072e-01
-1.586316934666251177e-01
-1.088627156018500269e-01
2.999553639300575267e-02
4.444056261952719078e-01
3.359205760542964270e-01
-1.649221845393852026e-01
-2.583124019955642114e-01
2.351432226613874889e-03
-4.869911995513878655e-01
5.983176693924380229e-01
3.943323375310489598e-01
4.859698479028549678e-01
1.747556000411599753e-01
-1.311044932076987357e-01
1.264134801680250331e-01
-4.549468072232744076e-01
1.123598947614315030e-01
5.652825339899146817e-01
-4.655927845177082469e-01
-2.829480741270291588e-01
2.870200628017451905e-01
-2.590457124158491720e-01
4.291289607639522941e-01
1.052749875403727886e-01
3.304736508435596187e-01
2.105238183264739882e-01
3.472627763161649228e-01
-1.485507806697206334e-01
1.955893203498768884e-01
2.304709635530607093e-01
-4.198481257818379442e-01
8.183700505601787783e-04
-7.881817135598029322e-02
-1.944020420859385312e-01
-1.695077967617681924e-01
2.108274926850002284e-01
-7.468789786382830365e-02
-1.318141770205364105e-01
-1.113746796947371748e-01
1.436306708324230630e-01
2.659860784495779451e-01
9.427376957003913427e-02
-1.583793025996954873e-01
1.626079449232756546e-01
-1.255697430836644757e-01
2.066890720152399497e-01
2.589135224070859276e-01
7.664239790605249791e-02
-6.853952845931703987e-03
1.131702842651874097e-01
3.386269689900913149e-01
-3.578528122953130719e-01
1.280328091901515586e-01
2.667676299273168961e-01
-2.208716135861280017e-01
-2.790233109493053254e-01
-2.515343549195551698e-01
-3.046933904566047624e-01
-1.978354529911420523e-01
-8.576837846697321632e-02
-1.212940235737996614e-01
2.093118103670001673e-01
-1.371038609784164530e-01
2.323657712868606451e-01
9.766402254089040502e-02
1.148599431467637322e-01
-4.471647393595629648e-03
-4.724878666849842146e-01
-3.583307241834358114e-01
-2.053670386761501793e-03
-4.861823507413970957e-01
-5.391896853990225946e-02
2.380872335451312827e-01
3.877088289331317994e-01
1.295357013715430494e-01
-1.377108222425128536e-01
8.449208946394956565e-02
8.862555258205809250e-02
1.164216282747945475e-01
-1.103452491234237776e-01
-2.302326623123288341e-01
-5.077054281362914506e-02
-1.413737344905179744e-02
3.317258991265195633e-01
-2.832873232636628491e-01
-2.463527220914536187e-01
-1.669605204748385308e-01
-8.296613570807498395e-02
-3.945548804551649719e-02
2.081275848152624730e-01
2.188003966602924955e-02
2.831986183045195338e-01
-1.934068191457586627e-01
2.146544347172076039e-01
8.504563794556380119e-02
7.914116725831238375e-02
-6.794907107918567168e-02
-1.371446447399878588e-01
-2.880611753425147969e-01
-1.474480533304843022e-01
-2.039103359299939688e-01
1.296292803365955704e-01
-2.872586809736095703e-01
-1.172097780690983387e-01
-3.667678253199524452e-02
2.461248338993344276e-01
3.512706353652431113e-01
2.145815561150425932e-01
1.843599896354791712e-01
-2.256095870044905471e-01
-3.282963241677162025e-01
-3.469330272454872882e-02
1.455247121189967054e-02
1.423385154545483700e-01
1.927715022107603093e-01
-1.704810949603971504e-01
4.533615794979393709e-01
-2.171907755862487188e-01
-4.439173730980564003e-02
1.719448101499080339e-01
2.462438787439650001e-01
1.271578963767144022e-01
6.501918185109464843e-02
-1.801289750524867617e-02
1.438383228923591495e-01
2.174265683424969620e-01
-2.301526117337128127e-02
-4.175764015475019915e-03
-2.984555033396920146e-02
-5.824964979394546549e-02
-2.754145649523501854e-02
-5.780646081631541505e-02
-6.325718012404893398e-02
6.483282064670652448e-03
8.596690053263635056e-02
1.333546949260745740e-01
4.558667780758345056e-02
4.085568047343355463e-02
2.731201238461404557e-02
-1.302737357426765330e-01
-7.749108678919085225e-02
1.137157006175641520e-02
7.419637239107078515e-03
-1.075491783845847760e-01
-1.411707641391748286e-02
2.652132727373082352e-02
2.699307374807263793e-01
-2.073328035268387493e-02
9.541287317338373319e-02
-1.450062065019720736e-01
1.178272900305022131e-01
-7.019656342883014155e-02
5.145479170691966142e-02
3.260390090410724140e-01
4.189158759582349845e-01
-3.045407394321717615e-02
-3.481527667370010182e-02
1.237813899608350698e-01
1.030765017150037099e-01
-4.474732890682537878e-01
-6.767188366679167955e-02
-5.894509407648498150e-02
-2.538789002396972805e-01
6.728400092934383458e-02
1.072398313818704318e-01
1.133121540781707598e-01
1.544057517073546826e-01
1.216069752390157126e-02
2.292384334786016220e-01
7.184851722594519374e-02
2.897866279242004572e-01
-6.538487272839016429e-02
1.213243503246455579e-01
-2.299213104247600226e-01
1.919472720617531811e-02
-2.645003851561472663e-01
-4.552875115313820276e-02
-3.525881951751193288e-02
-4.606462912284100403e-02
2.314162722853195520e-01
2.634954010495979201e-02
-2.519516919004129440e-01
-1.727541732493165505e-01
1.296014744197509228e-01
-5.397451297113572410e-01
-1.810493620485673430e-02
1.301504398682622188e-01
1.537984094061859916e-02
2.692965034736477525e-01
-1.699439017190455259e-01
1.040010122919936553e-01
2.965462565975820475e-01
1.008496782332708730e-01
-6.284551807061912188e-01
-6.138501664082682968e-02
-3.729425915549459680e-01
-2.511357496082348151e-01
-1.323373823384996206e-01
3.064411150276706922e-02
-2.093632882673024109e-01
4.329303865217304925e-01
2.507606547289317062e-02
-1.477848179533772510e-01
3.040639392275936576e-02
-1.119968914373919711e-01
-3.695190237594665750e-02
1.505102123822645577e-01
1.142478986441739230e-01
-3.981870942075519532e-02
-8.558620361339533411e-02
8.784388759106072364e-02
-3.841947191110522963e-01
-5.700618878945689083e-01
3.890060809201102698e-02
2.373254339179372285e-01
-5.021527848159573065e-02
2.901760985315821606e-01
-1.924761154811189812e-01
1.817579335986442557e-01
-5.856796665603600932e-02
-8.749571674916872593e-05
-2.313401688750972851e-01
-2.579795971801169818e-01
4.496855396538324695e-02
-2.193573946698657573e-01
-3.939002920262124618e-01
-4.330984221820212698e-01
5.625792732831581128e-03
3.647664532232710588e-01
-2.454063331902320844e-01
-6.222941238138862685e-02
-9.720395189737503217e-02
-2.570896610682990024e-01
-3.308882545636103178e-01
-1.817285844235193015e-01
1.768965573471245264e-02
1.741126695416192749e-01
-1.887976983825805921e-01
1.860151784534382624e-01
3.886771107254967106e-01
9.241069504670219870e-02
5.080571897218358890e-01
1.486361708850004459e-01
2.891757400236014824e-02
3.573572251386666343e-01
-2.390200897399765434e-01
-1.727638641267529307e-01
3.199599953266599184e-01
-9.570780767289779889e-02
-1.803316421184167351e-02
-1.262594817561939753e-01
-2.701681298194372194e-01
2.557184191044719473e-02
-2.085536957310251960e-01
1.157196762774938409e-01
-6.529714413549719820e-02
8.867304532380913817e-02
-3.130828033690749024e-01
-2.668071605273774835e-02
-1.944900254452041066e-01
-2.541813635760969969e-01
-1.725057592056120082e-01
3.414021578982731620e-01
-8.770391518871828093e-03
4.968570912670713241e-02
-4.166745139598738157e-01
4.574751149618128121e-02
1.320008411718467667e-01
1.990286217323937734e-01
1.229946607984998691e-01
2.051890923578578857e-02
-1.260639584685277759e-01
1.320991805567117150e-01
6.644627214544815419e-02
-2.684440085645997121e-01
-3.562433004106221879e-02
3.141906609728214450e-01
3.536562486429593588e-01
1.002154113537621072e-01
-1.072778972912758963e-02
-1.638882976271447411e-01
-1.701947281407482915e-01
-2.498897082593498631e-01
2.732402380205588635e-02
2.166219115457686945e-02
-1.081261078134707759e-01
2.092419333871251841e-01
2.130157598154477083e-01
1.219647136727704251e-01
4.381867112207830234e-02
-6.802493332820315486e-02
-6.350136971423758769e-02
-9.849334702124169783e-02
3.356858179381065621e-02
1.347362778727893562e-01
-2.713769072208532251e-01
3.903544262208610283e-01
-5.038460977585913492e-01
-5.036751187476834479e-01
1.738556552504290087e-01
8.163157781600283158e-02
4.607261404361863710e-01
3.051596779413593974e-01
-1.628447188413381652e-01
-1.372986695399890655e-01
-1.005531942085281273e-02
1.537678468440332458e-01
1.636302255537724626e-01
-1.935730356326267887e-01
7.964689771661588591e-02
2.322526342363883875e-02
4.091207004903815725e-01
3.455015599528440950e-01
-1.157674256314509056e-02
-4.049746845348409230e-01
-5.254836559454515443e-01
-3.787407300289170886e-02
-1.671853772508437030e-01
2.544380784847153909e-01
4.499447287283709351e-01
1.740440891412243785e-01
2.768392227246342374e-01
-1.998263909100294611e-01
-2.050265111741075286e-01
-1.251760798963239274e-01
1.806570778092499510e-02
1.169204495335173094e-01
4.223412164862384022e-01
-1.706435319694867003e-01
-4.315405607992856551e-01
2.559268381912280232e-01
-5.389117250280456989e-02
-2.108940611422009115e-01
-6.990862554337685941e-02
1.179131229886977578e-01
-1.888370476742133597e-01
2.990790221137297200e-01
5.766289343867278538e-02
-2.229197113781766493e-01
1.604916285712011947e-01
3.697137615754914064e-01
-5.373737414957791003e-01
7.350620855215318772e-02
-3.688645522043876857e-01
1.708424018099453934e-02
-5.063484447592959958e-02
2.001514165670150933e-02
1.780348372873023777e-01
1.061742940018030462e-01
2.921787610335506713e-01
1.268394233868306090e-02
2.006922689764898682e-01
1.331481153066397249e-01
-3.825140926971634658e-01
1.389050070270672621e-01
-4.053482028538955007e-01
1.555100561609018273e-01
3.231389010588086030e-01
-1.731632766651462207e-01
-3.337059695804518444e-01
4.133617814241358213e-02
8.667904119418246012e-02
-9.214801182349360853e-02
1.314443461877840558e-01
2.055252640544469669e-02
2.346664646170420754e-01
4.394356302550375681e-01
2.327486019968993680e-01
1.643280511338516547e-01
-1.400143416012430420e-01
-1.205413707444300681e-01
2.948052083350259991e-02
-4.174801173113258657e-02
-7.484380206822878467e-02
8.695532806008124393e-02
1.041034092337710798e-01
1.247811500738102153e-01
-4.028404066805196804e-01
1.927230132685380237e-01
2.071641225148418697e-01
-3.821831787501844824e-01
5.587833897099702130e-01
2.275073890857634007e-01
-2.570767428026721757e-01
1.613930628092603500e-02
2.502481035428092970e-01
-2.197582303885928789e-01
1.268378949487535268e-01
1.724594541955092389e-02
-1.793311805977094442e-01
-1.332883207053935648e-01
-3.412887277411649073e-02
5.260624088000703108e-02
5.191361528402536063e-01
-5.631074703732009967e-02
1.153478480358374053e-01
-8.903883918094004490e-04
-2.356042070088880391e-01
-3.676419089507974580e-01
-1.588234414720908483e-01
1.386771727929987097e-01
-1.418711747024854197e-01
-8.171027543088371647e-02
-1.937671798068851814e-02
-3.123148168211930392e-02
4.507057077725555305e-01
-4.057669365933803257e-02
-7.844437014046846957e-02
-1.182545614416998236e-01
3.006657376157389483e-01
-5.010605847566836080e-02
8.550876936896002756e-02
8.668747164828033425e-02
3.301264130408049224e-01
-2.926126711926399504e-01
-8.873480590288712611e-02
-1.679956877980646468e-01
1.001830075384528840e-01
7.174726697949997123e-02
-2.651514105556856959e-01
-1.102401499508857269e-02
2.130263487947069712e-01
5.003520797268518061e-01
7.637580451527707648e-02
5.901865582786182396e-02
2.402519316946232497e-01
2.345230979227128643e-01
2.651734870264660718e-02
-8.252071640787499163e-02
5.962761716430314612e-04
1.229686993944552192e-01
1.880342554435311397e-01
1.339694808908643564e-01
-2.436266676952182075e-01
-8.504234266987724389e-02
2.835251955368581767e-01
4.503413015555326471e-01
-3.132148439398660389e-01
1.920885723587123783e-01
1.105522418385769950e-01
-3.698903239849446467e-01
4.887394996353498083e-02
2.701919229897620234e-01
2.258495445565212589e-01
1.802471243690662028e-02
1.835914289003127142e-01
1.084997167324824735e-01
1.876543095974461395e-01
-2.071787751259822619e-01
-4.012934163456387954e-02
9.876108690755934852e-03
-1.740515516677828330e-03
-1.040400531299666143e-01
-2.033417046692264918e-01
-4.613619497713037365e-01
-1.167684421289358863e-02
4.568219334534416587e-02
1.560356803786164259e-01
2.564914901148642179e-01
-1.015901810422376733e-01
3.052619723590631676e-02
-1.654397092957972104e-01
2.874516063361956530e-02
2.353063267455743346e-01
9.516013176145731930e-03
1.644346279681511980e-01
-5.631654128458005865e-02
-5.483794666717661803e-02
-1.092363094542868895e-01
1.137080256743135537e-01
2.863827444981026926e-01
1.059778816834906490e-01
-1.034707220651068238e-01
1.683444182213599816e-01
-9.951214726814790190e-02
1.149625778942024376e-02
2.004517634901542000e-01
-5.687077885353249984e-01
1.703023147043335461e-01
2.893410122199398526e-01
6.520120388094080566e-02
-7.837742756804196020e-02
-1.130414870098940677e-01
-2.282909218911524391e-03
1.561695335453602840e-01
-1.088085470284326089e-01
-7.749148619838326646e-02
-4.046336165215548286e-01
-1.176786430223198676e-01
-2.641501204288006915e-02
-5.681494376827589399e-02
4.314223344353548262e-01
2.417234909707932922e-01
1.336787462791076166e-02
1.379481051133496783e-01
-5.497980098118472950e-03
6.295648008207489765e-02
1.877641880108655084e-02
-2.036511901863129193e-01
-3.133854599744495539e-01
7.795164771896548328e-02
-3.097537440446961401e-02
1.465164801246260085e-01
-1.307480216219524261e-01
3.120047697381430618e-01
-1.272436397744276804e-02
9.073669138365911269e-02
-5.268365927732303333e-02
-1.197258420133992139e-03
7.069377893445794037e-02
4.076792332475027147e-01
1.892451909835008161e-01
1.392440132244634476e-01
4.426158139632781485e-01
3.430051898207884253e-01
2.078985293670257417e-02
5.981195583204357291e-02
-3.314064114550450135e-01
-2.142328996260010054e-01
-6.096477240136045916e-03
-7.105065071204376137e-01
-1.949802055119206554e-02
2.411774621398220797e-01
1.901559189510202141e-01
-8.526428164726068681e-03
6.798224976454682322e-02
-1.560286244507539111e-01
6.728830275346549261e-02
-1.213561142849806651e-01
-2.247288711794750982e-01
4.852749601863929479e-02
-5.081347008683803623e-02
5.636336201163982818e-02
1.034045757838381735e-01
1.636660481255196031e-01
-1.968083711774990530e-01
-1.442479566898681731e-01
-1.358146262823836659e-01
2.743888673776325726e-01
3.938858621542007388e-01
-6.025866897673142625e-02
2.222012008585165788e-01
2.179230739341010969e-01
-1.917920479138983114e-01
3.707998681011836495e-01
-2.115884587779773840e-01
-1.788972192188789667e-02
5.331618665584671873e-02
-7.133772377964434086e-03
-7.637141181023513956e-03
4.068130604849164861e-02
-5.019117605209051647e-02
9.645731285677900876e-03
-2.272492422010958385e-02
-7.594528685116101567e-03
-3.508841548619343748e-02
3.871376040492135323e-02
3.526685754041056914e-02
2.531334203837843147e-02
5.653816615471402018e-02
1.480535683606639362e-02
-5.761100048820312061e-04
-3.117230361891795698e-02
-2.419776463757775456e-02
2.265713953302360764e-02
4.971125202249315755e-02
3.965436762137960515e-03
3.848367576323444283e-02
4.229604188788664287e-01
2.459457785494309212e-01
8.448945052825364288e-02
3.627517039138926369e-02
-1.739105111458404962e-01
2.955346988389434548e-01
-5.804642812274115604e-01
2.794317075127933925e-01
-5.539264252547099893e-02
6.320904275706232256e-02
1.868393802559769334e-01
-4.933827581296601483e-02
6.933302519143742662e-04
8.872618153113316641e-02
-2.501714098853971557e-01
6.043507770296282361e-02
5.688456541948345713e-01
1.447076266646396547e-01
2.395955193331270605e-01
-4.888792843926675347e-01
2.693076390649215557e-01
-3.369300150411802530e-02
-8.177102270609384882e-02
9.016954595806955797e-02
4.343356362617616789e-02
-3.335296779962941827e-01
-1.720356290972834268e-01
-4.187509117028176409e-01
-4.032094685507388032e-01
-2.484428821813182420e-01
-1.815335004197277946e-01
-9.853981154516835983e-02
-3.742381018294518163e-02
8.559100831483050509e-02
-1.082204371490985695e-01
2.028066687448993877e-01
-1.914911512758370737e-01
4.145134994088521818e-01
4.139068637141891244e-02
1.238143139952128588e-02
-1.104898889015269378e-03
-1.114997784097855743e-01
2.663320038962412734e-02
-1.748526447064399358e-01
-7.821514883673245933e-02
2.401769249035321241e-01
1.878188536059338665e-02
6.727810043205130486e-02
2.262116056935631059e-01
-3.975581264139669418e-02
6.546607614407828901e-02
2.003701438555884340e-01
-1.267868490269586680e-02
-6.668100134319117356e-02
4.571329668866153106e-02
-3.953444734718585679e-02
1.542781282674333676e-01
-3.678823629571699727e-01
2.752085382370230704e-01
1.010774128621371448e-01
-1.246936823489092246e-02
-2.832386043766461636e-01
2.985998908824834541e-01
-2.947515242694152549e-01
1.441299827837590197e-01
6.127826640238963340e-02
9.268166922522387552e-02
-2.587984593144071477e-01
2.447045777128181443e-01
-1.565879371710747481e-01
-1.798254700787199969e-02
5.328091895206993334e-02
4.734316655115247685e-02
-8.087418111432630174e-02
3.654855313760616009e-01
4.264254217159500759e-02
-1.252016016241179752e-01
9.817654692425428764e-02
2.565806070066587452e-01
-1.399623704876458152e-01
4.981414531950650176e-02
4.646712050021392648e-01
-6.496479448128106293e-01
-4.002042484846662918e-02
-1.300476511929266055e-01
-8.776834720126266975e-02
5.823190835049842085e-02
-2.972432646167834647e-01
-4.562676805952522313e-02
-2.000016259872260463e-02
1.919224764065289301e-01
1.289370320814402227e-01
-2.221014734352695918e-01
-8.602515312373254508e-02
1.282435323621989864e-01
-2.430342055496961251e-01
8.564525398166515646e-02
-1.434245195593437418e-02
1.579969857473420281e-01
4.658802091111954868e-01
3.542362244205792821e-01
-4.767758138915562105e-01
2.207057697000277263e-01
-1.956380888259267314e-01
1.689353187601115303e-01
1.894920807424984102e-02
2.398079853649889015e-01
2.369637396842088628e-01
5.286519765704431051e-02
2.205423213170751989e-02
-3.975780021140629811e-02
-1.336829359394518246e-01
-2.185412940741928989e-01
-5.081737455633658085e-01
9.806929903766765932e-02
9.869116435616304139e-02
3.969841367433419865e-01
2.919711497555181334e-01
-2.579825835026671177e-01
-3.010219968596593298e-02
4.313206309169944630e-01
1.791455785624367913e-01
-6.802203941742156201e-02
1.545040839866728133e-01
-4.619610754838245903e-01
-4.735132522519879331e-03
1.406852654408329018e-01
-1.416601971989811526e-01
-1.888238768395918421e-01
-4.039186452398529220e-02
5.800229760031406362e-02
2.098856148563597590e-01
-2.277935823085011913e-01
2.797753304113662076e-01
-5.156379578109762107e-01
1.641575902797681452e-01
2.885193933536796540e-01
-1.586286625562643160e-01
4.167165515263287351e-02
5.084047602090886048e-02
2.636532934795105532e-01
2.880123531465929587e-01
-1.871324048332772549e-01
-1.240282111722402353e-01
2.443306663337893037e-01
-7.606503954684111501e-02
4.907979755072366251e-02
7.364750562212812879e-02
1.540976336693135329e-01
-1.400542917903764562e-01
3.049719777039225366e-01
1.987428337306341719e-01
-2.565976622431229148e-01
-1.112446274756736936e-01
1.772408417187818497e-01
-2.171993928268508012e-01
-3.490323762971538901e-01
1.885922058359168207e-01
2.515966538441817835e-01
2.063510005759661425e-01
-9.629105638046996096e-02
2.650397864551433669e-01
-4.457597231391500353e-02
-3.029568705632061740e-03
-3.080911841112636274e-01
1.260399338267705616e-01
1.100983622823800828e-01
-7.164770970002689275e-03
-4.255070539731586887e-01
-1.172193630251386343e-02
-1.156698999196269367e-01
1.524142201490003012e-01
1.335094595085430935e-01
-6.872073979785287001e-02
5.954526496239403305e-02
-2.705720228156174162e-02
1.382445274290022841e-01
4.477588361705248099e-02
-1.496240992250780777e-01
1.007250944307983981e-01
-7.122595543045237565e-02
1.890895842606595901e-03
1.061123177101369469e-01
3.234335316626558154e-01
-3.775210603744357241e-01
3.893766707396422583e-02
-1.202057145512382130e-01
-3.053723856338128040e-01
1.917454496091954008e-01
-1.205636587515976216e-01
8.445198291646570377e-02
1.031334869697256990e-01
1.110280118206345562e-01
1.731956863585114581e-01
1.609311481636224173e-01
-5.533952196330688134e-02
5.725419189190882746e-02
6.956219651346944033e-02
-9.928215612738489071e-02
-2.920328754835446183e-01
1.113900187373733225e-01
-6.821900396638963526e-02
-1.795979961411230674e-01
-3.735827116116463564e-01
-9.455073833169802544e-02
-2.080701817664453723e-01
3.109033118611714275e-01
-1.921347018288169506e-01
-2.171888567157775896e-01
3.764474761805790548e-01
1.575274683866339231e-01
3.757918795610035861e-02
1.059195717992585800e-01
1.512651575675710014e-01
-3.351755898840286241e-01
1.202830996751023118e-01
-1.151875884341405365e-01
-7.781258011931507790e-02
-1.434529727713908243e-01
1.298663069659797553e-01
-3.468430701863633309e-02
-1.761063042713967644e-02
2.536716635897938166e-01
2.996466746264445646e-01
-1.163792195010738828e-01
-4.985766417942027323e-02
8.953996801022567897e-02
1.363796882682228595e-01
-2.936937420721990599e-01
-1.490127701386379788e-01
-4.239401350160535570e-02
6.607715680421311077e-02
7.875562191773703702e-03
1.143861377676418656e-01
1.290789209356506539e-01
-5.747421184488532564e-02
-3.346528850873896621e-01
4.029458080451679414e-01
5.975759847694168264e-02
-6.079298379358050869e-02
3.216861374130062790e-01
-2.304476266066005918e-01
8.179281641088251981e-03
-2.431472942699579032e-01
2.719442700596471640e-01
-1.560233839540868181e-02
3.717469298089935981e-01
1.537723526217594228e-01
-2.022840280960183923e-01
-6.745753705858582860e-02
-3.478268490240513655e-01
-9.492235711302232648e-02
-8.388253017043528076e-03
2.096363602571107154e-01
1.941185036695083910e-01
-2.162117152383254692e-01
-2.303973658828323556e-01
-2.784488366832321704e-01
-3.997358605225486694e-01
-5.711803116657783452e-02
1.240005560046222172e-02
2.250875983073209463e-01
2.816449224092681253e-02
3.590232673485548726e-02
-1.858316975603133137e-01
-2.964501269991517973e-02
-8.728219286740532268e-02
1.162515244826073518e-01
-1.476043321236620298e-01
9.907502029374481989e-02
2.201373171394082895e-01
-1.673705924185555916e-01
-2.613997502873634526e-01
-4.936671400302950624e-02
2.561921339350607396e-01
2.385750373223802234e-01
-4.260095458972068538e-01
-1.596231327357723051e-01
-1.804669209599202295e-01
2.579106231746818856e-01
7.921014430106575188e-02
4.654566278056736922e-02
1.445101632059354047e-01
5.176622931950788375e-01
-1.738015324602638079e-01
1.852551422912940560e-01
2.798211147742026006e-02
-4.577421282785245488e-02
-3.354475603981650900e-01
-2.584873822850304315e-01
-3.470468566393629384e-02
1.865663067217773474e-01
-3.722963866000545963e-01
3.379872731443128719e-01
-9.896369949209674055e-02
-9.470377142226751865e-02
-2.721001052497281081e-01
1.086373074434006103e-01
-9.024189942081228821e-02
6.996450480300077379e-02
-1.176610171706297669e-01
2.044203127410357812e-01
1.958950909078579009e-02
-7.486789123798284762e-02
4.441414021051362515e-02
6.257172192952724366e-02
9.563692572178297824e-02
-1.169840558268208652e-01
-1.015781920398648730e-01
-4.305404623616899853e-04
2.636599219861762156e-01
1.686797804630041919e-01
5.023369827231287665e-01
9.943391209065626998e-03
-3.152677066403786199e-01
1.107144221536936063e-01
-1.812667018879681735e-01
-2.328144346976192824e-01
1.758501069776563785e-01
1.403144859692488366e-01
1.104793959957828253e-01
-2.003373957358024204e-01
-2.889731571538549648e-01
-4.192741746605849890e-02
-1.821823926365505608e-01
2.828726981893132653e-01
-7.957135375680549766e-03
-9.852896482027723168e-03
-1.099694636237305706e-01
-5.789111112332404746e-02
7.335292013287712798e-02
-9.736000137144816546e-02
-7.575705544130348357e-02
4.731319487196681273e-01
-3.821736903774428096e-01
-2.386786327423267573e-01
-2.911800945262788543e-01
-9.489644161343564754e-02
-1.833112220515598079e-01
4.948625573635890285e-01
1.893574055280718149e-02
-1.854108007628641197e-01
1.642269474405772534e-01
4.848129123206221941e-02
-1.753624345004502205e-01
1.055374655223403763e-01
-1.968280575870594851e-01
-2.933232345127511076e-01
-1.170879684522770081e-01
-3.998226008963498002e-01
-3.922241833563785973e-01
1.949904315078678299e-02
2.074833690982718915e-01
-2.769823293053618185e-01
7.051179573616029976e-03
2.442007935962326737e-01
1.823977658187264927e-01
8.788245242184475337e-02
2.570786982126951337e-01
-8.926958076110191745e-04
-1.034481203388132736e-01
-3.441510471113811143e-01
-3.731543590417058659e-02
1.963379324442206530e-01
-1.071478025528821848e-01
-2.763947091202293982e-01
1.094957621108812729e-01
1.312289436297815470e-01
-3.500112679520469006e-01
3.666685789128951711e-01
1.454309296173147692e-01
3.991713505681467322e-01
1.594148677967351657e-01
-6.319635897719523276e-01
2.964321829711656364e-01
-1.457924713410434225e-01
-1.040276312601497721e-01
3.150706915004949371e-01
-1.580976024877186470e-01
-2.656312711029181206e-01
2.434466186633276463e-01
5.264875172505697337e-02
-1.419195799549699821e-01
-4.827684669633981046e-02
-2.322192270141274217e-01
2.917279949363337649e-02
-5.342206996304699196e-02
-3.158438640787241125e-01
2.130327608829246377e-01
2.321836423719823295e-01
1.267959142669491945e-01
-1.249926274658567094e-01
-8.730707609312111928e-02
-9.807220473943714656e-02
1.262440547480943864e-01
-3.109741482405291024e-01
6.262625742786674665e-02
-1.720589530706691239e-01
-8.938816362010073430e-03
-3.038931949508216074e-02
3.539520547901382069e-02
-1.668357856535441011e-02
1.964348276406402763e-02
6.473883883663386109e-03
2.883175868389495702e-02
4.049005666636413224e-03
8.184512372063147342e-03
2.349174557224720673e-03
-4.658006171214834103e-03
-1.073211212566454369e-03
3.814127337890697161e-02
9.452263676826697797e-03
2.787342182771695293e-02
-8.849614277362204823e-03
-2.123415710983581409e-02
4.119221791638739971e-02
-8.903842035382471265e-02
3.652097336880226388e-03
8.914682697833203884e-02
-1.329408654600878481e-01
6.198452354122745422e-01
4.454775130139259076e-01
-2.933913677475435966e-01
-1.811338690723265643e-01
-4.119602617720590221e-01
6.031362606040306662e-02
-1.802883684584780377e-01
1.529787335148246330e-01
-4.904826881638654074e-02
2.966860801989641347e-02
-2.905023178249707683e-01
-2.107013783473227764e-01
6.077573096456897472e-01
4.513964643986882741e-02
2.130191799517946738e-01
-2.169481631296680813e-01
-3.350724827193038435e-01
2.518680544179347502e-01
-7.988645493451380919e-02
