-1.568253384754732527e-01
1.623943382705304861e-01
1.450900706878144597e-01
-1.863154741436311712e-01
-2.398961878432502234e-02
1.377958866822851236e-01
-2.412968999087549138e-01
-4.680836466994959810e-01
-4.543010438566093545e-01
-5.501060939558021223e-01
-3.424745815711639496e-01
-9.351192870610293417e-02
-7.841557955645981348e-01
-3.801692740715677532e-01
-1.495703401577352376e-01
3.336048920919923999e-01
4.426795408601003068e-01
6.376192477927306035e-01
6.819251627429896712e-02
-5.718594579667102273e-01
-1.594281419660795729e-01
3.718552970654841888e-02
-3.793563737342704467e-01
-1.596744655795453716e-01
9.826085387602517818e-02
1.011979687937858280e-01
-1.295028523293249023e-01
-1.526884554323350573e-01
-2.270510200281058988e-01
-1.582563248381004539e-01
-1.231601712974912102e-03
-1.201342028641290416e-01
2.183443689552982611e-02
-3.212528348650000587e-01
-6.748313884532920748e-02
4.166487132157279012e-03
-1.756012910477975919e-01
-1.585675863694313847e-01
2.059016094315891665e-01
-2.449459364152260510e-01
-6.359433844044079520e-02
5.403654051404284397e-02
-3.374814002227331522e-01
-7.282594060435945704e-02
-5.110052260312879235e-02
-7.495909909055392846e-03
-8.318325290371239578e-02
-7.180265362333321244e-02
1.689212459571466651e-01
4.188785047448863319e-02
2.815019091745148416e-01
3.323846212462716609e-01
5.696125073508832015e-01
-1.267690235237878271e-01
6.947921642773184636e-02
3.336439641456233063e-01
-3.929024280697016036e-02
-1.756349483023955660e-02
-3.537858183522974570e-02
1.368048141101641246e-01
1.212524484129689079e-01
1.078983448338918932e-01
-2.048904321659717476e-01
4.232970225678245324e-01
-1.502920083169774212e-01
8.789380481672089129e-02
-3.917838000239961399e-02
-4.614516764182697434e-02
-4.816276413404669277e-01
-1.758637110272417148e-01
-3.641585459672370129e-01
-1.791724305791455099e-02
1.690723055611556905e-02
1.564030422650666552e-01
5.051627298791072640e-02
-6.403062973607494268e-02
1.169789929489377656e-01
-1.355849631418097334e-01
1.312256533142033277e-01
-1.914474573102501187e-01
-3.807942712640623867e-02
4.183782266995483834e-01
6.680871864078671285e-01
-1.154624166930198342e-01
1.076336720032274735e-01
3.709604574589953074e-01
-2.760674077067957199e-01
-1.640707639339132259e-02
5.590905579669434161e-02
1.420004259193626342e-02
-9.577392055732529552e-02
-8.183859015451305785e-02
-1.575976181223796846e-01
-7.662809940889464544e-02
1.173195620381387860e-01
-4.770431551363934486e-01
2.034574521637854405e-01
-3.782458544070601558e-01
-2.082028246353843648e-01
-5.662180334039463858e-01
2.751038386134166749e-02
3.708175279117812417e-01
1.420904199835358872e-01
2.426061405153499134e-02
-2.735329361548942753e-02
1.856349235688667040e-02
2.171258765797960955e-01
3.764560255929530475e-01
2.167230692609677101e-01
1.175157719048621451e-02
1.235234199140347461e-01
6.083858468941322900e-02
1.767604310157064873e-01
3.092425660604868898e-01
-1.808177062216119180e-01
6.612050802756745671e-02
2.221591232360106138e-01
-1.572171962368253406e-01
2.220003783221105031e-01
2.549377157104719682e-01
-1.204490194784203910e-01
-5.354862030667595363e-01
-1.546192338355938667e-01
1.402974195927488843e-01
-2.133158775394873030e-01
-2.572887642616982773e-01
5.422823282796404576e-02
1.340486796914753809e-01
3.232035104250696733e-01
-5.421760763093765728e-02
1.329924793703995411e-01
-1.560832178341760856e-01
-8.532360246178578855e-02
-3.752824811972370334e-02
-2.155789817802113151e-01
2.264915729336811900e-01
-1.891161588709311114e-01
4.469480850957714690e-02
2.714752194015794817e-01
2.604439117599072900e-02
-2.489856314355970435e-01
-3.711530915420373916e-02
-1.600797936642464484e-03
1.620852197698416097e-01
2.994863703295929658e-01
-3.282773533523897780e-01
4.018266801429082880e-01
1.444074489083584101e-01
4.296395486353025706e-01
-1.149077885768126500e-01
-1.604259485317049982e-01
-2.549147221540101205e-01
-9.381798709073760345e-02
8.051881028973147114e-02
1.542850478966513970e-02
6.604683127209298732e-02
8.630150572288988742e-02
2.243627193743087944e-01
-2.364614850102163823e-01
4.529781551251557681e-01
-4.060244053196793851e-02
8.063624891683789098e-02
4.541322916991451242e-02
2.719914595653633027e-01
-4.735156078811288832e-02
3.758993599480530134e-01
2.079718087708116447e-01
2.153845986724060510e-02
1.664469082076784900e-01
-2.862613050754136412e-01
1.157692995061772034e-01
3.413136378355066669e-02
-5.598288565784410170e-02
-1.761987625146662073e-01
5.834440544235693082e-02
-3.816692970761450532e-01
1.425539863780991567e-01
-9.267954578674229837e-02
-1.401881158580549624e-01
-8.359530746823166936e-02
-1.780525394295141006e-01
1.441999727519458208e-01
-2.490709996988580421e-01
7.924298237839796921e-02
-2.370624495308608359e-01
-9.487297837812587453e-02
2.004999915581547609e-01
-2.086435388564713833e-01
7.985559752358620256e-02
5.249411294670824901e-01
-1.453049104711008344e-01
-2.704487825719747995e-01
2.356523365788713853e-01
-1.234527802152502324e-01
4.353993249111050290e-02
1.398906456599507964e-01
-2.065283729792511125e-01
-8.875594543301348893e-02
-3.933517757201329124e-01
3.602995011881970910e-02
-1.684750072247419572e-01
-2.664176391481080652e-01
-1.270534537712131665e-02
-1.092031630925733993e-01
-3.095154130164748940e-01
-1.938231275867342493e-02
2.826244930525795840e-01
-2.648966551239994582e-01
-5.523675011038496896e-01
-6.365271595604791999e-02
2.926122419158208032e-01
4.166578133018635222e-01
8.805924939593590128e-02
-4.971004156697969023e-01
-6.581870431037371849e-02
1.176197846580037155e-02
7.836654040203124005e-02
5.123615437625898134e-02
1.140834008276049721e-01
-2.591777899597453444e-02
-1.727015478000389626e-01
-1.899245356170770616e-01
7.219621294068508943e-01
8.253064649852562881e-04
-1.897090922990173623e-01
-2.174802329946282642e-01
-4.284901726539125377e-01
-4.618673772224998197e-01
-5.499508696211001524e-02
-7.981608509688218125e-03
-6.840234226157640429e-02
-6.234595715508326960e-03
-4.495027821188257167e-01
-5.745901300390252042e-02
2.260256648678186930e-01
7.351515644946197969e-02
-2.672407171522656610e-01
-2.008015864465877934e-03
-4.987980505023568295e-02
1.053765809193328712e-01
3.655162911005653270e-01
1.786574578711513095e-01
-1.882868738558982624e-01
-6.927000192625844266e-02
7.125219084130579583e-02
4.418816643602156008e-02
-1.916652626329460873e-01
-1.084384906640480789e-01
3.264463963056766366e-02
-2.065271892749940830e-01
-4.304266189740171833e-01
2.705109909667245405e-01
-1.674902878271896656e-01
-2.433296582212215731e-01
1.432865386994525980e-01
-4.369560526614811868e-01
-2.606656266274814948e-01
-3.556478218267296598e-01
-4.137595041290731412e-01
-6.201660304499515691e-02
7.100571158267758587e-02
2.278528925815297423e-01
1.889288421713758159e-01
1.636418329801646587e-01
-1.438510016232150135e-02
-1.248733696706409019e-01
2.776641803859025148e-01
7.397454926187103930e-03
3.009172949338294236e-03
-1.690434800973170462e-02
1.386408616442931230e-01
3.079161822768220480e-01
-5.360091953951424265e-02
3.796603024097267715e-02
4.967647296607249907e-01
-4.278408719804454446e-02
9.723772741238949358e-02
-3.468057339495065339e-01
1.668905735910206078e-01
2.936314472728815406e-02
-4.017258262399607538e-02
-9.298003944369982732e-02
6.160550650416909968e-02
-7.233628997119181947e-02
2.711755897115294967e-01
-5.841095839673744738e-02
-5.445545925062003634e-02
2.844465683833018455e-01
-1.339746433633524358e-01
-3.137401137249901800e-02
-2.638609158566052743e-02
6.044604069421442155e-02
3.657166515578113009e-01
5.708119410949513695e-02
2.174535299612476991e-01
2.047540792632132900e-01
-2.104701954012958842e-01
4.305911121687343024e-01
-1.463426255626998906e-01
-4.120927079137111648e-01
-3.916924363724070823e-01
2.917223600255886562e-01
-9.152839166014831163e-02
-1.413716339041775627e-01
1.989024724121470356e-01
1.431513225754615370e-01
3.169952023576249611e-01
1.555570688937076840e-01
1.977223217985033255e-01
-7.065974060264501588e-02
-2.010692325942038949e-01
5.154714563419739992e-01
1.319305907331324024e-01
1.523268800172901567e-02
4.879732854414416399e-01
-4.526244371861651294e-01
-3.681193053317736719e-01
3.804141727010099117e-01
6.704343828194385679e-01
2.282889509355237601e-01
1.866557266408714055e-01
-1.240786990320419253e-01
-3.289263836544971675e-01
2.497327026145559070e-01
-2.505436539151548181e-01
-1.637477573929550234e-01
-2.832403034116813267e-01
-7.864320374172989458e-02
-4.255460503307652298e-02
7.481503206715057856e-04
-5.336347747511265699e-02
-3.880526958911117985e-02
-2.024024457118167239e-02
4.242279433124471894e-02
-3.054246872199123941e-01
-1.989417958415535259e-01
-2.109401736487798718e-01
3.860259869766377583e-01
7.233464059348880537e-02
2.174483656729931935e-01
-2.111788955864324635e-01
3.564083967941975017e-01
3.515971922554689821e-01
-3.355888203007074688e-01
-3.665420520267041044e-02
6.890157949245549751e-02
3.888650747686507314e-01
5.373151859435693067e-01
-9.935155781003980613e-02
-1.386338011469794573e-01
-9.074153067980898768e-02
-1.433350114237365580e-01
-1.662527661299050274e-01
-1.887675444992351348e-01
7.118895905111700673e-01
2.612556138277024112e-02
-1.727339847655499222e-02
-5.400069374284958146e-01
2.779128313870863898e-01
-8.041376081548531896e-02
4.125581720569791444e-01
1.875436068985675830e-01
1.545708855055689945e-01
1.913822989983608169e-01
5.014541082865541233e-01
3.544122792890007645e-01
-2.339583227425278966e-01
5.439650396445094849e-01
-1.669892572927810792e-01
6.145804370357253049e-02
-3.961394706507200270e-01
2.678109659185347602e-01
6.550962457942927086e-01
2.561655581661420045e-01
-4.272263128472204852e-02
2.530423059275669906e-01
-7.814299650082620619e-02
2.834025574103735123e-01
2.187012874075361935e-01
-2.310086001104594555e-01
2.311168412941783101e-01
4.632920103769843090e-01
1.358668300485467439e-01
-1.685158056519409919e-01
2.106509714213829210e-01
9.138629685939489433e-02
-4.698413684323556744e-02
-2.393131038778091302e-01
-2.627728035414836905e-01
2.724727199611707840e-01
6.631646990269637887e-02
-2.697096981737921451e-01
1.388974123067298616e-01
2.090480569936744096e-02
-1.865696966141210389e-01
2.603606064317189051e-02
1.190912556192788296e-01
1.084997007786171475e-01
-5.081589704191639134e-01
-4.430584618263044838e-01
-2.773779527623566055e-01
2.892533174618464598e-01
1.843247594686093227e-01
-3.910152697306508718e-01
6.127040542662373634e-02
-1.372053802839188208e-01
1.278708791888061025e-01
3.167296387406597358e-01
8.469829104580398277e-04
-1.218983427069889325e-01
-1.060359964760551957e-02
4.134706287769834843e-02
1.638854867941542948e-01
-1.032533585993474917e-01
-2.979760159501572137e-01
-6.936354284646535640e-02
5.075545068248998870e-01
-1.477553078877684167e-01
1.409463494290175978e-01
-2.742184461420718034e-01
3.830506365570304772e-01
2.313565986396463603e-01
-6.280632842272601546e-02
-7.136660864935998050e-02
-3.224150410583989657e-01
-1.215282737927670664e-01
-2.386529967185072598e-01
-2.223622550769710493e-01
-2.328635186967345783e-01
1.888358961357371191e-01
4.541872799919000059e-02
-3.209375292820158543e-01
-1.767410959046897267e-01
1.966609021437106530e-01
-1.047169890353603638e-01
-4.885364093187637424e-01
-2.239617500660433247e-02
-6.249224595938339746e-03
1.976251387545527871e-01
-3.586175311543196020e-01
-9.150373365125516467e-02
-2.874639564005763981e-02
-2.724490754512395863e-01
-2.071765337501967341e-01
2.690559656254284393e-01
-3.191289645696818167e-02
-2.354935902398690856e-02
-1.010851228350724967e-01
1.240984266677969128e-01
4.897029714937130296e-02
3.540827252396474417e-02
-1.180818660499980549e-01
1.221687555912088635e-01
-2.611908712123993115e-01
-4.198880323803586695e-02
-2.262060108377419998e-01
-5.838312389979257583e-02
2.885282304847049395e-01
-2.938987801541994779e-02
-2.861885430440981870e-01
1.578423422840013191e-01
-1.222003342420185518e-01
1.509113861882122321e-01
8.871581965084042454e-02
2.111036691757320338e-01
-1.766996069121928303e-01
-1.210610364161887886e-01
4.729072869940601637e-02
3.942449759867675679e-02
7.122144929820582726e-02
1.791354135851195781e-02
2.240477598320430586e-01
1.407978095144714059e-01
3.640442830824715259e-02
4.281802941223896708e-01
-6.231723069558376543e-02
-5.813898956426913345e-02
1.116880101558450078e-01
2.952374734705889153e-02
-1.826887764426396166e-01
-3.561739402601861171e-01
1.029503012877404367e-01
2.717042016820920836e-01
2.617650543555058440e-01
1.701174053358152638e-01
1.755254256173805968e-02
-4.834755195583446269e-02
-5.096656777707313235e-02
-1.068775108901507710e-02
1.198258095204985246e-01
-2.262630943999957012e-01
3.842268475923987792e-01
-7.144181684686272404e-02
2.272973229828140485e-01
-3.195681656822906280e-01
4.768095186858876677e-01
-2.861044100645940280e-01
-9.308507062911969276e-02
-3.309898424987766652e-01
-2.055758062418811261e-01
8.844068958469282482e-02
-3.245324716789009245e-01
-7.887626520943334663e-02
2.502041805976629729e-01
-1.799758908316959893e-01
-2.502448950797711014e-01
1.036142292459527048e-01
4.192056103944386512e-03
-8.188290165429844281e-02
1.243944858837959661e-01
-1.873748105399742139e-02
-1.605078861372636334e-01
-3.734579888077976251e-01
-2.121097762231309233e-02
2.810032125022505767e-01
-2.721719515751023777e-01
-5.559691474971390629e-02
9.917766159969854112e-02
2.532825692056139277e-01
-3.640580876922655529e-01
6.786683891950695546e-02
1.947682238640584540e-01
1.018347274069179575e-01
3.990931242317981992e-02
2.933413287305445399e-02
2.238886694871635233e-02
-4.875788451584572858e-02
-1.597234830667135230e-01
4.135591771986360521e-01
-1.960705817672081519e-01
-2.261646029632055355e-01
2.138214396027610653e-01
2.073827860961499625e-01
-1.799772408777427779e-01
-5.986031212465394574e-02
2.451532828181261781e-01
4.353383903183642434e-01
1.604724627196021935e-01
-2.209541794872598719e-01
1.018491915247419360e-01
2.976717034579122803e-02
-1.159539646011834534e-02
1.931345740742753669e-01
9.853208846200352256e-02
8.702601343613426688e-02
3.631955116804167494e-01
1.891491747245630795e-01
1.936614372212449794e-02
-6.830504608242517206e-02
5.233906874486277810e-02
3.956022029416848135e-02
4.494037992189879871e-01
2.312361582707053720e-01
-1.962936075672772063e-02
1.129059845622862601e-01
1.051700568370418781e-01
-2.908384773162087100e-01
-9.028265152068831734e-02
-7.321735010492727569e-02
2.142674959975107429e-01
-2.689440337563620553e-01
-5.193341689364976317e-03
-3.645788123486289837e-03
-3.462627439809998764e-01
-3.801616750341670764e-02
5.165637106606206508e-02
-9.921333620116207230e-02
-1.735838695990407632e-01
-4.164005964105294555e-01
5.932627265319181387e-01
2.595579610842879692e-01
1.291659092082826643e-01
-3.376618533385016691e-02
7.884210234198324452e-02
3.660544682525503773e-02
1.775668367914774448e-01
-1.685471637604450956e-01
-1.055348117533209257e-01
2.711942105484526633e-01
2.741803979725365714e-01
2.612137596071416046e-01
-7.104138434388837520e-02
-6.700877335721075467e-02
-4.836405680391104439e-02
-5.070709012097778245e-01
-4.836951337112344040e-01
-3.788493115442276293e-02
-9.480503222916737693e-02
-1.756145173498530887e-01
-3.259855110518730670e-01
1.415253195694338717e-01
-6.239887649122415059e-03
-2.920679731816878122e-01
4.953768089490552529e-02
2.994048144945826162e-01
-2.799703945255428705e-02
1.311139949684093642e-01
-1.446438447360445800e-01
-4.083764520374240370e-02
-1.285581502402633192e-01
-3.615606263078959826e-01
-3.275712484342269692e-01
-1.199870588339634336e-01
1.075831842219668183e-01
-1.117239026930962401e-02
-1.010462917440029251e-01
2.065487118212359918e-01
1.066978959035411734e-01
-1.269612129911472098e-01
3.345249674089407765e-01
-1.702088382252305299e-01
-2.451476387508843002e-01
-2.649764201723115997e-01
4.118340212174895765e-01
-3.950761868881036420e-01
-1.158564787766644399e-01
1.588095731998063198e-01
-4.375714369563050987e-02
1.640094839372750468e-01
-2.222344190484109028e-01
-3.560191289856297348e-02
6.180678504827864100e-02
-3.692935622670804885e-01
-7.931961261317552192e-02
1.597714098695326157e-01
-1.657393534010334624e-01
4.902030650783452126e-01
-1.275495553251254632e-01
-1.987944291274425512e-01
7.092890611800295453e-02
-1.594357223306788751e-01
-1.830184579026785385e-01
-2.409186262035582504e-01
1.290144154063497910e-02
2.629082104222483229e-01
1.319599782998475412e-01
-2.205695708367537769e-02
1.557312425061444516e-01
-2.486859238937580083e-02
2.370413631399087839e-01
1.504838492143859285e-01
-2.417246968249601655e-02
-5.334081647048737745e-02
-2.217638625790510909e-01
-8.695745528621864548e-03
-2.298286226088747941e-01
-1.557899283493200115e-01
2.157804847988091523e-01
2.072022670140581668e-01
-4.741865830468596638e-02
-1.979563168521687178e-01
4.937222416613629844e-02
2.213372572392200699e-01
-2.889004771250143488e-02
9.928889575161579939e-02
6.895597224167324124e-02
-2.537647657254772926e-01
2.895529158009015752e-02
1.214713918641037033e-01
-2.259082692785300273e-01
-2.393638851981937377e-01
2.458896020732267984e-01
9.468437513792041238e-02
-9.467353481680077301e-03
-1.249473758451282168e-01
-2.182412947149642846e-01
-1.991082688113435251e-01
2.406654646075203352e-01
2.138618523136852079e-01
3.047593644047583705e-01
4.429772487062261926e-02
-1.895973144786632369e-01
-5.767815276942406949e-02
-1.451428449835806267e-01
-1.059283320786262445e-01
4.433191588392355886e-02
3.905380658751179679e-01
4.430579725992350726e-01
-1.415633585765044833e-01
-1.779162138709938223e-01
-1.448121302927673493e-01
2.785887358275869752e-01
8.793308015554068824e-02
1.206144804133590376e-01
-3.102202724803955758e-01
-4.023159490626791734e-02
-1.155051097759508399e-01
1.918868165910985191e-01
-1.867658101220840555e-02
1.809250336476734833e-01
-3.281203593808807439e-01
-1.967518487975724595e-01
-2.165061581375311572e-01
-6.298573417953091946e-02
4.461585710532687404e-02
7.297775019369386051e-02
1.185380713285128784e-01
8.887422275826730236e-03
1.771900314163014634e-01
-6.193684106614077978e-01
-1.986751219866349782e-01
-1.626135715163533335e-01
1.412881943171900856e-01
-1.069225578535795973e-01
-1.045317515287716159e-01
1.276344264011343606e-02
2.061480594678636868e-01
-4.835743748105202078e-02
1.232295636501084951e-01
-4.399612193311698560e-02
3.321520189825781233e-01
-6.954396251853299515e-02
9.513751642503899542e-02
-3.834515230240191919e-01
-1.298953531658491971e-02
-4.653837292953978966e-01
2.010963545767245897e-01
-4.229485907611323092e-02
-1.484681232917103300e-01
-1.910784389752517021e-01
1.094443072883350687e-01
6.857204499762692418e-02
-7.866773725860969069e-02
-2.900978059359420880e-01
1.355741430466372022e-01
3.003806132396014128e-02
-1.296976046094222845e-01
2.091623681891177644e-01
3.945753587390102846e-01
1.579456805493642535e-01
5.784802516323520310e-04
-2.344651603795650519e-01
5.604474296393250482e-02
2.155728258856293433e-01
-3.420597876993033970e-02
-7.028114063335806627e-02
1.710492047774883062e-01
3.680099783078424197e-02
2.633441927079220313e-01
-4.313605983782710096e-01
3.894495165752456245e-01
8.868356062511807691e-02
2.326069807018049107e-01
1.481072711573673539e-01
-9.040688094935944372e-03
6.189073078559727270e-02
-1.916135979842250869e-01
-6.443104228531668087e-02
-2.051958864717854172e-02
-1.000204347679902461e-01
8.596257970333943954e-02
3.141117012336410164e-01
-1.976602329364729183e-01
1.486286517843589949e-01
-1.662426428994309979e-01
1.575416083023470082e-01
-1.528375150478193667e-01
9.822615970625678261e-02
-1.178010722717665465e-01
-1.518232701478488544e-01
-1.660421213413179053e-01
-2.973742768019633775e-01
9.307838207039580147e-02
-1.821496046263182678e-01
5.584634296808010934e-01
-3.659241758700286229e-01
2.438169874259102018e-02
2.493357634458064631e-01
2.652912757470007321e-01
4.001824763856833833e-01
3.052053385745871483e-01
-2.778477983849466093e-01
8.923297258700368939e-01
-1.881202259955717104e-01
-3.160557250548369779e-01
-4.028386900981894003e-01
2.269252269413099266e-01
3.454877309229137383e-01
-2.923261914711436926e-01
-5.634977559178541793e-04
2.705792925030944263e-01
3.457176863298718709e-03
-1.115056576505393526e-01
2.960272152031090745e-02
-2.644120369192315967e-01
7.807508508535772329e-02
1.365033864019052079e-01
4.778792544199494396e-01
1.665641991722281376e-02
-7.880131555433143864e-02
-2.240531542035442136e-01
9.270988735125539060e-02
3.767342815635736641e-02
2.652803451245654975e-01
-1.890004558553057823e-01
2.071273054958425452e-01
2.863812538365796689e-02
-1.134857524023835107e-01
1.951828650781977925e-01
2.872525147801776590e-01
-5.051943855692118124e-01
7.293100621036707580e-03
8.487847526537099785e-02
1.914339044752362273e-01
-2.072240191302524848e-01
-2.465397097537290194e-01
1.163442593458035718e-01
-1.207871609856635692e-01
-9.476407392493003956e-02
-1.523054919189563428e-01
-2.052609157877808010e-01
1.562910790846293863e-01
-9.684485151223034549e-01
3.570716390593571821e-01
4.897040902515042288e-02
1.695797001485536692e-01
3.807529129755217179e-01
4.243130399429337896e-01
-1.433217782915749139e-01
2.257671923223665209e-03
-2.737052533141615118e-01
1.367168702243872630e-02
3.399180464995180673e-01
1.425494717132805983e-02
-9.074732895490111861e-02
-3.132162756218551669e-01
4.110622194497585979e-02
-2.221713643120959425e-01
-1.144207172876337414e-01
-1.168800876354236240e-01
-4.859083779688503496e-02
1.137113990044912870e-01
5.085685210318781069e-01
-4.008273597430876689e-02
-1.398447271735098751e-01
2.080721683223454299e-01
6.402025866412215660e-02
-7.289903819418698527e-02
-8.227863006638680421e-02
1.284148072648494399e-01
1.313408937053615333e-01
-4.239873897325024954e-02
-7.499827155147091584e-02
-1.308118726330689541e-01
4.723005664165442208e-01
2.361248210051633267e-01
5.395433003956579682e-02
2.867494994863042934e-02
7.938127450264644003e-02
1.349617716357221497e-01
-2.777481518467877497e-01
2.023429696701607022e-02
1.376467829109755403e-01
3.995368062737284509e-01
-2.984979804499933720e-01
-2.555709108684628972e-01
2.755682427248185573e-01
-4.211038724960607937e-01
2.016788802952494963e-01
-2.933460832534944829e-01
-1.502658493289008579e-01
-1.212092590874149500e-01
1.578220287192137194e-01
-8.148085013260597531e-02
-2.976661775729212006e-02
-3.852533664920973488e-02
-7.528464332985967955e-02
1.419494828961399280e-01
2.831715457151142146e-01
-1.751194897811398088e-01
2.247602000575779635e-01
2.713919280664019995e-01
2.301450449775393758e-01
1.214188811268146900e-01
1.344045123400916253e-01
1.161449730533276221e-02
-1.802383079926354326e-01
6.504483623322911655e-03
-3.824273235511176372e-01
-4.723989252093025587e-02
2.633727393735889322e-02
1.083066535931597740e-01
2.145811194390535859e-01
-1.404696536387813888e-01
2.740927255955318276e-01
7.451974192204491310e-02
2.225021712751134792e-02
-1.192371881090633322e-02
-1.186334754290959137e-01
2.683263726945988095e-02
-5.887809837462464058e-02
1.707458509906514821e-02
1.114468574202542445e-01
-1.598672384172662025e-02
6.393746230355000504e-02
1.781874746610218052e-01
7.938521732580565426e-02
6.785781581240697691e-02
3.265051504971697854e-02
-6.927369665161062229e-02
9.392818704497339632e-02
6.940900104461809883e-02
-1.589207882543573203e-01
-4.207177981562915114e-01
-3.056171767311933185e-01
-5.781249711343613810e-03
3.199120895679860577e-01
9.023593711099014980e-02
9.572823526328766430e-02
2.210590364045532663e-01
4.838493302882820868e-01
3.978507871911034222e-02
3.017609349133816288e-01
-2.599525658870845413e-01
3.196758438966057492e-02
1.562028658701304917e-01
-8.790895924131146566e-02
7.311715405908962573e-03
-2.811212726199326384e-01
-1.443370436353460518e-01
2.619714895105387797e-01
-1.081193820751375906e-01
4.078675585953857041e-01
-1.623519090406350396e-01
1.496830175020301065e-02
2.876157793930919082e-01
1.519062919454558236e-01
3.338575615135886965e-01
2.284021750369093495e-01
2.918089440705434745e-01
3.022986382395473903e-01
9.643532633926294936e-03
9.023237056629586361e-02
-1.390595958004684461e-02
2.165655483846433416e-01
-5.898954382437088251e-02
2.001709428412632163e-01
2.334588940281350777e-01
-2.251220359769262047e-01
6.444084492577112355e-02
-1.068779419971273154e-01
-3.679487742163114472e-01
4.191176559019575976e-01
-6.085788020052085995e-02
1.492612818873050307e-01
4.176945820389968422e-01
-1.832824922780622035e-01
-1.303981978246763207e-01
1.863078679942446747e-01
-1.052507209375139752e-01
-2.894434092781688617e-01
4.449390709193827564e-02
4.716155645424623399e-01
-2.783291275502473017e-01
4.317533705595620885e-01
1.885715436388978317e-01
3.087686722140144200e-03
-3.445547125572211433e-01
8.689536711627120213e-02
6.456065963135955432e-02
6.666087838502640639e-02
-3.336336426378855302e-01
-1.608582185531596542e-01
3.686733454017165901e-01
-1.204318437074872600e-01
-5.359250676004735370e-01
-2.237549005568423843e-01
3.072417413617471449e-01
-8.375486061399865789e-02
3.470192114702961433e-02
5.337621795394432711e-01
2.897111913516003390e-01
1.026342775651633427e-01
-2.453723380355147810e-01
1.525931899447556528e-02
-7.748675690844415709e-02
2.233637251903557996e-01
2.435233037470284356e-01
-6.078653651513281353e-02
-5.873384803689956080e-01
2.653160102418795629e-01
8.500530220697531669e-02
4.134594405068513917e-02
1.871679363049913170e-01
1.707465945833870902e-01
1.347429621870719629e-01
-2.184027592338626811e-01
-1.415356263136001609e-02
5.177288244180581200e-01
-2.687292772791667964e-02
-2.824698943943951268e-01
-4.719381478607945907e-02
-5.150807891998641919e-02
2.932510487014220596e-02
-1.909274314990915822e-01
1.835002081445967215e-01
9.816407307456490039e-02
-5.132537725191416156e-01
-6.001654105828841713e-03
-3.477028327527502682e-01
2.739424819733297239e-02
4.875244779168971115e-02
-1.898837061645463342e-01
1.411003651815135040e-01
-1.285452644830346047e-01
-6.231665008614788864e-02
-2.046585554404976026e-01
-5.337708058193819938e-02
-3.756633889421864825e-02
-4.020701799840144530e-01
8.490488233243742924e-03
-1.852271541318212533e-01
2.338529110869307093e-01
3.372569505940974099e-02
1.173283319498256150e-01
-8.626389767749373383e-02
-4.307103264810273335e-02
1.379569222756012181e-01
-3.514149413394660471e-01
-1.507776746025658032e-01
-9.137490284174765165e-02
3.251105594299417700e-01
-1.101961322831614548e-01
-1.466021291551221351e-01
2.674573487033348948e-02
-8.437881581913193874e-02
-2.837028040849668975e-01
-1.395609549339617561e-01
-2.041177381978356853e-01
-2.537380194546648426e-01
8.609556871568567471e-02
3.978057489663272550e-01
-9.510504422802509850e-02
1.186695221383196955e-02
5.654942695066957903e-01
4.629348311306289571e-02
8.838471336115355514e-02
3.821471373284596185e-02
-5.371852580214614425e-01
1.178374107460172515e-01
5.142044682239111930e-01
-4.976535133297536606e-01
1.479235805780256818e-01
1.850883548176921745e-01
-2.462045917741598755e-01
-1.029214344810262527e-01
1.148684053581002229e-01
-4.205151725618121172e-02
1.800786000076599891e-01
-9.114444171451799859e-01
-3.014774978894365839e-02
-1.792132281869607269e-01
-2.507113973258752737e-01
9.483567320803495959e-02
5.026558098188729090e-02
-5.961168231449789912e-02
-1.164366700844267077e-01
-3.840991861745934877e-01
-9.691813312237158862e-02
-3.206048859951749486e-01
-1.368451472973674643e-01
-1.217669908528814376e-01
3.465990624239126960e-01
-1.309741581133994949e-02
1.096893436581076603e-01
-3.242637960749725767e-01
-3.795435746007427141e-02
4.046362771070167313e-02
-3.293774802253860989e-01
5.129861920474303449e-01
3.173930434665218070e-01
2.225447534995997623e-01
-1.381980820434373924e-01
-6.623021770385542628e-02
1.117975155046884300e-01
1.822237207311369900e-01
-3.038183616205350490e-01
-1.592197672585118073e-01
-9.324692821267165088e-02
1.824776527570143581e-01
-3.528173556076501932e-02
4.402462684382144747e-02
2.036483835647966700e-01
8.109400201375606410e-02
1.537343984575919864e-01
-1.660747498871799621e-01
2.540802595655698437e-01
1.346105283410936326e-01
1.516351666766129098e-02
2.173778073832690894e-01
8.135434484645134856e-02
1.677267914321891318e-01
2.219264263550460026e-01
-3.570415042595789790e-01
3.503421609271042958e-02
1.183047433555922401e-01
1.191893655348607167e-01
-1.080796272829855909e-01
9.226510877867472038e-02
2.422938425412666796e-01
1.348307163812974621e-02
1.389787523828570903e-01
3.196908131853650192e-01
-3.430178169750563444e-01
1.916457195054391827e-01
5.565730915771430892e-02
-3.843724876064870677e-01
6.817824456905001440e-02
3.652562854520621793e-02
1.795823977936059634e-01
-4.054741813694692776e-01
7.459783109301144910e-02
-2.419286994980610617e-01
-1.993565636740083913e-01
-1.413660791052087362e-01
-3.318104800006551613e-01
-1.272521407151775141e-01
-3.283603425146028321e-01
-2.140931435843002051e-01
-1.061915763636581828e-02
-1.534107850048704313e-01
-1.672655688607959379e-01
-2.069221918346485223e-01
8.139137000465981875e-02
-5.066642362905249969e-02
-1.762697931020677788e-01
6.642712472025918968e-02
-3.905339005956618564e-02
2.140016472689890703e-01
-1.680388866211717791e-01
-1.160673794654402263e-01
-2.102184755081612511e-01
1.085222724902720343e-01
2.403975820994511958e-01
3.184258529158717210e-01
1.489084407881538768e-03
-1.989896475040617008e-01
4.328457508621513794e-02
1.489527287795565647e-01
-9.216827944576702625e-02
-1.853609646460565863e-01
-5.887931337304403573e-02
1.493725982744960878e-01
2.533693919566110675e-01
-4.118755191022197004e-02
-9.083195781145662895e-02
6.123158747605391694e-01
-3.903957021572607156e-01
-1.436324843025944542e-01
-2.859308592957567341e-01
-3.296607222317173846e-01
1.517277543682965697e-02
4.571303028427683990e-02
-1.199075134108358032e-01
1.289897640499946818e-01
2.251645248365463647e-01
-6.247754159747616332e-02
-4.441874963943505117e-01
1.500747382810541652e-01
-7.085474944571899802e-02
1.028587758906779198e-01
1.185021397197235093e-01
-3.651836611978727387e-02
1.559505386748283040e-01
3.473875802199414276e-01
9.894646564553699619e-02
3.197008621269044060e-01
-1.672548734093125822e-01
1.196384502354261997e-01
1.199258400521464873e-01
2.529606427740374031e-01
3.603860058754217444e-01
2.209420290356199912e-01
1.983557724487867990e-01
8.583040779168614465e-02
5.345991106578386332e-02
-1.734588496061464924e-01
-8.796822987109703673e-02
-3.734753156300430615e-02
4.605246883598640983e-01
-1.884717843703561657e-01
-6.018524499084784707e-03
-1.927341932046717499e-01
-3.811843768474697525e-01
1.270479740642340982e-01
8.335650189858431758e-02
1.502624631414529142e-02
1.169758501911537379e-01
1.980287766749536105e-01
3.230628538208504263e-01
6.674499443930796694e-02
-4.387071848399333625e-03
-1.487829540531427630e-01
-3.579054673150713906e-02
1.095383480552966221e-01
-8.428831376550800780e-02
-1.642091058879933396e-01
3.700013579042424894e-01
-3.045613830194350280e-01
-1.619955972169838943e-01
-4.309225100061789271e-02
-9.363269765252983656e-02
-6.429613557754282338e-01
2.930523039760009052e-01
-2.496012065059122209e-01
4.304486131871982507e-02
1.170487612649165760e-01
5.231117729918728365e-01
2.743198289955165459e-01
1.856771781397985877e-01
3.066788565623796425e-01
1.497046256532094666e-01
6.680760140368126321e-02
8.597524488351508676e-02
3.230215703589699866e-02
-1.808697019758704339e-01
2.400631576858977545e-01
6.380935023810309081e-01
-1.133615697045112780e-01
-3.538560885160050851e-01
6.487662610898349558e-02
7.942930525392190300e-02
-1.595028323182479946e-01
1.600285216466179328e-01
5.827972562409720891e-02
8.800450155700428878e-02
-2.302737996659359743e-01
-1.776768011020212965e-02
6.999610970524844378e-02
-2.136465008973374435e-01
-7.401159019825841179e-02
1.849989271910778554e-01
-4.122826005041150821e-01
6.422303686344597862e-02
2.217884674214732482e-02
-2.106401402390877531e-01
2.834401247067138210e-02
-2.726059814047393504e-01
2.245968133984906356e-01
-7.989404034352522166e-02
-3.228676572170363079e-01
2.614297654390407843e-01
-1.315735714399197120e-01
-1.273417872497157322e-01
-3.242850457427194355e-01
-1.803230580419442064e-01
-1.477609648963885969e-01
1.999027391557047298e-02
2.188681129789732116e-01
2.047892727999525986e-01
-1.013969642693291207e-01
1.833808820542079110e-01
-2.523458702500865902e-01
1.178949198023423323e-01
2.632184003548205253e-01
-1.124234074196067967e-01
9.865181433683656298e-02
5.375138258750049997e-02
1.029887678421999853e-01
-3.085883633565763007e-01
7.903978994159782667e-02
6.149038081896206209e-02
2.297847901373018809e-01
-8.007688540306527603e-02
1.747776143890230338e-01
5.427175646412391724e-02
1.887189483006077029e-01
-2.352155487991624827e-01
5.752500641318855634e-02
1.895326680901309457e-01
1.598299485209381809e-01
-5.709761781201790759e-02
-2.052214285761479878e-02
7.835860704332943405e-02
2.175224011133351093e-02
-2.029886265530840006e-01
2.761001960312716233e-02
-1.292886108295714376e-01
1.392304286863497165e-01
8.675553497110341516e-02
-1.442371226338764467e-01
-2.758756062506252937e-01
1.581481167024094969e-01
1.309174134098014392e-02
1.113338672698045567e-01
1.251060232742847757e-02
-7.468522228938637153e-02
-4.692419145266329972e-02
3.168761325361876824e-01
-6.893065007140480871e-02
9.467730256379547349e-02
3.324775956485338524e-01
1.704812205981252882e-01
8.317979024029403812e-02
7.129046672279953922e-02
-8.592021500428835556e-02
-1.223556015714301060e-01
-1.739696551033874383e-01
1.662998315310110567e-02
1.521139311976097037e-02
-2.532203191753413379e-02
2.098208086449030937e-02
-5.206129615360518409e-02
2.217792389258022578e-01
7.800496039294582684e-02
9.037116316684425110e-02
-1.112060829115079641e-01
2.241632518294953968e-01
2.937864456095150012e-01
7.222028490151054247e-02
-1.274273833598808803e-02
-2.191287328354852015e-01
1.349850966495301785e-01
-4.545915256968399709e-02
3.189177724257680202e-01
2.192498854928145308e-02
-2.844756807442961472e-02
7.504045871218000506e-03
1.796020616882890511e-02
3.853860068805051858e-02
-8.251286086545539522e-02
2.897164018166938360e-01
4.605219070947346727e-01
-1.990789296983060952e-01
1.885349187601222110e-01
-1.125730389857210745e-01
2.963757797975548058e-01
-7.793158451632406503e-02
-1.110240849128546481e-01
-8.680628237588576546e-03
6.386881528867799362e-02
3.283163724448554532e-01
-1.392125624072176882e-01
1.451077120369774487e-01
1.968573922070790960e-01
4.093407432257912398e-02
-9.353078551253445061e-02
3.082859588372690030e-01
5.229435880519652663e-02
3.061124719200346012e-01
2.122479997757980089e-02
-3.298079015750007142e-02
2.481244642741391171e-01
-2.538010390198099792e-02
-5.956415540541842857e-02
-1.572281108719903592e-02
-8.477575909099520357e-02
9.855232492003795919e-02
-7.929981561502803464e-03
4.338242214760711091e-02
-3.081711145903726079e-01
1.572594611064193071e-01
-1.315338434422445024e-01
1.424389944683504550e-01
2.531412839626675515e-01
1.583234346606436360e-01
-7.421133458605909394e-02
-2.931691934628426477e-01
2.599087883739771565e-02
-2.690161557403765724e-01
-3.634801276936943520e-02
-6.228829827926684048e-01
2.168230219334292552e-01
-4.145015961336033505e-02
-2.067776584242022042e-01
3.687269888085523053e-03
-3.033966760540383611e-01
-2.165484099984348321e-01
-8.064151560375341921e-02
-1.204982285385948343e-01
-1.804871303405058969e-01
-5.435109990290261095e-01
-1.512119165816828981e-01
4.442627544365304049e-01
3.695072571682709861e-01
-1.452614150215174038e-01
-5.277404912669240306e-02
1.875856309374628328e-01
9.573346606045311097e-03
1.646390286760087696e-01
-1.752532380459417283e-01
1.317449955834590694e-02
5.012506991232822812e-02
-3.389645082865623826e-01
-2.179677062288123413e-01
-8.478150228218798989e-02
-1.982275930876660763e-01
-5.344948605166371242e-02
2.953957380886583772e-01
-4.348604913188067189e-02
6.601358304797140530e-02
6.278641422709928255e-02
2.482840666145626207e-02
3.299493248836724568e-01
1.443332092011624934e-01
-9.849112605098707396e-02
-1.582979817277126722e-01
1.234997310453689323e-01
-2.535339371147360410e-01
-3.326160251411687807e-01
-4.002811080175554953e-02
1.168341994015712230e-03
-2.285035219632697845e-01
1.433654574728847678e-02
-2.973827493361855256e-01
2.083703585123449220e-01
-1.053951361558512767e-01
-1.024112104706963455e-01
-2.596085614433637501e-01
-3.639533306463114126e-01
-2.679432885872086723e-01
2.860243188301476724e-01
2.315981588506212940e-01
1.015739603695720583e-01
-3.070126218335105239e-01
-1.455429283582921618e-01
-2.490837425228749624e-01
-2.717392531982638637e-01
3.843634288267698818e-01
-1.293140731747530192e-01
2.220228733223661155e-01
-1.614552784274360664e-01
-6.314764243222741047e-02
2.856236028078047440e-01
-1.317197227474135313e-01
-1.791392245706523445e-01
-6.153331631828255072e-02
3.813938593326678811e-02
8.054280054446048831e-02
4.235402552536577520e-02
-1.465902000573308939e-01
-3.221064394597780711e-01
-3.867317643429660778e-01
-1.129145187228725380e-02
-7.390476412357256664e-02
-3.121113378994827894e-02
-2.614537673656082140e-01
3.650643057592986573e-02
-1.862875929207756798e-01
-1.719555545970446742e-01
-7.994666027632382765e-02
-5.754389432058129583e-02
2.631897953295891379e-01
-3.042366250097699454e-01
3.473168742668513165e-01
-2.094370963583126743e-02
-2.013671439914093420e-01
2.831770943993104361e-01
5.557942701902043314e-01
-4.440567714637679853e-01
1.522708067947259603e-01
1.129609079925229242e-01
-6.253520586145158711e-02
1.390792101280571846e-02
1.178338185051014397e-01
6.689028067418789636e-02
1.984488233735394180e-01
2.077969140031040440e-01
-2.943053207137930061e-01
1.029128789567890501e-01
1.521554590866426408e-02
9.792805713805952106e-02
-4.478356088073336128e-02
4.252971408963305278e-01
-2.337214867588028600e-01
-2.945570848729619495e-01
-3.354210068871823491e-01
1.395154964575349987e-01
-1.131632591256731823e-01
2.658709556064562524e-02
7.043826237064381574e-03
1.180603347244414819e-01
-1.270842278803247516e-01
6.972045368274626398e-01
-1.255648629313105002e-01
-2.713002499513478272e-01
-3.953930387786729894e-01
1.542253571142340463e-01
-1.866480975093300076e-01
2.409096833898241585e-01
2.463488071999350437e-01
1.641811056716291906e-01
-1.267971490101384990e-01
1.511202646643577951e-01
-3.720855406430118584e-01
-1.981494035209416527e-01
2.723053619872571884e-01
-1.172843118209457719e-01
-3.848315625918743987e-01
-3.650116649106079914e-01
4.338617000725726314e-01
-1.214277122262350100e-01
-9.813958800206375177e-02
1.870740766255230281e-01
4.096119384828642018e-02
4.209709370079691565e-02
-2.356342962086550030e-01
7.207734139642003185e-03
-7.029347003375968628e-02
-5.875426124652068788e-02
-3.379012619326889066e-02
3.332907481876348776e-01
-1.243770059889679341e-01
1.849157200667396472e-01
-5.974102236212748551e-02
-8.966136027915425077e-02
1.539081192668155795e-01
1.773214159251879779e-02
4.985358302347123877e-02
-1.388704424316538439e-03
7.012589972150187756e-02
1.305773155595570667e-01
-6.425059740862507085e-03
1.707746224351942566e-01
1.246149731301872815e-01
6.400403193964712689e-02
3.764886132965051813e-01
7.501052964756939508e-03
-4.453850605047208200e-01
3.915522340185288441e-01
1.331826189045456910e-01
1.619731855041750199e-02
1.597586080768969019e-01
1.644366147991536409e-01
1.354442511416683037e-01
3.473121471462092824e-01
4.460941694807643576e-01
3.194268693058076591e-01
-4.452463077967491190e-01
9.147760862049487355e-04
3.319187117564957878e-01
1.712529293854222201e-01
1.565346296200534060e-01
1.231740851863648463e-02
6.146894554280806638e-02
1.460795843837312258e-01
2.026702018335097832e-01
2.773372859374347021e-02
-2.102862575954118352e-01
1.444635878842114862e-01
-1.774663724474016269e-01
-1.013491101812512146e-01
-1.247894614584368622e-01
-4.035353576441809142e-01
3.691565382484821023e-01
6.365476206887130117e-02
-3.190725876351264978e-02
-4.838303937204333494e-01
1.973554914768319013e-01
7.691033757725898416e-03
3.896084722535448353e-01
-1.151236594143404540e-02
3.484284444498457201e-01
1.065227415934092148e-01
-2.303353019260285794e-01
-1.446861388278740668e-01
7.280412733882742904e-01
3.140235664940884130e-01
4.488132968553916746e-01
-8.698399765928017946e-02
3.547425552676383015e-02
-2.094982968986607574e-01
-3.205959046926029066e-01
-7.363482850474596664e-02
-2.049110964732359652e-01
5.126468826176005383e-02
3.511970649147247436e-02
1.145171625648387786e-01
1.608377948935641177e-01
-9.745308252287762651e-02
4.083107266698226545e-01
3.051154277838029061e-01
2.847548113331944686e-01
-1.073412889693634194e-02
1.853352602641441249e-01
2.943985093515506524e-01
1.247127152163551023e-01
1.083979204027102870e-02
-5.654961971852705965e-02
-2.842532233368586514e-01
1.522308402735725666e-02
-3.955556497050315978e-01
-1.562264638649010218e-01
-4.624797489270767170e-01
2.013593665005342370e-01
-4.467028988965866532e-01
2.380525737445801926e-01
-9.905352845084768737e-03
5.098504591669598962e-02
3.312361450235289384e-01
3.479395864338767907e-01
3.500030344092121548e-01
-2.755402793024431807e-01
-1.243307948586199092e-02
-4.055229261662561535e-02
1.071875348080849055e-01
-7.889156093151512839e-02
1.124852353008706507e-01
-1.996471179254452333e-01
-1.431490791719399747e-01
1.113869154902549646e-01
-4.798654245208398839e-02
1.590049291037777812e-01
-3.119230247532567279e-01
3.660390539354674844e-01
-1.135082379277595338e-01
-3.406586648400669048e-01
4.779058313684971249e-01
1.875621920674344079e-01
-4.004037024306135728e-01
1.380229823260197553e-01
-2.779554713221445983e-01
-3.188058449388687238e-02
1.896787400378616151e-01
7.474454996545526475e-02
1.821502870079449166e-01
-5.002582810016881210e-01
-2.368297355091408263e-01
-1.822748808971443868e-01
-6.455451464145998963e-02
3.038672825957575846e-02
7.909956286860089780e-02
3.121156639108841335e-01
3.454372483798556215e-01
-1.029067408558506647e-02
-2.345944126315797074e-01
1.636111324283486823e-01
-2.991534973416227206e-01
1.507928374428008644e-01
-5.450708553921743138e-02
2.556264025594290890e-01
2.349572059554275172e-01
5.089839801372660066e-02
1.110854582038631605e-01
2.020479828260263871e-02
-1.966795808056519268e-02
1.624022051185123050e-01
3.937516469964352783e-01
1.026884293326832120e-01
9.433443836650680370e-02
3.056067435725599579e-01
-7.634386901198331188e-02
-4.455399998808647344e-01
2.289673311785352383e-01
1.082296381574543581e-01
1.259384580381448654e-02
-4.264919925390123212e-01
-8.230659167329819337e-02
2.811781818675003208e-01
3.069715713735293033e-02
-2.381753595644535426e-01
-2.886699237827130560e-01
-1.591635251430654208e-01
-3.764673233226104032e-01
-4.822364419833143345e-01
-3.752502045538693154e-01
-2.355874204814376038e-01
-2.926961529692105879e-01
-4.656742314442642305e-01
1.804242875598106866e-02
-6.346870102246537915e-02
2.797797813106281950e-01
-1.434499463229951810e-01
2.660942640924827685e-01
-3.263381323611843580e-03
-4.020828501241108244e-02
-1.367347673550972365e-01
4.553115602453145505e-01
-8.294177865034219055e-01
3.295551315680502608e-02
3.439222959802906016e-02
2.387383510629075556e-01
-8.026838925562770899e-02
1.766670999367226935e-01
-1.686614923974099622e-01
2.195282569931365779e-01
2.033568851099799291e-01
-1.313903141799945273e-01
1.794396902323993903e-01
-2.803142752093999990e-01
3.905158308056060346e-01
-4.515830369479397616e-02
-3.351295531067885469e-01
-5.541438400113336826e-02
3.979829275745683237e-02
5.951466288717979086e-02
7.912695070084281232e-03
-5.845889716494503952e-02
1.347693738001875807e-01
1.742725820825078917e-02
2.996109526780197374e-01
5.317457740148385376e-02
3.881206901243506313e-01
2.676165067863009450e-01
7.738267619850007495e-02
9.542256994464804604e-03
2.076174313412652017e-01
-3.254606906175477876e-01
1.070944773381348608e-01
1.653747985020494887e-02
-7.555007624087820006e-02
9.998731913158472040e-02
-2.192996588577540984e-01
2.535519767334403207e-01
5.880011974225847482e-02
7.909931031156651748e-01
1.656149849675602748e-01
-1.139818261830783525e-01
3.263698880792811202e-02
-1.003089581156885041e-01
-2.843404078667658430e-01
-7.836852199031543731e-02
1.325744593884611300e-01
-7.760696041296299974e-02
-3.154974297982141573e-01
2.766803987915318896e-01
-1.157038501040769281e-02
3.280495233543111872e-02
-2.148082015977408055e-02
-1.524583354413071301e-01
-4.557998923281876558e-02
1.378557947487927260e-01
-8.532499338441988657e-02
8.272040484580568676e-02
-1.564175288488632576e-01
1.499834358443787909e-02
-3.121440277834267030e-02
3.779085330098398698e-02
-4.921431855486168433e-02
-1.303138949798458845e-01
1.840739204747459667e-01
2.732379884829714070e-02
-4.095398767184337679e-02
3.196557564357865172e-02
1.105403347937037595e-01
3.266812559229895219e-02
-1.628944239223029111e-01
-1.550260689860772506e-02
-7.279030157897840858e-02
-1.389030643324802028e-01
5.427587198647074729e-01
1.022265442894483983e-01
8.369194892998263469e-02
7.686476906751379956e-02
-9.384522649900600699e-02
-3.410450645999617558e-01
-1.038098744231162329e-01
-4.695057864856431312e-02
2.699714985568207326e-01
-4.214402896715079283e-01
-1.261684132109030243e-01
-6.217167846395495190e-02
-1.957299668266549442e-01
-1.139572262288434806e-01
-3.205286760658888900e-02
-2.887548377359375751e-01
2.134234557652238962e-01
-9.151639016650467418e-02
3.167277724155227459e-01
-1.386199524990193443e-01
-2.478743787515204633e-01
-5.420660225843237229e-02
-4.950790165008459856e-04
-3.720519933794866341e-01
1.635319296503391917e-01
8.467388626477813374e-02
-6.448686394702060620e-02
-4.051160121085473076e-01
-4.367171727611053322e-01
1.371700339208100361e-01
2.968012906515946070e-01
1.005624603508643577e-01
-7.451652430665356430e-02
7.856463720291895214e-02
2.642304588054193437e-01
-5.411811609952749819e-02
-2.856274610969955496e-01
2.672782485371695271e-01
3.422874013656705960e-01
-5.383858991419731010e-01
-1.701276981300561819e-01
-1.288192204569173771e-01
-1.182001216158569921e-02
2.045693206882718829e-01
-2.592690582302297764e-01
-6.783346469633354248e-02
-6.025744314147152281e-01
-2.709648813971095027e-01
-1.427322613381374894e-01
9.682969962672728637e-02
1.674160593017892940e-01
-2.786691237107489783e-01
6.403251978393464938e-02
-9.281555342886579907e-02
1.009933062399694798e-01
-3.144017849151860555e-01
1.315769084953269732e-02
9.500794161109199498e-02
-1.375929790173083256e-01
-7.766064936086509995e-02
6.333670302451950562e-02
-1.986457650243443063e-01
2.609277129909576831e-01
6.164816641312306778e-02
1.950989893533588149e-01
1.072600288499769711e-01
2.856510242607275263e-01
3.021349315657210211e-01
9.282103095094117184e-02
-1.247308028982580391e-01
3.691020719200302502e-01
-1.654970016547725187e-01
4.735200491874762968e-02
4.867428552986954871e-01
-5.135540561607169346e-02
6.224493968881537193e-02
-1.736477558602434745e-01
1.457998030772373055e-01
-1.779134587013698754e-01
-4.499649296561829964e-02
-2.496853683458367425e-03
-3.960905061569355845e-01
2.247178532505347548e-01
1.675608482973589830e-01
-5.695298612668377863e-02
4.386464712649971315e-02
1.635308032386072197e-01
-6.723068677934761483e-01
3.016017740217015186e-01
4.107120477702714822e-01
2.450987126638478064e-01
-7.494034708978064563e-02
-6.501856755344714855e-02
2.149615682261848681e-01
-1.401343337647418807e-01
-3.886225462421710047e-02
1.618638827183698503e-01
-1.507652985372199828e-01
-1.571870454178522225e-01
1.214680572099735428e-01
-7.493830366991750813e-02
-1.283162640306744762e-01
-1.616957591535086655e-02
-6.535712333305918054e-02
-8.449202356251976978e-03
-1.573955784590926402e-02
-3.453351149176131854e-03
2.728736520573948332e-01
-2.744157168448250195e-01
2.682929802610342640e-01
1.737912488282482570e-01
-1.770466910868359611e-01
9.187085648637766111e-02
5.613470000392454251e-01
-2.392730297508770809e-01
1.422616176716145209e-01
1.749895299421678693e-02
2.745486012664712927e-01
3.035487632164220462e-01
-2.511987279158112707e-01
4.430597951648762578e-02
5.270902530256001833e-02
6.132809950892657846e-02
-1.617783305917999404e-01
4.469576349583365693e-01
-2.216238371088140868e-01
3.734384669425895864e-01
-1.796411714023720130e-01
-2.584943370957010211e-01
3.509544128089630566e-01
3.465229856040070722e-01
-4.110090424048203350e-01
9.353756123944970136e-02
3.367748799719773312e-02
1.613818001251093037e-01
-9.014871906823623826e-02
-1.361737145838165519e-01
2.630042480207442912e-01
1.412289610066010115e-02
5.414017366480542576e-02
-2.116609105105392574e-01
-4.528646043104173069e-01
-1.021023616481934876e-01
-2.620628114935705244e-01
-1.102707169052203617e-01
2.340498018185631912e-01
-1.657058725113260689e-01
-1.662763130150211599e-01
3.632836226760420839e-01
9.750574438209488881e-02
-3.790104471919934492e-01
3.815717273448052116e-01
-6.752389475478072500e-02
2.236741464070150232e-01
3.533735160075439641e-01
1.969527280354133603e-01
-3.065383291871681126e-01
2.723192787392032105e-02
3.390223298056649903e-01
3.405223988030287030e-02
-1.976443035188758524e-01
2.233303521623986876e-01
-5.709202646018972371e-02
6.489481044632976203e-02
-3.109668820027174790e-02
-4.723416175617174972e-01
1.198241998444014161e-01
-1.776377717951362067e-01
-1.373809784049196403e-01
3.760445499250892887e-01
-1.228237603446475507e-01
1.354461794343638781e-01
3.211228137092451695e-01
3.027344671788306241e-01
-3.441069498980683372e-01
-1.882604617680547557e-02
8.148108514262265845e-02
1.511730283918863958e-02
-1.899925640234816082e-01
-1.565736979963057440e-01
3.319140917695531656e-02
-2.571721510664451982e-01
-3.145602123034201836e-01
-8.531083836992559011e-02
-4.106949551196609205e-01
2.671213495187495235e-02
-4.439034440482567123e-01
-1.699609625040027217e-01
-2.399230169843566685e-01
-1.553594669217538415e-01
3.110436119434934268e-02
5.050988152545386745e-02
-3.541257654943401334e-02
1.176739676614888680e-01
1.183449348864494266e-01
-2.764257638801920561e-02
1.084510139539666546e-01
2.775875562171077893e-01
-1.227666388173093426e-01
1.812752908899817605e-01
-5.910284378220402590e-02
-5.995105338072095336e-01
4.570695084027169286e-01
2.966386042213312729e-02
-1.475567765485094884e-01
2.492770538272995051e-01
2.112312797055041214e-01
-1.412306821475068364e-01
7.611106787760150982e-02
1.471547185112238310e-01
-2.214464091548762614e-01
1.958745698636435162e-01
5.757248807789704381e-01
-5.423599602492335837e-03
2.684518196276398094e-01
-3.693384847685619032e-01
-8.693291686031205667e-02
2.720808324649978682e-01
3.088867343701311441e-01
-3.355639196655275658e-01
1.210925602692470709e-01
-2.599508997776217578e-01
1.125587664154588559e-02
-8.868571606569757015e-02
5.834746741152206650e-02
3.681292734579146020e-02
-4.917621758881782212e-02
8.302586553919024184e-03
9.968584475441273976e-03
-1.808595639913488373e-01
1.191735132234258560e-01
-1.250297215192389400e-01
4.639008722670299179e-01
-8.476775627984237116e-02
-1.610281215569726171e-02
-3.670121263330285849e-02
6.510074568269021145e-02
-7.434541017514710581e-02
-2.461039365328268058e-01
4.341548499924929166e-02
1.923005919714184941e-01
-4.131506587847118966e-02
-5.509631374499136536e-01
2.801180738217010635e-01
-2.643216823555509798e-01
9.793912159355397384e-02
4.369006653243762139e-01
-4.352228324672253144e-03
-1.034552581524216495e-02
-2.357462063561285293e-01
-7.685073653455362641e-02
-9.082766460233893113e-02
3.720944562658329291e-01
-2.383670419992600376e-01
2.717288551752279901e-01
-2.093048915301460589e-01
-1.607436268355267595e-01
-3.364162747187224856e-01
-2.813091724682804662e-01
3.605874769405636449e-01
1.049908534694085210e-01
-6.947704995549076890e-02
-1.336542430932259884e-01
-1.347804711674238827e-02
-1.785902961369398301e-01
-1.326416637795671816e-01
2.834291191661884590e-01
1.386555660771362219e-01
7.726636298582902074e-02
-1.910688212662785546e-01
2.979978202298927958e-01
2.637132123626496627e-01
1.213306368728784834e-01
8.634307015063794055e-02
2.827925478098362588e-01
2.779028280419089669e-01
2.079236678625554641e-02
-1.121066005907337265e-01
-1.220233180291052377e-01
3.064593865937495498e-01
-4.244240331269487354e-02
-7.132394190260581135e-02
1.838760439861769902e-01
2.220998090217323750e-01
-7.184612963019867959e-02
8.293570074379429113e-02
-1.934882814004431351e-01
-1.627008146856833426e-01
1.105081469662061860e-01
1.723890251886212033e-01
3.026367981094664206e-01
-6.801923478010941937e-02
-1.539110882089547994e-01
-3.444404659937397306e-01
-1.083792631923744115e-01
-3.857451119929330985e-01
-6.367706585361512794e-02
-7.358534243933525509e-01
-1.501782635852339232e-01
-1.631292354652010557e-01
-2.669518009322652818e-01
1.131546411594910873e-01
7.128640628307635063e-02
-4.400553171969792121e-01
-2.677524662394671351e-01
2.402753031245125348e-01
-3.421781650682533815e-01
-1.428210058579066910e-01
8.871190856140316605e-02
3.500015792022191652e-02
-4.044524314849652635e-02
2.804978631759579288e-01
5.808157587750004125e-02
9.321836187356039027e-02
1.880055274091577133e-01
1.361564268706119130e-01
6.070829492693810558e-02
2.517001954174507561e-01
2.213978401395359785e-01
-2.625805016768023581e-01
1.284171930658214167e-01
1.023591835703313718e-01
-1.025244428444194306e-01
-1.219351414200076505e-01
-1.421906103369741659e-01
2.722708080378856144e-01
3.704413291428658161e-01
1.702844039537274312e-01
-9.358928945163347279e-02
3.870054003864406011e-01
-2.504963787434892272e-02
-1.828340715989285881e-01
-2.735124100584315765e-02
-8.532823513079795807e-02
-1.301449987478695558e-01
3.316825069448488539e-01
6.876318056470499818e-02
2.505124743373127738e-01
1.513070531304709920e-01
-1.975180518537228147e-01
-2.011439945965465825e-01
-1.748113927576488424e-01
3.941238534883185762e-01
-3.589246216800714290e-02
1.018915356763473029e-01
1.729955869722717976e-01
-1.341024230449363586e-01
2.448169225047322761e-01
8.986481541968123488e-02
3.975652111249252663e-01
-1.023929867011904582e-01
2.675703061627110468e-01
1.138401168489279053e-01
1.189176596676994463e-01
2.775291592839434496e-01
-2.828954993077363866e-01
2.342544618373565424e-01
-1.670399025414632532e-01
-9.174512739154486174e-02
1.037812979517044459e-01
-2.087513997346684622e-02
-5.069037265194840242e-02
2.081712841938825886e-01
2.638164083792598480e-01
1.333900402455366063e-01
2.641615222144182429e-01
3.747962014480281656e-01
-3.703781612588018246e-02
-2.066755487576912020e-01
4.032388781814787854e-02
-1.308409144745075470e-01
-8.908968904621020202e-02
-2.263857930545601638e-01
-9.703742032895390501e-02
-5.705044502944922602e-02
-4.899301698003165062e-01
4.704886765971240392e-02
1.318607828012325622e-01
5.336169206564804479e-02
-3.431560979907301023e-01
1.559123472495630436e-01
1.945001992385554934e-01
-2.341558690051260272e-01
4.552706545996165755e-02
-1.051819007883793150e-01
-3.670738376960951954e-01
-8.956393085126475306e-02
-1.250403601763609984e-01
-2.564555942681265854e-01
-3.032040521417331269e-01
-5.952390708601001945e-02
-4.464698217650736600e-02
-1.985860074036566170e-01
-3.716805666063926483e-01
1.425163007861173226e-01
-2.549404450405063915e-01
-1.372480191025122684e-02
1.826228399109310896e-01
4.036487570076408710e-02
1.693648763272391222e-01
1.520212700194730204e-01
3.821625417054925686e-03
7.261432495019103095e-02
-1.083488787462773550e-01
5.556513292783461788e-02
1.129177570643651457e-01
-1.195540946403741457e-02
1.383200919223399605e-01
-3.010685724502326285e-02
9.504185906692252939e-02
4.817406972625776218e-02
8.335619225736540239e-02
4.475138626525062766e-03
-3.744110621571367092e-02
2.487361180483830397e-02
7.813541889470021484e-02
-3.095002729260231678e-01
-6.204999447900367421e-02
-4.531555482802440867e-03
-6.622255780998854979e-02
2.911145947458615435e-01
-1.517187270522178111e-01
-9.392536276036779486e-02
3.877351692162652602e-02
1.157485424499536120e-01
1.802940675390953262e-01
-2.198199230423434833e-02
-1.139625730049819846e-01
-1.432023591112660255e-01
7.523371124968523949e-02
-6.508886325643982451e-02
5.678747319323252940e-01
3.307758661405613143e-01
-2.952402258784914690e-01
1.216859150260664879e-01
-4.210545723290224918e-01
-1.749517570179433823e-01
7.135637581259048068e-02
2.330781377101448781e-01
-1.202632113443151685e-01
-1.057919432406011634e-01
-1.922721461048225167e-01
3.579365730664298972e-01
5.665593526872860462e-03
-2.876960631450098949e-01
-4.736068501649946111e-02
-1.067004142416682483e-01
7.885176978494197464e-02
4.816460415062231992e-01
-9.912445611937963086e-02
3.259330916578393467e-01
2.201182440369451321e-01
3.664916218499917333e-01
-1.389989450605080556e-01
-1.071611616773135295e-01
-1.709516552615732154e-02
-1.081802266579439398e-01
4.308978919930537832e-01
5.778637672043527435e-02
-4.747042941873237942e-01
1.325531660782550414e-01
-4.893856459299427558e-02
5.607396379933596853e-01
-4.222738958499542943e-03
1.326041246990162792e-01
-2.467672106002247456e-01
-1.166438755540887134e-01
2.510261630576863801e-01
-1.950180635151508579e-01
-5.839609175474697739e-02
2.815669313703338950e-01
2.896193487432002778e-01
7.381800886774284032e-02
3.461263128459410310e-01
1.697908592617025647e-01
7.403015031854863481e-02
-1.972555913082436330e-01
-1.381567676621809349e-01
3.477598046966185463e-01
2.537838995337686199e-01
4.540652342589272111e-02
5.554628075389650421e-02
-8.230190870418251092e-02
-1.006939827157129347e-01
-3.436624519255803145e-01
-3.649876870557350328e-01
-1.885342232938944373e-01
-5.558554568226108383e-01
-1.640754595074263300e-01
4.366255307219197301e-01
-3.791060358639789518e-01
3.810738563962579734e-02
7.003693054457206524e-02
-3.334078156722740105e-01
2.730532341740569136e-01
2.420011354618917809e-01
1.316332991895383664e-01
-3.230591169158392173e-02
4.518690861596905695e-01
-6.447209105256269945e-02
-1.696925936253836920e-01
-2.155928115204251427e-01
-2.082873851070076165e-01
-1.771711126556116747e-02
3.688519363087795488e-01
-1.496106028198870008e-01
1.952033552851566711e-01
-2.501417159188499828e-01
5.501791073987583047e-02
-2.438128666301612318e-02
2.424706218357970400e-01
9.705050516992803911e-02
5.967512957959753006e-02
-6.909999847120694427e-02
-2.104513052052668365e-01
1.099456181747349437e-01
-1.723490030796031303e-01
1.256786077815134350e-01
1.043165317529739095e-01
-9.685134656506837192e-02
3.222244481449655917e-01
1.931283575939505837e-01
3.960062444143551685e-01
-3.759774921359896466e-02
5.388133461384245204e-02
5.079339315775912578e-01
-1.693955631926956362e-02
1.946748611981558852e-01
2.942521181422853571e-01
-5.062737518622117960e-01
-2.075317076870958344e-01
-2.458376107684994913e-02
3.732936544133977352e-01
-4.370395310816557743e-01
2.681510512552982058e-03
3.383791234720687213e-02
-1.703652032462854848e-01
4.389997036360910321e-01
4.187555238586760376e-01
1.136983167874823369e-01
-1.868505576320537986e-01
-1.448706265902197643e-01
1.165895263988518150e-02
8.013323670674157850e-02
-2.000382460453371813e-01
-5.281343347373616132e-02
3.380603535217163724e-01
1.213053891148929697e-02
-2.062236129918550986e-01
-1.821425550640817514e-01
-4.507359280231536536e-01
-4.563167495589601219e-01
1.928741028673048030e-01
-7.381216259123139778e-02
-4.661161664082789924e-02
3.145362742569526304e-01
-2.568563104720750223e-01
2.662112576148767396e-01
5.864601466198930690e-02
1.256163307841612342e-01
3.825667348187956202e-02
-1.690421973449504067e-01
-2.139030504430976254e-03
1.191664139620336738e-01
-3.866766366847115832e-02
1.166043532892911960e-01
-1.130549511414074421e-01
7.860040191123017495e-02
-4.894263406656633453e-02
5.226019852028513518e-02
2.377321415108561709e-01
1.898585875076118090e-01
4.234759117185349919e-01
2.434074013026743255e-01
-1.952364850773123384e-01
-3.909491243236932756e-01
-2.363631787550360963e-01
2.875063914335352910e-01
-1.774166017058008971e-01
1.656854903473170548e-01
4.186526825406891583e-01
-1.427471255653011417e-01
-2.069002399032070505e-01
-8.974002095077149299e-02
-9.194773848190965215e-02
2.046687649568652151e-02
-1.053534035910102806e-01
-2.195175750143082416e-01
2.543312669888737054e-01
-1.558910187757323040e-01
-2.315972771383212891e-01
1.419087146815764533e-02
3.598430902936818332e-01
-6.016068567608164053e-02
-1.413991927767000167e-01
2.862515181240491979e-01
-4.182417137058670464e-01
-1.981723532510544228e-01
-3.053229326088274104e-02
-2.662117808582603606e-01
-7.369008670552296136e-02
1.371216815738597050e-01
-5.767712419027619386e-02
-2.230541591998684015e-01
6.694564480125121675e-02
2.034340011652548685e-01
8.623643325063136411e-02
6.031266464553081130e-02
-3.792762709933612530e-01
3.463873216084878970e-01
-2.740013144596837452e-02
5.626124614179998235e-04
-1.596492125867313497e-02
-2.444039528993453558e-01
3.404412028222526115e-02
9.808153536591144792e-03
5.215135207518491883e-02
-2.773624874111240909e-02
-7.459884332303376442e-02
-5.698700259524383527e-02
3.735921392995743551e-01
3.109673112600318257e-02
2.384501953294464183e-01
-4.780972588719876182e-01
-2.854427776433304809e-01
4.384701850149174684e-01
-2.546319532943448413e-02
2.636309163271894351e-01
-3.112021858226050042e-01
-1.304946492957014814e-01
5.994931926552269363e-01
-1.886289767708124454e-01
2.145983269404654406e-02
-3.553598487272420503e-02
8.652399061713510198e-02
2.675301999841631084e-01
2.329331217550673627e-01
-1.237740381246780069e-01
4.168904670038357102e-02
1.022612081472777379e-01
2.917678971566472351e-02
7.859552943636487210e-02
6.075136016542410748e-03
3.175949359881559131e-01
2.844627853982887866e-01
-3.781565678677507591e-01
-2.761650548017376833e-02
-2.300475684625908346e-01
-6.046822238764340551e-02
2.379264579173269167e-01
5.442909156914369634e-02
-1.446112787964481117e-01
-1.208076354951084230e-01
-3.643188838650512351e-01
-7.534727123425913331e-02
3.961453598002424858e-02
-3.739288442128740342e-01
-4.773850548163415808e-01
8.933851720085081438e-02
-9.182984443460748269e-02
-1.376142157923708753e-01
2.414266155950422488e-01
3.029834364370050381e-01
1.447645930679546389e-01
-2.609731152891666198e-02
4.095211795786100617e-01
-4.640663919777686663e-01
3.872089196746241746e-01
-2.389420459746525449e-01
7.374294079259334500e-02
2.296869992219315315e-01
-6.002640168060333070e-03
-1.899656757985607736e-01
2.242624009554710918e-01
1.006349228349474739e-01
-1.615421302573394335e-01
-2.168509429832893021e-01
-1.687339579296714409e-01
5.687487952302620053e-01
-3.752094345767388317e-01
-2.714156130464028260e-01
5.997292727772847443e-02
-1.352076151077691302e-01
-8.230353538655062196e-02
-1.374666913217572617e-01
1.628101329773807421e-02
-1.311282476658328505e-02
-1.177188056028625751e-01
2.122868637512226320e-01
-3.311334423826386986e-01
3.483670945929674689e-02
2.696688880769153029e-01
1.372254547787781116e-02
-5.868582842470442262e-01
4.309457494982479875e-01
-1.625389836370653707e-01
1.631424314396902053e-01
-3.620017893331918812e-01
3.213684105651891665e-01
-2.607051104009069364e-01
4.494049531165209554e-01
-3.791457424634972484e-01
-2.801843754440371259e-01
2.541571441826817046e-01
2.823787525905258611e-01
4.064522470632632722e-01
-1.541414137462102651e-01
-5.976046587332893845e-01
-1.639952164243531629e-01
2.756146116147953906e-01
6.307420913324146561e-02
-7.131607833450444300e-02
-4.921860024644781478e-02
-1.377877296922110362e-01
5.999668738385803557e-02
1.838648706840258218e-01
1.508233809637621881e-01
-6.168621171093645328e-03
-5.197304542425534857e-02
4.332027328295600110e-01
-8.140433843747702652e-03
-1.092120386981271785e-01
-3.913492426299241406e-02
-1.882545190723404135e-02
9.423061117083446347e-02
5.549960498708887968e-01
1.107780325218989115e-02
-2.239720395702952671e-01
-5.323977093554314866e-02
3.276926819605480712e-01
-1.519655487011199735e-01
-4.516590375662840606e-02
3.381531266775981703e-01
6.779695706125314636e-02
-5.009497518546716932e-02
-1.412969581829326693e-01
-1.917361182833700883e-01
-2.762384526202775192e-01
-1.563310335276176799e-01
3.306783485382500665e-01
-5.635126347479614550e-02
-1.787372413426636386e-01
-1.061151503571355764e-01
9.828483025762359271e-02
6.131260861543912366e-01
1.620652794996281509e-01
-1.065230930091888850e-01
-7.303055359991479645e-02
2.736906057345913634e-01
-8.595022506359657755e-02
1.209161985184487725e-01
4.032817158429702342e-02
-2.185779765469192740e-02
-1.150563045185009209e-01
-3.018333618349985925e-01
2.370750646932261452e-01
1.771440734339742029e-01
-4.595133728687639252e-03
3.468192784437640896e-01
6.535691785143293853e-02
-3.548876861385596437e-01
2.571715329274523731e-01
-8.516998556537588860e-02
1.713224958353278329e-02
2.373828442847816800e-01
1.593156568635802628e-01
-7.760966984460568319e-02
-9.275140665330541823e-03
-9.098278659463875095e-02
1.966156263760094128e-02
3.622704406718364051e-02
1.936937324578419384e-01
1.775646937547337156e-02
2.423149326546985560e-01
1.760182893642316948e-01
1.186846743834493213e-02
-2.628490777717708560e-01
1.257039155259345176e-01
4.362329943517473385e-02
1.882788484669910556e-01
3.216632014480421131e-01
1.379255575972724857e-01
8.131327092339313278e-02
8.811221992106846312e-02
2.558565874234106086e-02
1.523806379700974600e-01
-3.810549603052896563e-03
6.600748987851962069e-02
-8.774623690618917060e-02
2.475973486766503417e-01
-7.723277537847403340e-02
-2.936926305654542768e-02
2.380527640495940650e-02
-1.537983580575930931e-01
-3.116097617085614724e-01
-2.177309332137516151e-01
3.095988147151869652e-01
-4.129821357419465322e-01
-1.955370323845223857e-01
-1.129056623652929525e-01
2.286507636128442544e-01
-1.480201184372481604e-01
-9.469105651077958097e-02
3.814049966473574693e-03
-2.404845608771074006e-01
-3.583263490579778349e-03
7.392981954499488638e-04
6.066856764046540257e-02
-1.133504345716160044e-01
1.564434794885374014e-01
1.118335280632866136e-01
5.890789486872434200e-01
-6.615760470488027400e-02
1.442689886657349575e-02
-2.875272736672115359e-01
2.565139236854195315e-01
-1.015257428824091201e-01
1.365203730016511241e-01
-5.504729214955044608e-02
3.135770563712579340e-01
1.428082968634499794e-01
-1.076659508703844276e-01
1.015248712672022283e-02
-6.112709752242525413e-02
1.343258066352945312e-01
-1.357093609479908813e-01
1.261099400949034777e-01
8.334123169826225530e-02
-1.834359703742090286e-01
-4.511489618683757474e-02
-2.815124001013127875e-02
-1.255904876139018467e-01
1.265799108920276916e-01
-9.561789931148581556e-02
3.179923408793887407e-02
-2.038875802310315677e-01
-5.777379227004649648e-02
1.883862770763301830e-01
-4.822211556733716625e-02
1.457704531830280315e-01
8.815813483415269047e-02
1.490625142837250817e-02
5.856023763453075542e-02
1.118053348472701908e-01
-1.169018085717375005e-01
1.736976613986796203e-01
-7.452620175726409890e-02
3.173341588424076209e-01
1.417991062731057128e-01
1.234182229910217726e-01
-1.382176771151554240e-01
1.947480354539345704e-01
5.146702139027169165e-02
-6.729780473259024953e-01
-2.251406576041223018e-01
-1.844606618026772837e-01
-7.411960520043552048e-02
1.253684989629843538e-01
-3.088240472967357375e-02
3.384436084633125064e-01
1.024003850173312857e-01
1.054676201158657178e-01
-7.025149273072363310e-02
2.890699970565516197e-01
-2.697449334866652282e-01
2.044270648244279898e-01
-4.245812097578105515e-01
3.339125604847907880e-01
2.674732616721960388e-01
-4.051431994485793497e-02
1.393408551590319677e-01
1.078417528057046826e-01
1.121850341189445238e-01
-2.170765038601407682e-02
2.634044010481061820e-02
-4.022982504716256513e-01
3.213463098168646281e-01
-9.800108455609832236e-02
-3.371820167415329750e-01
2.709477804303355164e-01
-7.746989684006851118e-02
-3.472240546454069543e-02
-1.026347971013691907e-01
-9.583660351664760046e-01
2.633764787715900391e-02
-1.664519183025751636e-01
-3.128434378989518039e-01
1.735524658446694346e-01
-9.604226312719962855e-02
-7.234256711352061997e-02
-2.847527301429492730e-01
6.348130883034643068e-02
6.101268631259253172e-02
1.527261099792074361e-01
5.362150703268274421e-02
-1.808871204515238307e-01
2.508851930213579218e-01
-1.603879689248557394e-01
-1.432259436602870140e-01
1.179774675840614406e-01
-2.351281480757668740e-01
1.036926068066608558e-01
-1.313375303345427209e-02
8.875639084829160808e-02
-2.069568885052402649e-02
1.277627887630841674e-01
3.128242709406209299e-01
-1.123519120594816262e-01
-4.073692167899262140e-02
6.125477916387610244e-02
-1.845862171961833859e-02
-1.455230427206367916e-01
2.162359618231422809e-01
4.013392493073899420e-02
-3.670789519875366502e-01
-3.850634126371507149e-01
3.898632542473841334e-02
-1.679159704181022450e-01
-7.203958003255000759e-04
-2.045868986964576586e-01
-2.058591405907290173e-01
-3.801541809692873808e-02
-4.842248644326606344e-02
-3.781236610228729256e-01
-6.569045185823731148e-02
-3.368744597192255968e-02
-1.044095687059590077e-01
-9.017530861399540576e-02
2.192217007539052631e-01
1.848333379556764133e-01
-2.083734363254408917e-01
1.656663767420779240e-02
7.327560710882670414e-02
-4.350065468419730408e-01
-1.020265235264049414e-01
1.830283162731411069e-03
-1.576117172293363677e-01
2.685635267528587722e-01
-5.134808475014419615e-01
1.625062748032168047e-01
3.167347434700035214e-02
-2.708229931086698627e-01
1.582626903537213692e-01
-3.303641259925051837e-02
1.062713951543895613e-02
-1.011212558517380899e-01
2.419476716076967571e-01
3.076684024138508500e-01
6.815713656462245307e-02
-1.941910914571569058e-01
-2.150180551583417976e-01
-6.874024821637213234e-02
4.142477024073418779e-01
2.699751138800198791e-01
2.316298109695906840e-02
-4.687914099726747108e-01
1.864550205129399674e-01
2.964835217439417137e-01
-2.708428463183342183e-01
1.611899128279581025e-02
-4.333493208320358253e-02
-4.706601706683935515e-02
-3.240081196334684832e-02
-1.774907723658997460e-01
4.256779758108276135e-01
1.690376671194768476e-01
-4.688318899039555648e-02
-4.529549174241658677e-02
2.340462923628276459e-01
2.692906236616941507e-01
-2.098060775512865586e-02
-4.161007188646455648e-03
5.221033960948588959e-01
5.281031371851289263e-02
3.688827346469896185e-01
-3.499851929297893016e-01
8.259276365075449156e-02
4.080727224727799252e-01
1.228504199528475255e-01
3.090870892679238591e-02
-2.271704540191884780e-01
7.591579143111150396e-02
1.218450035759615496e-01
-4.079727084009351357e-01
1.776704714388535888e-01
1.694363524177495417e-01
-2.017809153783255427e-01
5.609474137338667926e-02
1.683124699032362837e-01
2.220528141692491575e-01
-2.511029007550438785e-01
-2.884073385715109350e-02
-6.218856290616173732e-01
-1.232327419081685194e-01
1.040879449372716370e-01
-1.203129269343178320e-01
-6.635208938138040247e-02
2.474207120352582001e-01
2.405984480207560283e-01
-2.488188153990579798e-01
-1.302072450418553795e-01
3.622216456205794993e-02
-1.382998955830883614e-01
-1.520508766781812071e-01
-1.754524022226332247e-01
-8.998336953805589206e-03
3.560006196948798940e-01
2.446836445871170274e-01
2.308416852030664712e-01
-2.990580718285386075e-01
3.436366322252878969e-01
3.399240512866040509e-02
-5.645953085276200073e-02
2.205999631391885596e-01
-2.739269277537271230e-01
-7.833266706763135356e-02
-1.484048957478152075e-01
9.454263131086547423e-02
1.303692393775985614e-01
3.427999163479406031e-01
1.436483245326493352e-01
-2.351982842286081954e-01
1.480805992051302533e-01
2.419409221237811825e-01
-1.347997416765227552e-01
-2.047911949912639140e-01
8.535359599681963116e-02
-2.445539067479850226e-02
-4.160376416820971701e-01
1.052414881617874526e-01
1.229792910401646296e-02
-2.248099091444265563e-01
-4.212970078652960026e-01
-1.489147478116374657e-01
-3.052903744295832889e-01
-1.183606556713495545e-01
-2.612299637293462318e-02
1.262949838461605578e-01
6.913837568413826185e-02
4.682861644019545994e-02
1.010499734245857845e-01
7.367796289195584214e-02
2.359945576995887417e-01
2.904488302035331815e-01
3.026657157491707134e-02
1.398373333337156743e-01
-2.126811416211394634e-01
1.525266647870928693e-01
2.958025570375109048e-01
2.985630491171992751e-01
2.425648816214322490e-01
3.847568638424993942e-02
-2.019344004717363306e-01
-3.197590293722242794e-01
2.960985566792824764e-01
-2.827586051945669143e-01
6.641488580889951671e-03
-1.881857387051197594e-01
-9.781868354520360798e-02
-2.644634269202560950e-01
8.395068983815649755e-02
-2.346629645217394866e-01
2.884462454102498796e-01
1.784484375906807141e-01
3.889070753024283511e-01
-1.625219282674068288e-01
-2.343165020200763948e-01
-3.879182189743919477e-03
2.605364125097843764e-01
-1.194011953803441606e-01
1.919154399232852193e-01
1.189495859472499834e-01
-2.092817717681211553e-01
1.020491257298109800e-01
-1.269886344554748414e-01
-2.300081518965196165e-02
3.421507042367770701e-01
1.193353791359413746e-01
-1.700028119643146318e-01
7.292920127376012474e-02
-6.768620043733639124e-02
2.325870788431144420e-01
-1.219436441046197785e-02
3.092297539065925333e-02
5.496337038688233617e-02
3.654155283238125218e-02
2.922251972752722970e-01
-8.460547205016602512e-02
-2.102634508283131032e-01
4.390702103239392806e-01
3.167197534240319134e-01
-6.578365661384527607e-02
1.412704744755024777e-01
-4.893534939812906048e-02
-1.580514802630993421e-01
-1.190552418149004310e-01
-1.593016060856737026e-01
-1.182180117854947088e-01
-5.432807631549647909e-02
-3.489020019527054595e-02
2.868381368648723617e-01
3.088916064146159934e-01
4.729111006631737113e-01
-2.763427337041496346e-01
-1.815851341570221683e-02
1.855627595884559722e-02
6.794026335100879221e-02
-4.565626834304441911e-02
8.938416468487186961e-02
2.340771565498086515e-01
-4.115362154101862360e-03
4.978564755432500488e-02
2.626080055786231826e-01
1.539223547207071996e-01
-3.402145868750791058e-01
-3.603043724401253090e-02
4.082186724218790363e-01
3.197102712191061680e-01
4.531350428829596377e-01
-2.933108101596795803e-01
-7.882806334835576467e-02
-9.454156152787111800e-02
2.600126731424953208e-01
3.975860111227688676e-01
1.904867484749258044e-01
7.616767115355312090e-02
-1.378343792400661960e-01
1.527509056492891426e-01
-3.033580377451470383e-02
-5.783566494466352292e-02
-5.317887814945669589e-02
-4.160356449808357282e-01
-2.427840607841631193e-01
2.397271444374632632e-01
-3.116743858824079227e-01
5.694648968204520934e-01
1.404200481919605226e-01
1.371575578070612367e-01
1.796644571366589616e-01
-3.843032904280830886e-01
6.912470358084642219e-02
2.334657865550787970e-01
3.124659073530787756e-01
-1.418475221988931556e-01
4.632303034313095536e-01
-1.188681598018765523e-01
1.098909674905377068e-02
1.812976527534781168e-01
2.301016654466609135e-01
-1.709469705266032369e-01
-3.389279989080328740e-03
1.146489885004194770e-01
-2.489037287955560840e-01
5.332102177853073055e-01
-6.097342814369984682e-02
-2.789289408346799504e-01
1.044332147570517233e-01
9.299482766490810293e-02
-3.091606708400574388e-01
-9.455929869087244255e-02
-1.219988976265063557e-01
-4.097864969146691183e-01
-1.892372101401542384e-01
-3.032667768653280471e-01
1.944124612421856413e-01
1.729803807226444057e-01
-1.015400427955431284e-01
-3.166483885269689297e-02
7.186591696726875311e-02
-2.075330572484918382e-02
1.173681190519313688e-01
3.560259003562440960e-01
-2.069050007408301528e-01
-9.754310419018169531e-02
-7.799714087207476609e-02
1.199595281911926270e-01
1.334396102981694546e-02
2.422956489195441931e-01
9.914397600957780207e-03
-6.526527321627702272e-02
4.646513930452591534e-01
5.223715854386516699e-02
3.288405698395927557e-01
3.299229816344022570e-01
8.060382009772201761e-02
-2.795589177351142166e-02
-1.412829894780604501e-01
1.707679052456760604e-01
4.346963317824678597e-02
7.273498197474764781e-02
1.768954792676349919e-01
8.113006455222093738e-02
2.371640944357144842e-01
-1.730202148898963288e-01
-1.533011649345536187e-01
7.818725012466519464e-02
-3.191373972551767579e-01
6.965085674687700179e-02
6.496807391376348273e-02
2.130347649264907259e-02
2.323681061251608448e-01
-1.194412894329916763e-01
-3.355331889038608295e-02
-5.184643453920593226e-01
2.709875448201650716e-01
-1.219877502418766383e-03
-1.091741941409269945e-01
-1.620784298354139008e-01
-1.176047485286804833e-01
-9.359555441432160878e-04
-1.125590239818156785e-01
-2.821099620501922867e-01
-6.288213702668239702e-02
3.559422739300317773e-02
1.590159274952023249e-01
2.745922802119112882e-01
3.405437799378528974e-01
2.315826554339383558e-01
2.394087115325453999e-02
-2.415984372009880587e-01
3.624815239206573281e-02
-2.572278121680175722e-02
-1.069048812006173771e-01
5.273370635422254191e-03
5.382295748603551644e-01
2.499741919175992866e-01
-2.741795762872757392e-01
5.731801992261554846e-01
-1.636147949378939648e-01
1.242115112556957807e-01
-2.582021676178317127e-01
7.137075615526304942e-03
-4.200209696193905190e-02
-4.232769398938479588e-02
2.151388545505183436e-01
-3.410742728987666283e-01
2.580165641561288359e-01
2.672924730649408054e-01
-2.940539468460657280e-01
3.045420505994374527e-01
-7.633612927400333648e-02
-4.031963449629583085e-03
-1.077903225166860351e-02
3.376076400885582446e-02
4.410250112444528275e-02
-4.533172522978343166e-02
1.599278379341142198e-01
6.093719247306790543e-02
4.539297677740716797e-02
1.616973602661336551e-01
-2.777487772679539946e-01
6.289295443859599551e-03
3.675970237524431999e-02
-7.698352229183064166e-02
1.442765773586823230e-01
6.239364686383700592e-02
-2.018666416280288228e-02
-6.388956870845274036e-04
1.237479228096580175e-02
1.205663538062614198e-01
2.762624856088172765e-01
3.641890710578093993e-02
1.056411503386617823e-01
1.129271317762018390e-01
-3.724614506181684465e-02
2.491923456464502362e-01
-3.257268266472702622e-01
-1.223609941073812990e-01
-1.745300626254001897e-01
4.548847196005540439e-01
-7.312449945289989373e-02
4.022667189302059354e-02
8.884725964856036995e-02
-2.768539771976676334e-01
-2.622012137515991603e-01
1.223744558969113438e-01
1.964693250078362180e-02
-1.292516651706912371e-02
-2.193368968317400969e-01
-2.383464828457837192e-01
-1.978343817422171802e-01
