-4.468920747242326533e-03
-3.966782386049998443e-01
1.778587768571623096e-01
-1.075005896209546008e-01
-4.549004651313305336e-01
1.093766165000862323e+00
2.025319949386034379e-01
-7.544768053065477320e-02
2.282244844087104596e-01
-1.622635390748397854e-01
-2.723188297413223213e-01
3.079713841678902719e-01
2.600149822144484299e-02
-4.621323183937982998e-02
-4.901626988466741830e-01
2.550494170092605650e-02
-1.926484420616573212e-01
2.875928271725363139e-01
-3.565435197945110990e-01
7.437013177856720281e-02
-1.112407348764362924e-01
-2.466225094843633447e-01
-1.421373456916178238e-02
-6.437899619476676605e-02
-1.785071414161600468e-03
-2.958136241084029228e-02
-1.751652611346919131e-01
-3.112679837775766956e-01
4.254831419874092746e-01
3.840387829786686136e-01
2.194362420768443955e-01
-2.081967992731602601e-01
-2.642251347431140984e-01
-3.116059459492811490e-01
-1.439577197346534609e-01
-7.945523796997790156e-03
-9.967420281846070540e-02
1.599716629392272313e-02
-1.184443239577673418e-01
-2.776663645069638586e-01
-1.104275847101833796e-01
1.032978905831875710e-01
4.609685354258409584e-02
2.634798663559705378e-01
-1.028540562741568354e-01
-7.472054491948711130e-02
1.220654588727510675e-01
-4.336156041264867256e-03
-1.462461995539657278e-01
-4.905146358749466057e-02
7.777653138683210399e-02
7.673382810600944126e-02
-4.176129572966924552e-03
1.214354541240796892e-01
-2.370375261803232131e-02
1.428604065773642420e-02
-3.091521296905833105e-01
1.738648226504070290e-02
-2.234881220170943650e-01
-1.347520741806654092e-02
4.201028453114871164e-01
-3.421082926104932961e-03
1.624032643558236122e-01
-3.771428213196827833e-02
1.390869093458230177e-01
-9.750323391914596238e-02
-2.886997180683081865e-01
1.352304091361131999e-01
2.685919666190101918e-01
-2.952614215287589078e-03
5.595649699386386067e-02
-1.794054838561640330e-01
-7.032750853115131429e-02
-3.054845633707360952e-01
-5.564280675458953274e-02
4.031780258889057222e-01
-2.486191152407417337e-01
9.539012815040400980e-03
1.697724551414898086e-01
1.141925489777744773e-01
-2.943246430291326932e-01
-7.059524145836520992e-02
-9.939308184161287085e-02
1.343858335511085300e-01
1.867787308909032648e-02
-1.261407851428180960e-01
-9.826445025366141450e-02
-1.102254274630807829e-01
-1.051434910875920226e-01
-1.148266480422851787e-01
-7.239563867547896443e-03
-1.594511176840567035e-01
1.592721702389243987e-01
-3.932108695176960711e-01
-2.040268798701171671e-01
2.892266719773115558e-01
-3.689154125127872552e-01
-3.268824706099992539e-01
1.729476083319675395e-01
2.861299191876966880e-02
2.501409171987114752e-02
-1.237327516254009968e-01
-2.721452740223948008e-01
-1.483346271214884549e-01
-1.637006191697584490e-01
2.598085064737424843e-01
2.616843468712872628e-02
4.884050639191951926e-01
-1.735564940031501524e-01
-8.822955537668220050e-02
1.833234031535855013e-01
1.484926465500858161e-01
1.170758372978683293e-01
2.150010200727357490e-01
1.824330099248479831e-01
1.350563223884652941e-01
-4.605382737214446243e-01
3.621293040494132781e-02
-7.720888960805545598e-02
2.500315118689389049e-01
2.352058234473827503e-01
-3.889545198258106962e-01
-6.567766661505124171e-02
2.950268179642883681e-01
3.740392085819119888e-02
1.372595887362113853e-01
6.971880475289032875e-02
-4.675343580698159140e-01
1.633275103087145630e-01
2.589767624426541626e-01
-3.889968477152024318e-01
6.788834330829540686e-02
-3.779842151308615561e-01
-2.405462885743158696e-01
2.199052133567315215e-01
-2.208378154435418350e-01
6.599223624901782159e-01
3.162212686968853270e-01
-1.208132238627211835e-01
1.243388853023099372e-01
2.180025590858352125e-01
-1.063885418297392110e-01
-1.154194572591187296e-01
-1.286057843622542274e-01
7.625953551106440242e-02
9.466532585058497207e-02
1.347869316166004638e-01
-3.060701261698643358e-02
2.304432047243750725e-01
1.444364535951341566e-01
-5.848565612849634249e-02
-2.647962483145917534e-01
-3.639855095007872854e-01
-6.295973724000629712e-01
-6.157666217908953632e-01
-3.310164370064303530e-01
-1.432828470355598516e-01
-1.324816515344443002e-01
-5.450202581904650678e-02
1.705902873663079494e-02
1.848094155821043347e-02
-1.260900114338290301e-01
8.398344375974382825e-02
1.930066308154453902e-01
-3.638365822012915030e-02
-6.848623256599296882e-02
2.555506147072346759e-02
-2.299953254558791960e-01
1.018193502826576086e-01
-4.106059761351393833e-01
-7.846338876501164628e-02
-3.085782959924031343e-02
-5.126533750227729030e-02
4.426449714117796502e-02
9.234107029996139193e-01
1.364643047596953429e-01
3.210525451215381354e-01
3.638001623449394484e-01
1.200172245384962810e-01
-3.028189857843788801e-01
3.714384095265696462e-02
-2.865647926177856686e-01
7.622528284266774645e-02
-2.159186632004075901e-02
-4.848713044146976681e-02
-7.186357797992810881e-02
-6.386391381078906915e-02
-3.004211780417599398e-01
-1.412881279072732421e-01
1.853290689745702990e-01
3.396696481266714418e-02
-1.765146257008754493e-01
-1.801293962049655695e-01
3.397025845372450559e-01
1.456063921201481703e-01
1.052989013818809022e-01
-3.787299289908746536e-02
1.478507787852288181e-02
7.910938444692239280e-02
-8.227083080715888452e-02
1.200363543673073213e-01
-3.430745736917914512e-01
1.450108554581190368e-01
8.142211856615589986e-04
-2.060848926329396924e-01
2.800051243813531654e-01
2.394001916446637512e-01
-2.351478028823204489e-02
1.540662064830843059e-01
2.627036727749848533e-02
-3.053354399017743637e-01
2.550709771649318780e-01
1.787430313703612661e-01
1.601457107775512978e-01
-7.451382936102150800e-02
-3.304207549464028282e-01
1.467918408215446169e-01
-1.001488662661786377e-01
-9.190470787810034459e-02
-4.644232248846665301e-01
-5.836233884180470725e-03
-7.124979719764679142e-02
2.175668348332650548e-01
-8.486042847473793116e-02
-5.811735764625120676e-02
-1.427361369025140492e-01
2.625518170649501215e-01
1.090631111638970113e-01
-6.084646111599105803e-03
1.032373680260923084e-02
-2.372157344985124927e-02
-7.846662807822202268e-02
2.578019719427015466e-01
2.115065354439881751e-01
-1.572370678779362041e-01
1.609067505424292555e-01
3.178505530201699014e-01
2.833697144410541879e-01
3.413115110703024979e-01
2.261859916937579984e-01
-2.934729223234473078e-02
4.222936080290600747e-01
-4.679940764957390420e-01
-1.984321087712515863e-01
1.232450820930308943e-01
-4.799076362084570002e-02
3.259436636454151603e-01
5.392006242797350302e-01
3.995919674987877257e-02
3.731333229580102023e-02
6.088163442535604597e-01
1.188406567483317640e-02
-3.087058334716081265e-01
-2.437809552092712051e-01
1.234128240297580337e-01
1.164720295727529470e-01
-2.420051253463003094e-01
1.655986997847773146e-01
-1.689410219884436570e-01
-1.032697088111594712e-02
-1.449844294637773479e-01
-5.740825997382898588e-02
-4.921347228841717603e-01
4.982203824433576456e-01
-2.886991072091205091e-01
1.372229855434594359e-01
1.985486475001719264e-01
1.414690203098591670e-01
-1.729880434306842185e-02
1.213501317202692470e-01
2.096351669327890521e-01
1.596587557661029166e-01
9.079380359496153075e-03
-3.124521806097347101e-02
-2.871803231652856336e-01
-2.082300071140353592e-01
-2.991251330932462316e-01
7.670424321478770679e-02
-2.353726934031881990e-01
-1.510347666033318714e-01
1.685168348007893557e-01
3.296895036117114541e-02
8.230048829144599454e-01
-2.702751359406774592e-02
-4.197262160447208790e-01
4.350952009179656077e-01
2.927954904369982070e-01
2.005098799352667827e-01
-2.012397777142681254e-01
-2.588432480105004041e-01
1.433751799985621134e-01
-1.668977114767306313e-01
7.674945628358053051e-01
-1.581402490278122630e-01
-1.039295353127632632e-01
-5.418430889319236776e-01
-5.545683168058413576e-02
-1.772705325845768676e-01
-2.548582058817171897e-02
-2.025050015632120712e-02
1.773228252141531014e-01
-3.619692312577270643e-01
6.478046880088195181e-02
2.169723627940083333e-01
-2.107228160391078908e-01
1.262483532172812284e-01
2.333258866805094922e-01
3.514679333528489269e-01
-4.554804412145654902e-01
3.360564285220722924e-01
2.176062060076344729e-01
-4.539265418712520317e-01
-1.177820972505440600e-01
-3.238741127805026543e-01
-1.150012332942239035e-01
5.996870623715171433e-01
-1.420148482445152960e-01
-6.186451569577862408e-02
-4.208820502873100028e-02
3.320482948647245358e-01
1.673921862828232077e-01
1.366240693072343082e-01
1.842292657601632411e-02
3.730971467853201329e-01
-2.266668606725143198e-01
-6.592137744571210933e-02
-1.313296139172854260e-01
1.541145252437273461e-01
-1.943136209260486191e-01
-5.666588515189736538e-03
1.903351438385094963e-01
-5.844814026627188908e-02
-1.927166786839953350e-01
-2.478369180061057164e-01
-2.880185927665003254e-01
1.668556833408571874e-02
8.717288387761652768e-02
1.152726828946243620e-01
5.893787899825062709e-02
4.569360431958218172e-01
7.019204959542849065e-02
-8.400416639317204170e-02
1.387422036378247181e-01
1.348361616886920855e-01
-2.817839496617367545e-01
-9.946958023698784790e-02
-2.781591460179322906e-01
5.853238858948463241e-02
-1.543991828911808577e-02
-3.474256380109580489e-02
8.797509279103891966e-02
3.216260059587735531e-01
-2.393879768491339599e-01
-1.202424638589150302e-01
-9.490025398122010902e-02
5.150714059110342996e-02
-7.609489771506845746e-02
-1.978439082214920319e-01
-4.358477383435811758e-02
-2.242397498622144270e-01
-1.365100420640277534e-01
3.073365528555065951e-01
1.137987572464845415e-01
8.936637024916667393e-02
5.656195784908679691e-02
3.154050907190694142e-01
-1.220867906734463861e-02
3.861096198626390863e-01
-2.317467484334560443e-02
1.881436682713894804e-01
-2.537658078803967654e-01
8.058154223848058850e-02
-2.260643091473626964e-02
-2.593297174251942283e-01
-9.831074048429017109e-02
-1.582114730835320476e-02
9.579690510080356158e-02
1.776472342413896177e-01
7.254864265792781985e-02
1.083883684387029062e-01
5.945190574424272928e-02
-1.554575489431736790e-01
-3.462787976335079398e-01
-4.651301133794215337e-03
6.479359130962412117e-01
-2.726120472067860429e-02
4.523954204036251259e-01
-6.244969644333420861e-02
1.227908699345391236e-01
1.762839693359212201e-01
3.608768544622329433e-01
1.404535629434885968e-01
8.973294842214021849e-02
2.745130488825388015e-01
3.670907115382210928e-01
2.629889451740999307e-01
5.389464692334387796e-02
-2.667656891845952560e-01
-3.868584018176242090e-01
-1.227397867305695701e-02
1.264391921008501396e-01
-2.420481064800519139e-02
2.000440140709726367e-01
-2.557777650854228813e-01
1.657266381552445489e-02
2.575620689948248110e-01
-1.959579603220818200e-01
1.384040048796175149e-01
-1.648011652034822860e-01
-2.668021119486946313e-01
-2.466267032813655447e-01
2.433852904158236019e-01
-1.608267197301483653e-01
2.500699763502192696e-02
9.309267051316710839e-02
-3.739961622195785845e-02
-1.736168960531512817e-01
-1.563125504921877018e-01
-2.703318394797986635e-01
-1.437610113227967834e-01
-3.720883952237091091e-02
1.285030179053067018e-02
-4.533654208760272766e-03
-9.557643084544292789e-02
-3.230726499640050875e-01
-3.654957986416144111e-01
1.376410628049857532e-01
-2.154991291674906995e-01
-6.278926731769568503e-02
-2.671229681054489991e-01
3.744986918938835729e-01
1.231436706142579468e-01
-5.777164431761870889e-01
4.149727914647533544e-01
-1.953704182718768445e-02
-8.297839553933018808e-02
-4.964422564752191125e-02
1.963742158486829759e-01
-1.442485596894439170e-01
-2.511317546954053292e-01
1.146862287522916607e-01
3.235144378437093682e-01
2.969763601261155017e-02
-3.706072794318022723e-01
-4.648686041052686735e-02
-1.986146946160910198e-01
-1.688594168795573558e-01
1.361554899552580022e-01
-2.026361005749208744e-01
1.942388832750450711e-01
-2.286146950352962448e-01
2.682525535952914320e-01
-8.392796736456571705e-02
-1.519550294755735442e-01
1.380151961495965085e-01
2.673398851196036596e-01
1.425507624825812954e-03
-1.053434176758049762e-01
-7.781123135232849430e-02
2.221730880816052411e-01
-1.847839107953229768e-02
-2.251851259658247950e-01
-1.446789373011498616e-03
1.621364694720610899e-01
-1.037234247253614461e-01
1.247278530484159237e-01
-1.540757862617788687e-01
-6.918763000853360434e-02
-1.042330220593599421e-01
2.854788904545366157e-02
-3.759570387639163402e-01
-2.167026398041535171e-02
1.330504554172496079e-01
1.441129616692357340e-01
1.303903149027580977e-01
-1.204142231472946772e-01
-1.352815208530112334e-01
2.715130549071188490e-02
1.416774483726759501e-02
-1.503880071378627288e-02
-4.949938846288742117e-02
1.844681187228592451e-02
2.792785863085140985e-01
-2.982289333924386110e-01
1.316818906671086142e-01
9.047628508321911567e-02
-3.311392572899981429e-02
-5.978676404551618723e-02
-2.485687359888689996e-01
2.978396492831698050e-01
1.338810370885424594e-01
8.744676413587772201e-02
-1.666206294291011913e-01
1.640813560003644977e-01
3.017523114555458741e-01
-6.892835882436236516e-02
2.041158143440004458e-01
1.334654612297542231e-01
4.756204911016594615e-03
7.287945405685539169e-02
-3.271028834231970439e-01
1.633941865217273387e-02
-7.098972542689761800e-02
1.279927764822561542e-01
1.053189847446433375e-01
-2.794475833302632051e-01
4.149939090490019078e-01
-2.367786548084575005e-01
-7.406630613355132120e-02
-1.851653389203651856e-01
1.149540961782195142e-01
-1.829187613805323964e-01
8.108195293568710993e-02
-1.213549824834508385e-02
8.230018856354931467e-02
2.023262355571445181e-01
4.409730539912778413e-01
4.842602692589244584e-01
1.611113278236241675e-01
-9.721598629280300830e-02
1.601162225006698067e-02
-2.848667323800987972e-02
2.894112319072212336e-01
-6.330407389667853935e-02
2.428346181022160710e-01
-1.707402105130014225e-01
3.727008161808342268e-01
1.787286278882491697e-01
1.790491478374811873e-01
9.268574655689823527e-02
2.992420333547765599e-01
-1.320650283255103974e-01
3.911471274893854599e-01
2.438297048034312464e-01
-5.207486688727429314e-02
-2.754224851397545915e-01
-4.583631872884302849e-02
7.755083785299010657e-02
-1.362581832532526460e-01
-2.746703081150539960e-01
-2.604155762305704891e-01
3.421808798616471914e-01
2.804331527054206297e-01
-1.909012883906407443e-01
1.911478846254542341e-01
-5.401417811308347611e-02
6.061655455976209389e-02
-3.625913221033318368e-01
1.369143613856020625e-01
7.213224230059359088e-02
3.773237305799734820e-01
-1.713395026481452366e-01
-1.292931388094265832e-01
-6.373242067705642278e-01
-1.213833201706158438e-01
5.331286525318951197e-02
1.858218079880277485e-01
-1.685913536742761065e-01
3.668788972423568939e-01
-5.107563080878270156e-01
6.348244397598923339e-02
-1.760052800784927818e-01
-3.635532200854251633e-02
1.877760422195627887e-01
4.029786181362896569e-01
-2.581476289742714036e-01
-1.688255208577495725e-01
9.701617657186431543e-02
-1.018455526247182968e-01
1.814955604235621300e-01
2.649950667767349000e-01
-1.799912024381548625e-01
1.469439045597541876e-02
-2.096632467829411262e-01
3.948271724152915829e-02
-2.288737619380007970e-01
1.983493778744312153e-01
2.229483285732712927e-01
2.954439325136223871e-01
-2.101059150804049369e-01
-7.177177504658437124e-02
-2.067591722146557287e-01
2.698744764511675776e-01
-7.567442542825720819e-01
-7.752403878275038185e-02
6.514022432381376404e-02
2.769841144445113201e-01
-1.032528490391507320e-01
-1.404494535421449142e-01
1.040607332787624462e-01
-2.688874371471138280e-01
-4.810197888226327295e-02
6.856830952969563027e-03
1.688725774870804830e-01
1.580058359088786779e-01
1.066770045055759758e-01
3.333507874876429078e-01
-1.286643471507656344e-01
9.859458951446016528e-02
1.003258395048778201e-01
2.556661885736815631e-01
2.873433117870085596e-01
-1.265752755596166561e-02
3.974331447202991696e-02
9.438910572368958141e-02
-3.821646291393436812e-01
2.377845277901469989e-01
-1.086611297240277184e-02
-2.135089517914442181e-01
1.515796441421629615e-02
8.258441682547415508e-02
-1.084631947390061052e-01
1.256037678747491670e-01
1.404109524813604015e-01
-6.109417111223734709e-02
-1.300192145576828939e-01
2.042477416035730631e-01
-4.981699959131336702e-02
7.705297666850123572e-02
1.393306198132749640e-01
3.349280385418846873e-01
3.081911170208296441e-02
8.185879413331752230e-02
-4.003021992950441255e-01
-1.120014157087394352e-01
6.639974586323080241e-02
-3.109431033522370713e-01
2.429981401433754518e-01
6.081658989975063240e-02
5.209630524874157842e-02
-4.808667891689489826e-01
6.953732789455166485e-02
-1.870622192025752362e-01
3.949893824299118283e-01
-1.791541956843615002e-01
-1.316312514944935341e-01
-1.820094102697164262e-01
-2.247766770268936343e-01
5.083724745161649627e-01
-1.839782501913926893e-01
2.240392157156550768e-01
-4.190679914568400943e-01
-1.435464337153819414e-03
1.260717080809217183e-01
1.329031629308300745e-02
2.170784693157625511e-01
4.973823894485095154e-02
-1.613035021909123012e-01
1.625151476969932118e-01
-3.704978021361016172e-02
4.937893319707274964e-01
-1.424650097130289728e-01
1.841258834800284239e-01
-3.793865099006886454e-02
3.569596533744269218e-01
-7.538088703760331688e-02
-1.891452860166283889e-01
-2.737054288343471753e-01
-3.460283798577210579e-01
-1.488282883160039483e-01
-3.660234951362151823e-01
4.480308004974493663e-01
-3.419561373181385922e-02
-1.576251247084721197e-01
2.438721210260462111e-02
2.204794279232978327e-01
1.765002126305853791e-01
-2.653130143504427996e-01
-2.817205483222492979e-01
-1.863134570274634083e-01
4.271133294080178139e-02
-2.718077544869401119e-01
-5.686152941159402369e-02
-3.944507740980414123e-01
4.617950452529593491e-02
1.772231131607193144e-01
-1.064454240524746603e-01
1.106917313428110866e-01
9.722414874405285734e-02
-2.427445129871593985e-02
8.380247673375225415e-02
-1.190232310665215731e-01
-5.955953361760376596e-01
1.158367465551257691e-01
3.062895023199386224e-01
2.418912232879522062e-01
-2.252731812759571906e-01
-1.244565645618848524e-03
1.141756225896160687e-01
2.690726774083777029e-01
1.470743808509035189e-01
1.517710004392992806e-01
-3.511254957271545685e-01
-1.669460216209365799e-01
1.877319402965602069e-01
3.185512100714194689e-02
-5.074462942461619441e-01
-2.113177306578319925e-01
1.171588401903359972e-01
1.496200303623792804e-01
-1.676108430697090257e-01
2.333688196407865401e-01
-2.045483377738125663e-01
1.112652629892796861e-02
-3.725813529190521445e-01
-6.567070714735251391e-02
5.798215103533679859e-02
-4.149303078255756616e-01
9.430821125700256102e-02
-1.648514440139039194e-01
-1.687788780027857094e-01
1.049470688851952410e-01
-4.220341865008475635e-01
2.600070348625891370e-01
1.300259921950273623e-01
1.471119919256266839e-01
4.043191565784937103e-01
-3.893196429240617373e-01
-2.600473718543711565e-01
-2.149319076696267483e-01
1.281426814024038408e-01
-3.728323355174946174e-01
-3.365290891144007701e-01
8.864037785806933370e-03
-3.110534678864730895e-01
2.094389503164935384e-01
4.508107140712297456e-01
-6.999186973783977361e-01
1.739015147135144490e-01
1.125258132136558870e-01
2.459900980083872257e-01
-2.257961398356338190e-01
8.163994362147269576e-03
-7.151306490615261247e-01
-1.029036457456250671e-02
4.820276353923222401e-02
-2.232765423540133964e-01
-1.829946561287338347e-01
5.872325906173773286e-02
4.014266465667546968e-01
8.009326285067941420e-02
-3.345006138226126746e-02
3.380494684314296339e-01
-2.503199083748676723e-01
-6.102221655179929094e-02
1.523069972580958498e-01
-1.547899402511964395e-01
6.637417436669925969e-04
-5.773548629610314453e-01
3.166801132115042439e-01
1.367345064043181957e-01
2.705967020032554737e-01
-1.418893524966007569e-01
3.632930437375611055e-01
-5.938922161068757588e-02
3.678763211793428800e-01
1.196647034545544387e-04
5.676514071529675104e-03
6.142653248385746001e-02
-3.906533258867624786e-02
-3.114773567758991057e-01
1.800358773981372285e-01
-4.752055034696257146e-02
-1.359493500612975470e-01
-7.142778096434855284e-01
3.899484942312357854e-03
1.698959669591431354e-01
3.702600511052730331e-02
3.021994207825960399e-01
3.107577086356954135e-02
-1.633376677870988780e-01
1.708263315461121812e-01
-1.573429174449010870e-01
2.315188150902151021e-01
-5.289155347428481369e-01
6.557316702055551172e-01
-1.120312354694546070e-01
2.804070688224538088e-01
4.746827419779637847e-01
1.838421212341508071e-01
-1.377401667951656528e-01
-4.015549077159689256e-02
-7.417693758621159150e-02
1.441216091880856698e-01
4.708691157072811273e-01
-1.076987089046850393e-01
4.399503922028720204e-01
2.173202706949738383e-01
-3.531371957037428289e-02
2.571552288098513106e-01
2.771997813167001445e-01
1.594852447209545998e-01
-2.782373660398290149e-01
4.064388020248459882e-02
1.854213886161104330e-01
4.601471781338393185e-01
5.600141563147561369e-02
3.677800949581686574e-01
-6.660873651156382080e-02
-5.303931926636036576e-02
3.966704731337204470e-01
-9.249481300794867855e-02
-3.675039041093732806e-01
-2.731136214741269885e-01
2.468576346011150391e-01
-4.655378207176985028e-01
2.881304227969303314e-02
-2.375903686614794230e-01
-4.159070517382048582e-01
2.574493718478269577e-01
4.214176483724175748e-01
1.846797517210817530e-01
3.782339992331354428e-01
-2.985626513399610715e-01
2.010693717821226273e-02
-2.277437520823831218e-01
3.387748156698085489e-01
-4.359097055990984043e-02
6.966347852617135739e-02
-9.579939593694585236e-04
-9.697248353268170251e-02
2.969071795662439062e-01
1.102435815889355186e-01
-8.503089820360758277e-02
1.923794945468088324e-01
-2.082546078866550354e-01
2.473791624654133603e-01
-3.978403291222233351e-01
1.309573342698770737e-01
-1.797252952798944758e-01
8.219202579459540525e-02
-1.406399396826939902e-02
1.283230985420938212e-03
5.704265202395100015e-02
-1.728666646707313903e-01
3.282896514574031310e-01
-6.520944278591001009e-02
1.422196071740010892e-01
-1.369375760353647720e-01
1.250586507548714366e-01
2.563130203794964923e-01
2.203716229914825381e-02
-3.662670032970754552e-01
1.930666513939774120e-01
1.072305766792395684e-02
-2.132768383731280804e-01
-4.413791775486220620e-02
6.196513691644720684e-02
1.666560592441696798e-01
2.285667713836624787e-02
3.370934048654767451e-02
-2.675026394433245580e-02
2.886836182165758435e-01
-3.968932957975259135e-01
-1.153438110844464681e-01
-5.647735098207075366e-02
4.555039630775471055e-02
4.934315194295594287e-01
-2.644569354017168444e-02
-3.440272096570592408e-01
8.704060499747354185e-03
2.293130995453921406e-01
9.775019366438132684e-02
-1.317779785296820383e-01
-2.821650763610750179e-01
-8.489117944890012257e-02
1.504456984778058115e-01
-2.797572832156516309e-01
6.149487954233410526e-04
1.128435618832435705e-01
-2.155024307475888190e-01
-1.017030510289047146e-01
-1.372403614973063124e-01
-5.723315297380263122e-02
2.770036110767356008e-01
-2.770867902938466826e-02
-8.622920753811784411e-02
1.787987112940099821e-01
-1.543115635308066613e-01
1.863415218517568417e-01
-1.705897338258743345e-01
-1.379572660840336883e-02
2.813872198765361432e-01
3.295305387203251862e-02
-1.776599496278853663e-01
8.726454373619063620e-02
-7.240249532174393432e-02
-2.398174023324809584e-02
7.114982890811225036e-02
2.375580106353544219e-01
-6.733497191926410275e-02
-1.068514900884931680e-02
1.008480259072237206e-01
-8.431641878847437321e-02
-2.404566755056371519e-01
1.062870876959018940e-01
-1.935856373707616840e-03
-4.070980438687653302e-02
5.048369202774285330e-02
-4.313447032064232634e-02
-3.352945410540071891e-01
-4.414098193363696909e-01
1.520268125623356059e-01
-2.849880175320200215e-01
4.778109628524612185e-01
-8.844205436661464748e-02
1.594638759914893400e-01
-2.327140464734871461e-01
9.649421038902272763e-02
-1.434498013962217933e-01
2.787490376086930732e-01
1.335826706954117704e-01
-4.159884886352707700e-01
-1.468385840011323940e-01
6.217321635714567751e-02
1.990914777100753763e-01
1.027887068108451346e-01
9.596638372297312813e-02
-5.529342080995198637e-04
-1.918467616046013180e-01
2.824854480084032504e-01
-3.103956709614977827e-01
9.048432296035162359e-02
7.238966379470541945e-02
2.409107152259296614e-01
-3.953745761179325857e-01
2.237307186387764990e-01
-1.384845236845834437e-01
-3.995813689604862939e-01
5.333606589900142039e-03
2.230969662471289638e-01
6.991686601893899733e-02
-2.125033333911670319e-01
6.499389159082265277e-02
5.468341001971410015e-02
-2.592158403936119515e-01
-4.605154713187581406e-02
-1.407483907895994424e-01
-1.819928058046597075e-01
1.078984486791283864e-01
1.949749866071757709e-01
2.849571068280715713e-01
1.649936930195410045e-01
-7.142811209019128693e-02
-3.502577599103267603e-01
1.226400624516903320e-01
-2.849523060382357920e-01
9.760030283991482508e-03
-3.022066624717679173e-01
3.808201849382588516e-02
2.656517214517144232e-02
1.292384583998713171e-02
-3.788317164035003709e-02
-2.421004648991650077e-01
2.416869261946056613e-01
-2.468177587114522009e-01
3.392748209247698488e-01
-2.729754159409966165e-03
-1.633165958704131393e-01
-4.342696767160953569e-02
-1.829903933916329772e-01
-3.430050884290845592e-01
5.152788762501651076e-01
1.687510717123966164e-01
-7.951425104403792715e-03
-6.426763615432189436e-01
1.336362540468244084e-02
-1.065593278065919969e-01
1.459206568354934619e-01
-1.081772722147704147e-01
-1.919804980327265431e-01
-1.193490781078689195e-01
4.973866333527711125e-01
-1.443345670814522586e-01
6.325382746801724854e-02
-2.336031478143413553e-01
3.837683739076179212e-01
-1.683412084490703842e-01
1.449340455283451845e-01
-8.602795763519933969e-02
3.458002168357796613e-01
5.079984322366920546e-02
1.117860853684511484e-02
3.269053962692681781e-01
8.186450869023936816e-02
-2.667341011169785947e-01
-2.700106461136086433e-01
-2.147954653481340681e-01
1.353493626792491855e-01
-1.094591844379295964e-01
2.010127240040767704e-01
-4.511272626716136824e-01
-2.022893241166457412e-01
-1.031017906078306352e-02
-2.393491550875832818e-01
-1.043931973648700162e-01
1.786329950633500641e-01
5.412388352127118774e-01
1.688035070429700635e-01
3.171811772692215148e-01
-1.776703204384642021e-01
1.983671001376640514e-02
1.904991053310700622e-02
-1.427392711892714605e-01
-2.097196700059152374e-01
-3.730461778716358257e-02
-6.059074324653811183e-02
-1.767625111428579310e-02
-3.491050523666731631e-01
3.833837402835325869e-02
2.582335112182271297e-01
-3.219172075572162423e-02
-1.361386809238039342e-01
2.750467359624973462e-01
2.978934404798748714e-01
-2.805532812502099516e-01
-3.556528340335270988e-01
-8.012638005518275819e-02
-6.144851738504460842e-02
7.635199233279127418e-02
-2.452659779220533187e-01
-2.172899256915106214e-01
-3.397035158066499250e-01
-3.440529373013927888e-02
1.985711139427384642e-01
1.642271753572007720e-01
5.482490816521531918e-02
8.916963756786804030e-02
2.991487064368442139e-01
1.473657931027272938e-01
9.966247654257069655e-02
5.502207646750178344e-02
-3.405609386363668833e-01
-6.692508723451463803e-02
2.610951287591539716e-01
-3.818626177455928389e-02
-3.501208594579547917e-01
1.469383166522675588e-01
3.476508325996888193e-01
2.059205127380721589e-01
-1.920240456189288569e-02
3.533983383424347813e-01
-2.271905709931582029e-01
-3.061461283125644847e-02
4.298854851960839246e-02
-1.297444806326110978e-01
2.200822975182777433e-02
-1.634900871542600276e-01
-3.831283284034726205e-02
-2.196071666882903339e-01
4.138278082799139446e-01
8.472834040557054511e-03
-1.148524586051746510e-01
2.412168169041627730e-01
2.437691026505918457e-02
1.624160712561060482e-01
2.409666284254112778e-01
-3.526361535449385604e-02
-2.051307077885198005e-01
-2.235771046219447444e-01
8.171632821581580053e-02
1.297547302071227759e-01
-1.728057713488729275e-01
-5.718508793308487229e-03
4.241579991103176517e-01
1.236485550351541091e-02
-1.746703965467885644e-01
-2.280396026690016953e-01
1.196345103082169792e-01
1.570993645697779384e-01
1.462281670442120984e-01
-1.202828580781657997e-01
1.220703674893263563e-02
8.481796089810621220e-02
5.983241212506097001e-02
2.341599099455111688e-01
-4.098272477337008834e-02
3.054132690030985850e-02
-1.533214830432359510e-01
7.775306860564445977e-02
1.526233636984108410e-01
-9.628994889546787020e-03
-1.163655435393366883e-01
7.442275905599023134e-02
-9.787376564574112869e-02
1.546761936178158714e-01
-1.510634051861379189e-02
6.232339015121812764e-02
3.629041423335676586e-01
-2.973004234123399203e-01
6.478326898674702239e-02
-2.894596559627281573e-01
1.958268113462590942e-01
-2.702222721620324841e-01
1.441009156456444507e-01
2.789863519978295625e-01
-1.546324316703369117e-01
-4.550363855465764940e-01
3.054878107552608940e-02
-3.877492395454572582e-01
-3.023678635249090751e-01
-4.644427947875161972e-02
-8.662102441596224167e-02
2.413069666151542725e-01
4.935404662848584811e-01
-2.244881351533372371e-01
-2.684050305542174872e-02
1.516459480844294105e-01
4.447140214055556040e-01
-3.180312001426996993e-01
-1.814457078896321990e-02
4.924724100705356600e-01
8.260454417950112427e-02
1.208109877964177875e-01
4.131489041938422868e-02
1.784295170693140364e-01
-2.282501327129898838e-02
2.934351342238011306e-01
2.840997562968437806e-02
1.028608752610423761e-02
5.457887884424265229e-02
-5.600700474637022863e-02
-2.895193203743386401e-01
-1.728075800194184830e-01
-3.283329567306425556e-01
-1.656627774314627655e-01
-1.256598035068897008e-02
-3.705447964153805174e-01
-5.331802705450494617e-02
1.436117626534928748e-01
-1.588409654584925154e-02
7.156731698702980399e-03
1.341795677792274044e-01
1.259794093363732492e-01
-8.589410934637947692e-02
-1.366501891615200803e-01
-1.639474722246947805e-02
-7.475595109389474718e-03
7.741674601762875418e-02
2.876555625484147338e-01
-1.115179801845740670e-01
2.568064417850242087e-01
2.172105712991306836e-02
-2.559394340633887044e-01
8.797829971538147220e-02
9.313254220039902942e-02
-8.964583941922467381e-02
2.528261540355921863e-02
-6.860495499949929854e-02
-2.403983705084949962e-01
-7.283409925901278281e-02
1.944175280195588051e-01
-4.886478147630710783e-02
-3.704509133003659055e-02
-1.165119117773136398e-01
2.811835498707133257e-03
-1.187588793609710008e-01
2.155310921089401421e-01
1.648169625316734666e-01
-3.131873016774638918e-01
2.761147102169764778e-01
-2.055515233818482057e-01
1.541448230393474284e-01
1.032646395390495742e-01
-7.118931226084883601e-01
-3.957076549526459264e-01
5.615773176928318122e-01
-1.109616415963249614e-01
-2.506790310043646719e-01
4.356552857337007700e-01
4.037996944916550368e-01
1.265178018152852135e-01
-7.858139367120663132e-02
3.262592109269855656e-01
-4.758841824891763550e-01
-1.941345130658685830e-02
4.296433109269349737e-01
-2.352751566813829076e-01
9.221941656473763016e-02
-6.986606888434175600e-02
5.741814499680501782e-02
-3.805414518777787691e-01
-1.295216747569810922e-01
4.076261054202900275e-02
9.129835667662197785e-02
-4.788159998152592967e-01
-1.294690204001501255e-01
1.503833862123355458e-01
4.378557757344265222e-01
1.835800339665831157e-02
9.889240341851186777e-02
-3.021084156392813136e-01
3.275508342458123834e-01
-5.249366936807436934e-02
-1.012048965325174216e-01
2.794262752960331997e-01
4.457509730128062508e-01
-1.123851832173866777e-01
1.474822310855661567e-01
2.193200093323181554e-01
3.067122070378883181e-01
-1.541293562298029773e-01
-4.282577864734405937e-01
-3.044446201213729108e-01
-2.170355141304866342e-01
2.410694057686211533e-01
-3.710676252922425200e-01
1.641502659501711536e-01
1.114991602409753230e-02
1.294342253066344817e-01
-7.577012607732185046e-02
-5.742246326511468713e-02
1.934265046757700779e-01
-7.956416728705688335e-02
1.370689962853362254e-02
1.362368472872604874e-01
-2.923982764334682738e-01
-1.902250842298815192e-02
1.411648249940096189e-01
-1.878513449609052754e-01
1.871455371330283113e-01
1.803774906213065354e-01
-8.208139675393219536e-02
-1.920590182558852277e-01
3.871192355603327862e-01
-1.812533315959703462e-01
1.498734875111626917e-02
1.925507992995874607e-01
-5.505289608477182961e-01
-2.226152714108270703e-01
7.656072933594011698e-02
-1.812387987389038613e-01
-3.514354193088665146e-01
-2.513947122847810522e-01
3.485262548641440694e-01
-1.161349306486741256e-01
-3.249611365948922113e-03
-1.275441825061557621e-01
4.233843668285973694e-01
-1.400904940028961931e-01
-1.383026022965627988e-01
1.076628559773783328e-01
-1.562735797174579777e-01
-1.172649952359068465e-01
-1.437621506199220078e-01
-1.595324150753495429e-01
-1.184547375983769218e-01
-2.615546467295495336e-01
2.581675440603706240e-01
8.444989507618348712e-02
-2.954394212260651534e-02
-2.583203074367168561e-01
-2.532213979461138686e-01
2.308923886036303244e-04
2.915624410721853049e-02
-1.785604405372082787e-02
2.116921817426330871e-02
9.491838519905509974e-02
2.832965078167237194e-01
1.483061447737908656e-01
5.139928105249471635e-01
-4.120024512889409740e-01
1.349173958851810906e-01
2.313164147492206835e-01
-1.111626915655160724e-01
5.190725227265935438e-01
-2.523703973940724099e-01
2.519175093510175878e-01
-1.827278074004007324e-01
1.337975233290002175e-01
-1.575254968076320039e-01
-2.261917707230028888e-03
6.952433336917194714e-03
5.314404893821944587e-02
1.661978556101078031e-01
-2.023392915347835830e-01
9.246241836091906308e-02
7.726465709409423288e-02
-7.614658581051794196e-03
-1.471002476605144105e-01
1.181291971893844578e-01
-1.720236604380140644e-01
1.203550942846056682e-01
4.347746405058439123e-02
5.319932513826923781e-01
-4.574771291763599090e-02
-1.006383054087749002e-01
-2.454624281988805612e-01
-1.111199775708450327e-01
3.042280203298973751e-01
-2.135595341872321695e-01
-3.045875473818740117e-02
-2.580157381705036612e-01
5.265936459925120439e-02
3.600988250895006265e-02
-3.656820347136247040e-01
1.050503103547765216e-01
1.632987451537595835e-01
4.216143897666402851e-01
-1.962255574683576531e-01
1.242928827440308026e-01
2.039804742701794571e-01
-1.763413017293993801e-02
3.401264762592785817e-02
-9.986488335170118358e-02
1.342259771417984304e-01
-8.955524221806526741e-02
1.264648827967067117e-02
-3.975757967532052989e-02
1.156717894427699428e-01
3.605653999254180425e-02
1.884050782142235037e-01
2.061704565688332325e-01
-1.340682893800410891e-01
2.273212739895627832e-01
-3.053198250677759407e-01
1.862619140811254057e-02
-1.278847501943810583e-01
-8.735964401089224562e-02
-1.637704355450499694e-01
3.363393490545927289e-01
-3.563371197295359116e-01
-3.589833441888064247e-02
3.495320989189731886e-01
-6.201857862296989987e-01
-4.615100769857031215e-01
-1.412433463116739563e-01
1.385648946603927623e-01
-2.287770598358581653e-01
-5.872955636665457835e-01
2.025399619239870996e-01
-6.539308986324862683e-02
2.655058511011962677e-02
-2.988908462919551146e-01
-4.514189703292101896e-01
5.929738863648487297e-03
1.842056973763723793e-01
3.325501540837663139e-01
-1.749102412097038317e-01
1.202070515218568378e-02
-1.352839098051896935e-02
-2.258101226093127967e-01
-7.568442326180352397e-02
2.684226311258653963e-01
-1.903723981938009735e-01
2.202464684503217529e-01
-5.404239976178817906e-02
-3.535799826152693504e-01
-1.328792816227355178e-01
8.738982301675662923e-02
1.404270957258366426e-01
1.956169683926284666e-02
-1.863637870467078628e-01
-2.464589743811725353e-01
7.632021305261509070e-02
2.732887524606657237e-02
-2.162538933192415247e-01
3.154447393608906802e-01
6.801531645154371142e-02
3.103230064665010376e-02
1.268478102349173409e-01
4.502057823905392664e-01
-2.244882704292448794e-02
-2.094459691001926971e-01
-3.444712518766526732e-01
4.642206313817286850e-02
-4.681022087401791321e-02
-2.330914771717120249e-01
-2.540976293786642026e-01
-2.418819193457844852e-01
1.615043017133718506e-01
-2.974055626750597425e-01
-3.202278808448764114e-01
-1.962212291172638415e-02
-1.419493278641248135e-01
1.282407501102965537e-02
-4.501054043036357977e-02
-2.375862195369007057e-01
-4.420772685308927419e-01
3.851554370800557847e-01
3.868970595333534601e-02
-1.472726918606254154e-01
3.619851743775856501e-01
1.334842503273208358e-01
7.360659315254126922e-02
-5.481490597996298980e-02
3.456896528250844036e-01
-1.725235217160067946e-01
-6.215295508529455892e-02
6.328383225633121834e-02
-4.407696666067683622e-01
-1.033334273514309176e-01
-2.750708947222444412e-01
-3.162551706586617106e-01
2.221308431038991615e-01
-5.709963431316651683e-02
-3.675637376762218023e-01
9.340634403700887045e-02
-4.807302394878399526e-02
-1.981275667887100467e-01
-2.581385704560984484e-01
-2.374079735816329029e-01
3.013666370885891288e-01
1.475816621949897767e-01
1.480091621444102890e-01
-5.020412494337107845e-02
-2.995257656556015724e-01
-1.229799819311858944e-01
2.777886337976589459e-01
2.685799910478619407e-02
-4.502259259582577083e-02
-1.963735836402839552e-01
6.483678890781870985e-01
5.000352655841008298e-01
-8.542386835944831835e-02
2.621075904997865469e-01
-1.231058472266943343e-01
-1.411769694376039663e-01
-1.136686507610644437e-01
2.247145731913786915e-01
-4.804950471457807293e-01
-2.116658601773319381e-01
-1.713028752429256729e-01
2.899243311121366684e-01
3.307591983851035367e-01
1.593308310553321894e-01
1.845617353317162423e-02
-4.484254666574417070e-01
-1.666298435713993165e-01
4.818031803828653481e-01
1.691017631826548795e-01
8.061765302841542025e-02
2.863140756326576497e-01
-1.812193965221635950e-01
-5.863695177542396220e-01
-5.567347097578119464e-03
1.861524925715278000e-01
-2.877554550880033757e-01
2.899790581052039684e-01
-4.703736740761819968e-02
-4.023318747944545914e-02
-2.161230728029897019e-01
3.350954940715144548e-01
-1.900640123138763460e-01
-1.094449296305721464e-01
-3.680668653954521918e-01
3.021939105405985204e-01
-4.368517399025452219e-01
2.854668675973481284e-01
-5.899656813541677425e-02
-2.591303712940876691e-01
3.544005025449011720e-02
-1.098845367212626656e-01
-2.800709466732908548e-01
-3.141596185245292272e-01
2.011969478862323801e-01
4.989767476472405788e-02
-1.163544380404901296e-01
9.166842339156866526e-02
1.512577920520417896e-01
-2.628684716642403219e-01
2.664964671387262118e-01
-1.474941596532624022e-01
2.877607596357512620e-01
-2.502090751683275216e-01
-2.313764276731712297e-02
1.534470460511596357e-01
5.617316594501325228e-02
8.108166355177934270e-02
-2.146452542175809053e-01
1.777636235717176549e-01
-2.387503453901640687e-03
4.057434760776083005e-01
1.872104376632417466e-01
2.312017992194113358e-01
2.460105576069808730e-01
3.609188088448048171e-02
1.162602293477563303e-01
-7.166265780865815893e-02
-1.329447169983187516e-02
-5.533136810188547458e-03
-1.496492071599425377e-01
8.067367073825998380e-02
1.910737031417677201e-01
4.430574050308501155e-01
-4.658434620958854661e-02
-5.474598704327285903e-01
-1.169563100829742741e-01
3.438051348706897548e-01
-2.418870117498295863e-02
1.220774909263294822e-01
2.165670226745109450e-01
8.405457915583283701e-02
3.302579153932570510e-01
8.380644908681143812e-02
-1.181163622918890155e-01
-1.612436219453629305e-01
3.766009566933264385e-01
1.637861995413775473e-01
2.349755380729779200e-02
-2.115787950001835060e-01
1.708589851562677736e-03
7.899836938830920308e-02
-1.686230146928218709e-01
-3.152440831513262376e-01
-2.199762693561543858e-01
-3.629249286847125999e-01
3.417945620385554606e-01
-3.253975843503426058e-01
1.313865727215229873e-01
2.345336011432026802e-02
3.326901875801713260e-01
-5.995055317002377475e-03
-4.884454326218712894e-01
-3.294650284770830884e-02
1.891586241498241852e-02
3.101818263968631473e-01
9.948193712601169358e-02
-8.866455168103069828e-02
4.603229045865115943e-01
-2.251438322252631574e-02
2.787474317606947194e-02
2.895178701218985018e-01
-3.208833714787380775e-01
3.529804434919035783e-02
1.097825803623324881e-01
-4.675769574281707364e-02
3.675489724696662241e-01
1.788621734146293996e-01
-3.810571479948285378e-01
4.906671842115137294e-02
7.704549633576787682e-02
-3.036961508025697309e-01
-3.414414405498079619e-01
1.094826429990032324e-01
-7.028561032131297459e-02
4.312844100709454787e-01
-8.077500567165520062e-02
-2.249576303607223327e-01
1.179871637608326390e-01
-1.848412266921599934e-01
1.426322990239786426e-01
-6.829657886380924303e-02
-3.884036342363159089e-02
-5.771255639403684023e-01
3.424100664068833733e-01
2.815761218574038827e-01
9.236169736919477846e-02
2.064178574106436126e-01
3.557396795898926656e-01
2.777561700501696151e-02
8.015234955839591058e-02
7.868575779745992649e-02
9.182536329089982519e-02
-3.039322158964550824e-01
-2.210715876319217232e-01
-1.324333076265935272e-01
-4.066492464184526257e-01
-2.031581134997938465e-01
-5.266427731689492520e-01
-1.346032203887534973e-01
-5.242297567695089477e-02
7.602662904277941724e-02
2.598002991334003586e-01
-1.685452581043336562e-01
8.731974303624641387e-02
1.304755738349401839e-01
-4.752561394213779961e-02
-1.904997570990165645e-01
2.361773627385770347e-01
-1.049702337145488745e-01
-3.209036579066288919e-01
-7.595127759797468125e-02
2.317467764541427111e-01
6.829300070613463225e-01
1.234375423106199299e-01
-1.961316658852098604e-01
-1.305682684581217778e-01
-5.703177341907735010e-02
1.236041246538456123e-01
3.933844815921991867e-01
-3.962540304153636117e-02
1.353952428343948022e-01
-2.188556466142527190e-01
2.207272271964931618e-03
-1.450560613969869295e-01
1.625828590989405742e-01
6.421042778359666026e-02
3.342347853980758357e-03
2.189011635079935458e-01
-1.735177166814827754e-01
2.691932737673649600e-01
2.683175155092924480e-01
-1.108136896530137749e-01
-1.681154788095698127e-01
-1.746286324865118367e-01
4.156261222574483827e-01
7.909930449045407541e-02
-6.995951326590148234e-02
-1.720565273577500352e-03
-1.673243859290738378e-01
-2.702087213254341647e-01
-4.275774696143673781e-01
5.585991028589810670e-01
-4.265734127767201178e-01
3.271527656197283779e-02
1.485381935389704089e-01
-8.903044302991820758e-02
2.720365942501134504e-01
-1.096470778183412792e-01
-9.867573682047936501e-02
-8.958835408387783028e-02
1.035982903887003037e-01
-5.330031804959872027e-02
6.927886000031456548e-02
2.568651632243812780e-02
-2.952139498113994648e-02
3.232280804765620408e-01
-9.880544188279516415e-02
2.727389421628111932e-01
5.696808686010396833e-02
-4.514483344102245832e-01
2.234901044877213860e-01
-1.932339491609547655e-01
4.245847115187652010e-01
6.219242113342319384e-02
-4.426415400434208919e-02
1.153703303212556992e-02
3.767383705630598656e-01
-3.561320388106724022e-01
-9.252173796424244256e-02
6.625511130305382357e-02
1.121405921258879571e-02
2.842424335910690991e-01
-6.524157715752941789e-01
6.279702553545812860e-02
-7.269148236352267201e-03
1.971944028494749535e-01
1.157080897703302164e-01
2.279725138897291392e-02
7.460315891962665535e-02
-1.322810977719533765e-01
-3.384126701879597299e-01
2.857814485356533485e-01
-2.418134007753244274e-01
3.465483829395195614e-01
-4.312470364994829830e-01
4.653719902781779799e-02
-5.374085884132946411e-01
-5.669494041382882044e-01
1.973471812872513720e-01
-9.599115960602519482e-02
1.286474093820006437e-01
7.403911882194603999e-02
-7.939530727847039782e-03
-2.231970287153041688e-01
6.805021731571739285e-02
-1.924972443342911135e-02
-3.247823297865631842e-01
1.342561894924222121e-01
-3.111944908696667733e-01
-1.603650734355830387e-01
3.508637477054581399e-01
-1.092317899403810744e-01
3.417490665100505476e-01
4.380948506484281801e-01
-3.880504260451517196e-01
-4.340982734500700713e-02
3.895688381014633106e-01
4.575862995017756368e-02
1.537023870101980605e-01
6.870846802025554201e-02
2.136157890781884283e-01
-9.391978045596563462e-02
-2.967715318037524308e-01
-4.619346756319542280e-02
-3.065369024180520860e-02
-4.638216227727225416e-01
-4.845520747748606472e-02
-3.044547277540787453e-02
3.653131597587493395e-01
1.800449855388493448e-01
-1.112537090103712240e-01
6.065651718021516231e-02
1.441433313652920600e-01
1.966866889850186761e-01
3.977715869452593811e-01
-5.982536236404708413e-02
2.100825738303073453e-01
8.747993417982299902e-02
1.153023259093894221e-01
5.569018480773810231e-02
8.477570484766230874e-02
-1.144982473656123434e-01
1.635290133213064545e-01
2.019538405955531302e-01
1.010110163952655446e-02
3.059659294235984595e-01
1.765710461034548651e-01
4.470218058799146910e-01
1.531096426107365349e-01
-9.706202113846486290e-02
2.458164705140312989e-01
2.964010861616870329e-01
2.773860501556640323e-01
-1.740199537566716192e-01
9.051650769878938352e-02
-4.149320729576413957e-01
1.106392320976379434e-01
1.441486281178775697e-01
1.137540746934721930e-01
3.168960383821327609e-01
-5.812756481352512189e-02
-1.606479279701677754e-01
1.066431046228781196e-02
2.595934507927460250e-02
2.844385508015587205e-01
-4.443101986833981054e-01
-2.278595697278661680e-01
1.029377485257272021e-03
-2.389842504650552535e-01
-9.611681722287272744e-02
-7.327897426523231894e-02
-5.901772961467204731e-02
-3.537645508879950773e-01
3.300106100619003974e-02
-7.600804574261275925e-02
-3.602393039622417414e-02
-1.607217220536432400e-01
1.137531431959873940e-01
7.289532400559044743e-03
-5.240664759507578097e-02
-2.899260264946590740e-02
-5.415969560148935213e-02
1.323899742686827086e-01
-4.256180309115305260e-02
-2.146489270748436207e-02
1.823974955268531069e-03
4.221926723566758050e-02
-4.748321483907860796e-02
5.183651259321216953e-01
-8.259906930477231568e-02
-7.613931463617548689e-02
-1.057213853370484874e-01
2.027972039448285302e-01
8.988267107947334189e-02
-1.716200425260855922e-01
-3.449890089617239641e-01
2.530624658557022455e-01
-3.055807549751708985e-01
-6.624532046366918836e-01
-6.645426095006333467e-02
7.314182630859374090e-02
3.160585518189489018e-02
-2.917911100262016860e-02
3.328411436303545939e-02
5.170909785424025740e-02
2.519687986059485629e-01
-3.733336836184552587e-01
2.517029315095291042e-01
-3.793915167234824803e-01
1.795303486570007379e-01
-1.201193890954812271e-01
-5.008854402944952662e-05
-2.417308500771408186e-01
1.122022209991335173e-01
-2.775501666885155649e-01
-3.085773782794836162e-01
1.972044886468833358e-01
-2.662899772591670877e-01
1.087583811096057562e-01
-5.890611394665786621e-03
-4.316079947626970670e-01
3.811178522966460203e-02
-3.920765998220496762e-01
2.509296056059795443e-01
-1.990940549936778825e-01
-2.690406166491163820e-01
1.062729064530360847e-02
4.784176129473505928e-02
-4.884176590997173217e-02
2.560770282487428301e-02
1.243005580198017213e-01
1.117717886812863159e-01
-6.299911122164968125e-02
-2.777706885054936903e-01
1.857626054029233587e-01
-2.363146931992145816e-01
6.374217729018052947e-02
-4.169953196017717190e-02
1.259588260786928260e-01
-1.873459800846655754e-01
-2.465595462631085255e-01
5.937357934392085285e-02
-5.458580774706439653e-01
-2.966331621220757442e-01
3.899807110209305150e-02
-1.532285085226670340e-01
-1.184960347898507127e-01
1.134672595063386802e-01
2.467178678840102612e-01
-2.008661507226754406e-01
8.132353787850234161e-02
-3.600517694028014803e-01
-4.254763581898443614e-01
-1.926288396043630835e-01
-4.528159797260002117e-02
-3.150289896628792330e-01
-6.019766844738582215e-03
3.988900179575728677e-02
3.734743433586862338e-01
2.516242188451336403e-01
-1.886860380617178812e-01
7.683290496099282052e-02
-1.104977170043231344e-01
2.889674678315704709e-02
5.388594423593617150e-02
1.428019816935209574e-01
6.149045770901535174e-02
1.169692238895752023e-01
-1.480898241233573609e-01
4.899812899406806310e-01
7.812815194864834722e-02
-4.433803181901941476e-02
-1.661577525397487098e-01
-1.214726761012025896e-01
1.452217812719129586e-01
-3.396042503337466378e-01
2.045337008388413147e-01
-1.496646109452972329e-01
4.935677349531651936e-01
-4.120154636812316529e-01
-3.068363136368201446e-02
-5.497838483257295739e-01
-4.528435961202233462e-01
3.213626533692306303e-04
1.299734528315473481e-01
-9.451530653981816965e-02
1.548014469852300179e-01
-2.163244749315013093e-01
4.058524731220211623e-02
-4.822764618473162623e-01
1.959422938656898705e-01
1.559332458658740928e-01
-1.664142098122148392e-03
2.350934084917796763e-02
-1.027609564971404196e-02
-1.518219339588477157e-01
-1.739447271349326141e-01
-2.228744703313143560e-01
-6.715120753881158311e-02
1.703021566539396348e-01
-2.694466663658402067e-02
-3.949061872649793636e-02
2.438132274791040555e-01
-3.707122008713070044e-02
9.981165495944496757e-02
1.597108877366899271e-01
1.610035389748034618e-01
6.167742470373903385e-03
2.808417361330623474e-01
1.389830584370475297e-01
5.492360065738665087e-01
1.221872278422936331e-02
-3.049896733031801643e-01
-6.424208260724949549e-01
5.812590763081264961e-02
1.641595794127767294e-01
1.441415913237711621e-01
2.879661561810102632e-02
-2.762436462568723106e-01
-5.316367910756446546e-01
1.988512355606879278e-02
-6.485749000688614818e-02
-3.810079053424415552e-01
-3.517356082642498216e-01
2.971814142401911843e-02
1.490994473293952294e-01
-1.133571276961364421e-01
-2.092229811111995796e-01
5.018591113599211173e-01
2.011774770220154940e-01
-2.054540108501956008e-01
1.743216702995916134e-01
3.134008497729905418e-01
2.863871707515586174e-01
-3.055332053419683100e-02
2.583594865510089322e-01
1.403851732122040341e-01
1.933609727831197000e-01
-2.216343587725596587e-01
1.850411437872248877e-01
3.024722604279300037e-02
8.318320312290748697e-02
-3.606727234700052853e-01
-4.586584629743479802e-01
-4.881333381520330111e-02
1.272483299650529198e-01
3.673031966033753898e-02
-1.988320571201758202e-01
2.276560753893905886e-01
3.022740320470883590e-01
5.465885795798810370e-02
-8.695023220179945445e-02
-4.690548869171669577e-01
-2.709702958747196022e-01
-2.772280713376193972e-01
-1.106430214716200011e-01
-1.807934214809817641e-01
7.833097323874067819e-02
-5.616304772927195599e-02
-2.539688481497036632e-01
-1.980487856949968428e-01
-5.653996554358421411e-01
3.341643027138808120e-01
-1.942000976492903042e-01
-3.238791929576144701e-01
-1.408214058331433705e-01
1.274257984299883573e-01
1.902289673814641369e-01
9.181620417639302367e-02
1.581568699891483798e-01
-3.739750031279676645e-01
3.653191584826577798e-01
2.764427190427989345e-01
-1.556425312797669047e-01
-7.387343998477129137e-02
2.858211867833171382e-01
2.306577131949416881e-01
2.646066872985224361e-01
6.942836436509451647e-02
3.575307134669945541e-01
1.467221944585702931e-01
-3.371651493912261599e-01
-7.965237624098368829e-02
-6.671405637138035083e-02
2.107393347955073826e-01
-2.727699384876788313e-01
3.025709603521628543e-01
1.395460807059610564e-01
-1.128388796268359334e-01
2.257064760799697700e-01
6.572838803700387089e-02
1.217289522881125205e-03
-1.245563548038702562e-01
3.047444993040457351e-01
3.543472808499890936e-02
-9.030368488543878691e-02
-9.418334006174705272e-03
4.041247208892193576e-01
1.758024829003122791e-01
3.000093700031806754e-01
2.813487773328680192e-02
3.332836011782064345e-02
1.714443824925519777e-01
3.444388844444808973e-01
1.578863143858101614e-01
-3.598717537390671573e-01
-1.575317903566748889e-01
2.344500438043976287e-01
-3.704070805909578379e-01
1.207942737463942873e-01
-5.796960208096858802e-02
-1.899149409524911736e-01
1.723507900441626287e-02
-1.168087972897500354e-01
-2.348114372017284235e-01
-7.996632427638628027e-02
-2.802624172233052491e-01
-2.581662722344150729e-01
-1.954553427706313407e-01
2.434276452996452997e-02
-3.337769027617750739e-01
-1.099493453720579300e-01
2.279375419491965205e-01
-3.887491180069100882e-01
-3.522429848476687497e-01
-1.610891126906335846e-01
-1.050737526660865395e-01
-3.560535985081872412e-01
-8.366563833838745745e-02
1.209488611245521095e-01
-4.040389796587937621e-01
-1.842548382202114921e-01
-2.692854976435197778e-01
-1.340602226327150537e-01
2.923016121309325310e-01
8.592895160656432302e-03
-4.076929449038110831e-02
-1.690283740259020950e-01
5.561479530309682701e-02
4.420793613070179290e-02
-3.954245403945531034e-01
-3.846092963495500450e-01
1.349668099579631186e-01
5.372627541156704128e-02
1.399546778125331237e-01
-1.302532889006823291e-01
-2.817620995525635941e-01
3.761323984375977147e-01
2.228878783088079352e-01
-6.071670895829588827e-02
-4.329314599666565788e-02
-3.786430232444496502e-01
-1.418057320958243384e-01
-1.351444707006508594e-01
-2.216294109265614654e-01
1.931326188839068000e-03
-1.053290168530233162e-01
-3.319143402288389499e-02
1.184959735905759121e-01
-2.762408867241369220e-02
-1.312735087333367738e-02
-1.234285522865093965e-01
1.396520041031614201e-01
-2.003128055848080527e-02
2.778558405519564456e-01
-1.958220169645784325e-01
1.395812951856323370e-01
-3.290262468778900051e-01
3.732032850823097658e-01
-4.971660650584364682e-01
-1.800695756603406389e-02
6.999765391202925069e-02
3.922121416065727506e-01
-4.746186727726965648e-02
1.437958359999750788e-02
1.201828301765482249e-01
1.842747161372986220e-01
8.698048823154914955e-02
1.320811637875170808e-01
-6.563140692640820339e-02
9.896380940409499338e-02
2.682449689918698921e-01
-1.466540511770394739e-01
5.730395498260525411e-01
-1.602601302667037431e-01
1.023927374277472657e-01
-2.589930990155608903e-01
4.518531968319374620e-02
-9.068261900956499366e-02
1.805226107264857882e-01
-1.256286371244055289e-01
1.130371971204373327e-01
5.630054726700385315e-01
-1.172028752197337709e-01
1.760829971453531650e-01
-1.810892885933180693e-02
1.271132131287988631e-01
3.860847475987155830e-01
-1.469257542379560910e-01
-1.444574994859608719e-01
-2.421949970914141215e-01
-1.477140730301393645e-01
1.556385875960139276e-01
6.296405146661007701e-02
2.627672439300617335e-01
-1.267578154599152129e-01
3.018514468034530843e-02
2.814442907890160050e-01
-3.774284484692833064e-01
3.065211460975982294e-01
-2.438957424664269513e-01
-8.871005960514563582e-02
-9.472244247303723830e-02
1.340608427087313509e-02
1.913555886801901751e-01
4.732301598090251638e-01
3.284739429846799119e-01
2.223690544505009248e-01
-1.832347300248877986e-01
3.152891585525924301e-01
1.965137355782769768e-01
2.842420668259900141e-01
-2.363201338372563493e-02
-2.402544141343889994e-01
-3.081596427612964262e-01
2.431236671011837228e-02
-5.871417868483930907e-02
1.406919305218141403e-01
1.113583565780372833e-02
-1.545071973960767397e-01
-1.476679864965644573e-01
1.673478859799786833e-01
1.442060496426556537e-01
-6.156811540115789821e-02
-1.392189272975185577e-01
2.334254656209227841e-01
3.571781484652700178e-01
3.551188681746016429e-01
1.157503013531592795e-01
-8.448166643171198253e-02
3.622369799694173387e-01
5.171670703729688151e-02
-1.683290201055525903e-01
-1.441879173255397432e-02
3.169100019061171225e-01
-1.055587366897124540e-01
-1.377229050390009479e-01
-1.947889048638747345e-01
-1.721825712669619590e-02
-8.739273472845111856e-02
-9.463758038068981193e-02
-1.744594213798739135e-01
-2.360702273271823859e-01
-2.063179816351333115e-02
6.627461818721165632e-02
1.215587067837886615e-01
2.516541289879797166e-02
-1.655703055155781367e-01
-2.568857571781676258e-02
8.750637383536327696e-02
2.373166195322187755e-01
-7.509361933503194697e-02
9.171371618596514674e-02
-1.646220423254659282e-01
2.064627526946443414e-01
-1.615647281351653697e-01
9.220472169401265627e-02
-1.238391654196713126e-01
2.048234001741233712e-01
-6.720646918362149780e-02
-2.408357364032039372e-01
6.861249997169638348e-03
2.109106047794901961e-01
1.874838974634528421e-01
-1.892035317822005902e-01
-5.526082839059166113e-02
2.427510906590429618e-01
-7.766016877096205973e-02
-1.954419004732481022e-02
-3.886797897818747294e-01
1.998897304119285900e-01
1.313737773866349989e-01
1.144201207152635014e-01
-1.097270375164429226e-02
-1.130076709519806663e-03
-1.510253568796924017e-01
1.533340969564365719e-01
-3.821088239326454472e-01
-3.951060206065162839e-02
-9.731214199390872399e-02
-7.904006972328563030e-03
4.165199486396150425e-02
-6.890444596883278650e-02
1.153402411883835271e-01
3.571832212548059493e-02
1.680792501332057653e-01
-6.845450346917170137e-02
-2.426855069314892005e-02
-1.491701440382360230e-02
-1.204919879931513373e-02
-2.650183109376257756e-02
8.138609043980789270e-02
-5.717488390277932972e-03
1.198747914710037443e-01
-8.185409258851725905e-03
7.033901580730518577e-02
-2.711093265712787720e-02
2.582441077278108815e-02
-3.106670244148844809e-02
-1.731855458712208140e-01
8.853846329592764824e-03
-2.940424860765168402e-01
-2.852782470432592699e-01
1.066139269571075299e-01
3.802207348684265298e-02
-2.155646837140910987e-01
8.664035015586196709e-02
-1.763332981364950092e-01
1.450021190830736925e-02
-2.682809339249372926e-01
-1.174840806856088452e-02
-7.724047694841655598e-02
-3.564902051563883512e-01
7.037057651016478954e-02
4.986225779141914560e-01
-2.630345813361220642e-01
5.034255909688425401e-01
1.116156784140562019e-01
3.837470663058506481e-01
1.280917229672287883e-01
-1.009250593944615304e-01
1.047197519710407476e-01
-3.961276196417493622e-01
3.413133249778021461e-01
5.216206978517552439e-01
3.056866919714759656e-01
-4.296334035728392731e-02
1.765771490409196176e-01
2.629627612363401590e-01
3.178357496833532636e-01
7.081784643327691808e-02
-6.426661550652643107e-02
3.352918035160537547e-01
-2.742262776676844885e-02
-5.801400780606975616e-01
2.904410008212258195e-03
-2.242888232940820070e-01
1.160360061690871997e-01
-1.520077965613039761e-01
-1.738313577202828808e-01
-1.224631700370369947e-01
8.854121314047993727e-03
1.134825515938239354e-01
-1.352042331928284165e-02
-8.471795957286143430e-02
-1.183973138133329467e-01
-9.859772353541798595e-02
4.040552585811280628e-01
-2.129058745830519558e-02
-1.009273649134669049e-01
-8.535508111860933000e-02
-2.048745911520218621e-01
-6.685487426941000288e-02
-1.666590923044862227e-01
5.278332458905490160e-03
-2.849317416237520106e-01
-3.160691227637204559e-01
1.308172332965206741e-01
1.812066921510653295e-01
1.380563381076025109e-01
-2.034055664674379663e-02
-4.135077960261916985e-01
1.726661219408028025e-01
-3.967619928977363097e-02
-1.650449870429375465e-01
-8.725892870716005223e-02
-1.420387744973692912e-01
3.109101474447492630e-01
8.008363951775851475e-02
2.623076754761279883e-01
2.112151724441017064e-01
2.755825906469793751e-01
-2.107600962316776572e-01
-2.062025397283908101e-01
-3.424563033533558065e-01
-3.036455847540479591e-01
2.557529003078663071e-02
-3.931962604578334020e-01
3.948664606122126441e-01
1.043918902105792912e-01
-3.797011540735221735e-01
2.667482252381835339e-01
3.817533207088396469e-02
-2.447939197938280853e-01
1.147747871639647477e-01
-2.638872052293630976e-01
-2.272745741938960173e-01
1.865407043415043264e-01
-1.015672711947535889e-01
-5.790108481400169094e-01
-1.408353584032352446e-01
1.030450528050796954e-01
1.713159757306209618e-01
-2.144832092393541001e-01
-5.411066872480815859e-02
-1.204713627835694439e-01
-5.687131663185772401e-02
2.965800450109737918e-01
9.431406692794190583e-02
-2.346711468722978144e-01
1.621913598489112818e-01
9.588081748267371363e-02
-1.297453208047513740e-01
-2.020627744496692468e-01
-1.020670017381035410e-01
5.500111403066819671e-01
-3.983797705785049187e-02
2.658993270410486276e-01
-2.992908563950069101e-01
-1.602764237788312229e-01
-4.892073713924832701e-02
2.207642225927742841e-01
4.332849830746354214e-01
9.192779349380604537e-02
-8.555435274269053425e-02
-3.210269338057651356e-01
2.075617565966645373e-01
3.110305220691812408e-02
2.055188265695839095e-02
5.347507389589924859e-02
-1.525317042484822250e-01
-3.318678802484162915e-01
5.695807000493641886e-02
1.928726449559113321e-01
1.924805107972225315e-01
-2.159978670410857005e-01
7.758100371414750063e-02
-2.642384076071335186e-01
2.521871239454965274e-01
-4.541726800141862030e-01
-1.738578034747184087e-01
-2.179733416384874445e-01
-2.901153540457693594e-02
2.430356112206404073e-01
-9.962623042078190549e-02
-2.324730965779014114e-01
9.310705487880382991e-02
2.352531103069379625e-01
-3.790539590809073323e-01
1.961859130903954584e-01
1.990916096479246888e-01
-9.349972427626107585e-02
-2.529712662461937669e-03
1.935503765641267415e-01
-3.420242503765959508e-01
1.359579522917179692e-02
2.826068963094594544e-01
-2.459536447092161571e-01
-1.028885608316233574e-01
-9.884689025793039208e-02
4.770424815455388129e-02
-2.769296674573197281e-01
3.885326092297702316e-01
3.796817649779766352e-02
-1.396381257638157902e-01
4.254086919875424977e-01
-5.552384956338062005e-02
-6.757363599273974800e-03
8.019791591301887734e-02
-1.950617759316292388e-01
-7.665106838647692267e-02
-1.917491773490567764e-01
-2.128849140580967580e-01
-3.397727591795439150e-01
-1.786059261181841343e-02
9.679973649841103200e-02
2.730178135689507318e-02
3.972785546172759030e-01
2.404875608689633487e-02
-1.570998260035788019e-01
1.354877516214326449e-01
-3.779686364420066502e-02
1.629063973013031019e-01
-2.851542035784364604e-01
3.715770862526243112e-01
3.889229297319202194e-01
1.173390067554287708e-01
1.911724739179443411e-01
5.152711956872402937e-02
4.914780047659534357e-01
-1.174114461177277746e-01
7.214650223193318224e-02
-2.212690258806433441e-01
3.411640860465678937e-01
-7.072710991871241672e-03
-1.092177723971275716e-01
1.271552215400402752e-01
1.702997444736962240e-01
-3.102677828005178107e-01
2.277867642322139174e-01
5.526732657850831620e-02
2.799042234420922592e-01
1.241630448775720708e-01
6.036473065016206146e-02
1.093567187958689180e-01
1.374761428493049276e-01
-9.724391938737153573e-02
-4.516665546579379242e-01
2.484030181623810840e-01
-2.355645034953385009e-01
-2.918310515375249214e-01
4.516911173596582230e-01
-2.351922791079554265e-01
-3.914497313803723677e-01
3.480271243055644281e-01
1.370161556491665544e-01
2.793320928213511856e-01
1.281980211018971839e-02
3.085501887957551870e-01
-3.009463061597216216e-01
-6.999218415594377248e-03
1.954377726351540501e-01
-2.788407855262558521e-01
-2.548350668741674041e-01
-1.116427149616190384e-01
1.329363085139214917e-01
-2.180662455130534527e-01
-5.394549421532058853e-01
-1.501152867779279865e-01
-1.959252935442533372e-01
1.303170120136704080e-01
2.723621054766358074e-01
-1.922750751606387420e-01
-1.651440693863832077e-01
1.786631854733425062e-01
-7.558307317637931455e-02
-2.285825411904569837e-01
-2.791911206107855481e-01
-1.629521310981943416e-01
4.726042351893193494e-02
2.018860176039382615e-01
3.791006770514783186e-01
8.221617527381959445e-02
1.360311223125852953e-01
-2.940774679608210151e-01
-8.523547100740440363e-02
-1.968399673195156963e-01
-1.774560033616709998e-01
2.012862076541516443e-01
-5.175918219724030545e-01
-5.214735737621234435e-01
1.367216350034036743e-01
1.879286084970194504e-01
-1.825583565909477679e-01
1.564585899837950544e-01
-4.552522017808686705e-01
-2.210446427018654958e-01
-1.156956414495714236e-01
2.006264218541001509e-01
-1.202619389031956004e-01
3.877790974609367503e-01
-1.090219504111162585e-01
4.453802592191909993e-01
-7.633295369780331019e-02
-2.114896668369302957e-01
7.616010079196469662e-02
1.866210757264753217e-01
2.704051171816277965e-01
-9.937291313986292007e-02
-2.539395723254021520e-01
2.840179635394428637e-01
-3.777560157409847741e-01
3.874078117110313357e-01
2.744274960968242083e-01
6.539358796048616584e-02
-6.208158421697447006e-03
1.665686917840422387e-01
3.671324782855889257e-01
1.052819228108645561e-01
1.351920119111290897e-01
2.198521310945909246e-01
8.002698725439771898e-02
-7.067046113414646169e-02
1.386360148431341199e-01
1.128877207985126835e-01
-2.191263367422792707e-01
1.221858641461238959e-01
3.431946790103164724e-01
4.139613434390779778e-01
-1.396342686615719211e-03
1.250401456420320301e-01
2.011605618192153222e-01
9.259379516723827142e-02
-7.749150590260421578e-02
1.521844713135575844e-01
1.023537293685795879e-01
9.841935538968903108e-02
-1.668347255703900578e-01
-2.032166763807019272e-01
-6.805748844578539680e-01
1.809217198565018780e-01
2.162208643290204624e-01
-1.088681567703642938e-01
1.501216470549482929e-01
-2.785607852374893945e-01
-3.020490238780883518e-01
-3.250332929592739117e-01
2.239198607673695968e-02
9.733871953431318114e-02
2.800526926292086216e-01
-2.084069981587413634e-01
7.712152484419861065e-02
2.921518224625054838e-01
-1.229165293456882871e-02
3.301555074506221793e-02
-6.661931351551847458e-02
4.953119839359691468e-01
-1.320547821261992549e-01
7.249962208435609123e-02
-4.596353483124611568e-03
-1.321296736198628030e-01
3.374392625578017529e-02
2.760721730476569519e-02
4.683458704181209242e-02
3.062344128926893227e-01
-1.462743744593383854e-01
3.448178056953740134e-01
-1.697493978514459378e-01
-2.249405981777197194e-02
-3.093884807717563468e-01
-8.285121450035960733e-02
4.592080991305592108e-01
2.199714583956728087e-01
9.305102501316386832e-02
2.161764056427034897e-01
-2.190083323875491039e-01
5.049308333028589280e-01
9.456177542047970730e-02
7.663178891835170647e-02
-3.391148167114131362e-01
1.069584247435947238e-01
2.898880491051847308e-01
3.042725963313482884e-01
-7.322553111552235205e-02
3.326584022993616108e-01
-6.128739761756524934e-02
-4.181106051876931629e-01
-1.992433108449727930e-01
1.335057392252032155e-02
8.324261310591070384e-02
-1.302127215678020589e-01
2.429698003809407925e-01
6.415432983690419477e-02
1.540062946127039312e-01
-1.765524096788197855e-02
-9.307374786750415019e-02
7.669178752966569756e-02
4.010520717924124789e-01
-1.774586881880790001e-01
-1.621986003169438029e-01
-3.348089365394930211e-02
-4.752047321056726004e-01
2.977415147495791059e-01
2.715323855825161892e-01
-4.470489409766550265e-02
1.321986443173696624e-01
-2.198426920831225151e-01
-1.415997633890302698e-01
-1.604506110166843136e-01
-1.031528976130650366e-01
-3.212149852162325958e-01
4.725452393203489199e-01
-1.995041613840427552e-01
8.931341039461727915e-02
1.924943991239132235e-01
6.672163033670178156e-02
1.053127585908663344e-01
-7.031265293405103423e-02
-4.219706092184292712e-01
3.454838367365349328e-01
-4.005318219940652846e-01
4.205358727676276887e-02
2.186876028678928219e-01
6.197135842147406815e-02
-2.675548487653228724e-01
-4.004172105839604034e-02
-1.651740765587503545e-01
8.972612853853180470e-02
2.317888463382727221e-02
-9.763573408313364066e-02
4.305436731349170931e-01
-5.483286328348642436e-02
3.596681405435309814e-02
-2.432036557388358999e-01
2.231488894064478229e-02
-6.008789947483544891e-02
-6.693210987506389986e-02
-3.532461573249484621e-02
2.047875574463014492e-01
-7.582175543912618443e-02
1.718465703509751419e-01
6.766553707650352356e-02
-3.508439615869316658e-02
-3.580202802202377410e-01
-2.613050485041408244e-01
1.125435611372657962e-01
-1.195386177796412125e-01
1.332660936733419399e-01
1.541360261882237029e-02
-1.104270707668774569e-03
2.143156441186472583e-01
-3.862343733235020643e-02
2.858080011791034464e-02
2.997383899424645171e-02
2.836167036033730715e-02
2.308725956414356406e-02
3.783586000045462833e-02
6.116508056515566893e-02
3.049992243845199569e-02
8.778374211306120417e-03
-2.743508706145737774e-02
-1.113249105686853063e-01
1.295891170581168761e-01
4.704045595897599075e-02
-9.872960872148799083e-02
-4.878258477065764570e-02
2.292066248599867323e-02
-7.218445179207253620e-03
5.686961061799961775e-03
3.546991564086933169e-01
-1.232258513167218406e-01
3.963221779696652902e-01
4.340364217726669360e-03
3.356270401654217750e-01
-1.313861665755151620e-01
-2.759988403339105889e-01
5.043271105134802118e-03
-4.043457974470534011e-01
-1.654990384613266308e-01
1.052351647136057222e-01
1.430863666424516956e-01
-3.654610895933058656e-01
2.452546008606053540e-01
-1.341527060183682167e-02
6.989145198218850441e-02
-1.621858499857636582e-01
4.938602227990880889e-01
-3.589377130490302523e-03
6.693732555020756592e-02
-1.560548600181175041e-02
2.666092300930759107e-01
-1.116777217534951350e-01
1.893650154508324732e-02
-4.020384388831019923e-02
1.288964160294133431e-02
5.861527350628938787e-02
-4.784815759312951999e-01
2.095080986676484472e-02
-3.219442834263637754e-01
1.528203918401019046e-01
-1.438986196141864848e-01
-1.803196927069136701e-01
-2.468739211252131416e-01
2.696212385076159346e-01
1.047332242414827780e-01
-2.441132649834020507e-01
1.839298146033277181e-01
-3.027829608274029000e-02
-3.012934059487539559e-03
-1.287732678937252573e-01
2.727734021285747601e-01
5.476759537608767714e-02
5.551720723176509914e-02
-8.984793981510989791e-02
-4.323953332057061533e-02
-1.793171282292047031e-01
-5.425152532043800990e-01
-5.549881987042152298e-01
-3.927232769346353791e-01
-1.532677277096694823e-01
-4.225011860466156843e-01
3.296610929875884999e-01
1.143406683853555872e-01
-1.630403321947459516e-01
-4.645568453406509479e-02
3.107668716440056822e-02
-3.644903352357533599e-01
9.113231303464208732e-02
2.595043437512545292e-01
-5.221973085381142327e-02
1.019388348854984028e-01
-3.437819166557844475e-01
1.712239350858604098e-02
-2.103893309609716489e-01
-3.238458614143097970e-03
1.438996053174847745e-01
2.585527641043360303e-01
4.260529215541508652e-01
-9.396990082332004612e-02
-4.196074999072450101e-02
-1.635297056947661587e-01
5.806168501084463945e-02
1.610822602243862714e-02
1.915880798743483659e-01
1.740208944788437621e-03
-1.034396060456783811e-01
1.278496296556323741e-01
-1.089009326484941115e-01
2.803325580824145291e-01
2.655011089798010593e-01
1.346369535968165894e-02
4.198743073084280908e-02
6.397017447287265401e-01
1.136231260382423724e-01
1.276704420272068985e-01
3.290478955857076837e-01
-1.183685651441108155e-01
-1.015727784987665167e-01
-5.296568173990909845e-01
-2.840240712317569464e-03
5.587857785607455718e-02
-2.451546185669887731e-02
-1.224945572890519807e-01
-7.424273231029213105e-02
-1.646561436219899921e-01
2.927994067323329633e-02
2.275913546179207311e-02
-2.671239406890537141e-02
1.678679230553561108e-01
-2.388924688543930530e-01
-2.259751774018439741e-01
-6.940607824122643765e-02
-2.516945206078152406e-03
1.591788602640936134e-01
-2.950559183186459572e-02
-8.602994886557305959e-03
-6.553167240078625055e-02
-2.169733240289671294e-01
4.026543521998021680e-01
1.754889675822084161e-01
-8.225644082512628685e-02
-4.061064794600152128e-01
8.875589877269615680e-02
-9.630636938140760273e-02
2.659838334133685089e-01
-6.748296567516150202e-02
-4.097385778041075233e-02
9.682425362179235967e-03
-1.807343602332754928e-01
-1.345310295214858232e-01
1.568306525093585702e-01
-2.040647253063097022e-01
1.583471307464830446e-01
1.280046312187415117e-02
7.053783536403908372e-02
-3.042588359467088277e-02
-1.857608346922663134e-01
1.966220773035443903e-01
-3.598965179668758285e-01
1.162598591479998000e-01
-2.219113408447218050e-01
-2.253475693609668373e-01
5.547497779715209187e-01
1.602437432994651550e-02
-8.434386566077739511e-02
1.170159057956818432e-01
-1.407966933566764667e-01
-2.523960587243957998e-01
9.374490595735299192e-02
-5.734563337321200993e-02
-8.548342385111082353e-03
6.988608044744812342e-03
1.392599754459583894e-01
3.241644456278807568e-02
2.222898910600137612e-01
-1.239933460100015455e-01
-2.409106796770392744e-01
-1.469831005973698812e-01
-9.834452025607688663e-02
2.079069916669349649e-01
-1.644006079388184993e-01
4.193681984177702882e-01
1.313185554148765255e-01
-1.385402169122063216e-02
-3.394871435370185875e-01
-2.313370341074658387e-01
-1.881530098605732060e-01
4.338757698418301001e-02
-3.319408049261572402e-01
7.726143903675372626e-02
-2.172784649340257224e-01
-1.544791392657364204e-01
4.010015782613438606e-01
-8.603184684186479525e-02
-1.372275123153620380e-01
2.763276488126746588e-02
2.192664095699457250e-01
4.246492999721943606e-01
7.266624398965015885e-02
-2.589642527868309951e-01
1.365195523180724180e-01
-8.091603442610895147e-02
-1.226811485055513684e-01
1.956633977252082157e-01
-8.957600766557939631e-02
8.510227206775057562e-02
3.818023150916308173e-01
9.019212584561504820e-02
-2.887641936324619740e-01
3.891980694091038417e-01
-5.052905385629249957e-02
-4.505398619060896337e-01
-1.535524360962853552e-01
1.500041029124058733e-01
2.282316907596385058e-01
-1.020353122430185805e-01
-1.534412658240964789e-01
-5.753755023182894890e-01
-1.038722823996361538e-01
2.135012098242756451e-01
1.886690837898773176e-02
1.244917462873948166e-01
1.511439234873652726e-01
-2.100485651993216907e-01
-3.832601956227315032e-01
1.836661718105810914e-01
-4.456769335301059148e-02
-2.935405334480484241e-01
-3.370724374935070711e-01
-1.213890599272398479e-01
-5.820012879981467657e-01
1.007650072035555927e-01
-2.206809282455515081e-02
2.943873770999460432e-02
-3.783200050730527175e-02
1.841573340288649857e-02
-2.744235842339546871e-01
2.071601015925672862e-01
-1.159981623305613857e-01
2.667988806597870743e-01
1.977729016020694508e-01
1.693103334291602979e-01
-8.599081725106485011e-03
-1.653053496003157874e-01
4.444219654598438596e-01
-2.978814363532070186e-01
-5.432824797628516000e-01
3.355353265964212128e-01
4.031936295910508727e-01
-3.519411876947793893e-01
-6.480745114571125065e-02
-1.896856033709307110e-01
2.871781500473641890e-01
2.443607112259475189e-01
-7.709858408190758960e-02
5.524544081835705556e-02
1.323300617862301909e-01
-8.913373318837186296e-03
-1.768639621281704877e-02
2.480034494598701844e-01
2.447046029924933308e-01
1.856056436735682713e-01
3.798974380662014649e-01
2.047804649041068681e-01
1.919666877103177183e-01
1.689296883783993897e-01
-3.895753409980164950e-01
-2.588488861335083713e-01
1.285598672130964515e-01
3.099340062829767373e-01
-1.536948307268117264e-01
-5.574378124450680289e-03
-3.553587034954969193e-01
9.601195529353010946e-03
2.580375872550744187e-01
-2.590655389481882204e-02
-1.518583976666651458e-01
3.916298895202956487e-01
4.311940383403370380e-01
1.221978986234262404e-01
1.167635321756210626e-01
-1.713151121462889170e-01
-2.532341871527617194e-02
-1.995540345568070917e-01
2.813799797983317780e-02
-2.910541465792577595e-02
-3.447552242743982809e-02
1.533246864595600445e-01
-4.166076272826794991e-02
-1.112817167925419654e-01
6.084314559989039140e-01
1.701055064442739684e-01
1.450407219984119755e-01
7.401118918829688309e-02
5.273901261815538977e-01
-2.734841259078662490e-01
-7.741222616044118876e-02
-2.995321754188756125e-01
-2.707717613736236872e-01
-2.280457916994183543e-01
-1.126626332453717766e-01
-2.116166731433025416e-01
-8.191865431701557745e-03
-4.114784278395303141e-02
5.193011558441226055e-02
5.123223995416193582e-02
1.995760745576959927e-01
-2.392560471427181978e-01
1.141063499990708358e-01
2.524746710846949016e-01
-2.735579081110456681e-02
5.052434740158460169e-01
-1.104748212615150604e-01
-3.341427116201486358e-01
-1.554455193485002606e-01
-1.111088287001306754e-02
2.164761436257806593e-01
-2.075499245518094282e-01
-4.840188464378272770e-02
-2.593209998151963513e-01
-9.057198534746252472e-02
-1.802817910819584923e-01
7.078110287958621662e-03
-1.980513256647982723e-01
8.907755195599965925e-02
9.166413621381025445e-02
2.097341070423491827e-01
1.765034514956461409e-01
4.332391791533750369e-02
-2.523368610837524173e-01
-9.162340146197994750e-02
-8.256497920208613617e-02
-1.292397344046588015e-01
-1.696084979803735293e-01
-1.531223693149126319e-01
2.847457226654860965e-02
-2.757018773354238395e-01
1.148628472653523691e-01
-3.954113896062313449e-01
-2.193502442261198448e-01
-6.364886660723176326e-02
6.874388264378543389e-02
1.833788894758894145e-02
5.867963852324431517e-02
1.423418079917728764e-02
3.120561110256220849e-01
-3.892721193150858877e-02
1.871229013613870673e-01
1.097138846847098836e-01
3.200416364167780747e-01
1.930496878857449194e-01
-1.921728682316042047e-01
-9.735945528205897093e-02
2.020738633193625844e-01
-7.706647367335714427e-02
3.514843930447063280e-02
2.698762086206703548e-01
-7.037872971446219872e-02
-3.041025122053568966e-02
-5.312075978679962063e-01
-5.401116931670180837e-02
-1.315793246616487056e-01
-2.771910751638653192e-01
-4.416031618214233956e-01
2.645280738443597790e-01
-7.654370610508300088e-02
-1.629939221965026330e-01
-3.449170335950122457e-01
1.885241188858840233e-01
-1.824735781893174480e-01
9.778617324522446974e-02
1.168212634024723834e-01
1.567418104800848422e-01
1.667515557557580630e-01
-6.073312956388732253e-02
1.061783588815946033e-01
3.565496526897371510e-02
-2.131440387721107166e-01
2.359472721207261647e-01
1.838461693923338913e-01
-1.707150474729392520e-01
4.056118605407982997e-02
-2.716258044907133851e-01
1.719140765585860653e-01
-3.290671417926201436e-01
-3.535272111259908923e-01
-1.902093185127981256e-01
-2.904741653129215839e-01
1.301489786883356925e-01
2.519060998385223016e-01
-5.546684636156743453e-01
1.019109159364470218e-01
-4.112801853153174592e-01
-1.641801704993356426e-01
-2.107712828423221607e-01
-5.175702617832696195e-02
-1.384228440594017229e-01
1.228573171390998919e-01
-1.765918332849333861e-01
-1.188132463352168239e-01
-6.327185432934452625e-02
-2.372748121297827903e-02
1.248222638798873046e-01
2.357661926770718980e-02
1.773165036951619700e-01
2.786371703799899735e-01
-5.147615339812777746e-02
-2.108361319913160670e-01
-4.302270621232663628e-02
-3.454155030909405455e-01
-1.211220531100108827e-01
-2.540281163011982035e-01
-3.224654565909669812e-01
1.499311653509105211e-02
-1.423180081278821452e-02
-1.582504900068088804e-01
-8.774518539648583360e-02
-3.284869266554986122e-01
-1.494988426714384255e-01
2.559772028598714666e-01
2.853604909252940303e-01
3.868388858274909858e-01
-4.341962372571165907e-01
2.494432835981231500e-01
-1.707086002076679265e-01
2.620489806879556793e-01
-5.872237065554158919e-02
-3.587499472940952061e-01
3.309947190097857483e-02
6.408241789685084622e-02
1.049927594750165727e-01
2.222967768198234537e-02
-2.903651574580092681e-02
6.221909629094619573e-03
-1.011430804731408388e-02
-1.426971890346543162e-02
-9.345421655708337910e-03
-2.577279260356232227e-01
-1.016899574135488871e-01
1.952244687810309465e-01
-6.032673157013636323e-02
1.582861903750276134e-01
7.941427868224422426e-02
3.671727004774643505e-02
2.054765683251242314e-01
7.147116244832169007e-02
-9.649583218207616331e-02
9.739379611005566720e-03
-6.466785687555992590e-02
-2.055932000118117498e-01
-5.100003910490032988e-01
-4.067746813485863949e-02
-4.246138028414732368e-03
-2.341104309830279728e-01
-7.729159268847629605e-02
1.659679244402479936e-01
3.918834481725412544e-02
8.072389819025267421e-01
4.225413072011195426e-01
-5.629821808509672953e-01
2.580526481550330931e-01
-4.529201581628670148e-01
3.372205405645826715e-01
-9.599327958358165602e-02
-3.242498354106204683e-01
-1.010498119933567890e-02
3.299119315921895113e-01
1.076257894407166016e-01
-3.869394353974095480e-01
