-1.217433104847630565e-01
6.755593297755386750e-01
-1.691059990241921829e-01
-4.059047433184091447e-01
-1.779049766705939895e-01
2.179927256736993613e+00
2.974116330391156637e-01
5.980672013391272746e-01
6.561248794095213555e-01
-1.262518942389109500e-01
5.414470713713875893e-01
1.816279211277544228e-02
3.705514262019695693e-01
3.145677646826694485e-01
-1.670585522378413179e+00
1.046522653400106639e+00
6.666103440370681199e-02
-1.473507409084324517e-02
1.638470200846782188e-01
5.808227858639413155e-01
-2.347793474143183845e-01
-1.699654044675305842e-01
-4.734625171767950502e-01
-1.726169523801632799e-01
-2.574144254855599834e-01
2.022998871129675358e-01
6.123517677484473509e-01
1.598750361443586065e-01
2.712422805290460315e-01
-4.360678033881267845e-01
1.679233121613757040e+00
-2.833974605632805233e-01
-1.265062792924116220e-01
-9.337434207455971302e-01
1.067901126647566451e-01
-4.889958857927851898e-01
-1.050853511160161902e-01
7.364792361112764254e-04
-9.035968619128580404e-01
-2.035571870082148183e-01
7.226185863850138891e-02
2.020476605237902512e-01
5.479279362351285876e-01
6.704329738665896210e-01
7.110090722534396362e-03
6.257590645189093914e-01
9.487456809420750092e-01
1.031933887155174062e-01
-3.377461932389340116e-01
3.835052365042849187e-01
3.488502224422239673e-01
-4.289533072759061927e-01
-6.936473571873581490e-01
-2.294168429533297027e-01
-4.936989496512851350e-01
-8.447226061169926803e-01
1.637700056184260844e-01
-5.996197859902720889e-02
2.192257100688452254e-01
-3.467007236018109784e-01
6.405216428290410047e-01
3.701765070095027615e-02
-3.401281951993080366e-01
1.239939844768763455e-01
1.467518737852247825e-02
8.383586484173178865e-01
2.384524023625070044e-01
2.796790854546380434e-01
1.132417094004138647e-01
6.171512250298367974e-02
1.688274770544918812e+00
-1.220015406209457698e+00
-7.356214342362678293e-02
-1.962655744425414739e-01
1.288279676771292293e+00
-2.519070658578426158e-02
-1.661182917232181533e-01
9.695228024115862264e-02
-1.748585385678549653e-01
-1.653904375854995668e-01
-1.560774186371536587e-01
-2.801259449336799823e-01
-7.749340085970334024e-02
5.257507179586133894e-01
-1.902782623477235202e-01
-5.452041952574732120e-01
-1.335696863750781005e-01
-2.504396601483512841e-01
-1.858224732374765542e-01
-3.589655799557919247e-01
-6.499537496812991810e-02
1.673652545948091930e-01
-4.566031790673941854e-02
-2.248212216507198824e-01
3.499852347782241857e-01
-3.186709222003790143e-01
5.091651496629047424e-02
1.418601292300260552e-01
5.768734533727969821e-02
-9.776394126499284021e-02
-4.645804843871088052e-01
1.583437941928427439e-03
5.382950935711416918e-02
1.245948562941576881e-01
7.016641579088847731e-03
2.775132165834757331e-02
-1.385265746869676073e-01
9.587813316790356685e-03
2.163566222632537853e-03
-1.172575540290736879e-01
-8.206433628681748804e-02
-6.107755033278942924e-02
-8.816113657627104583e-02
5.516865360154606934e-01
3.853361014468479340e-01
2.973834774053951691e-01
-1.151529909332560386e-01
-3.622739489503756100e-02
1.993192790157205865e-02
-3.063472403829422541e-01
-1.373411190647607083e-01
4.354099051640950013e-01
-1.133366482424257304e-01
7.175433559541453954e-02
5.073085032451597060e-02
8.091380505106417209e-02
-1.480570561913688125e-02
2.146965598952548515e-01
-1.815465352951210753e-02
-5.598612044563401613e-02
2.211748754989967258e-01
-2.502417257180754584e-01
-2.968602225745498036e-01
-3.861205737141004124e-01
-1.208443663959089254e-01
3.759895235492947130e-01
4.703033425136007167e-02
-4.702325490490084081e-01
2.484241027380178213e-02
1.485794063085742744e-01
8.161641352112579406e-02
-1.202411189169211997e-01
3.794347606726575783e-01
-1.501186741007074776e-01
-1.702102191010308463e-01
1.106263873112304369e-01
-4.055355574232195198e-02
-3.109991883780330313e-01
1.015829571781888541e-01
2.931376270296370476e-02
-1.837984182180366910e-01
-3.258978127131249014e-01
1.688165306902176810e-01
3.047616816245619642e-01
-9.396658937774284015e-02
-2.672764165138369688e-02
1.638272409777341912e-02
-1.441027251041599455e-01
1.464847497197631632e-01
4.065331127863479055e-01
-5.796271142120818344e-04
-1.611217355421576125e-01
6.154130328808409267e-01
1.411071056773753607e-02
-3.118833636829628775e-01
-3.347871142604681438e-01
-8.030097551610720918e-02
-1.287858612439342076e-01
2.105175084578226608e-01
1.995270420544116852e-01
-4.337022534264939333e-02
-2.121188847901354091e-01
-1.154476362733793809e-01
2.816336335435485477e-02
-1.611679255803667998e-01
-1.863700212592618033e-01
-2.658829739348027021e-01
-3.289780515877947509e-01
-8.903887043851226035e-02
2.359553952300933177e-01
-1.120796006046902160e-01
1.333302221188903125e-01
-2.229571853421281613e-01
2.154482427436059944e-01
-3.981701455749690061e-02
-3.291482926261445896e-01
4.744192395144099239e-02
2.455177638021496800e-01
8.573271360124926077e-02
-3.682579280074435579e-02
3.842706538144499695e-01
9.043907512144067073e-02
4.102636743036276734e-02
5.090335479500716215e-02
-1.800359385916338872e-01
2.743808370934371355e-01
2.828393832247774187e-01
6.964046731653404654e-02
-3.254821845844845241e-01
-7.950260073531729976e-02
-1.232820820711071907e-01
-6.748550306237212359e-02
-7.575563853177350038e-02
2.802836130393517866e-01
2.398634922586263540e-01
-1.769097666192645246e-01
2.733773329796963525e-01
3.008169625907547787e-02
5.785093835200511014e-01
-2.742153225453327070e-01
-1.830670721622356667e-01
5.562435776469343285e-02
2.853174059259212456e-02
-9.419920568740369760e-02
1.595387621081136298e-01
-4.245299890176907343e-01
-4.833040297524637818e-01
-1.775945978234032829e-01
-8.715395776147548401e-02
-8.679068927756385110e-02
-2.456858508628491644e-01
-1.089741397392824567e-03
2.180876424671397418e-01
1.467778231926866461e-01
-4.584359527162622516e-01
-6.383039360018575303e-01
1.295135899543173597e-01
1.980917649106484490e-01
1.092439137611460609e-01
-4.225618057810728162e-02
2.326933676550077025e-03
1.293558427985667947e-01
2.157339941267760464e-01
-1.284485178463662391e-01
-2.409953737539639596e-01
2.173523139377294411e-01
3.835907045202291421e-01
3.707473986645006825e-01
-1.143361995237317935e-01
1.629346956760348297e-02
9.863772318798985639e-02
-6.023186759355452641e-02
7.969875076106058831e-02
-1.704119297269432731e-01
-1.746343806043365032e-01
-6.593190058627081129e-02
5.588260700407255560e-02
-1.972979536246768084e-01
-1.427094527563471833e-02
-1.323610099684604906e-02
5.937293108959495330e-02
3.053357075442942464e-02
-7.831551137244882610e-02
-6.785475126402185087e-02
-3.677514385927899698e-01
1.903968225632250710e-01
1.790130296744474048e-01
-5.848108024058374516e-03
8.411844252823372226e-02
2.150139225301708479e-01
1.665451358488293787e-01
2.899871762674390355e-02
1.295843429442841178e-02
-3.781824780439738687e-01
-8.132555307920957821e-02
3.620016217114099821e-01
-6.811273888773025642e-02
3.579074361650927960e-01
3.701656735441184454e-01
-4.894704873586954580e-02
2.309486830364816945e-01
3.938666564970337292e-01
-1.253455173710849857e-01
-1.834859594413409123e-01
-2.292898671692929907e-02
-2.484761272592839187e-01
4.941550160441050554e-01
2.752827013948982299e-02
-2.035363616401480169e-01
4.823583101424921971e-01
-3.121458820438317017e-01
-1.562376980276374838e-01
7.734237800355668879e-01
1.608793316290300646e-01
-5.140727885381715101e-01
1.852094935473157511e-01
1.266658032724391481e-01
-1.249313752425326440e-01
-5.798175781224442771e-01
3.721736401708480163e-02
1.485161453548962118e-01
7.866464506411263713e-02
6.993523070691122501e-02
-1.659246847621435594e-01
-5.000981643178991076e-01
-3.137256461176398115e-01
1.825985326306348577e-01
-4.400551025875800715e-01
2.720033907909442106e-01
-2.207154232368115088e-01
-1.358239051220717364e-01
2.976572090301235485e-01
-9.688388353916821405e-02
-5.438199833229503954e-02
2.371818230670679206e-01
1.322847441659691023e-02
-8.684527401604526242e-02
3.319679124215657584e-01
3.435145432787983094e-02
-2.959878764225263859e-01
2.464533575193625092e-01
-2.591876143063172044e-01
-6.053699805634332742e-02
2.344149798484104763e-01
9.068209828394968586e-02
1.004417563830028448e-01
-1.931990314263866415e-03
-7.857116292063322238e-02
-3.291469762541395783e-01
2.209633692116682591e-01
1.021951222711839496e-01
9.848152098517133635e-02
1.399851931847755429e-02
1.058575005931423618e-01
1.967057646166049945e-01
-2.317035608798481972e-01
1.342303138709713684e-01
1.684889564407597573e-01
1.827463122314652022e-01
-1.563137819500098336e-01
-1.861067826846562190e-01
1.203594077361107295e-02
1.793348679282087133e-01
1.317274821035691879e-01
1.269467159419104263e-01
-2.418241110672291749e-01
3.100789007056418134e-01
5.264066756520209556e-02
-2.687980338769284661e-01
1.599365362474982344e-01
-3.083321614361482221e-01
-2.817541014213380546e-01
2.379996665970167957e-01
-7.734025631836425468e-03
-1.691469357052720890e-01
6.158600166948823007e-02
1.703978536166179669e-01
-1.631240772136749451e-01
4.364828069580787423e-02
1.052001732762271602e-01
-3.559146006606118268e-02
1.765014555642537564e-01
-1.242309307153681014e-01
-6.693840785364571500e-02
-1.432167201858858541e-01
-1.157203947517947695e-01
-3.741419131839836543e-01
3.065950679123866443e-02
4.577960263190278549e-04
-3.166616256775477145e-02
2.417592778935236109e-01
1.022910573132152917e-01
2.767776476117779771e-01
1.860320831062370617e-01
-1.477378171006943075e-01
2.187145965648285839e-01
3.685721254727693519e-01
-2.899476787554550183e-01
1.480360072586196507e-01
3.459402392166728846e-01
9.663947759415206229e-02
-2.742547529176368737e-02
-2.501017456281897644e-01
1.148500207477524682e-01
-1.751240669485625359e-02
4.818251897731418154e-02
-1.706640294579592210e-01
-2.707598834944445129e-02
-6.125147604777333304e-02
9.406258059960312390e-02
1.683768177773897201e-01
4.439475062383762410e-02
1.392002596855818897e-01
-2.355302520300267544e-01
-3.404080786848557860e-01
-4.400209130182696090e-04
-1.102989673542546234e-01
-9.081951544567845591e-02
-7.359767621083268541e-02
1.764381935548612335e-01
-1.439401645542117691e-01
1.036972305129793027e-02
3.776167448064594034e-01
9.185049527565491978e-02
1.059803762697475865e-01
-1.615072637716968504e-02
5.128960197027440659e-02
1.433901358071203724e-01
1.385749287585718581e-01
3.094124327170955091e-01
1.634155287547717564e-02
1.622275539503392205e-01
1.117235425618566119e-01
-5.223483679008603803e-02
-7.058598394934412212e-02
-1.694385890741570977e-01
-2.219748583205498338e-02
-2.247304825959831331e-01
-3.114155129607571251e-02
3.615494371511675242e-02
-8.997352786816332701e-03
-2.047149389832129268e-02
-4.447038153623243673e-02
-2.866554885301754729e-01
-5.784179098510908862e-02
1.756460208357451536e-01
2.920626582967403642e-02
-1.685987483281351784e-01
7.916798828127857846e-02
-2.144074000730439994e-02
7.946536226120617941e-02
1.459765605462946640e-02
1.552532344174342438e-01
-1.748066406417498123e-02
1.356995568773131794e-02
7.400483066689013054e-03
-4.207488273009579033e-02
3.186584525454970451e-02
-2.822122501098686120e-01
1.621646256854151480e-01
-6.143825602635824557e-02
-2.103383278576242410e-01
2.906018199575028382e-01
2.432276008067416895e-01
-2.939917703993480402e-01
3.872374499914462698e-01
6.016527147382853824e-02
-1.823998198077565747e-01
-1.908383417671697391e-01
-6.385194185557510616e-02
-1.312215919033007661e-01
-2.929638347074900104e-04
-2.917938882829083647e-01
-2.455174112631574868e-01
-3.115145931844099381e-01
3.012267892055891516e-01
7.461052053350077096e-02
-3.999309139968066362e-01
5.318669586884008371e-01
2.395351752541899706e-02
-3.824936278683040841e-02
1.832833582575994422e-02
-1.311224334959373503e-02
-7.590421137711057809e-02
-1.530769003548554559e-02
1.170159039188007621e-01
1.822180114996975742e-01
-2.582536516971450924e-01
1.357922890903822712e-02
-2.117261401363425555e-01
9.270192837653117024e-03
5.288083808804618091e-02
-6.298765850564190527e-02
-1.214537976678456005e-01
1.485998829848769465e-01
1.777788769621031773e-01
-2.170626300287747668e-01
4.056808136031633816e-01
2.845248825409572579e-01
4.367712994563233142e-02
-4.573993819536623096e-02
-2.915969060238079447e-01
2.837974089487382834e-01
-2.238735011779781625e-01
-1.714785062580800878e-02
-1.633676409500052149e-02
-3.064744521398914817e-02
3.612955409259088202e-01
1.634097108910856008e-02
-2.296579640581463133e-01
3.261711462143186413e-01
2.605467910037391477e-02
2.012887882463770817e-01
1.071913675530590873e-02
-8.591537857050222243e-03
2.942231438995192572e-01
1.978115971537548201e-01
-4.075543086968147488e-01
-1.055137698512727306e-03
2.432747421310099134e-01
-2.646896975988863310e-01
-1.798475620484300541e-01
-1.284509574854264258e-01
2.603946523739695401e-02
-4.191875198950316406e-02
-7.264943881208207888e-02
-5.972097084304112125e-02
9.040785229635137088e-02
-2.224456463976807741e-01
-2.804379826307525359e-01
1.020930239940664452e-01
2.280843055275435516e-01
-2.301202291885094398e-01
9.399978809868420396e-03
2.772004231950734449e-02
-8.198712278956878097e-02
2.394592971618277888e-01
2.055209610415386912e-01
-2.149849341071308206e-01
3.152041423087698080e-01
-1.060429662991233257e-01
-2.174594653124194699e-01
2.963866511555164895e-01
1.466162853964592117e-02
-5.809938823711859046e-02
2.144618804736566076e-01
2.201340799997406339e-01
8.694912464521582784e-02
9.997493499322532284e-02
-3.387438442100936670e-02
-3.379681976248348207e-01
-2.525672296179006793e-01
-2.338919364275895696e-01
4.155204476598562541e-02
-1.112529564390830339e-01
-2.521680917047627868e-01
-1.425843975760613946e-01
-4.257202993896423010e-02
-2.334091420181650112e-01
5.767754604891110054e-02
-2.302199467709165337e-01
-4.172830562760048573e-02
3.635877003680136887e-01
-5.302180866010711147e-02
-1.755916000891310780e-01
-1.155532148065071957e-01
-9.168505875560689633e-02
1.030324718188794647e-01
1.214325097092205930e-02
-4.209702472020607558e-03
-2.278269082563217363e-01
2.511220713912449831e-01
1.779167901767787219e-01
3.130624408888945664e-01
-1.254302851506245708e-01
3.196902266703508522e-01
-5.400656220100493732e-01
1.963914123356530206e-01
-1.429838625000684482e-01
1.678293460585456309e-01
-4.553047611188887345e-01
-7.341862321882428044e-02
8.836083335752573653e-01
-4.889380628722099775e-01
-5.595726059569261501e-01
-1.150909898203058973e-01
1.206530367489098282e-01
-2.873149102697347135e-01
-6.720688425619698592e-01
-2.166630006282986853e-01
1.348737344956177642e-01
-8.068588212561516801e-03
-2.759172201701062810e-01
-3.450155303366583825e-01
-3.536459877229901627e-01
-2.018580666250148481e-01
4.173635048494320765e-01
2.699449264048853908e-02
-2.161770951845391753e-01
-4.501087013391044112e-01
1.831137244427755856e-02
8.560942448315443654e-02
6.507138644029444308e-01
9.429024869847017765e-02
-1.421165905936122853e-01
4.308365058596427266e-01
3.475369926803191789e-01
1.311889424142896783e-02
-8.391707747820649141e-03
1.851729276769724097e-01
-5.602397578731836969e-01
3.798258508084152024e-02
-4.376786054518522762e-01
3.794778461137847114e-01
-2.228207000872696186e-01
1.558007913785983689e-01
-6.084133257291189645e-02
1.082801928608038977e-01
-6.392390094198622252e-01
2.119425854427025302e-01
8.438696903222686618e-02
4.934749804762218750e-02
-1.936396612002793186e-02
-1.277504686388886979e-01
-4.749720194142900698e-01
8.383667167708261370e-02
-1.660950641132495353e-01
-5.935798817326388803e-03
7.188017594092901974e-02
1.364001334503246732e-01
3.219615207791620137e-01
2.437003723624966978e-01
-7.125670352038236677e-02
-8.539764364519328299e-02
8.859759778099240979e-02
1.566550308746098297e-01
-6.949307361960154611e-03
2.048335531395594628e-02
-1.480108532084624118e-01
-1.285157094839261271e-01
-1.530841594994266086e-01
8.865791169382594705e-02
5.218770230223625933e-02
-9.059829329692085931e-02
2.150513938390095567e-02
2.022158729233242830e-02
3.459424921257052699e-01
2.813011900069571636e-02
-6.982338865746706702e-02
-2.540573045944630182e-01
8.019288704558878711e-02
-5.468120342051722288e-02
-2.286926661989090864e-02
4.236481701319507187e-01
1.447234127701880757e-01
-8.769114903997137509e-04
-1.537591083347184320e-02
6.631562669512007513e-02
1.538939883597822134e-01
-1.990431917274938789e-01
2.678688921297938119e-01
3.004133573227734666e-01
-5.453544259265079575e-01
-3.147453604801257743e-02
1.225520427133019591e-01
-4.018653525468156296e-02
3.807686348635623830e-01
1.115683564751185353e-01
-1.228772981135431430e-01
-1.972968514985238009e-01
2.398581726757574029e-01
-9.013989516511498878e-02
3.524072145671870437e-01
-1.481552976196866267e-01
1.672137256432800201e-01
7.825585273624290350e-01
1.211300250785534750e-02
-8.629100194977655514e-02
1.362727209340321155e-01
1.554756132491792037e-02
1.154977047525017342e-01
-1.285364260775172518e-01
-3.698087788288213773e-02
-1.919679274131328717e-01
1.416853843384059120e-01
-1.947033828332077887e-01
-2.998651815309766877e-01
-1.900588891955536930e-01
1.416374185554657439e-01
2.038717057049046211e-01
1.446768548309337876e-01
3.440305572588549243e-02
-4.559165772037666875e-02
-6.075897040842891811e-02
2.275423431406622954e-01
-2.595297910314816048e-01
1.473064519144612894e-01
2.114780438855320133e-01
2.504637769850893148e-01
-1.701869544362669129e-01
-6.709261009805289611e-02
-7.344478962934807009e-02
1.051937273912399579e-01
1.837100725132341794e-01
9.272861886383228225e-02
2.696295119767596130e-02
-4.513822146338199170e-02
1.037545795460361742e-01
-2.780748981089918859e-01
5.462784372343818667e-02
-1.554034630456439525e-01
2.792759347469593867e-01
-2.897275846836391139e-02
6.222967525354873575e-02
-4.715555945334790056e-02
9.474587531241281113e-02
-3.230346580312703358e-02
4.116775970037137022e-02
-7.749888162572578232e-02
2.543689067101315149e-01
3.016871196856624193e-01
1.107336526695064521e-01
1.319462484953304315e-01
2.196730864922133986e-01
1.924199697775836604e-01
2.838390913854110797e-02
5.175092067228295178e-01
1.053779230060261224e-01
-1.425165537294238172e-01
3.553416765859383486e-01
9.459112277325955331e-02
-1.820906363148087903e-01
-5.530607022041965637e-01
1.631837391743762855e-01
-1.247320884358190801e-01
1.841854983580573646e-01
-6.732931643144743350e-02
-7.166216637509215115e-02
-1.557951293316956753e-01
-1.290533147017280946e-01
2.799715768921166581e-01
-1.477309950898289537e-02
3.395462147389456675e-02
-3.353664426787233976e-02
-1.235373839340190433e-01
-2.667814336763297822e-01
-8.474377001256230835e-02
1.666478157646777147e-01
9.532676022175998187e-02
2.264816642985525708e-01
1.177376780376658029e-02
-3.229002990741458579e-01
3.914276172203794840e-02
-2.405544886858249909e-01
-1.575162428932083969e-01
-1.285515975775233521e-01
1.164017163517848119e-01
-2.957036458578028437e-01
-1.967505638158758841e-01
9.356168945955448124e-02
2.932168208742800264e-01
-1.007262421531439772e-01
-5.743167422227941910e-02
2.545549151039468994e-01
4.587617972813731737e-02
9.132242689353990694e-02
-8.961415815966437826e-02
1.593981535998600652e-01
-6.076618564940442641e-02
7.463556288026074181e-02
-4.614176189741734518e-02
-5.170542870762205867e-01
1.678377885552801430e-01
-2.318911073157466918e-01
-3.269894911506192048e-01
2.169564115582655328e-01
-1.546541020642831221e-01
-3.378099633301320792e-01
-1.507971757336051544e-01
-3.072715917510389638e-01
5.410317377156741853e-02
-2.652334536881183549e-02
-2.824808705064012493e-01
-3.262311907497159602e-01
1.288824125971090861e-01
-1.038756319481609625e-01
-1.857410370304351382e-02
2.297970538263241838e-02
3.551517120080248391e-02
1.717486601200279017e-01
-2.623040901052987178e-02
-2.348998323158650869e-01
1.061962873539807617e-01
6.156283426052476526e-03
1.701609352291888564e-03
3.131035999923279523e-01
-1.877912537629646550e-01
-6.678421413150663344e-02
-3.010848162798672868e-04
9.540419971578621705e-02
-5.272571779838907541e-02
1.207484821072943720e-01
-9.525353745957362839e-02
2.962527694668204981e-01
2.498730575002765519e-01
1.924374728228506748e-01
-3.751271116367719399e-02
2.392322199659051296e-01
2.058848336707055915e-01
-1.416817719586964397e-01
2.427092771645816549e-01
-1.459997964678428350e-01
-1.421818549776909107e-02
9.817059307147286973e-02
2.242347619791782709e-01
-1.022540986770897192e-01
-1.563785095121796309e-01
-5.917159624984542898e-02
-7.625998761461162678e-02
2.111664528920948747e-01
-2.675953114090352525e-01
3.564962695839767742e-02
2.978303187256477469e-01
-1.555215530624049769e-01
-1.207694927390957906e-02
-8.908185525948648931e-02
2.012797965268396105e-01
8.170740383994901102e-02
1.250981913931533684e-01
-1.124447304858057911e-01
4.976723285248207951e-02
7.081292056745593089e-02
-1.584508612789999049e-01
-3.413924113880613120e-01
2.781577076537561366e-01
-2.082900753847012620e-01
2.342707112676343240e-01
2.473124456216129752e-01
-3.155330483349449988e-01
1.772872681370558090e-01
7.235384853185090892e-02
2.471672213151205333e-01
-1.137797218934242655e-01
-2.586384185246300427e-01
-5.778642156881524938e-02
-1.007399113881297763e-02
8.663657515384630414e-02
6.669731327042126290e-02
-1.998206819317055738e-01
2.524629498945354933e-02
6.699463264671442486e-01
4.303062158271356991e-02
2.946724574163429589e-01
2.180843857035242445e-02
2.077885444482094335e-01
1.983202168770805685e-01
2.209634172132052821e-01
-1.970811276363564624e-01
-1.919941742295135922e-01
-3.349712483740956981e-01
-1.035982278792179911e-01
-6.814116763156034297e-03
-2.236578081609126023e-01
-1.775322852474497393e-01
2.283728231346060164e-02
2.001706108830137998e-01
-2.546523135223322520e-01
-2.014281462523024591e-01
-7.111847036503146646e-02
1.700966993792004181e-02
-2.398375710703059827e-01
-2.626577091742031689e-01
-1.155139475045701691e-01
6.782862536557798805e-02
-6.880884075741337813e-02
-3.390768434708182899e-02
-2.500097213577833766e-01
3.290939628634483860e-01
1.542639711764650923e-01
-2.211360310768033244e-01
1.007752149698513400e-01
-1.280036083518322487e-01
-2.011103675747894226e-01
-1.189237690686725107e-01
-2.364329939889112109e-01
-1.369354180703753476e-01
6.978330572503853302e-02
-1.958524612669315379e-01
-7.454204427167553104e-02
9.807555323287590887e-02
-1.583518774370216708e-01
-1.104736092978820250e-01
1.167168355850486533e-01
1.902102588853349097e-01
-3.507771872975563171e-02
-2.401252610349789429e-01
1.710723214410319604e-01
-1.455966970426221530e-01
-2.920481011268033500e-01
-3.167348099115137039e-01
-2.181796456707660661e-02
2.831216106667915344e-01
-3.592065809534053522e-01
6.283945839205177554e-03
-9.126855703084270355e-02
-2.476522296155624775e-02
2.264195855885213493e-01
4.361896240185631629e-02
-8.840869843565438146e-02
-4.053257720095114203e-01
1.567244312563741693e-01
1.387117278792113217e-01
3.847614747405702640e-01
3.807543181034820506e-02
-3.296041621977844893e-01
7.308600573569012937e-01
-3.477606392671275803e-02
2.171302191396835279e-01
-1.991036143588733320e-01
-1.106813734263964628e-02
-1.149621155878292195e-01
1.616963440159262522e-01
7.269836874500112955e-02
-9.064203872666988515e-02
4.347953856463137590e-01
-1.095689992309334948e-01
3.023519415668684540e-01
3.286139550420435346e-02
4.440198708487901880e-01
7.053834068576328442e-02
-4.483753516955515939e-02
1.840899730621144981e-01
2.857100018559021182e-01
2.989336939696702333e-01
-2.505633574473222977e-02
-1.337255087476809934e-01
2.048449053199796477e-01
6.609035852494428431e-02
1.634599212694025361e-02
8.757648511305961281e-02
-2.763948286439515956e-01
-1.632515684217424323e-01
3.382774335845716851e-01
3.036439706654102122e-01
-1.159687614524073651e-01
2.178080238918695954e-01
-2.250270467047799927e-01
-2.472089139396105861e-01
-2.710683300260759432e-01
1.705756711277160442e-01
-1.076712330312337984e-01
1.680967281283634318e-01
-1.670344817068848964e-01
1.953232028210025728e-01
-1.297071092584590191e-01
3.054172437865965706e-01
1.529600135695138863e-02
2.077573296503382461e-01
-3.531649432089836033e-02
-1.777913288228530559e-03
3.366180076274449123e-02
6.751886517493339845e-02
-3.043319861192966824e-01
1.264381506577838543e-01
-1.709617890334772516e-01
-2.794192005828793901e-01
1.316823272570312453e-01
3.580506287471473814e-01
-1.654984732794094193e-01
-1.934645184583960453e-01
-1.906450777501312033e-01
3.780620548464398017e-02
-1.224571982756550437e-01
7.031382791405745014e-02
-1.447983065309896566e-01
1.871295779425625194e-01
2.806677233056280030e-01
-3.837964461235935931e-01
-2.323264402270701356e-01
1.222784583857014218e-01
-5.932884605435988917e-02
-1.002736960510613312e-01
-2.123087826093743025e-01
9.768790507559342584e-02
6.173939331531518721e-02
2.568745944391734870e-01
1.517295019035239459e-02
-1.851828044104200099e-01
1.852954278059364135e-01
1.243167290537340874e-01
1.161094277573967992e-01
-1.192238386713786458e-01
-2.153303204891579836e-01
1.877494408094447856e-02
1.438044526384745503e-01
-2.602810511245486902e-01
1.488067600016133307e-01
-1.231298099832943277e-01
-2.220478482870894554e-01
2.319011220058070644e-01
-2.215660648471587113e-01
3.529886925502275230e-01
-2.155953404708341441e-03
-3.464937171197244453e-02
8.187140076400999111e-02
8.104514112588048422e-03
3.828866914938557076e-02
1.158256996667994809e-01
-1.518872265293160218e-01
1.156307591193388301e-01
2.648480102739010980e-02
1.249526170236397032e-01
-4.314688229541666781e-02
3.532155953242061691e-02
-3.237685330463925017e-03
-8.677257237739346984e-02
-3.211227875526550535e-01
3.261733355609346130e-02
1.276263044734936014e-01
-3.772599250704834067e-02
-3.496625633838964381e-02
-8.413927076753352496e-02
2.010228628706358656e-01
1.196030033120739355e-01
-1.105994946174768470e-02
-1.351707244536817440e-02
-8.439199844799316966e-03
-2.834852401634269659e-01
6.654550728635598433e-02
-1.368515467818629816e-01
1.310758820182993944e-01
4.832199457394851239e-01
1.909183474081533327e-01
2.215033029413257248e-01
3.595593525773292665e-02
-2.515291060572676929e-01
-2.165203401037455733e-01
-1.662247802070180858e-01
2.436959841086982492e-01
-2.138939972975232862e-01
-1.600000104556539571e-01
9.648374391177155784e-02
-4.141293250844085838e-02
7.867090139704199792e-02
1.093148164304886955e-01
1.297315794272044069e-02
1.169475432392249326e-01
-3.295965337934467221e-01
2.070725922634920613e-01
2.719745075889110075e-01
-4.181530775461766991e-02
5.147622634422724941e-01
-4.426826558311166421e-02
1.084446492574718535e-01
-2.910446401436870278e-01
-5.885952835590251286e-01
-1.569556276472688083e-01
3.210089237574684784e-01
-4.824518438862224201e-01
3.536243144902191937e-01
-3.545711126333828678e-01
-2.690338334289034128e-01
1.343869068509345288e+00
5.749699022983180141e-01
-2.986212554111173922e-01
3.934843166857567714e-02
7.271665812761887726e-02
-4.769324218581637020e-01
-2.697029843744844224e-01
1.919714959291269618e-01
1.910262825906459960e-02
7.876398795266892350e-02
-4.775604227644693056e-01
-3.725456085965006547e-02
-1.000830965719804316e-01
-1.553972137389154351e-01
1.465361295724239843e-01
-6.253302277975510970e-01
-9.597381912715001462e-02
-4.210897232298950743e-01
2.046024021422100936e-01
4.395067060021075681e-03
2.273717685807540023e-01
-7.733562166544055705e-02
9.413045543626515077e-02
4.190170944240574347e-01
1.578728449619156426e-01
9.300542086821020349e-02
-3.883193981555166374e-02
6.173764616912322256e-02
-2.035842840454509250e-01
8.543258713420812112e-02
-1.685797510614787387e-01
2.234359579067509913e-02
4.343053199671871867e-01
4.446398456400267596e-02
1.045569138332823750e-01
1.529551962621011341e-01
-2.942963658543042982e-01
-2.713122926531427725e-01
-2.336712395421736699e-01
2.798264537431793472e-02
8.595274107092645832e-02
6.525992554754238284e-02
1.553848884541652597e-01
-5.724209224763931320e-02
2.553204481999246656e-01
1.195231521435317079e-01
1.221053830987666872e-01
-3.253739753899458909e-01
2.569486893694458152e-01
-4.893097090710848973e-02
2.426414428672583334e-01
2.890323830144375661e-01
-5.687613157199048614e-02
2.987438931928488306e-01
-7.863835882913046416e-02
-9.690623127583759822e-02
-1.855666539716304200e-02
4.828492488616367012e-02
-5.294451905205548731e-02
4.369485064624969647e-03
-1.989094495134931598e-02
1.543477100172939154e-01
1.893708116067127079e-01
-2.062698262236428437e-01
7.664751376090610246e-02
-9.185343936249805441e-02
2.154789404065984293e-01
3.668687487984019224e-01
-3.776766006692008210e-02
-4.630160064732258968e-02
1.603675960685175747e-02
-4.459968001125610981e-02
1.820989284981917866e-02
1.374378174373288852e-01
3.826948210415594825e-02
6.874317329283113898e-02
-9.521110380742806023e-02
-2.291376463658793827e-01
-5.207263020253867225e-01
1.581337161922337364e-01
-1.439517639308720565e-01
3.410233686673318221e-02
-7.961995620618608077e-03
2.420018580628111038e-01
-7.174622485111705750e-01
2.336381536944309723e-01
-1.597418805648908313e-01
-2.828366859255180832e-01
-4.158634790530785219e-01
3.969180774251209742e-01
5.788560734545014075e-01
-7.322979017470136742e-02
-2.132720368266711741e-01
-3.833106776528396042e-01
3.279018914074988134e-01
-9.480001167444999932e-02
-7.683275014955401327e-02
-4.756036945538803448e-03
-7.238305715656789818e-02
-3.691854878179065547e-01
-9.985467872159783237e-03
-2.376723556897789857e-01
5.931231682863258303e-02
-2.526310199228214426e-01
2.572714129893794999e-01
-1.061257608324099461e-01
1.000521975106952351e-02
8.952502018188780719e-02
-1.066510202036898697e-01
7.772019808706988331e-02
-2.757242452289108137e-01
-1.422890954644617616e-02
-3.663367976771894630e-01
-1.675959494048249732e-01
-4.692832323654232418e-01
1.603303836375495617e-02
2.985553858385943740e-02
-2.285964261379114515e-01
-9.065286581647291619e-02
-8.172431138867913836e-02
5.493996097035288434e-02
-4.677042619392324935e-02
1.811214243574214289e-01
1.692926102061695637e-01
4.032908189881845296e-01
2.780342013235825305e-01
2.534349960360766096e-01
-2.022621681979362429e-01
-7.254810946071375832e-02
2.325987243044443954e-04
-2.501172124098051050e-02
-2.579536900000666683e-02
3.435747736944045339e-01
1.244000589086293601e-01
5.156328921192332437e-01
6.109309280840844458e-01
3.361712597495150057e-01
2.181282074303405871e-01
-2.763263583101474574e-02
2.827410911962669263e-02
-5.046662048571899650e-02
-9.242113397640436268e-02
4.144477100868509435e-03
-2.850475900219095679e-02
-4.265397153500491423e-01
6.588210468597772984e-02
2.485235663597053224e-01
2.589978144974791618e-01
-4.331535525759434152e-02
7.013849440814134278e-03
-3.476784694767726114e-02
6.042554527611349729e-02
1.648676159820083864e-01
-8.300691702743001610e-01
-4.646114841886446467e-02
2.106500179226102332e-01
1.686661150746864013e-02
1.989810940422356567e-01
-2.127313342829453835e-01
2.598743413575866357e-01
3.402298960502728176e-01
-3.583280300756661041e-01
-1.781628026633043094e-01
-1.820687834465514188e-01
-7.688879657869257533e-02
1.302172000407476049e-01
-1.814784389972453060e-01
-3.114916026732804655e-01
-1.090478084235618206e-01
6.705857700577286251e-02
2.119172424345527883e-01
-1.526517944576969432e-01
7.871997700922808705e-02
1.005546632014611558e-01
1.522233746784737718e-01
3.103800051123674075e-01
-7.255034568998658395e-02
-3.787933053395753369e-02
6.255247082150423854e-02
1.215362137212057519e-01
-1.235246578216183944e-01
6.830302096455125038e-02
2.496949667484805319e-02
-1.457671812960951441e-01
-4.148571719872118368e-02
-1.960785898422402196e-01
1.488376332510627231e-01
1.555771741320984836e-01
2.156818276856716822e-03
5.199139342557317772e-02
-3.817726035678844446e-03
-1.357470629365545856e-01
2.732307729731849877e-01
-2.759830219237652815e-01
-8.612703157145814789e-03
-5.677292844394142557e-02
6.367894963138925890e-02
8.687129240359355020e-02
-1.226850778549255921e-01
-5.707382849510128642e-02
3.266932350723383838e-02
-1.953556672551848283e-01
1.773562510063559916e-01
-8.614633571132342127e-02
3.455706810267253348e-02
-1.315574013509936968e-01
-1.898161362447176315e-01
-3.526941444764167821e-01
-2.334177182166361497e-01
1.199819562252287530e-01
-1.809088321029733992e-01
-2.101100938464597334e-01
4.495722971636834792e-02
7.815796939154567857e-02
1.302370395236158995e-01
9.712125350613949604e-02
-1.732549103526072609e-01
-1.821059590361942815e-01
6.327828397700527296e-02
-1.220284050078132149e-01
-2.733759024553261141e-01
9.427088204898836921e-02
-1.366574842510609733e-01
1.837010440491513297e-01
4.592443056684183955e-02
-2.675886610471803762e-01
1.437304559311286256e-01
-7.591463568443806986e-02
1.723570660083106887e-03
-2.534799349283081010e-02
-6.405615719421330068e-02
-1.180201537064541617e-01
-1.052908435826966360e-01
-3.027187819985526773e-01
-2.946583876714996553e-01
1.709469657209673477e-01
-1.106023994182523396e-01
-2.783801961889505461e-01
-1.107989585229544605e-01
-2.451456614231239117e-01
-2.524838664236153662e-01
-1.157748798339918728e-01
-3.124734535795833934e-01
-3.902816028254164071e-01
2.696862244407960407e-01
-2.147371098355465788e-02
-2.330564015159681812e-01
1.740195711121726718e-01
2.798461616615638067e-02
-2.521085862381558518e-01
-3.948458126704243454e-02
3.931949059720611372e-01
-1.040631704729734625e-01
-2.012833847174457791e-01
3.139722182899924441e-01
3.198024521059088243e-02
-1.884366733335320065e-01
-2.607268408136216853e-01
-2.025142147360277645e-01
3.471659300177503127e-01
-4.476617909799442824e-02
5.431183970190090610e-02
1.252132023432144525e-01
-7.382089974996972059e-02
2.967903994536819079e-01
8.262182087512123796e-02
-2.534565619119760402e-02
1.764251183439305981e-01
2.553660253074844788e-01
-1.043340535349161075e-03
1.485142301260707932e-02
1.317896759122490769e-01
-1.670594240267854191e-01
2.335486653867762108e-01
-1.315415403828364416e-01
-3.511440169634938435e-01
-1.365076893340063380e-01
-9.108498779006235502e-02
-8.181791323624437728e-02
6.110754189456843455e-02
-1.470469609228773622e-01
-1.403375448464407871e-01
-1.252459807845343609e-01
-1.336303858411119760e-01
-2.103083108853918970e-01
-1.441834917989056331e-01
2.253664695238130899e-01
-3.825009239475144485e-01
-5.624378304257980979e-03
-1.110714913050014768e-01
-4.591998007392462111e-01
-9.912596993524531996e-02
-2.467906500788187851e-01
2.993033822950910139e-01
-6.683122446739917510e-01
1.263640706972295469e-01
1.111975837199741801e-01
-2.673941639865229924e-01
-1.158170705115224297e-01
4.032669459766721753e-01
-2.014673066211215835e-01
8.711245906116360516e-02
5.139335882890143647e-01
-1.173875459173763791e-01
-4.677819821208954038e-02
4.509825313811168801e-01
9.894651940206855567e-02
-6.699060322025354730e-02
1.423190920974481966e-02
2.811440660060978911e-02
-4.788831639173379839e-02
-2.874119201026802475e-02
-4.758993899567964814e-02
9.015022105152289966e-02
-9.971195398398332091e-03
5.633078299231932817e-01
-2.330256993450876557e-01
2.648423648707061151e-01
1.324276156712231312e-02
1.486620146132536513e-01
4.776788627219746841e-02
2.012630651925166603e-02
-1.340163688918776796e-01
2.165353995269820586e-01
-2.765183002230763298e-01
-2.531735846710005955e-01
-7.330815575717389287e-02
1.466911830194022603e-01
-3.663275865458529568e-01
1.178975676990759724e-01
1.536080778175013262e-01
-3.249667089450698487e-01
2.615995509996643098e-01
-1.369674778174344854e-01
-1.064404124667271134e-01
8.811064961206094281e-03
9.043898180979081936e-02
4.122891520576473234e-01
-9.113110198124237116e-02
-1.425199473290877927e-01
5.528270593460502674e-02
-9.070414013647849771e-02
6.492284851687683822e-02
-7.957500429316470558e-02
3.109815757150732191e-02
-3.435118223871034271e-01
1.511555437520403083e-02
9.112388123813579266e-02
3.115654624391365757e-01
-4.322312642497286306e-01
-2.531930679773369275e-01
6.239659588885757262e-04
-8.829067871324691730e-02
-1.512602591568592836e-01
5.281197665669263852e-01
-3.650148870508941323e-01
-2.858186397307801996e-01
-5.727375060170386556e-01
-9.216323178682955808e-03
3.206677493189227235e-01
-1.845965064694653213e-01
-1.393310668544678055e-01
-1.818463534717200125e-01
-2.337865367848801224e-01
3.840968906131148747e-02
-4.014347121542612418e-01
1.546443318749033125e-01
2.276765869525106123e-02
-7.463379478953430235e-02
1.673629930060047954e-01
1.925468348001130037e-01
-9.473166626692128278e-02
4.862555150156731010e-01
3.538016381027315332e-02
-1.352061505777657491e-01
-4.132700968942017439e-01
4.064403857272795850e-01
-4.694568588946326226e-01
-6.916990524957676578e-02
-4.415895965669481421e-02
-1.360146163282474618e-02
-1.937046629740465653e-01
-3.029451918434393209e-01
3.628066091506728513e-02
1.088273817429612385e-02
2.244776244820938793e-01
-8.272249514164482787e-02
-4.694863014746578078e-02
-5.390407918551287647e-02
1.691671147653066865e-01
-1.943160918792624370e-01
-2.583428912095280250e-01
1.193053687623621545e-01
3.230875636088029884e-02
3.471206657182596689e-01
1.151973616175010900e-01
3.119850560803238970e-01
-2.112690236396992660e-01
1.931037832939619947e-01
4.123526125360048311e-02
1.240237626189888698e-01
3.045372142877594834e-01
-1.331486170889946696e-01
-2.467993978830445578e-01
4.853102120300371164e-02
9.900933209692633699e-03
5.932036487644992001e-02
7.489043885486376673e-02
-1.499934976605588749e-02
2.747103150144741823e-02
2.512734904478299836e-01
-3.716292489107038410e-02
1.227842828873716985e-01
2.864554371965042368e-01
1.672506908193995348e-02
-3.109635991873619942e-01
-1.577320756982167893e-01
-1.999899095369960800e-01
4.065620178962534026e-01
-1.117348919752644137e-01
1.575162623739940759e-01
2.312802088631662201e-01
-3.723752409009989939e-01
-2.519478225631037738e-01
1.786172891948603902e-01
-1.739741118746686022e-01
-1.918809290974983206e-01
-3.311960015816556475e-03
2.988506357068730357e-01
4.403535313488495806e-01
2.304010104046594065e-01
-3.732033528916736675e-02
5.233972891182212539e-01
-1.719503072250581910e-01
4.365102376298803932e-01
5.610620425741278394e-01
-2.578586104773463172e-01
-3.228010015764687379e-01
-6.248846599513508959e-01
3.351763045103205996e-01
-2.059363374437686856e-01
2.344453230767710172e-01
-2.095424202071089759e-01
-8.836559048953823714e-02
-6.002347104657567572e-02
-8.781497285652641038e-02
1.770544781104936294e-01
-2.514521481984968165e-01
2.857367814257372185e-01
-3.748205209338438815e-01
-6.501672994678440176e-01
-3.476484914902515100e-01
4.474945063152016012e-01
-2.165429781363150952e-01
-8.928983321080107005e-02
-1.985199831327152942e-01
4.438441155233652791e-01
2.362429800608553954e-01
-8.283581018067462387e-03
-8.946827476051644190e-02
-1.819191431298492201e-01
5.481688277575980095e-02
-2.117836339390341827e-01
-2.860638935077235157e-02
4.741057325010944457e-02
-9.271772664867444780e-02
6.773611529888994010e-02
2.583677882070299359e-01
-9.394966613882016482e-02
5.570523087297951821e-03
-2.554593886786410972e-01
-1.962333057013255777e-01
-3.839969694861605776e-01
-9.491978714028886932e-02
1.342037991151087961e-01
8.069780723393847610e-02
7.212941825358692993e-02
1.020038140114333802e-01
5.754230905285598885e-01
-3.702601273378614000e-02
6.594035850887283723e-02
-1.144316500363884992e-01
-7.500250298384904257e-02
-1.632639041175336925e-01
5.552013385260449324e-02
-1.546710932107229763e-01
2.698422002577573475e-01
-6.509498066548629058e-01
-5.632704395841199307e-01
1.820304889807396465e-01
8.748700084959273870e-02
-5.417970472157239425e-02
-1.753917488144174364e-01
1.705182017415233786e-01
2.091748075009087215e-01
1.106694926302269760e-01
7.210049949152309845e-02
-3.956795734739203957e-02
6.239620470720058654e-02
3.750430703652717912e-01
-1.106438850223581127e-01
-2.491849846540931668e-01
-2.955754943405575208e-01
1.291204105887681086e-01
1.798594827050157552e-01
-2.754465450783227798e-01
2.821816322731461324e-01
-1.626031623389793401e-01
2.128841322805175851e-01
-1.606529163722122955e-01
-3.583242973389109132e-01
-1.978826906268119912e-01
3.720548932995960123e-01
-1.857129760224438264e-01
-8.678795964142727026e-02
-5.826828155361297723e-01
1.155594783799470254e-01
-1.069117235829021573e-01
-2.564671324202333347e-01
1.858967825319210732e-01
5.382261375172348039e-02
6.047204236824205853e-02
7.700929597175796282e-01
-2.698230946227093696e-01
-1.261805828405941077e-01
-2.894342831265050431e-01
-5.971231752754663225e-02
2.414100120515896009e-01
1.339840409767409091e-01
-2.142099110274774398e-01
-4.781575190264959474e-01
4.129792941283900731e-01
-7.718439705530862061e-02
9.613710969972466547e-02
-2.476214222020915734e-02
-4.642660551660441892e-01
5.829800309982072562e-03
2.642694148516206432e-01
3.732552920062826018e-01
-1.242701027046523299e-01
-2.871774404870828246e-01
9.966875032453841043e-02
9.766621962141064373e-02
1.031733358950577828e-01
-1.131055000662669063e-01
2.638470381880846927e-01
1.468290606864058601e-01
3.161446121959338718e-01
-1.837189893216809311e-01
4.044070274999927300e-02
2.714161504776201397e-02
2.819694279117653246e-01
-4.471072850207234994e-01
2.245294590413902946e-01
-2.358874954104707156e-01
1.234977869065929657e-01
-6.382565223434782942e-02
-1.759212124059142124e-01
6.886918912447123065e-01
-5.922456223468313130e-01
-5.205641160454446692e-02
-9.605289380787694897e-01
-4.671987198075659986e-01
4.964989619903039664e-01
-8.050129636149794266e-01
-3.893478168153996499e-02
8.768815572681618042e-02
-7.300811611756878594e-02
-5.220780695828541873e-01
2.946679779948979117e-01
-3.455176603010277070e-01
8.161202957550434123e-02
1.918350581549714273e-01
9.625855003342068117e-02
-2.703652395683628362e-01
-8.748128129138933451e-01
-2.582181591072530424e-01
-6.893233556208436807e-01
-1.202427764839653079e-01
-5.267390844074461287e-02
4.382582553745210246e-02
-3.792003320531998206e-02
-1.626757933494598629e-01
1.483182259066924413e-01
-8.732317850243929980e-02
-3.783055729298400172e-01
9.360779995473943182e-02
2.194951273501354605e-01
5.157458690286177427e-01
-3.178060807420336475e-01
-4.590258012514159547e-01
7.426300967346394222e-02
-1.108929040314450692e-01
-2.920298476051685910e-01
-4.603415055506276943e-02
1.523416952347838582e-01
1.092716759130442916e-01
-2.663474335900259046e-02
7.176844628425420591e-01
-4.145960801487369451e-01
-3.271886385489695681e-01
-5.599621422247193225e-02
2.816190748022345466e-02
-2.738490086024953155e-02
6.300613927453523333e-01
-1.548503714201123482e-01
-4.149431504686088013e-02
1.473577461690614987e-01
8.607489377505932182e-02
5.709456026730658912e-02
6.902593263492214082e-02
-1.527112302512288466e-01
-2.871557021015295336e-02
2.271567761049257325e-02
-7.460490013739515258e-02
-2.626471491711048212e-01
-5.414418802905867079e-01
-3.654186340937621291e-01
-3.129543667498867476e-01
-2.123706940937388488e-01
-8.204952837273314648e-03
4.653111411965561439e-01
-5.441613142718644269e-01
-1.361289302926382561e-01
2.017207604787734365e-01
6.401540573303364685e-03
7.867461690772641070e-02
-3.156978342714540729e-03
2.116389970766303086e-01
-1.179404346348548321e-01
-4.451830108796242524e-01
1.689100592569787529e-03
-2.997347414459430870e-01
-8.984954774613869433e-02
-2.731119254068190561e-01
8.972780412310408238e-01
-2.903636868763306844e-01
-8.808101200215602555e-02
-3.128448159485941460e-01
-1.439458994622880295e-01
1.804099007346693928e-01
9.635460664261251418e-02
-9.508311350273980500e-02
4.024229605620707195e-01
6.544617451593888469e-02
3.695700193495545655e-02
6.751638724099114086e-02
1.215781211391150085e-01
5.506611534571030642e-02
1.650508721901300380e-01
-2.426629655392770757e-01
2.089745446925655725e-01
-2.422146866149832989e-01
2.234709993625992597e-01
-2.177524535139699902e-01
3.690625862810746893e-01
-1.976826413531252713e-01
-3.313714833739690030e-02
6.243830706660823404e-01
6.836690055710582803e-02
1.438825076502559530e-01
-2.121978040364156659e-01
4.349982397531536316e-02
1.715913643022257684e-01
-1.773053548345955230e-02
-1.004295911561830373e-01
-2.771707010335214879e-03
-2.447688346826703831e-01
-3.135625068538797633e-01
-3.205395379832693403e-01
4.485894573665598350e-02
-8.735347657549072387e-02
-2.699456610304383219e-01
-2.238998187520534200e-01
2.059669501049483098e-01
5.597460101045778069e-01
3.283519835358580247e-02
2.252333583230965719e-01
4.681413689623768470e-01
-9.123829281254007550e-02
-1.223535912281850831e-02
-7.510318325689928354e-02
1.567927966891012881e-01
4.212805289774180367e-02
2.227950165340042768e-02
1.417851036819625654e-01
-8.557038417632936711e-02
6.789445631271320836e-02
-5.997454777436119766e-01
4.107259700189453411e-01
-2.813672667099770264e-01
2.716654408064427817e-01
3.530529117029781450e-01
3.337057642245383482e-01
-1.619292960474428000e-01
-3.190987667363270885e-01
-1.218581807283486418e-01
5.268933801100587205e-02
3.697031503249383899e-01
-3.057077282715452426e-01
-3.040029352163957088e-01
-2.820549088581971731e-01
-2.777196842552207001e-01
-2.039088327417780122e-01
-1.284986712007079868e-01
-1.637479598556502991e-02
3.806978951289768931e-02
-9.589486434890928668e-02
-1.899274580778628208e-01
-1.472304005764704937e-01
1.055457861798452107e-01
1.172451881429280723e-01
7.903476827257355231e-02
1.662704971322565839e-01
-2.154228765761020958e-01
-2.479890570452374932e-01
3.052934346168144630e-01
1.114132398955508946e-01
-1.394440160905369153e-01
-1.388378571265037886e-01
1.208051834994484791e-01
-2.742442594499367153e-03
-2.279967195608429975e-01
3.816919021188512340e-01
-4.419491707256580360e-01
-3.082083485216951732e-02
-7.731035668776231606e-02
7.342009673333389774e-02
-7.563104715702312353e-02
1.228110055726917421e-01
4.105971196910799259e-01
-1.034350750994605800e-01
1.304633527355298084e-01
-5.092585076019913448e-02
-7.333662804002342994e-02
-3.842535199040178484e-01
2.815120303402569024e-01
-4.249817947474732738e-01
1.561536422748003028e-01
-2.185201833145049566e-01
-1.922622865125040714e-01
1.518131978583611985e-01
-2.752352470129335593e-01
-1.404053794140483480e-01
-1.045661590728987483e-01
2.052282164355800076e-01
-2.634260579917770406e-01
3.667373528330128973e-01
-2.106120891879994517e-01
3.742664957410818949e-01
-1.399529281605455810e-01
-4.018044990838037095e-02
7.799961434559458950e-02
1.119929817916962139e-01
7.080455833859958768e-03
4.908891683349388135e-02
5.059105087469439876e-01
1.451100120068191945e-01
1.992352233123389771e-01
-1.037798236707255101e-01
1.537357448186790210e-01
-1.645722062655883000e-01
2.870961208405832799e-01
-4.582612699621459174e-02
4.310397162395217530e-01
2.482347225271393232e-01
-2.680821754301232485e-01
2.147032862585059321e-01
1.907221966555909809e-01
4.902374182477022696e-02
3.998670584966226293e-01
-2.814916403306197412e-01
-1.342877298904224526e-01
9.722547360348542111e-02
-2.949410757941948180e-01
3.891822960603096015e-02
2.499121123185934004e-02
-1.460757373313864294e-01
2.281339231012247670e-01
-1.218621077061834423e-01
-5.692537200105705214e-02
1.554978546973637132e-01
5.440088043679352711e-03
8.494838716990371630e-02
4.834604135966746874e-02
-2.478216262729000113e-02
-4.505933365682269209e-01
-5.138185990864325703e-01
-3.858978311462542554e-01
1.019862158048993363e-02
2.429428750147412941e-01
-6.435433896683433186e-02
1.364187283821409746e-01
1.355840333716893109e-01
4.559963089460152830e-01
-2.272783248733272476e-01
-3.820266086974803688e-02
5.800299887188895692e-02
6.864652191314468688e-01
-1.329419393083981771e-01
2.232284336737855590e-01
5.388310297879343042e-02
4.260865612324264418e-01
-1.912289747479188062e-01
-1.708245009278112625e-01
3.660824993074853206e-01
3.359641488805675119e-02
-1.422503896859531602e-01
-5.484130885909919151e-01
3.639426276165380614e-01
1.542425835556056057e-01
-1.346123074709657530e-01
6.777172569127549485e-03
3.799822009889961549e-01
5.072748802693715087e-01
-9.412192674343017318e-02
-1.777403678198681905e-02
-4.180174756127156277e-01
1.555354052003931307e-02
-9.742177226964297831e-02
-4.591410724045252856e-01
-5.424593344924447808e-02
1.682802311415204088e-01
2.082331406026593501e-01
-3.259670935138361259e-01
3.017978803722096703e-01
3.674508505321216756e-02
-1.374124669507282848e-01
-2.385036653154301578e-01
-2.520521340457159698e-01
-2.230828896276083051e-01
-4.959317815007758395e-02
-1.589755801581880235e-01
3.381749902580090117e-01
4.438828328066228568e-02
2.619885412432728655e-01
1.859053494492319270e-01
2.272986279058133441e-01
-1.541154948086355669e-01
-7.048055207593352522e-02
8.046533233895404591e-03
-5.298483598322518973e-02
-4.443930221919848433e-01
-1.043138948729819826e-01
2.953016322811011785e-01
2.564744554236956242e-01
-3.453623755646300503e-02
1.897626912132183933e-03
-6.399466251750755841e-02
-2.656515195619183478e-01
4.993919670299930280e-02
4.350580704971674928e-01
-5.682443995871770959e-01
-1.369176127498766826e-01
-3.662541504506438006e-01
1.818277987425404585e-01
-1.057291328537767194e-01
4.060506160217534216e-02
8.722727941255464801e-01
1.289531165927918221e-01
8.927374986159180431e-03
-3.086278927665685456e-01
-1.981890761704769854e-01
-1.051001993780365101e-01
3.952622206994804710e-01
-1.568001625822684764e-01
9.326782262767020770e-02
2.048461455533933939e-01
8.916757856596167764e-02
-1.909881294279079378e-01
8.737681156772605928e-02
-1.193119292763153080e-02
-1.394767939567585491e-01
6.867536716066370561e-02
-7.226395687783051525e-01
1.582969203116001422e-01
2.167835414030152286e-01
-6.025363901808460376e-01
-2.160598244114654287e-01
4.478248088727420084e-01
-1.090108276582911623e-01
5.181728884220264675e-01
2.659899506806405467e-02
-4.094062334825197547e-01
5.930283257133879271e-01
1.846578277387618192e-02
-1.695601610292309103e-01
8.230796976622700711e-02
3.077889075178495415e-01
-1.450057268360611107e-01
-5.411777817454168638e-01
2.755766714788166621e-02
-4.078461405320294442e-01
4.049764211807754810e-02
-2.936485596866625358e-01
6.375243401365225937e-01
-2.359594525096622986e-01
-1.864778705113034896e-02
5.141455856433313487e-01
-9.419082064699957346e-02
-1.343770796448881706e-02
2.631293308158480504e-01
7.833278374520170895e-02
5.814586155747508006e-02
-1.111456192888570088e-01
1.149532833318715891e-01
-7.068961856998122462e-02
-1.952070123312084071e-01
-7.297251933925423817e-01
1.070867422857687684e-01
-3.179278874481134554e-01
2.994632044142473970e-01
-1.525456950899385655e-01
1.387478411192372141e-01
6.161242201549953224e-02
4.263404332816471687e-01
3.142514859979921860e-01
4.829504284706821748e-02
1.402508084105444697e+00
2.805972297367717583e-02
-3.782839767653037311e-01
-7.238706222811560134e-03
-9.414445861107155478e-02
8.401775188344763334e-01
-1.197745215967115362e-01
-5.810294190103499901e-01
-2.631731304315977904e-01
3.663268990135385983e-01
4.360428906999485044e-01
-4.008152075016273991e-02
3.310834959593964566e-01
2.714855381964921674e-05
-2.117654814665200225e-01
-2.911208017925603353e-01
1.261126524515735446e-02
6.794216308618238331e-01
4.220888630867658531e-01
-1.673080005811900528e-01
-2.246462428268890532e-01
2.700428337852031624e-01
7.716075307787191306e-01
-6.321248280080270510e-01
-9.389460367434582233e-02
-1.157512881824481088e+00
2.486239127748892941e-01
-8.554657222702659602e-01
-1.084052712770253946e+00
-1.311029619462484586e-01
-2.752384027630299657e-01
4.313013015083239643e-01
2.365707673720302551e-01
1.028336548141786655e-01
-2.847864305920497774e-01
1.603354037510890950e-01
-2.839342191213404254e-01
-1.530043652062328396e-01
4.130838046447756762e-01
-6.084244632310631395e-01
-1.688762534980982610e-01
2.014015305148421364e-01
-7.317053378688362364e-02
-3.159418034842993023e-02
-1.477291561478386306e-01
-2.322566501295737496e-01
-2.673411638014233094e-01
3.442483458826856718e-02
-5.020960594858918657e-01
-1.788391642924574976e-01
2.322311184000130924e-01
2.840025853262923561e-01
-3.258782046667323407e-01
5.609938116564581190e-01
1.312534585128583564e-01
2.701188347318404515e-01
-3.304525360750901197e-01
-4.941843295675910075e-01
1.116946426258382252e-01
2.172846531756587318e-01
-2.654145717061374699e-01
-1.743150522655992074e-01
1.256081325364533097e-01
8.909042904267132357e-02
3.806579542942335470e-01
1.002241084479088107e+00
4.004524333718161300e-01
1.517918222492933567e-01
4.620898194616277488e-01
1.854756909926268682e-01
-1.212580918210286324e-01
-1.151853909837104693e-02
5.734401228548905438e-01
-1.046501601881408144e-01
1.478551448421347725e-01
1.091360388408704474e-01
3.545914492528488005e-01
-3.511577119244400080e-01
-2.120363065919358136e-01
-5.871974187580722981e-01
3.886598721191893979e-01
-1.694323319164428299e-01
-4.650295050170353828e-01
8.595724012017441629e-02
-2.312494506729911303e-01
-1.309610180052744322e-01
4.018336151829811353e-02
-2.152766577334748466e-01
-4.045481626791087582e-01
-3.166384758967435431e-01
2.740333407863975931e-02
3.366933186202174244e-02
6.236036952999873817e-01
-2.057240625784703958e-01
4.051941252367122735e-03
-7.998697178966289734e-01
-7.688949808399192509e-01
-8.244759813589136455e-01
-7.080780247519037340e-01
-7.300375625341907204e-01
1.810050750118702423e-01
-2.189861720078507545e-01
-6.992373919672871529e-02
2.430540301505982326e-01
1.912630225084500646e-01
-1.473426997141230599e-01
1.354665700179970012e-01
-1.377196574134726959e-01
6.808294347665368174e-02
3.432864579476496147e-01
4.905898458907466675e-01
2.256991849962596830e-01
7.168624408086132771e-02
-3.442267053710661856e-02
1.133826089130855613e-01
-7.628774139717521552e-02
3.700948419083792129e-01
-9.086974743822431866e-02
-2.678949960596343355e-02
4.628789867825128801e-01
-1.640196206403178036e-01
-3.080264165894659734e-02
1.716794383768129872e-01
-1.281820482467594703e-02
1.137203360741081970e-01
-4.178591707307388603e-02
1.464390168937856201e-02
6.573295493645024967e-01
2.971488575292711293e-02
3.388650025919903164e-01
5.200579816558972279e-01
-6.779281273827808540e-02
6.360915147339628317e-03
-1.466209927168383720e-01
-1.360016241558458516e-01
-3.480412781566997737e-01
-9.028970005624947781e-02
-7.164318248137625279e-03
-3.828884071694123037e-01
-1.601414441225964269e-01
-3.200898930014509092e-01
2.969838962762157419e-01
2.433724973360096855e-01
-9.094997680077879232e-02
3.314762086875767677e-01
-5.638735300681959606e-01
-4.022680958963052444e-01
1.649218302119790924e-01
-1.402981618882687409e-01
-9.540691169916704073e-02
5.996313870524280776e-02
8.620802211169610318e-01
9.661707643446357241e-02
1.324880514736712644e-01
7.463862661460532455e-02
2.595701085772244565e-01
1.455849364756062470e-01
1.909923904124223304e-01
-1.985143391030360152e-02
1.604803009141496928e-01
-1.006160848852187123e-01
1.079287519970129061e-01
-7.641368467625610228e-02
1.700206254993822386e-01
3.239362726379116375e-01
-8.005330511080477329e-02
-6.660079395882627373e-02
-7.589398084078937678e-01
-5.603982333441056563e-01
-1.819571045918062513e-01
-2.058013251616776576e-02
1.563203187511067460e-01
-1.647276779433480831e-01
3.410002644694596352e-01
1.578866815951468217e-01
3.445951371462613877e-01
-5.965468530170028177e-02
-1.383076526210272050e-01
1.288532270545905412e-01
-6.565654548111030109e-02
-1.519722453403619944e-01
1.469188776159948695e-01
7.409713396897943394e-01
2.448310609634436058e-02
4.006060879381533324e-01
-1.371098243617591417e-01
-6.607180282189368814e-01
-3.836424879756260009e-01
-2.374190312485938426e-01
4.889976263983729365e-02
6.253190778168986608e-01
-7.083518521901249754e-02
-7.763135325167950240e-01
-2.293612773554062623e-01
-3.073242292499943074e-01
7.384320769944684448e-01
1.690502141797255442e-01
-5.674507588746395825e-01
2.197785057446097201e-01
-4.321307580171243612e-01
6.168186539312885130e-02
4.224226661905190472e-01
4.932371724634453392e-01
-8.009784686410706400e-02
-1.565329699769169858e-01
3.103078140113109673e-01
2.810280757304071605e-02
-7.304885945673552650e-01
1.554868960065825811e-01
-2.580935543571644120e-01
-2.757162785947960271e-01
-1.740478012923827797e-02
-6.490259966353870702e-01
-8.543083810600948791e-02
-1.650746302937258214e-01
4.619586549220398575e-01
-4.895760651320703039e-01
6.008892405165776607e-01
5.285804218910148400e-01
5.737186883113248870e-01
-3.817229958817231483e-01
-9.454879859210084392e-02
4.983315653699140202e-01
-4.973030510083428779e-01
7.087826675070572902e-02
3.052682451477125580e-01
8.343030372268741557e-01
1.408826272212116426e-01
-1.978999620812694760e-01
3.192133094708984875e-01
8.614603748354679458e-02
-7.973685559672931411e-02
-5.926146645342196262e-01
3.808239222834747251e-01
1.273681052401242908e-01
1.131158626111078425e+00
9.126920242252585247e-01
4.741327183449819960e-01
2.539576841204681523e-01
9.912268970466597828e-01
3.903454534543188137e-02
