2.442632397467785210e-01
-5.655818714042706308e-01
2.223086954671709137e-01
-7.573378371935178821e-01
1.411424969967133514e+00
-2.609185498709400974e+00
1.301322178908731197e-01
4.433740830026119961e-01
-1.142538549841541018e+00
1.248735355915012946e+00
-1.508003836561290001e+00
1.077737661774730515e+00
1.336168993638307545e-01
4.182126547651610071e-01
1.495616224425013296e+00
4.214425942124980229e-01
4.599577690686041387e-01
-1.961158388443950962e-01
-8.090966347323702568e-02
2.194912186498417128e+00
1.002184113153385070e+00
2.256219397985612107e-01
1.244236401568664885e+00
-5.808794620429743594e-01
3.824321936272388478e-01
6.239288013654993303e-01
6.472927310074955143e-02
3.014373210158225458e-01
-1.429950050234850001e-01
6.358537171755895834e-01
1.835424714221342679e+00
-5.124110447993801554e-01
-1.565458917452045240e+00
-1.083295976103639674e-01
5.494402448052438936e-01
-2.547654475191623025e-01
-1.252909416088381134e+00
7.715137014041640873e-01
1.305272475053486758e+00
2.172376159007900487e-01
7.564413079041972798e-01
2.923757679275592603e-01
-3.252778421979113377e-01
2.069137932227703425e-01
-2.781586717047287438e-01
1.174994420911142257e+00
6.646401125309139291e-01
-3.867452995664872328e-01
1.943752000413787040e-01
-3.317804134747599498e-01
1.862377093895302593e+00
-9.403106732248406319e-01
3.073554797471582112e-01
-7.178109798804680475e-01
3.604854360382808154e-01
2.180990510401549162e-02
-1.530618926283224823e+00
6.818249306958890088e-01
-5.773807843831608999e-02
-6.606369124782500712e-01
1.200067048089444172e-01
1.465928513596784499e-01
1.599384040149987030e-01
1.337995997317787400e-01
-2.212400430116739092e-01
-1.384105748737759212e-01
3.078531642901568000e-01
1.669654802584407405e-01
-4.881462268838224899e-02
-3.999218560618436058e-01
-1.051486362925558027e-01
3.527659803892118640e-01
8.634663080933156765e-02
-2.741465903371241852e-01
-2.671505214054779032e-01
-2.525504960052478154e-01
-7.131035049203655884e-02
-3.147733795927357831e-02
-2.334736132972545508e-01
2.194152245553408487e-01
4.118968420065050040e-02
-5.195223065030145013e-04
-2.267048631283528626e-01
3.852795625967661564e-01
3.472356354750042451e-01
2.533372478322390778e-02
-3.340335159671646847e-01
-1.802835242593133491e-01
1.133145935025215018e-01
-8.642695115804331640e-02
2.878215394372256597e-01
2.357351451092470629e-01
-1.258878506206435356e-02
-4.185587017990828329e-01
5.200347916497806422e-02
-3.638694580540030032e-01
1.265014589731423000e-01
4.936284357120387239e-02
9.702564514384034999e-02
7.141732408662893050e-01
6.407097515608024541e-01
3.853918947960656705e-01
9.585799921906185128e-02
-4.932814699125983443e-02
3.169433320898988327e-01
2.130270321930892996e-01
-1.034204964859071874e+00
-7.813216441676039403e-02
-4.745283741100581043e-02
-1.868446313230725520e-01
2.503717007458959309e-01
8.567608646472256451e-02
-4.131420863020758387e-03
-1.081853789315826292e-01
7.622553014314188413e-01
4.225560150536660786e-01
4.701779879429257014e-01
5.994885881943096129e-01
-1.842645926380042098e-01
6.488692262457233795e-02
3.017532683862254039e-01
-3.149696811470965585e-01
-3.076419226304888954e-01
2.244348396319457983e-01
-1.801770881837471416e-01
-2.808795133819056988e-01
-4.543643851095314212e-01
1.432545652236017486e-01
-2.365443350150851498e-01
2.208494220899241134e-01
3.112104908056767538e-02
-1.628856145123060706e-01
1.794992970480111250e-01
7.739846386401738609e-02
5.925222677263453780e-02
-5.154530158805976647e-01
-7.801460572832184803e-02
4.027322221121767964e-01
1.855993633207086158e-01
-8.829582022850703815e-01
1.012579743602189497e+00
-8.266272032228677569e-02
3.700857945258911319e-01
2.127628013257602813e-01
2.899033734318494093e-01
-2.836554705521777270e-02
6.837682027021750597e-02
1.974472412048939030e-01
-5.295807002135600322e-02
6.245392263233576907e-02
-4.145745885088851224e-01
7.606490883602004538e-02
2.637471791113964528e-02
-1.993189390612723766e-01
-3.230602011634756687e-01
3.215756606213623914e-01
4.834347785767027089e-02
-3.649781146343051841e-01
3.250782274066888605e-02
-1.674149802089842931e-01
-2.265552277495073707e-01
3.954817578695281610e-01
1.178911457299814947e-01
-3.595725514341399642e-01
8.194032686567306878e-03
1.984707860190108863e-01
-7.394096523592552650e-01
-6.424389300841633066e-01
1.214787535845952421e-01
-7.140290720684577819e-01
1.881722555311598766e-01
1.065647000951772116e-01
5.160235528629315838e-02
-1.133061611852271694e-01
4.572092010678516782e-01
-1.686977887606625204e-01
1.613192662140723044e-01
1.610066438482527298e-02
2.362366743265258140e-01
1.049100812562750562e+00
2.666205099000328316e-01
1.575597335070019755e-01
3.699908900556762026e-01
2.236805362696745181e-01
-1.235811238564064884e-01
2.370606506931471902e-01
3.881587951505761636e-01
-2.539362636406449630e-02
4.672984894812668433e-01
-4.243827388157807023e-01
7.344475596535972317e-02
-5.770679450072943584e-02
2.299737878515346334e-01
-1.379266877612851938e-01
3.846973166024156982e-02
-1.642188463260371711e-01
9.473540706680706747e-02
-4.337134182121570869e-01
-1.934197072815877494e-01
1.421457900513451444e-01
5.463637859880381420e-01
2.850437401063041776e-01
-3.569310853014641127e-01
-2.767694486997431813e-01
-3.056985415638484027e-01
2.669253081486435697e-01
-3.685521968099674806e-01
-6.864742599668924306e-02
-7.839782929605391970e-02
3.828285849397908280e-01
-2.715606360208734915e-01
1.720456791017320464e-01
7.709550620894045636e-02
2.065190614722602624e-01
-3.403562774707957761e-01
2.627064300971236888e-01
-2.217925146006827219e-01
-2.043290635500212282e-01
9.932178957817579257e-02
7.422968218826988540e-01
-1.154849685783538998e-01
-2.552979153365007026e-01
1.316898745330383480e-01
2.447075194177630031e-01
2.051694939932690032e-01
-4.981986759215005500e-02
-5.318781988760434842e-01
3.144208647464672435e-01
-1.989556499754116803e-01
-7.573981552798637884e-02
3.763768952420160629e-01
1.210957901168771139e-01
4.742935481635588563e-02
2.366254707816516922e-01
4.853481169808433748e-02
-1.740723005015952785e-01
2.417333930371847739e-01
4.051967724002309423e-01
-4.525963468327183770e-01
-4.162551552892536089e-01
3.165123123244593661e-01
-3.944829290119023640e-02
1.830653466986892075e-01
-1.697362839832023962e-01
1.612875092535396571e-01
-8.716002209126027730e-03
3.343090919976630243e-02
-1.663057929275910674e-01
2.465892351355483403e-01
3.528653843785826971e-02
-2.685129950144631850e-01
-3.988106628754359839e-01
2.051754745568844518e-01
5.994812142241384700e-01
-3.101363169915338225e-01
6.259121333169337387e-01
6.984664157260478401e-02
-7.794412744754725120e-02
2.571883850992797704e-01
-7.809483200319171647e-01
-1.198628468343312603e+00
-3.582153782366187533e-01
-1.994648362848507606e-01
1.385723624073686433e-01
-2.530183315037999869e-01
-5.355653535736236703e-01
-1.790013826579954781e+00
-2.705739012388083675e-01
-1.678240142885636665e-01
1.444765615872186382e-01
2.262257962567330583e-01
-2.279013950148603765e-02
3.270859739314146974e-02
1.451453223006458071e-01
5.604563063326909456e-01
-1.079534348653033549e+00
8.066214900090820650e-02
-4.830350668313781459e-01
3.688292149879690562e-01
1.889535043441517570e-02
4.192779184054304942e-01
-3.742838021554169559e-01
2.063954480644764403e-02
4.355417634702443697e-03
4.365664860667022029e-02
1.625121652784406812e-03
2.466764937095247412e-01
-1.319517966645630258e-01
-2.715763017626556808e-01
4.654949671593078264e-01
-2.859534926510531871e-01
-3.107220789618647672e-01
1.941158212492554713e-01
-9.949858374019009133e-02
-3.996074475917383850e-01
7.433597210628859475e-01
1.773173915277514723e-01
4.369191470949478351e-01
-1.219311457096823419e-02
-6.552390342090257391e-01
4.743603584551929209e-01
-2.374112645970969104e-01
-1.512021636642084110e-01
1.479525795855607118e-01
9.988296650866801407e-02
-4.119624903882118661e-01
5.107519459212355173e-01
-1.761834209761823367e-01
1.937651583566774860e-01
-3.038376557839133074e-01
-4.846446808159142194e-01
-5.186464861905664553e-02
4.150895071243446838e-02
-3.220793911492567663e-01
-2.704845722925477980e-01
8.729584800305482950e-02
2.634067435279048852e-01
1.866724316061829647e-02
-2.627274119007742548e-01
-3.002192076512027463e-01
5.896470608331835228e-01
-3.983888084205970681e-02
-1.801916380155276776e-01
-3.409868951639430934e-01
-2.054899865931182346e-01
9.402612943089065645e-02
4.935307358654832804e-02
-1.227167400153083843e-01
-1.816664607418968513e-01
2.556257524159150085e-01
1.545167445795823657e-01
1.150446842087449045e-01
-3.228971084425012739e-02
7.234292389383482902e-02
-9.802818042463656845e-01
3.427926915125928953e-01
5.042800818994774142e-02
2.298503632091183080e-01
8.287436882667778559e-02
3.015578977411213692e-03
-1.781994881270868025e-01
-1.774584137362870961e-01
-8.961856002134103993e-02
-2.630478011919847869e-01
-1.692214848125592197e-01
1.394019510285185726e-01
8.351791264496787326e-01
-3.214453267053546393e-01
2.419716704220832293e-01
1.194403871513570886e-01
-1.443103878420277930e-01
1.703760748744117259e-01
-8.186934435815726441e-02
1.777155957892219418e-01
-1.538428318300657516e-01
1.327770369137296902e-01
-6.187781511474782503e-02
7.744595384152919149e-02
-4.780489774234077810e-02
3.661951934487360782e-01
-1.138435515031805678e-01
1.858362925244441965e-01
-2.049848540996016336e-02
2.691598550752327679e-01
2.279947482620224286e-01
-1.268900224265067378e-01
1.894680293040058583e-01
1.378208572745519556e-01
2.322313993960462564e-01
-2.256411549970511743e-01
-8.369088899242797808e-02
1.157157871528286391e-01
2.412758997560004171e-01
2.558839315622237209e-01
1.083970450933324781e-02
1.239446229623398232e-01
1.086514068707198633e-01
-3.705128820386535127e-01
-3.810988777723456900e-01
4.685956089959790183e-01
-7.609307948646762965e-01
3.237289379106025877e-01
-2.655912774470758353e-01
-1.157456181618362473e-01
4.268919716041855161e-01
9.733103034195880743e-02
9.757003489254563178e-01
3.237913329503005477e-01
-2.416957982269670180e-01
5.534651769931958620e-02
-2.112150186150781872e-01
-5.428908422295285890e-02
2.588950165845845253e-01
-2.028465573716682624e-02
-5.251097329458128682e-01
2.639790981963573424e-01
-3.626254697070605548e-01
-6.749410171872054220e-02
2.089640624290194926e-01
-6.577926875933292061e-01
-5.281482087176494478e-01
4.250352695401153347e-01
4.312773778264474278e-01
1.267702216703397167e-01
-1.670962211845212347e-02
1.886255291099283582e-01
3.308067267902456421e-02
-1.754456124546966422e-01
7.842298372429569106e-03
-1.145169872511060671e-01
-5.655472671916539351e-02
6.770784118308524613e-02
-1.879705424142965597e-01
1.509875879018794942e-01
2.116713102871572993e-01
5.920674041180123970e-01
-1.777953769013356222e-01
-5.583656913757543971e-02
8.115567934407229289e-02
7.114923511714327242e-01
-5.816953453379619665e-01
-5.731133158089091184e-01
-5.025159362225078974e-01
2.766288964942292122e-02
-3.348585560567529096e-01
4.692951170330886962e-02
1.487156908504249975e+00
-3.408949355935096404e-01
-2.469085567971893436e-01
-2.548904790624678673e-01
-4.098250428463521278e-01
1.330796472286153997e-01
2.914099404608322397e-02
-9.419085597937826293e-02
-5.017442136090124322e-02
-6.315965650938060172e-01
-2.182708295213635630e-01
-2.061716118424592459e-01
3.264897493660270378e-01
6.410574398839775923e-02
7.308656062170756362e-01
-1.795186847098730401e-02
-5.278878672010387657e-02
-1.579052386811010400e-01
1.525657478705131631e-01
3.338487352252954010e-01
5.422630557352700054e-01
2.819769589037741109e-01
-2.956408934796353472e-01
4.069787848674910058e-01
-1.244780523202582145e-01
-9.819396484388535906e-02
-1.632883098240000830e-01
1.065424003701752886e-01
-6.335998345885053284e-01
2.285991870106846569e-01
-9.007010446564969741e-02
-3.539268841417958673e-03
5.706433104360256886e-02
-8.404943548550660726e-01
-1.200625322296493547e+00
-4.081285877685268404e-01
-7.534250628549091222e-02
-1.435352243820435178e-02
-2.274009399232894968e-01
-4.243695172828255702e-01
-7.412682603086967470e-01
-2.034149615547602707e-01
2.826654730280991346e-01
-7.141392528816841168e-01
2.149335898354458041e-01
-7.331238384566398161e-03
-2.540689195789253008e-01
2.245525112452500804e-01
4.598840483595239004e-01
-4.766107576842501525e-01
-2.000424446595101269e-01
-4.462974477032732867e-01
3.081997307624983681e-02
-1.093304703728451011e-01
-1.133193939607067824e+00
-7.071072323795792036e-02
1.781780476066357729e-03
1.369627491983640422e-01
5.832089257139065896e-01
5.091698712167808116e-02
2.695284790562462729e-01
-9.086847445626075603e-02
7.558172212880953644e-01
-6.782876571744540506e-01
5.630955889967026451e-02
1.144918320791600413e-01
3.260687124847513330e-01
3.622196297765558487e-02
-1.096588927121181278e+00
6.027177574090772927e-01
-3.976425036798360013e-01
6.533744433841103261e-01
1.010897559192611428e-01
6.314880189942464472e-01
-1.172643180897420534e-01
