-4.448409825769333859e-01
2.466383830651692199e-01
1.487551428460976155e-01
3.342539123327929462e-01
1.547626557500610289e+00
6.731039441528996470e-01
5.212805951954673223e-01
1.327051050768855101e+00
8.136623692422052800e-03
-7.774528530228920209e-01
-4.020427117947860673e-01
3.998135802335440192e-01
-7.050162837187327058e-01
-7.987995614660672317e-01
-1.121176210380873561e+00
4.020068188252678976e-02
8.052183564485749789e-01
-8.715802497219411471e-01
-7.827671996582166170e-01
-1.489669712724432049e+00
-2.311327187374698222e-01
-5.563923635546416668e-02
2.092008901569669121e-01
-2.042911728392585863e-02
-4.248140499125067221e-02
-1.244374951518795961e-03
4.229443112271936284e-02
-5.054402939154380159e-02
1.329961033807593451e-01
-1.848234931963508576e-01
1.061648427061420430e-01
1.502868920964491317e-01
1.583901609055399229e-01
3.727410596967456469e-02
-1.443533298830889100e-01
2.412255066220289276e-02
1.869519616827723107e-01
9.909030063859311163e-03
4.528901359539751377e-03
-4.425148527712716856e-02
-1.196695094981578208e-02
5.857979503151830025e-01
-1.085136122393520891e-01
2.803475075894559798e-01
-1.134640579143554318e+00
-2.465558657196587344e-01
3.823545439741968255e-02
-6.634481315852681638e-01
-3.089259428829949972e+00
2.163943909198309257e-01
8.094413642103956974e-01
1.401310022758432139e-01
8.163226319689286248e-01
2.981538768657988614e-01
7.339913034457710150e-01
-6.623680470699858658e-01
-1.271590914674451955e-01
-6.240449946646365875e-01
-3.652148229600111762e-01
-1.569272940582691955e+00
9.410679505776875509e-02
-1.838107930791041955e-01
-2.058320112089988829e-01
-1.105619501175860026e-01
1.243373100604132919e-01
2.375670559765582779e-01
-4.875659798027276448e-01
-3.376868701290729469e-01
-2.852374109199796726e-01
-1.365488115878837616e-01
6.852372571133905597e-03
3.104101191703144413e-02
2.133135597051675769e-01
2.283092074748686862e-02
-4.085077280568243374e-01
-1.241047281842898170e-01
3.048974141262069185e-02
-3.266399759388649016e-01
-1.942130788361315363e-01
-1.010723058250194151e-01
-3.126570299118744400e-01
-4.169512461415494364e-01
1.340003372888004529e-01
2.179312070165342063e-01
-1.374472084380788939e-01
-6.539025014097250843e-02
-7.713863590774634460e-01
-4.123464728796880641e-01
1.729044043934201413e-01
-1.865054217024645078e-01
-2.040822615307284205e-01
4.850127950164950241e-01
3.701209294599756561e-01
4.918612318959287855e-01
1.718805967672935586e-01
1.268693194858432349e-01
6.159951274317527342e-02
-8.511046934776153594e-03
-1.399085040984838352e-02
1.057654206911927929e-02
2.396161814759254979e-02
3.496131566610884839e-02
1.074512968553908432e-01
-1.198038750538554797e-01
8.194083114755683697e-03
2.126402039226708007e-01
-2.208663013269588082e-01
-2.168740232738819163e-01
-1.074719865650078116e-03
-4.365312383766407067e-01
1.665128378530345843e-01
7.308807036884218400e-02
1.624776158033509055e-01
1.069288146415572488e-01
1.339908685798554266e-01
1.227669083297971281e-01
3.423489353483773895e-02
2.683388700299486618e-01
2.879904396189014726e-01
-2.366729370521679920e-01
7.983413436343898828e-02
-2.501464973561756330e-02
2.121688441669642433e-01
2.855304103774783733e-02
-2.502411396354133760e-02
-3.921773994386720807e-01
-5.420158111536333978e-01
4.016212184297974358e-03
-3.041321099222173974e-01
-4.847826084442930505e-01
2.046225609831436032e-01
-1.483610568128133911e-01
2.557367079168569313e-01
4.306874431166858863e-01
-6.217831323664942123e-02
-1.045980131723543149e-01
2.255108372857820842e-01
-1.213025012181834228e-02
2.770735991538761933e-01
4.219126780879194349e-01
-6.715246541798436386e-01
2.568435490033886270e-01
3.298296533989650281e-01
-2.318170011596999425e-01
2.851870897802809002e-01
3.047246902246469880e-01
-1.169435406618959616e+00
8.401264282532115713e-02
2.095026410134248340e-01
2.484558532229496075e-01
1.349239329547763655e-01
-1.367762406687366705e-01
1.750403616306776267e-01
1.265878332254408489e+00
-1.103810804336286672e-01
3.686881934230675784e-01
5.537191256315210364e-01
-7.316154972554061997e-02
3.388855196834331118e-01
-2.236018797684943826e-01
-1.605171349812105352e-01
-3.166146393530757785e-03
-2.285449391606449998e-01
-2.756444593033090598e-02
4.559294609660818204e-02
-3.535536589985429079e-01
1.412790261737669750e-01
3.742773045232836715e-01
2.043650459029497379e-01
-1.321833218317050584e-01
-3.397331115284535352e-01
7.409326413194509964e-02
1.346278778683165644e-01
2.093973788560928029e-01
-1.593741236511460879e-01
2.176607835658118939e-01
4.106281696270990267e-01
1.600328009381022862e-02
-2.542195870713324646e-01
4.618230553251225778e-01
1.263120513883790597e-01
3.709191204307732328e-03
3.298485811803847367e-01
1.042478858143413151e-01
-3.040285770442882063e-01
-5.452319357834111146e-01
-5.130636547622670074e-01
3.352706859515258153e-01
1.069444374737650583e-01
-5.510045880023341919e-02
-7.683351780671385245e-02
-8.902701882442953796e-02
9.401359135486554719e-02
2.921389863822886346e-01
-6.375129750461360212e-01
1.388016079581089746e-01
9.500479080345629324e-02
-9.042599045606007635e-02
3.127295016135333561e-01
1.115015768592773626e-01
1.435359695069757524e-01
9.951163483945426116e-03
-1.610188108773569562e-02
1.066529836271218161e-02
8.494251572696391583e-02
-1.169627763532837539e-01
-1.023711910712185702e+00
-9.401734477347402363e-02
3.976568415547508950e-01
2.564132958394466782e-02
4.844096874557872467e-02
4.122838195427323549e-01
6.198963651765986710e-02
1.276217175781124480e+00
6.280358655862209802e-03
-4.128748823053459138e-01
8.329310238311866676e-01
6.499065255433139621e-02
3.666744468470294893e-01
1.403216796074519546e-01
-1.098258110227492285e-01
4.012089643968052566e-01
-3.044945695316524786e-02
2.607224365858211673e-04
1.145509052314282739e-01
4.031981735808759515e-01
-1.460464069671072673e+00
-1.111829822421030352e-02
-7.349616640050132821e-02
2.421850829071098554e-01
4.044365099896992666e-01
-1.491492547727200357e-01
-2.631652221323603491e-02
1.357072972567770763e-01
-2.387531357578793756e-01
1.417063674428011288e-01
3.182397639659442778e-01
1.803188745490829914e-01
-3.007699827093892608e-01
-2.168382448309113808e-01
-1.349020983741368584e-01
4.174786218237575008e-02
-5.765402667099250866e-02
-3.235330824432157137e-01
-1.431117670262462283e-01
-1.885605208707289149e-01
5.933950130563301339e-01
4.224940044982051363e-02
-3.463217055681107603e-01
-3.266661959156458295e-01
-7.227929519481811338e-02
3.379225143714070789e-01
1.273096180189066118e-01
-1.926151827581986109e-01
1.992145880444977923e-01
-4.552217018675690230e-02
-5.516803116940320884e-01
-3.413961097533299571e-01
-1.519556594463250254e-01
1.492852324766708316e-01
2.530471010358621431e-01
-2.278934387901272174e-01
2.624892986356827107e-01
4.913399110490956206e-02
-2.360677382315388984e-01
-4.937171331572690058e-01
-6.051363004948659974e-01
-1.807485998786799442e-01
-1.215790573976450878e-01
1.898084267758126109e-01
2.236412955949206027e-01
4.974792110446805693e-01
4.121425606375853090e-01
1.006482607231242166e-01
-2.879198328470577994e-02
2.454894035623992055e-01
-7.431335038323538811e-02
1.045485123109208547e-01
3.033187622294530178e-02
1.751980465377001861e-01
-5.546279008935316168e-02
1.515673226554163644e-01
-1.186675904689639544e-01
-8.772489006998361594e-03
-2.024331224383532635e-01
-1.627961730683627206e-01
-2.867688576581621240e-01
-4.339192941964860051e-01
-1.540547043799458116e-01
-3.792736456394828481e-01
-4.328910843359288357e-02
-1.934860440695801709e-01
1.819674851556074280e-01
3.255159983981891630e-02
4.675345469529886694e-02
-4.381717850817639648e-01
-9.871254283975185173e-02
-4.384292141471748949e-02
-1.927486493541815393e-01
2.986771981181588279e-02
-5.153735668512674506e-01
2.060997286041434118e-01
1.648785380380711207e-01
-3.155492741904497023e-01
2.427777343205455574e-01
-3.143780728111917472e-02
8.958505081397659664e-01
-2.598415204414841750e-01
-5.620213666379301337e-02
1.729819125962143711e-01
-9.670559642285880830e-02
1.637603547419109740e-01
3.116144456020008002e-01
-5.465139645650105571e-01
2.541221599237987738e-01
-3.838593896143541184e-01
-9.136864185333694044e-01
2.607887928130905517e-02
1.354889498451658791e-01
1.516767420200219596e-01
-2.715423024608088487e-01
3.377467104273954371e-03
-3.076125051446974845e-02
2.355801955769595557e-01
-3.072852418441237576e-01
2.318721803719109853e-01
1.042962162477936161e+00
-2.002837388350266756e-01
-1.039527621014961489e-01
6.698309212013305036e-02
-4.838042303570649905e-02
-1.135672317136149079e-01
4.666498313076295618e-02
-9.073623381516674469e-01
-2.483016327962427050e-01
-1.710263191209616118e-01
-5.845791378651016279e-01
-6.256533258783156248e-02
1.321546369927417697e-01
1.280959677105171224e-01
-4.053417692560544183e-01
1.696691094357427043e-01
1.714082081991698814e-01
-3.574065604000841723e-01
-2.384920199179249578e-01
-2.306253422080210003e-01
5.055446037843909224e-01
-6.618902969004497594e-02
3.389209071618760061e-01
5.647977661925923654e-02
-6.647879728185970283e-01
-1.580573130014511773e-01
-1.937948587551991120e-01
-7.272321263990184637e-01
5.961387402343991393e-02
-1.927881910220096973e-01
-6.332122499804729854e-01
3.001511023360395325e-01
-4.053164209509865779e-01
-9.845412760736454993e-02
-4.745074832849213720e-01
3.505289617271207803e-01
2.168829867166433834e-01
-1.289094974257032622e-01
2.784383190570465794e-01
-2.236226674665347386e-02
5.704016584510123167e-01
2.023142812103127242e-01
-2.632893021611333317e-01
-1.614925149316923381e-01
5.529603764347715278e-02
1.022237596127739123e-01
-2.506630251673207521e-01
-4.620419117885479765e-01
-1.357145417121157494e-01
2.561591972088734237e-01
-1.865854145224439264e-01
-2.211803208750141025e-01
-7.794634067585483328e-02
-4.579544418028565489e-01
6.026327205703354249e-03
-1.113731325916355736e-01
-2.803211249659374182e-01
1.614495907542085329e-01
-3.425958193936017304e-01
3.813292742238633213e-03
-6.636358629576480928e-01
2.206451126463417761e-03
2.562173989448957578e-01
1.433282921231517071e-01
5.036527044333278802e-01
1.711368889182620368e-01
-1.825570849576666765e-01
5.917995213212713379e-01
3.123669512936551040e-01
3.148034195531848045e-01
5.268198592078423559e-01
-1.001184828491789164e-01
-8.665288916903056415e-02
-9.199997606069565403e-02
-3.869963945107398468e-02
1.911111410208559125e-01
-8.107653328950500948e-02
-1.132551199091364202e-01
2.856896963687451940e-01
2.794722401962853597e-01
8.628076530735575567e-01
-1.112300323381116771e-02
-2.127949586045230490e-01
6.030514744518860465e-02
-1.460399507381231754e-01
1.799434198731253154e-01
-1.995515048728992991e-01
-3.527146861356225127e-01
-3.349941490658251420e-01
-5.911767652105153203e-01
-3.020538888904710784e-01
-3.114012756069867507e-02
1.415722608912511615e-01
-2.738649986309518725e-01
1.635552781095584718e-01
8.938444998681363551e-02
2.869200092750110245e-02
1.728529702113099364e-01
-3.053128993082875331e-01
5.045991718700669482e-02
1.849850315293669611e-01
9.213309865727294101e-02
1.521587965740224813e-01
2.446734097162856503e-01
3.976133504910136507e-01
1.926441784952304948e-01
-2.748937877304557520e-01
-2.846902883953218999e-01
-3.677162879671914131e-01
-6.289645810058427933e-02
-4.233595784796914674e-01
4.847549500585493498e-02
-4.681818242995715029e-01
-5.157177911067941656e-01
-2.980551633532991032e-02
7.297282359676153518e-02
4.244017196929718294e-02
2.052342877342455407e-01
-1.271125080393583073e-01
-1.815183424504462906e-02
-8.726692882576302379e-01
-1.872484917608891186e-01
-1.675392411896313438e-01
5.402502617050091577e-02
7.813432104112458809e-01
-1.008287174148063264e-01
-3.928933834750807097e-02
7.464144994751026330e-01
-1.172828080120410232e-01
-2.157262627626353735e-02
3.671206539126033452e-01
3.800110012630637524e-01
1.415175437113728452e-01
-1.688387027385826189e-01
3.678453020013557340e-01
-8.166755341044107386e-01
-8.192898208072953159e-02
1.666543460162867307e-01
-3.211931254206395470e-01
-3.495600721152107293e-01
3.976422956181035473e-01
7.639845260283489869e-02
9.359339084578473245e-02
-2.680737416546489227e-01
2.358297741740907408e-02
-4.488907207200564659e-02
1.259453918519177484e-01
-9.323085255157541607e-01
2.514217405670106653e-01
-1.277734671096618646e-01
-5.206036276972173527e-01
6.217983856597569803e-02
2.412898369396664078e-01
1.195280944300802228e-01
-7.605431901785140170e-01
-1.927913352802794189e-01
-4.864134545067553828e-01
-1.533647585328966612e-01
-3.347689918396556386e-01
-7.373688665994594660e-02
-6.646393638082452870e-01
-4.338762996979645958e-01
3.495064575931272066e-01
4.091771893868669241e-01
8.274971637136755570e-03
-2.611275681357511091e-01
-2.291259293127857755e-01
-4.491372087653519030e-01
-7.355319368271512337e-02
8.560208280074267373e-01
-2.866275102355769766e-01
6.664908653382629888e-03
-4.846014497323732351e-01
-2.771425043083388107e-01
8.611218462869757451e-01
