1.476190395937763578e+00
-1.351805720638835639e+00
-2.323662846842565466e-01
6.435020811718801248e-01
4.838055547717842408e+00
9.233899825621025848e-01
5.387422645121959786e-01
1.169833774754725830e+00
1.459358163527610275e+00
-8.276379071906135865e-01
-1.613924556230529328e+00
9.459059882160840704e-01
1.038566848150780930e-01
2.129965781125908730e+00
1.687516372224737493e+00
-7.592675698011983609e-01
-3.032529635693373415e-01
4.527133841013641358e-01
-4.171088034525612387e-01
1.881501815330015592e+00
6.658208270815274554e-02
1.013896657653481567e-02
-5.066415239744219423e-02
1.557086023790670570e-01
-2.589645316901257460e-02
2.128665824262124945e-02
1.003363598933749296e-01
-2.061104489311765126e-02
4.592031658478958750e-02
1.420139373877793605e-02
8.751717197965684647e-03
2.341269830055160983e-01
-1.480843518134382754e-03
-4.837767695579966998e-02
3.089483022018017430e-02
-3.932927042639163678e-02
-3.750980172466523987e-02
-1.403865110716764550e-03
1.651846765947528189e-02
2.810272701785754973e-02
-2.666691817702064871e+00
1.564012819114719288e-01
-1.029311706656309694e-01
5.104411716877059746e-01
-2.776032172126639885e+00
1.668099407602976481e-01
-1.828129646408217790e-01
-7.119088804061589615e-01
5.152774333650173011e-01
-8.230145764052690383e-02
1.781947537536262338e+00
-1.250916545875304930e-01
-2.084371871296948064e-01
4.693018110957073580e-02
-1.735050715198533711e+00
-4.011427685196971571e-01
-2.958041306623688804e-01
-2.367332473009642335e-01
9.081940247450678294e-01
-9.419273486210402169e-01
-5.659735239701997322e-01
1.415058292317156741e-01
1.451654677001508187e-01
2.590399087000795353e-01
-8.289439177470317097e-03
2.507541389634405926e-02
-1.490314054590418102e+00
4.444102113209540961e-01
-1.565552492346093394e-01
-1.042175882292819544e-01
8.506405768288900493e-01
-1.374411561717768793e-01
-5.183448976442466168e-03
2.293835538210672528e-02
-9.211483749437403556e-01
-4.710252858836041501e-01
4.057980245368675298e-01
-8.861621419301430880e-01
-4.775238383045133927e-01
1.077809921133490390e+00
-5.738168480440745955e-02
-2.988813873047621583e-01
1.197843983758688724e+00
5.149599080832778508e-01
6.061219034611218248e-01
5.548838842344107070e-01
-4.256550499766354356e+00
2.745614149485960387e-01
6.637968732462742327e-01
3.670258888436689348e-01
1.785065046220211338e+00
-3.654368623854448717e-01
-4.013220964532412394e-01
-1.516316395289227237e-01
-7.666964678726332361e-01
-1.020323672119687775e+00
5.945151653868938624e-01
-4.766228874265229787e-01
-3.085974767119183948e-01
-2.793428915234773546e-01
-1.259336554198763058e-01
7.524696077725605281e-02
2.267159284365687644e-01
-1.644550948825066090e-03
-1.690774622055260801e-01
7.983581890050096830e-02
1.420149623369441616e-01
-4.372494552184639227e-01
3.072310652875440487e-02
-6.546130000261686510e-02
-5.479490206911215300e-02
4.681942236065890217e-01
1.188688942387297193e-01
-1.615762529307046003e-01
-2.823296862523229367e-02
1.013705908239362075e-01
-2.537633951561503731e-01
-1.900815111607451549e-02
-4.758135783683584141e-02
3.915679281384684685e-03
2.758785167643548752e-01
-1.538666350494692081e-01
-1.846781243408676387e-01
-7.062296547170079375e-01
4.290741161184526975e-01
-1.184464475278013129e-01
-5.303698427315419600e-02
-2.950043548897004955e-03
-1.340157011535065834e-01
-3.196734575891926888e-01
-1.708021806281788679e-01
-5.722515986294549051e-02
5.150395078841500940e-01
-8.945562337286935145e-03
-1.165287050768034488e-01
3.370077285920169419e-01
-2.200207400298513361e-01
-2.187726319360233651e-01
1.287461633312415310e-01
2.726711244323063443e-01
-7.603021300000913085e-02
-1.378763141641012047e-01
2.532119120891442865e-01
2.564272387593397040e-01
3.327249130435320362e-02
2.963841329991618867e-01
-1.243487932360164638e+00
4.609635392680208610e-01
4.649356399355998870e-01
2.599277769761763612e-01
7.777241167833299773e-01
5.287610279877533737e-01
1.396078967744773802e-01
-1.266976964941188832e-01
-1.733177837000852706e-01
7.394092981687266919e-02
-4.664023674588113066e-01
-6.554117105633560092e-01
-1.981516264293562909e-02
1.899564515634055706e+00
-6.230671201599558701e-02
-3.305116838769985715e-02
4.872043711842387048e-01
6.456760170303522776e-03
-1.390051636788978418e-01
3.627415698688841311e-02
-2.729300828834569370e-01
8.593208170386269773e-02
4.665072036836240832e-01
3.988197612687183896e-02
1.280815325790976289e-01
7.089902169561965173e-02
-2.392337493739845056e-01
1.920971082928810969e-01
8.737659014742769903e-02
-1.477685077671109515e-01
4.145642845457451348e-02
-1.682292921186044621e-01
-9.308485087866570640e-02
-6.953323863614996325e-01
-2.296282416910222779e-01
-2.879941629351289722e-01
2.625065048586670002e-01
3.848388942137649371e-01
2.292781519689605918e-01
1.636356101416673592e-01
-1.088659459640548555e+00
-3.943588437236438260e-01
-9.569179266856021882e-02
1.000025887869243485e-01
5.406051093569009813e-01
-4.763780195307792398e-01
1.648630214548204576e-01
-1.040870014623230949e-01
-1.788452609227196843e-01
-4.617200681283255004e-01
8.618737473730941900e-02
2.731220991937832743e-01
-1.223200117338472809e-01
-4.889130467186202922e-01
6.725187612486643873e-02
2.911155755369777484e-02
-4.309733461304188218e-01
-6.116092437729490905e-02
-9.458266339258863953e-03
5.646197980519023982e-03
-2.909107513652348098e-01
7.339502974720015990e-04
-4.658258095341467619e-01
4.715849202513626437e-02
1.109817985812845409e-01
-6.052924023488696903e-02
2.088508236558805214e-02
-1.704189363036950622e-01
-2.693626397630702884e-01
1.129964558886139697e-01
-2.298800571271890636e-01
-2.738397824185859197e-01
1.063155867478846467e-01
4.256022913378549322e-01
2.016470400484418335e-01
-4.609946076934512971e-01
4.793450855807438599e-02
5.872049340664366873e-02
-1.440273420604694377e-01
-3.553477761665128631e-01
8.305057713231607519e-02
-1.129206843578817454e-01
2.788542809691166857e-01
-8.421702146010873191e-02
-2.602105672500806266e-01
5.875709607352044145e-02
-3.613656978974269952e-03
-2.889689717656921397e-01
8.208771001708391191e-02
1.502434828334709149e-01
1.520231907526556903e-01
3.728282430167089156e-01
2.734207230313285275e-01
-7.191709828680031835e-02
-2.527451755022867841e-02
1.115268942239864003e-01
-1.793139221376571502e-01
-1.846821997051110997e-01
1.612155121105013009e-02
-4.349460691011191281e-03
1.615703346299327825e-01
-1.621543987237424322e-01
3.203889321169939297e-01
2.064986609485818803e-01
6.787103576708967967e-02
2.667821973379178591e-01
-1.194493410306194797e-01
1.594710212195001309e-01
1.082354784627838767e-01
-1.729973756961090958e-02
1.393726803034439077e-01
-1.370422285490053016e-01
3.058209104089530395e-01
-1.306229720998051957e-01
-5.098666248523312516e-01
-6.166661451429488600e-02
3.200723151440578174e-01
3.402825417006551112e-02
4.820523971728959967e-01
1.367798837904427578e-01
-4.138479912215592194e+00
-4.624753338235553235e-01
2.122084909259624175e-01
-9.490812304618589934e-02
2.933631406307099621e+00
8.844585372550820002e-02
-4.209834404863721513e-01
1.094254966850021077e-01
-4.640110047372379420e-01
-5.005531353903155400e-01
2.250897378517470182e-01
-1.925733704489425158e-01
-4.040846800943515560e-01
7.895110389400467055e-01
-8.598102247871121373e-02
5.579463880905763395e-02
1.770722962201482231e-01
-2.367760841548302853e-01
-1.725751344690904659e-02
-2.265770965617646959e-01
2.706258915953972388e-01
-1.615333213376669852e-01
7.321542868241370794e-02
4.037375285906608102e-01
-6.565931432102715959e-02
-4.201943343471186559e-02
-2.365923544684468416e-01
1.502661115852984286e-01
7.712108419079155563e-02
-4.122992527974823906e-02
-1.667634099958242300e-01
9.463104250662083064e-03
3.027252226067124186e-01
1.606196258765373863e-01
-2.055918369263408929e-01
-3.423912679466108999e-01
6.776707326922222496e-02
4.709291454795155873e-01
6.573671698701193389e-01
1.190515093440316224e-01
-8.949219233238441262e-01
4.748202309904105828e-02
2.984620937892483172e-01
1.330588350254951202e-01
8.351541664114527919e-01
-6.306238688021284511e-02
1.146787932922265496e-01
-6.566659959343863484e-01
-2.093255201529722054e-01
-6.747006948834320950e-01
3.098613407183936630e-01
1.974952981402767760e-01
-1.593932471527505501e-01
-3.672739698155000898e-01
-1.963634696413207870e-01
-1.553999752157329550e-01
-3.897648450842691736e-01
7.826147767115911036e-02
2.230016919981963330e-01
2.818544517031678839e-02
-6.682072887255127158e-01
-4.959007082158996965e-02
-1.361958389985617468e-01
4.634428892381430298e-01
1.697408635465917082e-01
2.388606577424462474e-01
2.283105329370169537e-02
1.932780568305375590e-01
-1.940336985492202571e-01
-1.486918706655346867e-01
1.132244348331344491e-01
1.729771494114964170e-01
1.032998084943190231e-01
-5.225831737519819331e-01
6.468536717308137618e-02
-3.035081961145189577e-01
1.961049616548613539e-01
-2.594699553042486007e-01
8.553821451712978474e-02
-1.151734244684652665e-02
-9.992680427410388644e-01
1.932639013804055006e-01
-1.086644741500372852e-01
-2.773304153378735593e-01
2.412287424389499557e-01
7.796967950089364607e-02
2.811835765519464236e-01
7.774369660802349369e-02
-3.713820139044726187e-01
-1.644910589575288851e-01
2.837534685702851611e-01
-4.447764447297244406e-01
-4.398059301722430370e-02
9.384570053797290923e-01
2.048008500721796576e-01
-1.725580759095132755e-01
-7.484695305198235671e-02
3.662854515715788239e-01
2.421307286440870787e-01
-1.155390203213200323e-01
-1.821684470339247630e+00
-2.470227368248891775e-01
-8.868778224532045118e-02
2.057525562202044689e-01
9.199765214135989799e-01
-2.557175998664081018e-02
1.720743005803211378e-01
-9.226009766575019033e-02
-5.608719213625161792e-01
-3.634904924661443992e-01
4.128967100094091958e-01
3.320293094972300713e-02
-4.832284153930530707e-02
-9.960010825441520943e-01
3.148624605880637750e-01
-1.308498364983461393e-01
-2.901692095365098756e-01
-3.229549607117279120e-01
-6.527379714506599540e-02
1.459668282332825529e-01
-7.112171593013439930e-01
-1.812826302801805733e-01
1.409600539529210807e-02
-1.119517852973866967e-01
6.465537269272361165e-01
1.134451951363043276e-01
2.382106570133436518e-01
-1.956431739623084864e-01
-2.550419199038396201e-01
-1.104825106205969965e-01
1.781559924445548157e-02
-2.418827941509615609e-01
1.854456962158302358e-01
-5.987472615348835570e-01
-2.019650400053574907e-02
3.709952554445642425e-01
6.382478019021667892e-01
4.084068222234833456e-01
6.698093603987888001e-01
2.537543614547790316e-01
-9.917301299116360047e-01
6.603461800997537101e-02
3.872643641224949307e-01
2.640433988598490656e-01
1.035048294588464701e+00
1.959195293599995391e-01
1.703001627916530536e-01
1.477344767307386397e-01
4.035250965662881550e-01
4.386027619511519149e-02
5.322873936600599487e-01
9.532682984301986406e-02
-5.950681603653114049e-01
-6.040116414139845569e-01
6.824584020805889162e-02
-4.304061867538030994e-02
1.005587425295574773e-02
-4.353097776340526109e-02
-2.532015369295436691e-01
8.841199202416340219e-02
-3.415298938096978265e+00
-1.349779916389988281e-02
3.669116712331260688e-01
4.377615465274607431e-01
2.422758411788866972e+00
3.758151877991890433e-01
-4.532779712441586395e-01
-1.274512804674815813e-01
-6.124924810294007926e-02
-5.601222410982745759e-01
4.720992515831144432e-01
-2.983118705909914570e-01
-6.101210742307335844e-01
2.803350940042722561e-01
-7.257675341285324544e-02
-2.533957854495415551e-01
1.009387556610791270e-01
9.022646935297976706e-03
-2.782786162997472057e-01
-1.410399696424591287e-01
-3.294308731989582517e-01
-2.649711893203018226e-02
3.545672610256975221e-01
1.205087781229234045e-01
-2.487228698340315878e-03
2.216710063840402478e-01
2.330051848058273950e-02
-9.977396615720124373e-02
-5.725398301489387221e-01
3.008116159826534908e-01
3.165971415761315022e-01
-8.002771667545630074e-02
-2.227888743349820400e-01
1.052258764193126694e+00
1.253718143340827040e-01
2.953275580995414970e-02
-5.739832709448835363e-02
-1.773293450521256365e-01
2.816538245029411303e-01
1.635329784909288764e-01
8.312118647708207630e-01
-3.246605727226297561e-02
3.215062879725551492e-01
7.233957079106378973e-02
-2.373508184937795029e+00
2.242155857262644048e-01
3.634346226200597108e-01
2.392497402736299544e-02
-4.334524840519304173e-02
1.372962046836772865e-01
-1.781912004013206374e-01
1.464204652889880597e-03
-1.052316463550645037e-01
8.801101249559503126e-01
-1.212871904097858833e+00
5.835612643479192174e-01
2.032530468357672537e-01
2.694107694490642246e-01
-4.169005182595799108e-01
-5.283541376095463038e-01
-1.453566377981768687e+00
2.537601093051441437e-01
2.841073172508726152e+00
6.025289643081047086e-02
-1.868798727555559536e-01
-2.955717007868901569e-01
-1.110684311187072781e+00
-3.145381757924892718e-01
-7.459219877599984061e-01
-3.487726806245637912e-01
-1.146282388910690175e-01
-6.982427214061268650e-01
-1.396312471740500938e-01
-6.471642253471208139e-01
-7.847592395132203524e-01
