1.560947513649521279e-01
-4.198431770497179638e-01
-7.700990223469712515e-01
6.990382161094343960e-01
-1.250105750583583530e+00
2.099739602102753899e+00
2.439216676095806169e-01
5.912868136680026199e-01
1.844816551376187164e+00
-5.399744593937347847e-01
-9.301015082490046160e-01
2.776844189291876597e-01
-9.050968818573238428e-01
2.866405052051728686e-01
-9.884577830273710841e-02
-1.022423926125299448e-01
8.263898302871820478e-01
-9.332538384756166039e-01
-3.519124241823784471e-01
-9.674361319746461740e-01
1.218504231205559535e-01
2.083298391388136231e-02
4.617183313146160095e-02
1.280867988036206717e-01
-2.482705186900214522e-01
-6.541145298559410126e-02
-8.942576845269656349e-02
-4.296704739238622894e-02
-2.321552056690006499e-02
-8.668326880262494649e-02
1.474584588890973658e-01
1.726514340317085450e-01
-4.204397923147445426e-01
1.093845562211612360e-01
-1.855249898108668194e-01
-1.318646657444756398e-01
1.475922769766119802e-01
-5.176503073986901127e-01
-4.549877747136462647e-01
-1.368488602163422940e-01
-1.025553989510752384e-01
6.039001022579053579e-01
6.556716238012381126e-01
2.785320001795126288e-01
-1.957183014694576506e-01
-1.591296592959290157e+00
1.833560759624696390e-01
-6.013490244656408690e-01
-1.131398942127381346e+00
6.432663539488560067e-01
9.408443013514371511e-01
7.061426342845698867e-02
1.805783119960663319e-02
4.043537170399827962e-01
3.827752866334578896e-01
2.747635797016856340e-01
-7.058465725085601994e-01
1.753442618751638316e-01
-8.482809822927225296e-01
-9.127444660542056998e-02
3.999152296819732388e-01
2.752157400077108809e-02
1.759625088917793068e-01
-8.071670502234869204e-02
7.607084093782406908e-02
-9.806413292543514348e-02
-2.681201227526824882e-01
1.578094975933833910e-01
2.107398781758662853e-01
1.759049721201342079e-02
1.940048553998370007e-01
-1.586572719038015777e-01
-2.160242907547447466e-01
-4.017262624500206325e-01
1.096930378727475246e-03
3.685230084160434627e-01
-1.470789482786398483e-01
8.145683354216307070e-02
1.493588455187679631e-01
1.278636467299853474e-01
-2.070217496250069122e-01
-2.215697823088813301e-01
-3.535245463748434847e-01
-1.631144744151027115e-01
-2.899233549887685335e-01
4.015513553039356393e-02
-1.066153037977012052e-01
2.787577378895005759e-02
-6.230332449694653274e-01
-1.593365584263262136e-01
6.827482397829025274e-02
-7.497175338616657303e-02
2.152867194694501607e-01
-4.623509813314429784e-01
-3.719416499248681673e-01
-9.251199365798313395e-03
-5.919672276361435115e-01
-2.671773058297783332e-01
-8.345069422567913398e-02
1.603430014632560574e-01
-7.345865902203757569e-02
-1.779348869794624560e-02
-2.335408618430405148e-01
6.112630148144303222e-03
-2.176545511694818469e-01
2.736168618905386318e-01
-8.254110712644827097e-03
4.112597703457536169e-01
4.495922708348458301e-03
-9.950323174767706016e-03
3.625249863214624613e-01
1.031706423133465916e-01
1.674694866573762375e-01
1.702553676815837524e-01
4.535020266511498033e-01
1.253144492543476762e-01
-2.970742988188083689e-01
9.453066296824104778e-03
5.216123999074236822e-02
2.064932423121401406e-01
2.576597616567384286e-01
-4.681966025522399932e-01
-1.347151645282229637e-01
4.251600130134191025e-01
1.541597389238393012e-01
1.230113419475844239e-01
7.027832612841254656e-02
-4.764619205713241379e-01
2.006169896669106611e-01
2.262402618732561599e-01
-4.719159820683921924e-01
5.199160189413067068e-02
-3.520320332355891257e-01
-1.417738878367798272e-01
3.364122941727366867e-02
-2.674885400899924548e-01
6.145626497033085389e-01
1.852684793110600248e-01
-1.320621055473047423e-01
1.080780877076247676e-01
2.699264087519241406e-01
-2.225178337429335185e-01
-1.912421017935031775e-01
-3.844542302550252311e-01
-6.580343968666221843e-02
1.316157928005180500e-01
1.808734973355690945e-01
1.239018065077387987e-01
-1.722265963811584755e-01
5.139173824744891483e-02
-1.240876696363001075e-01
-1.588700333335051618e-01
-4.944803176695327651e-01
-7.247724824031893665e-01
-8.647629852442362264e-01
-4.563970862687783958e-01
-4.130990972287411078e-01
-4.875785226422319624e-02
-2.340994187925392600e-01
1.100518229121240227e-01
1.228713999362202915e-02
1.072371149505950694e-01
2.663619218609012407e-01
6.279595636157857541e-01
8.295902928634518725e-02
-9.015578269924492960e-02
-1.714041762168905247e-01
-5.941104909152747915e-01
5.053524476721471537e-01
-2.433968463654494485e-01
1.833708839128488643e-01
-3.116162524888299590e-01
4.955661558245858661e-02
-1.802453082894928116e-02
1.553622280645844622e+00
4.467045278766116345e-01
9.071175030929038430e-01
3.552638742484135470e-01
6.772825957775527872e-01
-3.612116243620500100e-01
-5.404059004995787063e-02
-2.254747685824035897e-01
9.667228413779314911e-02
2.034625023316943560e-01
-4.588091483588171288e-02
-8.958650347219077048e-02
-1.258497075560583156e-01
-4.143790755983304264e-01
8.003745982271089077e-02
2.985261067980977123e-01
2.440629707735172682e-01
-2.328805765699438479e-01
-1.231005345029340253e-01
2.861989512448294137e-01
2.280129834711547565e-01
2.155679986604823808e-02
1.977957713713569543e-01
-2.325231226660589429e-02
1.705967652039381000e-01
-1.062644037395974878e-01
3.584333412266880320e-02
-3.571572265701613014e-01
8.168941149762160014e-02
-1.397163080853672523e-01
-5.875219246420277930e-01
4.303535542829257654e-01
-7.711561227806805474e-02
-1.900422262532469250e-02
5.231892951708962125e-02
2.793349246133158825e-01
7.989308019637661462e-02
3.737998352007987912e-01
3.753197382522134307e-01
-8.734690003026732152e-02
-1.674435757625116761e-01
-5.368318722333352833e-01
1.545352404453503303e-01
5.833937076970992924e-02
-2.233635591486202721e-01
-3.204590670191856394e-01
-1.821090677207520825e-02
-7.915105866976548943e-02
1.828397868385254477e-01
2.917148605564913177e-01
7.535908497402545037e-02
-3.215465745342710457e-01
-1.087243478485962200e-02
-2.082246485886712073e-01
-3.300600944368529688e-01
1.715747115346811513e-01
-8.091192372213033002e-01
-4.485300874576248625e-02
1.190169604264303127e-01
2.832813846004079705e-01
-2.213608768330637966e-01
2.063787880300977096e-01
-6.243504948522474174e-02
5.046612912018842989e-01
3.137720403116855405e-01
2.849549135185315274e-01
5.688873032898986160e-02
3.984622480417532864e-01
-4.581882657161663874e-01
-2.298971350641112465e-01
3.025286996980245946e-01
-1.130982913499995884e-01
5.218301424119116128e-01
5.437541932448936022e-01
1.812439052498536485e-02
-1.590491187967690290e-01
2.285367371624436039e-01
-3.669229700433386532e-02
-3.075638138748095218e-01
-1.000094305417769253e-01
1.684522428393037952e-01
2.923035338102081826e-01
-4.220715730821233969e-01
9.238515435665389797e-02
-1.618657886896852360e-01
-7.730117966459346124e-02
-5.219611689770792956e-02
-1.313527852532999363e-01
-5.800970960647560126e-01
3.582368186014627809e-01
-2.527711714283392697e-01
1.672631323059125819e-01
1.825048770109103935e-01
2.625029242558158948e-01
-2.501220863867968380e-01
-2.393927756706611988e-03
-1.630928921246114771e-01
2.194880159468843017e-01
-3.050406229775247738e-02
1.382847750882577609e-01
-3.015162847075288366e-01
-1.190400102218611561e-01
-7.611288027987288540e-01
-1.233084901028680402e-02
-3.068257805142127759e-01
-1.521132137761753433e-01
7.617739268689048548e-02
4.802941759935309279e-02
8.371062595951032081e-01
2.112656308504000727e-02
-5.189275006876461482e-01
4.183223364057091498e-01
1.617476390120813068e-01
2.355587769100286055e-01
-7.773299179711663787e-02
-1.492599706191157227e-01
3.632242769709095320e-01
-1.728927627712908699e-01
7.310520766998018782e-01
-1.842552016858727826e-01
-3.383875765680379941e-03
-6.437521609798195765e-01
4.201318713635353308e-02
-1.722041657758796585e-01
-1.838116954611593301e-02
-2.961548003787326661e-02
1.424243261186391996e-01
-2.771987986318152908e-01
1.260791837422363948e-01
2.085821953905449277e-01
-2.676105551092091139e-01
1.686419187616255699e-01
2.495838163143813682e-01
3.534253699809654092e-01
-3.792620935184895514e-01
2.914474558237515889e-01
3.761552447550595701e-01
-4.263295967144195564e-01
-1.345692693851443522e-01
-5.049098282786246283e-01
-1.221931589697556331e-01
4.904851362001858006e-01
3.826580629489663519e-03
-4.996604844317897171e-02
-9.835954157011640719e-03
3.313645697276115798e-01
4.059725585370769357e-02
2.277287809008937958e-01
-1.141646828589369840e-02
3.257717769679420727e-01
-3.956059115592550635e-01
4.424095806813588445e-03
-2.763211558057618866e-01
-6.107448914976568166e-02
1.725299602956839942e-02
1.998673585023000021e-01
6.748608573805600086e-01
-8.097579565453778827e-02
2.358512458877530249e-01
-4.877590912989694938e-01
-3.113279531186513016e-01
-1.540003678342135862e-01
3.696642128767038127e-01
1.741159543984055480e-01
-5.272480998797748897e-02
5.499694024666176295e-01
1.621902204529758196e-01
-3.016208374426281313e-01
-3.869737715632137753e-02
-1.383849525296111938e-01
-4.006059064390883329e-01
-4.654078707688604627e-02
-2.714968325079850642e-01
2.228698441566975552e-01
-4.368864877015812276e-01
-1.584784204640369565e-01
-3.747187439953927196e-02
4.173042205678804684e-01
-3.717248192321934708e-01
-1.613028794258059562e-01
-4.958974385063893986e-01
-1.782342389363482105e-01
-4.102449901995022241e-01
-1.886696707341249668e-01
-3.153430737138145368e-01
-1.642307540206572047e-01
-1.093331885284992144e-01
2.635568312384881096e-01
9.839304863674792900e-02
7.582746597788397880e-02
8.878724685295942554e-02
3.127329648395218431e-01
-1.477289211780938999e-02
4.121388075042409227e-01
-5.264688207327367087e-02
1.484160874078660763e-01
-3.205787315451631425e-01
9.176630682506359271e-02
-4.611451535098832349e-02
-2.005699219184367277e-01
-1.759466663760384519e-01
-4.210096008446712057e-02
2.874080226589877107e-02
1.472507722069030800e-01
3.190376012981151199e-02
1.014302132120045025e-01
9.696907687550412880e-02
-1.367470976346320255e-01
-3.481307503288449401e-01
-2.202839565850413517e-01
4.000321547013604984e-01
8.308735469062115964e-02
4.209160196191891745e-01
2.019640452739892011e-01
-1.445958234562166045e-01
2.110964970178541844e-01
4.735297179604903151e-01
3.001665234552562400e-01
-3.030500108707502860e-01
1.333341274601210213e-01
4.336102448624631900e-01
1.915314893962137832e-01
5.347969275692629476e-03
-9.442992166770747264e-02
-5.478092497409436934e-01
3.228284527279531163e-02
3.504393221513703999e-02
1.008555009873835784e-01
2.632729401071414732e-01
-1.540342712860944541e-01
1.804727986628665848e-01
1.551557081356081669e-01
-8.674990406973451251e-02
-4.474836631108869422e-02
1.246434323206177253e-01
-3.219477747458874828e-01
-1.228711549507466999e-01
1.149780127771963395e-01
1.073894807478669861e-01
5.172922100480357305e-02
2.249849514228192404e-01
4.406120419217857131e-02
1.708335307236440170e-02
-2.187669569559127503e-01
-1.146510803313948446e-01
-2.122921421319986790e-01
4.961570292930598397e-02
-1.144769819106818548e-01
-5.315498002995552862e-02
-3.206364577489033696e-01
-3.919529373973809072e-01
-3.408899880254094850e-01
1.903614510031074736e-01
-1.349403091859809334e-01
-3.375286926192537784e-01
-3.658113777949403289e-01
2.567894140692005278e-01
1.813620179815373101e-01
-6.395142865312418712e-01
2.719740563834454616e-01
-3.159439662286358530e-01
-2.267515505498191308e-01
-1.567265085008693049e-01
2.853965228399341636e-01
-3.140171211633869808e-01
-1.862949547087851265e-01
9.007952475089217592e-02
3.400768426446278414e-01
3.886178509995156377e-02
-4.049888024278205934e-01
-1.764318539580825018e-01
-1.348234070969564213e-01
-1.927075815221039601e-01
2.167763976302599371e-01
-3.048305187992583765e-01
2.531538718368410712e-01
-3.649356983119867587e-02
3.439380252254780612e-01
-2.384902797705129585e-01
-2.330160300195965872e-01
1.141264877694898178e-01
1.132832279208936671e-01
6.168971617648297268e-02
-3.547884233536364312e-02
-1.542843409056190163e-01
2.463867306211144914e-01
-4.458367793472265556e-02
-3.949547445426813130e-01
-2.505603654760243382e-01
9.926235756000900690e-01
-1.477532825600212096e-01
5.244676553067402214e-01
-7.659041589517804338e-01
2.143174437724192638e-01
1.562123828452981200e-01
4.902663526250023440e-01
-8.170703003999038039e-01
3.759989415272567415e-02
5.313419886807246861e-01
5.694445960976772803e-01
1.378761855045113616e-01
-3.421879527677037514e-01
-5.731372687514271203e-01
-2.924803160307229422e-01
1.197875209037975175e-01
-3.037171173375715141e-02
-1.289777127584028349e-01
9.225080041605815406e-02
1.826681835050597003e-01
-3.139785801557433698e-01
1.108876064022784463e-01
2.367192118247802290e-01
-2.842639351783345439e-02
-1.373520652948001519e-01
-2.769897052041426222e-01
2.936291161453339904e-01
1.057940789040571483e-01
9.464563512699895875e-02
-1.488807965260496580e-01
9.542839358100141389e-02
1.985677495350154087e-01
-1.312303313911271641e-01
7.213670848405363822e-02
8.809357087447179657e-02
-1.736577539671196602e-01
5.313477162279499344e-02
-3.360273244923832059e-01
1.179425979985500444e-01
2.493119067848237613e-01
2.540149644026313824e-01
1.377891612756613482e-01
-5.596867678447297045e-01
2.018835779305611089e-01
-1.073875904341929318e-04
-8.421791868462269459e-02
-2.990616412974837490e-01
4.240290929592129693e-02
-1.321924758624719864e-01
1.265953859863978015e-01
2.676815739629750945e-01
2.291807985536269410e-01
1.861884295189354110e-01
6.517273041684893409e-01
5.468912283512732397e-01
3.444321608792349498e-01
-9.792831915423917677e-02
1.524294944400919893e-01
-1.371728538579958523e-01
-3.088794549856601138e-02
-1.125381455045519757e-01
2.675230042236301231e-01
-1.727707494389094933e-01
4.580091461158351529e-01
-3.429853729215239649e-02
1.734468981776969843e-01
5.508692731900795281e-02
5.946705733324885168e-01
-2.454051244892401229e-01
4.342205544233365133e-01
-2.352221471566035282e-01
-1.788755624098576913e-01
-3.807810908723169852e-01
-2.680397113177885871e-01
3.844405723798704350e-02
-3.954967664982284026e-01
-1.937500470149191301e-01
-3.862555296439976749e-01
1.997224497093809670e-01
2.915340782138870490e-01
-1.480405106286689920e-01
1.254864178144526055e-01
1.126943193492293549e-01
7.988086186146331480e-02
-4.178850835332209024e-01
1.373762095505851599e-01
2.323351399935025818e-01
3.480673636853733321e-01
-2.307669390811984411e-01
-1.662141348611151925e-01
-7.010483411343184645e-01
-1.637416546508228821e-01
5.017506791994464505e-02
1.322734081109612214e-01
-1.797754622839138339e-01
3.943034358394253425e-01
-5.720347481888414798e-01
2.183369794646609074e-01
-9.617762320402772902e-02
-8.084912989916656634e-02
-1.194057343324871415e-02
4.390383526530115543e-01
-4.753612715658975807e-01
-9.882970660283427189e-02
1.646936063770055303e-01
-7.897974043336471184e-02
-2.083421094554601533e-02
2.695467755806711940e-01
-1.591856779986202952e-01
4.269278913491279109e-02
-1.312128371127049276e-01
9.236831544166661245e-02
-2.124908100330915039e-01
2.801965156203848895e-01
2.142659913970594021e-01
3.121518460926638872e-01
-2.005993475336361742e-01
-1.672449080265880350e-01
-3.112075241856304131e-01
3.464220617643951061e-01
-5.870079938075680737e-01
-7.919133780823436886e-02
1.699418155139044706e-01
2.231339282031142290e-01
-7.336395617351822163e-02
-1.783231626020055915e-01
2.517544740828781338e-02
-2.303661082911001301e-01
-3.297153910588796616e-02
-4.546642091845652656e-02
2.827982240425694904e-01
1.723028323677422424e-01
8.110234531584860351e-03
1.908076140310636104e-01
-3.124540435461694785e-02
1.891965178621463350e-01
-1.353194493124899346e-02
9.949832091239785292e-02
4.694438539226230556e-01
3.442260493593837789e-02
-1.346390701195435691e-01
6.425999674396952292e-03
-4.784630523248200595e-01
2.137814496702538369e-01
-2.515560594230020763e-02
-1.129824092176398009e-01
4.413522644838122760e-02
-1.055095836335492587e-01
-4.934332386272802240e-02
1.311802119632743957e-01
1.384402013265342846e-01
-6.485814825139979423e-02
-1.363192775613170094e-01
1.021236387024500869e-01
-1.769812002392598671e-01
-7.571271784023583806e-02
-5.894683030455880740e-02
5.301162424128822437e-01
-9.551361411878983576e-02
6.833021630870428353e-02
-4.910581542115513010e-01
-5.538860291314594980e-02
-1.255521611004740690e-01
-2.050115897505621065e-01
3.334015093790647088e-01
1.036802876245301319e-01
-3.436272487660450015e-01
-4.210156462020084311e-01
9.948091355435799421e-02
-2.124614617982255038e-01
6.170503259015612807e-01
-9.565831084107258298e-02
-5.514508711591820794e-02
-8.759903158662089850e-02
-1.995604024794850884e-01
7.527519237674399344e-01
-1.502516775342665756e-01
2.782027073678192131e-01
-4.299295409315776473e-01
-5.738381634089834149e-02
6.554130767364939325e-02
4.438609802405826810e-02
2.368514274244113565e-02
5.274627674175666470e-02
-8.354748032127398694e-02
2.001399087263567023e-01
1.636172656135990652e-02
5.325378067892976297e-01
-1.410584709834138695e-01
1.901493508856594850e-01
-7.203494570030978539e-02
4.817672110873357227e-01
-4.437358735602756760e-02
-1.829657993795242854e-01
-2.762652679109295351e-01
-3.491521298108988813e-01
-1.520558825490231636e-01
-5.018072580090496837e-01
6.910563917973229220e-01
1.242829387495988924e-01
2.147358827710691039e-03
1.830286322500237692e-02
3.559414055886886974e-01
7.343332146445635811e-02
-1.895613551040940259e-01
-3.669377339411614147e-01
-1.748226367832904915e-01
-1.896443675129030615e-01
-2.567332703910830127e-01
-9.592443545276466144e-02
4.175855738604736245e-02
-4.513155906124674890e-03
1.645778199517828611e-01
1.163394610727377064e-02
4.726728348375431460e-02
1.585200038566901282e-01
-1.089113898864962210e-02
2.051910499901903884e-01
-8.762772271573865401e-02
-3.195342397046090355e-01
2.633398972812558414e-01
3.740230126971442748e-01
-1.210241123619877901e-01
-3.802626162986396108e-01
2.511260775177661109e-01
1.006400636878866384e-01
1.045947438415234382e-01
3.137060638737103058e-01
1.244350711618363303e-01
-3.255904827383507283e-01
2.064988014022652030e-02
3.688584976725824416e-01
2.460900242333144416e-02
-2.009918785052163537e-01
-1.824502243210755215e-01
2.355757661316759677e-01
3.010692084100806687e-01
-1.975186790744465626e-01
3.480492179546471609e-01
-1.973399798926482873e-01
-7.042999711373611194e-02
-4.102161516975180167e-01
-5.858547855756446321e-02
4.428747145503350580e-02
-4.651403117887296101e-01
6.402264948945748935e-02
-3.523617703577425903e-02
-3.846150139748397701e-01
1.214831821936891293e-01
-4.146731364300585976e-01
2.418848450247734760e-01
1.154046477071160870e-01
2.132809832324105703e-01
4.210975533277713789e-01
-5.221031412570928953e-01
-3.576686999179447546e-01
-1.246159500250354352e-01
1.390089818586650317e-01
-5.041903815992549998e-01
-4.301607264017329735e-01
-1.336982535883202150e-01
-3.136114396312152941e-01
3.853256470748107620e-01
5.113555621037204624e-01
-7.543249640818522339e-01
1.821644195097959218e-01
-1.015302846367930056e-01
4.564619125203192018e-01
-2.036121396257398741e-01
-3.827386319557899569e-02
-7.517921835814759257e-01
-4.013308341019629355e-02
-2.586676088284322467e-02
-2.803369813921547382e-01
-8.316116107689838777e-02
1.645554757326219419e-01
2.514858309688984828e-01
-2.158542005389677831e-01
-1.857368531312626053e-02
4.624035306497060183e-01
-2.926856829944399774e-01
-9.128938829352435669e-02
4.701405342930324305e-01
-1.043559904538156613e-01
3.761818312656352303e-02
-5.506982506955669932e-01
8.798432441631998113e-02
7.810310598870601195e-02
3.888926645601447629e-01
-7.845943320721353309e-02
6.051901438167853753e-01
-6.821776843743659891e-02
2.470571863549528568e-01
7.869455046431744760e-02
3.029349657702616883e-01
2.319333127590488819e-01
-2.902508098155737182e-01
-7.087660355736291606e-01
7.825030366123107706e-02
1.182383158654972191e-02
-1.836832524433792413e-01
-7.196013049698093411e-01
6.144202623179548794e-01
1.013270265613343823e-01
-9.559441458599833574e-03
4.651394348961403469e-01
4.436186650714437629e-01
-2.431913210646931556e-01
3.295185477067983926e-01
-1.798192906882420394e-01
4.655658000084516579e-01
-5.777903528348732332e-01
6.591916395683010688e-01
-2.596645752489019632e-01
5.423248631326788027e-01
5.220542798805917206e-01
-3.494201718972246296e-01
-1.937831621223222445e-01
2.260440149632796381e-01
-4.045864030780361997e-02
6.941340703696792513e-02
4.778508566740132246e-01
-9.578448423363292163e-03
4.297359659348152783e-01
2.163155931330465187e-01
5.778798245443196070e-03
3.302057614130913810e-01
1.637839696836655701e-01
2.169726235250572233e-01
-2.512007877226196118e-01
1.673752947981859973e-01
5.718884503952318538e-02
4.342844808858566386e-01
2.287659353317882671e-01
3.909735504495750469e-01
-1.780697734270473565e-01
9.222782971204991978e-03
3.212492822170099904e-01
-2.306533154308472999e-01
-4.104881520269290096e-01
-2.697421561680833357e-01
2.392578733625270182e-01
-4.717426082406722121e-01
1.173195480025850529e-01
-2.750273487250166071e-01
-4.286555819281232527e-01
3.093434109981853530e-01
7.745199997896331512e-01
1.269255651739068791e-01
4.423617839449159317e-01
-5.875079305803244667e-01
6.410299184080110735e-02
-3.627992284789141597e-01
2.407480230450722569e-01
1.100008636898300723e-01
-1.578571426106451514e-01
-7.795266357932130463e-02
-3.569732230922717520e-01
2.197163299401864445e-01
1.790064374843371164e-01
-2.972806926651438281e-02
1.810624376572118333e-01
-8.274550979827488550e-02
2.869910985554242622e-01
-2.876586408590496302e-01
2.209278139633090166e-01
-1.401670701912043071e-01
1.409936148280532542e-01
5.884248232058751638e-02
6.565058920840530221e-02
1.118996210046021011e-01
-1.023702062936648061e-01
2.223210041628139733e-01
-6.584913972569236829e-02
4.271659521123045700e-01
-1.054032990802749870e-01
-1.601315402189014414e-01
1.712183409130898226e-01
4.785053611467988272e-02
-3.206477534016000108e-01
2.064994504816352883e-01
-1.512203150478863382e-02
-2.451897271191053607e-01
-1.087765258971705312e-01
3.623072717935908044e-02
1.760797710126029703e-01
2.833290937093572992e-02
8.746345350833496790e-02
-2.384360221407902033e-02
3.016269852967097265e-01
-5.451800483811405362e-01
-1.002480485021294415e-01
-1.266433485108966472e-01
6.045104128335389293e-02
5.540516575591932780e-01
-5.433265394752095218e-02
-3.290904271113962998e-01
-3.419173995133243521e-02
2.398600860189031847e-01
4.724005744203551953e-03
-1.618954381848027035e-01
-3.376591279256401790e-01
-9.835741528258594435e-02
2.375722156222767056e-01
-3.231357007987858410e-01
-3.442621987944918110e-02
-3.279872842460618276e-02
-1.270001720936581036e-01
-1.630313538757914571e-01
-1.649085803341113210e-01
-1.724369351304483877e-01
1.785054986543079814e-01
-7.060370196780624275e-02
-9.132619289085862346e-02
8.675246470725408998e-02
-2.403911992929798069e-01
1.840779868495406035e-01
-6.308727192295348063e-01
-4.679532161644830990e-01
6.428559862239398015e-01
8.329670358796997798e-02
-5.839269007044525228e-01
5.258125959340690381e-01
-5.867517438680169145e-02
-2.230659608567001628e-01
6.200745548794362599e-02
7.036392590488041998e-01
3.995499306427209574e-02
-2.681553667939264307e-01
2.072140092863314353e-01
-8.455833509315665575e-01
-5.244242006458805783e-01
1.857981954296457905e-01
-3.821531321923105334e-03
-1.437347037767015001e-01
2.048037676979941601e-01
-3.995028804519313304e-01
-5.946808292807475027e-01
-4.969966184361677142e-01
8.942740120255457392e-02
-4.571962895138177996e-01
7.279492305735457691e-01
-6.255643342743660851e-02
2.067099563068139634e-01
-2.193048960163094807e-01
2.305909184088041353e-01
-1.872746957496423670e-01
6.657184905439060552e-02
8.629722238978692131e-03
-4.633826560142821349e-01
-2.152028092346709442e-01
-1.703367762471122426e-01
4.013397482594430188e-01
1.079371795469123291e-01
4.259897644752734802e-01
-8.528236859279912652e-02
-2.330377597253621008e-02
6.043605077436301487e-01
-2.114684659884716322e-01
7.221504688684177165e-02
2.634148407373529399e-01
3.038268210714245923e-02
-3.534294654260900503e-01
2.199583848729871893e-01
-9.472552633412791023e-02
-5.646888248200203630e-01
2.109133038389885972e-01
4.662395087392464665e-01
1.353458385030336109e-01
-7.843678618611357733e-02
1.452487123154166115e-01
3.211333686628692341e-01
-3.928522425565427190e-01
-7.721041492520146210e-02
-4.249297551448269483e-01
-2.176154156140441553e-01
-6.748714044259604937e-03
9.527375761879179616e-02
3.359686529474412153e-01
1.886474307932828054e-01
4.524486750579571198e-02
-3.537728736992574174e-01
3.937884444573087617e-01
-3.375466605667843956e-01
1.211668750631990921e-01
-8.162781713987088406e-02
1.121406888380007370e-02
-4.217263900601592869e-02
9.609219351002706855e-02
1.058093967469375257e-01
-2.830086552291574686e-01
3.355095074882989969e-01
-4.025537070319392119e-01
1.351705082705380867e-01
1.101038918003712785e-01
-1.971441456065818609e-01
3.173162000827265544e-02
-1.379525440394998026e-01
-4.244989352866221921e-01
3.410241861099422289e-01
7.969461461571342165e-02
4.428076349369838849e-01
-5.846030727490658663e-01
9.492127994169050065e-02
-2.840547388048291280e-02
7.924895289922123665e-02
-3.449619959707160843e-01
-3.537845940686802915e-01
-8.373214293377885531e-02
5.494883201496343350e-01
-3.377045813157260601e-01
4.543971945084991637e-02
-3.465236735262593876e-02
2.610558167902346516e-01
4.742168588344150906e-03
2.400203153130366640e-01
-1.116493843094480548e-01
4.005168253397594635e-01
7.071816023041008203e-02
-1.246511043207003920e-02
2.505498641239447544e-01
3.782945109055876887e-01
-4.329008340612063854e-01
-1.316951221476151956e-01
-2.088965926772355375e-01
3.770111907525822842e-02
-1.600190473701810223e-01
1.777389904477386928e-01
-5.385029839815393959e-01
-2.821002328794336433e-01
-8.330521853409024458e-02
-3.189128139060872225e-01
1.328777864023328592e-01
2.034003312073287273e-01
6.594314265259270114e-01
2.856941775203584721e-01
3.299654852203955380e-01
-3.634770994144257417e-01
-6.577403601968093150e-02
1.341379127874768040e-01
-1.965034583672872204e-01
-1.497584053911400759e-01
-1.268958695730380837e-01
-1.065517984535165469e-01
-2.963878755932673748e-02
-2.752289252456646684e-01
-1.878998721035474509e-02
6.109037078816803579e-02
-1.482501828972088154e-01
-3.526946000270309578e-01
1.515263647176090245e-01
9.604389168848806446e-02
-2.788044666809491035e-01
-2.019027701807200870e-01
1.354906892937651763e-01
1.511658198324287126e-02
9.234207531532637181e-02
-1.366357526381402065e-01
-1.535992635947551754e-01
-2.166860447953805058e-01
-1.695156322386347572e-02
7.027477620026269245e-02
1.039002885141658006e-01
3.762046493533770242e-02
1.218799362561532040e-01
2.941054495768595234e-01
2.252219105765627671e-01
3.214259699104977663e-01
1.780256333916171996e-01
-2.577685310544488018e-01
1.468794459339120839e-01
4.067099388205868138e-01
-1.569185460432960255e-01
-4.398911530548645921e-01
-1.014358172157291682e-01
2.783057995732093892e-01
2.365578155421491635e-01
4.661896480461700382e-02
3.484373390866618014e-01
-2.686728425682596288e-01
-6.031561789370034482e-02
2.101928748175206918e-01
-9.856736922330877615e-02
4.891500262828884366e-02
-1.515076813390610067e-01
-1.109738235175763282e-01
-1.437332983741653747e-01
3.841264507723493593e-01
-6.852442033754821415e-02
-1.608749641853044754e-01
1.870965165846359413e-01
-1.715910756881023486e-02
2.444810362426539929e-01
2.314297257296410726e-01
4.086869805995846372e-02
-1.648590292180948658e-01
-2.502795343312833043e-01
2.027202470565292181e-01
2.234698831819884046e-02
-2.082829457683121055e-01
1.161411319435321776e-01
4.427721410228337984e-01
1.319655942020260542e-01
-2.100612954199565230e-01
-2.700310518209965149e-01
1.577060495798790207e-01
2.102735188826178325e-01
1.690529563103416455e-01
-1.472208499484151667e-01
7.411298886537508179e-02
7.109908254499491820e-02
1.162731380257240599e-01
1.971929658792201112e-01
-1.042886817754782591e-01
-4.417594397571544124e-02
-2.010486302050126795e-01
-6.149098054322332634e-03
-9.219233568766861675e-02
-3.276233406739401111e-02
-9.046323891199734013e-03
-1.042423043225205043e-01
-2.879620364635629079e-02
6.253277639778687114e-02
-3.238236062426837203e-02
9.324920039861095411e-02
4.605683447599030478e-01
-3.490180106861317522e-01
1.102012180002362104e-02
-2.885719713016458021e-01
5.138734470905655799e-02
-1.978550502212680084e-01
2.199917451434879254e-02
3.118256072979554427e-01
-1.545289082042739515e-01
-3.278286875187061966e-01
1.315582930398252921e-02
-2.602877013692939112e-01
-3.229275538963762848e-01
1.172963299196134491e-02
-9.767074936061545531e-02
6.485483404609537761e-02
5.980804267180155342e-01
-2.645465030589290722e-01
-7.682326424399074649e-02
2.025867426809119243e-01
6.029637280780338893e-01
-3.683098220780174348e-01
-1.050927835981339993e-02
5.383888994048048326e-01
9.208291958589498449e-02
2.085897625584561266e-01
1.449399035587185802e-01
2.176941116886339234e-01
-3.621018200025810652e-02
2.272066563819310492e-01
-1.527441261427791089e-02
5.989793040479574754e-02
3.411151498729240311e-02
1.186597447792073212e-02
-3.464365112978067818e-01
-2.436240534922082812e-01
-3.674256190596899008e-01
-1.809971890867499156e-01
-4.743339784522593305e-02
-3.459575980245629401e-01
-5.398489439090849856e-03
2.189288782981827497e-01
-7.141053854028792634e-03
1.560827181602951301e-02
6.814933279990346982e-02
1.832526933363173571e-01
-3.981984825932613145e-03
-2.080707285223810932e-01
-2.133779410382437378e-03
-3.949661245822404937e-02
9.756646749885065917e-02
3.127557782646460671e-01
-1.998364251810490488e-01
2.556248595502075838e-01
1.013881536491992169e-01
-2.519171268459182711e-01
2.053510008088312855e-01
2.003634207143421275e-01
-1.358407085039816942e-01
1.026804664486290208e-01
1.184207663522841431e-01
-3.372819100050399310e-01
-8.580712660591049978e-02
2.688692953996183466e-01
5.990894083496219741e-02
-2.725686930064604926e-02
-8.396499403058245437e-02
-4.735705719733510760e-02
-2.049054369975298606e-01
2.488528859374772029e-01
1.571987594275335853e-01
-2.335890497380722353e-01
3.223367827304809974e-01
-1.512456858180912245e-01
6.815133990145125220e-02
9.010721117975720174e-02
-7.164208581390720809e-01
-3.142287221935058938e-01
5.964481029237160836e-01
-1.331725631656422160e-01
-3.260229027125400858e-01
4.892699382966889110e-01
4.491254075001611668e-01
1.578273714427076702e-01
2.029163030678367979e-02
3.646007303019557777e-01
-4.733574393141119496e-01
-1.626216981401428213e-03
3.636446877437458647e-01
-2.520850843261551177e-01
1.209414052584453503e-01
-3.347428432971501222e-02
1.159192653936437362e-01
-3.908963075053193403e-01
-1.525143016493718529e-01
1.486328905240934771e-02
3.680425458854961196e-01
-5.628059071864677243e-01
3.450615847587117785e-02
1.396078686902884058e-01
2.960797599609633624e-01
-2.351769947076981157e-02
8.001642876563612450e-02
-3.222725801455487149e-01
2.676834536482576299e-01
-1.581144658695250449e-01
-2.148299161456933559e-01
4.394542315547516620e-01
3.829674655691958640e-01
5.913826167538126233e-02
2.835016385294311658e-01
2.365318957851499371e-01
6.725597690245789240e-01
-5.101079448994293858e-02
-4.748475240300132350e-01
-2.648438344195450656e-01
-1.014049568879973107e+00
4.842788430047256093e-02
-5.242999772433344363e-01
2.034830895055897773e-02
-9.569423406775096064e-02
5.993553572126094631e-01
3.967378554695172310e-01
5.095255455625496283e-02
1.040833144487341294e-01
3.560032926672583309e-01
3.174273723376110357e-01
-1.762454933199490703e-01
-1.296053369548009204e-01
-6.617864600303363654e-01
-3.732113492757124784e-02
-3.355595275636248376e-01
2.197967251659598276e-01
2.068966498413623845e-01
-3.020445942529831340e-02
-1.117295743339086350e-01
4.536143937476890819e-01
-7.449835813492031167e-02
7.052390638255619237e-02
2.198126735139430965e-01
-6.103277157109243678e-01
-3.362369221000456876e-01
8.103402372157231248e-02
-3.273391699970389090e-02
-1.524295830488113512e-01
-2.826789790617912912e-01
3.686527460085636809e-01
-1.926724576820237067e-01
-9.164646509851685774e-02
-1.447912053830518464e-01
4.845759148320198939e-01
-1.088088941632738560e-01
7.513079674504603844e-02
1.666949713702194358e-01
-1.578201189988013842e-01
-2.569460333396396123e-01
-2.521331598620536463e-01
-3.308905725899428663e-01
-1.700666115139536361e-01
-2.548167043722412428e-01
1.745372000286925795e-01
2.246914010619944779e-01
1.684477214492898223e-01
-1.635815894771195378e-01
-3.003881045221614143e-01
2.338708501875396417e-01
2.094654911379358608e-01
-1.307795266656351374e-01
4.437996632146068432e-02
-2.360373772682322346e-01
2.534666859445063314e-01
9.361412773288707578e-02
6.892458951636499798e-01
-4.016773795189447771e-01
6.240407078462034685e-02
1.217059316916383749e-01
-5.661706929954147816e-01
5.268161691699246862e-01
-3.363218078329808791e-01
2.107025780398311399e-01
-2.552509769407901308e-01
4.366086720470913063e-01
1.740219353850363387e-02
1.094407341663973347e-02
-1.144824617388412180e-01
3.208446802043840029e-01
3.115563306979940439e-01
-3.799150553705578082e-01
2.045203009153194751e-01
-2.263635333322411292e-01
-1.856637684225472262e-01
-2.292458086912195492e-01
6.875409449002294060e-02
-1.185907075073693862e-01
4.291964792210047758e-02
8.519675323382394638e-02
2.873250004417488568e-01
-9.903355622422184423e-02
-1.088206538995973582e-01
-2.804442896961936715e-01
-1.255336338335393820e-01
4.506176238480418816e-01
-1.069665700956652366e-01
-8.410197330045647568e-02
-3.537006080365715510e-01
1.745458955112906552e-01
3.509679445458379482e-02
-3.890842781321472987e-01
9.723964265099774296e-02
1.282705090591659269e-01
3.746473528027452482e-01
-1.655286651559265965e-01
2.542683420035477329e-02
5.045866040652754458e-01
2.220078105313403119e-02
1.728914692779484341e-01
-1.677485141868600149e-01
4.829235918088478074e-01
-3.628996728116232195e-01
2.705872702066052238e-01
2.076728835671318163e-01
-3.320888931038058073e-02
-2.533166148899597125e-01
3.590285533565565346e-01
6.278630181471059890e-01
-4.379951827388402497e-01
6.506398607757412078e-01
-7.700961787578906037e-01
5.710787120281567847e-02
-2.781632609582241900e-01
-3.342525919546400770e-01
-3.719258221356665506e-01
3.307597494644530789e-01
-5.027907537077579425e-01
-5.697645155848568566e-02
2.903146125281133583e-01
-9.476562386185671816e-01
-5.161995808570745137e-01
7.696137745258080365e-02
4.045019494403894744e-01
-3.568422704692141845e-01
-6.409961851741743377e-01
3.241352666911934133e-02
1.710168150371354709e-02
-1.911770130011159197e-01
-4.586156374956833481e-01
-3.788974598155410156e-01
-1.555141726240851507e-01
4.735705444698639077e-01
3.737607874436207900e-01
-1.931136842609884885e-01
-5.507282962830461343e-02
-3.464929076482490405e-02
-2.597150236628268383e-01
-2.935744164936394517e-03
3.488986492953305429e-01
-1.065185390971881280e-01
3.578170562781163300e-01
-1.010717113598200295e-01
-3.960111874373932750e-01
-6.226034994377040166e-02
1.230457968269793034e-01
9.414581528184046144e-02
-1.993311940568574109e-02
-2.619913261329471221e-01
-7.060796403370249441e-02
2.152866465904713922e-01
-9.547142506109638355e-03
-3.455903239862653242e-01
2.854506775763610005e-01
3.000311287275198024e-02
7.931451070018712135e-02
6.072229354894093101e-02
4.935960732918269200e-01
1.806027710612646484e-02
-7.950035005737673965e-02
-1.464097690342607873e-02
1.393242190088438970e-01
-2.638699088861256592e-01
-5.955592350967325865e-01
8.490031818343095338e-02
-1.152979632934723331e-01
3.683292444462044624e-01
-5.436978458739277764e-01
-1.047412765563367071e-01
6.054148283509084433e-02
-1.926885231469115112e-01
2.349306825462088022e-01
-5.224488643453938375e-01
-2.568228664050825061e-01
-4.182591973951393927e-01
3.703795361289091703e-01
5.276184256016732549e-02
-1.859185566085615471e-01
2.984730523029299754e-01
9.206714920002187497e-02
1.416950859278389430e-01
-1.213496620257800418e-01
3.417981826130224721e-01
-2.618508979206175535e-01
-1.295527967182325511e-02
2.989650482917489971e-02
-3.963284995329229843e-01
-1.742120492970761492e-01
-2.221287338879689988e-01
-2.738589281503975292e-01
1.224408596032547231e-01
1.990257807528381107e-02
-4.319243501707633048e-01
1.305149245707916683e-01
-1.643224198694059023e-03
-1.985785716776831134e-01
-2.673854949539249959e-01
-1.556519418037888847e-01
3.443574220627438898e-01
1.166514630194389196e-01
2.194385053765099403e-01
-7.797354508699924636e-02
-3.573706009177242127e-01
-1.571242452649951327e-01
3.566616146940384535e-01
5.312959633396974884e-02
-1.268317029651202556e-02
-2.082087902727526307e-01
6.801885061877224192e-01
4.650199666574005297e-01
-1.893256020434141429e-01
3.004724297344552042e-01
-1.471924488843781853e-01
-1.673875816492394197e-01
-1.581490666743514129e-01
2.431865460089384368e-01
-5.615789306262894964e-01
-2.854684520900609979e-01
-1.624670274354453325e-01
3.470529383345992147e-01
-4.140278929776416983e-02
1.313727939522032206e-01
1.479888647169008420e-01
-1.099066885837194363e-01
-5.227945598477713451e-01
4.027095116496350879e-01
4.366669215911973823e-02
2.287044675608593813e-01
1.337814543855827543e-01
-2.629145295080019817e-01
-4.191983640857117055e-01
-2.125441948731061625e-01
5.012837118405836234e-01
-2.514159519854152758e-01
2.335108446664332649e-01
-1.509472288726229350e-01
-5.579360413328420670e-02
-1.940490173091596326e-01
3.339611270349481797e-01
-1.594978267217466716e-01
1.048529110301304329e-01
-3.521081060070549995e-01
2.351885812635930995e-01
-6.573667791148705142e-01
5.032443376365377530e-01
2.754027675249945406e-02
-1.592888777975631498e-01
-1.077511761676225588e-01
2.190798993490656113e-02
-2.803162941945357978e-01
-3.710204289735464789e-01
3.413120955334141837e-01
-2.148384039025142134e-01
-1.401149964791446045e-01
8.362007136184942957e-02
2.037600127353162427e-01
-2.745174875385009705e-01
2.312434640638671990e-01
-1.129261996695511694e-01
2.652872895309900669e-01
-4.202527280074035421e-01
2.179052345603551405e-02
2.114976577709032912e-01
1.725411108791488068e-01
-7.755164940479503111e-02
-2.345290133506918173e-01
1.343325138529934959e-01
6.285460209419649336e-02
3.093861305490405167e-01
1.755872547891895175e-01
3.017293545804171084e-01
1.586377025547736908e-01
1.707848799679308471e-01
8.441618336892589558e-02
-1.199483683371478371e-01
-6.559388824205780733e-02
8.105425288121108351e-02
-2.087093310347419295e-01
-5.640882995007081430e-02
3.514399757950557868e-02
4.826996261708332292e-01
-1.214329335966891910e-01
-6.389563136070622873e-01
-2.113814387622278690e-01
2.709665644000315843e-01
-1.327979299557984494e-01
7.969059069781520011e-02
2.664801277530489676e-01
1.177346038650336491e-01
5.260758125666119556e-01
-5.922845430032072644e-02
-1.465474308421082505e-01
-1.231005718256782955e-01
3.624909628167591324e-01
3.065832023177398891e-01
1.041959592365689080e-01
-2.075407435543186740e-01
-1.009250840023877827e-01
1.023658915936645208e-01
-1.779977581963800293e-01
-4.710774900907027107e-01
-2.518661812616161955e-01
-1.924013110577761088e-01
5.756017046523144165e-01
-4.338104348917604103e-01
1.278504051816234943e-01
-7.323158905248935979e-02
3.817625574813375278e-01
-1.470659653566689096e-01
-6.454579185255248097e-01
5.746686628514564160e-02
-7.718682505481745670e-02
5.303674298217851968e-01
1.656501263864154083e-01
-9.611791099154011475e-02
4.127952975950596737e-01
3.184555612755814863e-02
1.096043962804963273e-01
2.633008360239244006e-01
-3.229767844605022642e-01
1.971077627758173745e-01
8.696451748660212477e-02
-1.760789406789375899e-01
2.737965017654422351e-01
2.437469593709137294e-01
-3.850556254982728244e-01
6.452499163475677868e-02
2.823009487865902820e-02
-1.782327080982245293e-01
-3.600232814691931016e-01
-4.555080660702827064e-03
1.341089928410995648e-02
2.865822490356468299e-01
-9.754403807731257259e-02
-2.091644993651390894e-01
2.067213006938789233e-01
-2.864830700897166849e-01
9.971131216486833759e-02
-4.143322575224254317e-02
7.458134317698396354e-02
-4.998754757006937388e-01
4.477511029173652513e-01
2.511685337064935020e-01
1.508682809127821212e-01
1.223665186210367434e-01
4.006956707480852087e-01
6.009955301336994404e-02
3.563498249193485651e-02
7.544261618687179982e-02
1.990789563538790941e-01
-2.271574162138151609e-01
-2.908707249963330965e-01
-1.854576531056014999e-01
-4.166357481630924009e-01
-2.694298470689164282e-01
-5.369758232487034100e-01
-1.388811328620264685e-01
-5.738767739062564099e-02
3.379242068318406844e-02
2.628428899808118446e-01
-1.148934719951968525e-01
1.345406108826064373e-01
3.484089781974392813e-02
-7.930092496571398974e-02
-1.489903166715975946e-01
2.193999114944898132e-01
-6.154670352128282368e-02
-3.138071090501550198e-01
-6.588257307134526286e-02
3.127672371861157652e-01
6.155221632597039916e-01
1.886578440248719013e-01
-2.612204645353470300e-01
-1.238921059114198447e-01
2.983821520003586414e-03
1.074433731192999397e-01
4.273345923523461098e-01
-6.974421197620980784e-02
9.170181431576844566e-02
-2.327191946478008588e-01
5.237335512149567107e-02
-1.727316421602439200e-01
1.710012566912816612e-01
7.178655501848107967e-02
-2.192478336818672220e-03
2.282548768402135886e-01
-1.606182321977717431e-01
2.575535747754175708e-01
2.840199766136758952e-01
-1.355607944769693651e-01
-2.379981914428605239e-01
-1.641978948987440623e-01
4.115153458391977992e-01
1.395265687728030890e-01
-5.697191840180388690e-03
7.170355363856689701e-02
-1.406831452055731235e-01
-2.097995179665981258e-01
-3.589961092666221765e-01
5.833172777118265095e-01
-5.112655976109362621e-01
8.169403107262278307e-02
1.376693056772423374e-01
1.710580543995152483e-02
1.700386656804821761e-01
-1.506429136628983090e-01
-1.520413375872818884e-01
-4.059489586576393860e-02
7.601386825294215166e-02
-9.737815044850830007e-03
1.503847339180025278e-01
-2.707914975816319569e-02
1.232571646507928803e-02
2.791802904310315414e-01
-1.822971299045295923e-01
2.291441844505574255e-01
8.946135350300972455e-02
-4.224297331194393768e-01
1.699480686858811651e-01
-2.995745392317472056e-01
4.927815860034671647e-01
9.183149367683747857e-03
-5.254811908481001742e-02
9.970517261698858685e-03
3.507481331109643663e-01
-3.502105958010081621e-01
-8.013395757821305254e-02
1.355056962110389729e-01
3.009215057768274346e-02
2.069675924029203418e-01
-8.198477059751636542e-01
8.937484636999168397e-02
7.989797591933799070e-02
1.775026951581396006e-01
1.588333324574062455e-01
6.294034037086318478e-02
6.246386132258646695e-02
3.342485471872756742e-02
-3.741250722949155394e-01
3.680255258144554120e-01
2.709679312819753827e-01
3.713033417625553056e-01
-7.535451247483792026e-01
-5.373735112534581138e-01
-1.017542942119925020e-01
-4.058310918885054130e-01
4.825473177676832259e-01
-3.873786807747640060e-01
4.700843031925655002e-01
1.914057482930432985e-01
-1.360678457736791691e-01
1.114430074783733654e-01
-4.639574987273614171e-01
-5.472378399211026700e-02
-2.632498703937278250e-01
1.325640216936093130e-01
-3.576708366339630962e-01
-2.123062407771138249e-01
3.189613225366657034e-01
-1.282198878269044107e-01
3.381336900937062517e-01
3.764902354887185720e-01
-3.503950130612208946e-01
8.139803458394820074e-04
2.689666448298957402e-01
2.397489941384419593e-02
1.540509946802206265e-01
1.037167906619025221e-01
1.979951994339349264e-01
-1.194388784130842041e-01
-3.382289991775262461e-01
-1.035901071155247571e-01
8.652409522702241007e-02
-4.245615839954985926e-01
-1.116330301558329563e-05
-2.729487897646822384e-02
3.649770947633038665e-01
2.075115908304501211e-01
-1.138381140825559523e-01
2.503940520632457617e-02
1.942386028599545067e-01
1.607884777179329761e-01
5.014365073016653351e-01
-2.562409929434061873e-01
3.870574125861745984e-01
8.703499145354602617e-02
1.116084399550295592e-01
7.881996108866898276e-02
1.009961132295257996e-01
-9.117963094439801575e-02
1.822632031570747824e-01
2.800597428317965765e-01
-6.492737764689426871e-02
2.693026786766696268e-01
1.734472164297722885e-01
4.247775992230383157e-01
1.501156560481165525e-01
-1.509881806078273436e-01
2.144111912799223640e-01
2.529029931582855717e-01
2.113311223424097773e-01
-2.224794504176632048e-01
1.382340085218791981e-01
-4.783282956732077262e-01
1.549912394213963929e-01
1.322344265865132429e-01
1.192750960866626186e-01
3.055361184152071696e-01
-7.238550536239581057e-02
-2.027679208659796672e-01
-2.748561359377649574e-02
4.215899388589183089e-02
2.754895796608720637e-01
-3.758226139350749340e-01
-1.549574504085680371e-01
5.969079962656245048e-02
-5.567876434722166534e-01
-1.479597611220246078e-01
-3.737098821367050572e-02
1.965526568202483892e-01
-6.321787083335295154e-01
1.255716854171638475e-01
-1.926362127241628697e-01
-1.030794880270739927e-01
-3.482949009741616031e-01
1.932130575319761234e-01
1.337784143213157917e-01
-2.010204152441570913e-01
-6.021873679207010582e-02
4.329419636265888910e-02
5.289049908929756016e-01
-1.453208181547141764e-01
-1.737212667416212220e-01
1.252866273280390519e-01
-3.288253302377825565e-02
-2.089965629492347710e-01
4.906012023094968311e-01
-1.603990751762871328e-02
-2.111150787670727225e-01
-5.896108388161031000e-02
1.868297312141629085e-01
3.782556699443192453e-03
-9.858505090973906926e-02
-4.659520882229685745e-01
1.981437660012539403e-01
-3.072338690882433498e-01
-4.223197176934220809e-01
-4.844550015034736895e-02
1.203670359748729851e-01
-2.543936075266832186e-01
-2.807294915534948310e-02
6.947341335252353589e-02
1.450507428250946418e-01
1.826740519873921165e-01
-2.380496575333361509e-01
2.251440299861047489e-01
-2.764037788905487902e-01
3.588593904507897392e-02
-1.730308418648957292e-01
9.429453599008025266e-02
-2.345917407104977648e-01
-7.330848291163080677e-02
-2.734321072364222505e-01
-4.630046498268076127e-01
1.373304437989987248e-01
-1.825929789098617029e-01
3.963925997690371239e-01
4.159076227835774991e-02
-5.465001682237806691e-01
-5.838240059300328633e-02
-2.587862103240344824e-01
4.147418491710415100e-01
-4.594918262661209368e-02
-3.216451689623560095e-01
6.188655860968506062e-02
4.578036526897432540e-02
-1.539394560178664884e-01
2.261913180900702869e-01
6.989696891987862148e-02
1.095366069101281065e-01
-6.976859159209738981e-02
-2.280209197032097845e-01
2.851251927081433490e-01
-2.522143952766884301e-01
1.100545232120765313e-02
-4.715468906638425883e-02
2.088704244932778342e-01
-1.825393282774110948e-01
-6.572441008397160445e-02
-1.147184783846773443e-01
-5.663547354727005434e-01
-3.929704302879456490e-01
2.986324505134404714e-02
-1.191576978290753153e-01
-3.427724568189338683e-02
5.551275179903399082e-02
2.434257946381478965e-01
-2.919608479802510703e-01
1.986010311290693497e-01
-3.988478964789284875e-01
-4.333332369143231277e-01
-8.195051990080862159e-02
-1.495133251199655122e-01
-1.277364647800303954e-01
6.436381647324083966e-02
1.138068451699320721e-02
-6.877439738159144000e-03
2.307218685926555046e-01
-3.032608436383646411e-01
4.901591123059874100e-01
-1.671260731698068491e-01
-2.119913632525504549e-02
-1.043974581614535713e-01
1.538998974081554894e-01
-1.351228018239631901e-01
1.761809063849347490e-01
-3.095513920129693286e-01
7.882696202473344904e-01
5.517673104404063888e-02
-1.558863314180413684e-01
-1.922935418478936287e-01
5.634315172636257529e-02
2.723121963400120804e-01
-1.560389811806550675e-01
2.017667925402387985e-01
-2.280886169148168829e-01
2.816024661333806911e-01
-4.631351205437725382e-01
2.215947896317952415e-01
-6.462751358738769714e-01
-6.196174054430628741e-01
-2.212270973601291879e-01
-4.183729820868351684e-02
4.471239762348954913e-03
1.839455823130191625e-01
-2.259205102281017508e-01
1.209809010373005533e-01
-5.645826759600024447e-01
1.153687447724924403e-01
8.746108176433847747e-02
-6.189987386408598788e-03
-7.044081750709227374e-02
-4.515624206613395863e-03
-2.823921745669005223e-01
-2.515300225019788116e-01
-2.091771827508748793e-01
2.599285155418810667e-01
2.263320566399720513e-01
-8.106759069013159957e-02
-2.776543373437599938e-01
3.951425193845037875e-01
7.250988513729138274e-02
2.816625991457588629e-01
1.409372050472331439e-01
3.097775612521300737e-01
1.692811741916174992e-02
3.698666223588639723e-01
6.576202747392903558e-02
7.071166928507706118e-01
7.674844001232537793e-02
-2.629679602769247060e-01
-6.541776876635323479e-01
4.523506095418841286e-03
1.607343603688803080e-01
1.688285028903907525e-01
7.491093083490855953e-02
-5.047176583927394100e-01
-5.323940663968300679e-01
-5.111516151012947262e-02
1.414301378600085757e-01
-3.538490956866058301e-01
-3.575212266919176041e-01
-1.130761879548722315e-02
1.519489860903374956e-01
-1.754090668115747265e-01
-2.429786725448364881e-01
4.571933220110703244e-01
2.483539336756540317e-01
-1.865360603758340896e-01
2.192981900834888864e-01
2.771193282868913976e-01
3.746328468401559642e-01
-5.509105143224612977e-02
2.887703725912323383e-01
2.409890853337280370e-01
1.932821167038831778e-01
-4.454043320706285725e-01
2.003234311265466028e-01
1.031483567450401997e-02
1.223279713837350791e-01
-4.470419683108785014e-01
-5.592121907260590996e-01
-1.771650058167307529e-01
1.011428832769797059e-01
-1.248693343313741697e-02
-1.471433025155602925e-01
8.608311149409433871e-02
5.432685706111147761e-01
1.411578071012020430e-01
-9.173747496591110051e-02
-5.101204172223937627e-01
-6.812227021884927070e-02
-2.203061003482480462e-01
5.932462964326644383e-02
-1.987239439199563751e-01
2.266410073550295320e-02
-4.120656642509177292e-01
-2.898195157973431635e-01
-1.765424549030481047e-03
-4.803749205747417372e-01
2.115040377750960765e-01
-3.936220359207604491e-01
-5.160932777482698519e-01
-9.335208123757798848e-02
4.058636985762142241e-02
1.925794809991489276e-01
1.894831207204293044e-01
9.454778286009869748e-02
-1.556843677436781093e-01
3.458834810298067053e-01
3.253495273719190783e-01
-7.167830374978834129e-02
-1.217038582445362782e-01
3.992917117214866973e-01
2.858137865476672590e-01
2.759903114270462754e-01
-2.889467156764316536e-01
3.086741927379420547e-01
1.872632836760400044e-01
3.509489076775994948e-02
-1.276020381641314316e-01
-1.304718066211945637e-01
1.032980705151848588e-01
-2.133326438500918187e-01
1.376775595219260351e-01
8.632840226563207042e-02
-9.570929437009399743e-02
1.481617494809446822e-01
1.071391149068384591e-01
-1.083600886475237935e-03
-1.335838154195182204e-01
3.276839390582546585e-01
-7.789545794668913288e-03
-7.853780809383729619e-03
2.868870538168272026e-03
3.792758003900489339e-01
1.537095915863598630e-02
3.180092669885967727e-01
-4.071033591883096991e-02
2.357651699295249537e-01
1.563960740663753457e-01
3.529051020426220986e-01
8.602327669406341359e-02
-3.491607813095355395e-01
-2.262863605946207890e-01
2.805466557195697153e-01
-4.143048004106167359e-01
1.936437142939678446e-01
-1.063549643667393262e-02
-2.429369985947342769e-01
-4.291614267196090099e-02
-8.003391446413937391e-03
-1.911926924454631638e-01
8.840525749685190782e-02
-1.888645908925188355e-01
-3.270505529637766085e-01
-5.817274731705622814e-01
-1.919925686900271489e-02
-2.056215454954299637e-01
9.557787621584205862e-02
5.068524288617978768e-02
-5.127430533463742668e-01
-5.349093511234979115e-01
-1.475285470856259329e-01
-2.658719420348003015e-01
-3.423080002238829134e-01
-1.084714957617458619e-01
1.333100724549311500e-01
-3.067708592102369458e-01
-1.094746092083524885e-01
-2.698000803747945819e-01
-5.323472150227549771e-02
2.389885562519242779e-01
1.346557686994144867e-02
2.846934966800029193e-02
-1.953500947377235786e-01
-2.220872905739287029e-01
2.907088248661401919e-02
-3.918379748301214494e-01
-2.140939778063154220e-01
5.604917590470922389e-02
1.288793232903525862e-02
-2.294320515306423613e-02
-1.538120038981662108e-01
-3.882854369189421839e-01
3.964942235340802590e-01
6.304114113051852153e-02
3.505104652113291003e-02
-1.750842083311524577e-01
-3.495936196891381575e-01
-1.839055486475303369e-01
-1.306404380972934487e-01
-2.200160302651774369e-01
-1.194960376959040699e-01
-1.727426664218399133e-01
-3.094372047847280052e-02
3.757884899589946648e-01
-1.738132079210231301e-02
-1.972796230233975559e-02
-3.982665199392753652e-01
2.194240544369322754e-01
-1.229147596774415180e-02
3.345231924241664490e-01
-2.898913689123832627e-01
2.122530380704889252e-01
-3.062365494145519174e-01
4.097911663628125423e-01
-5.157280363718217409e-01
-8.705259963398359613e-02
-5.108526369617644169e-02
4.431976579236553415e-01
3.575034852607361646e-02
-1.318734523034439986e-03
1.217756893111386352e-01
1.421159699748211214e-01
5.259923956143176815e-02
2.306752732750848578e-01
-9.513997647421969239e-02
2.802729418099112260e-02
1.534798837645300063e-01
-9.682165705219591967e-02
5.675007233703845966e-01
-7.092163554131844516e-02
5.246461129850210625e-02
-2.020616690048554487e-01
5.857208031085705396e-02
-9.882096183314029170e-02
1.528100652971899065e-01
-5.683918392090576283e-02
2.101152424385139827e-01
5.929221088199477796e-01
-1.571719663093481545e-01
1.395665319536817939e-01
-4.809063142985806755e-02
1.381760729117820496e-01
4.034367186920816417e-01
-2.313186973873860852e-01
-1.673323134660641975e-01
-3.260668419657000716e-01
-6.660198766924857461e-02
1.528757834696380935e-01
8.693820162981324984e-02
2.238169470844405262e-01
-1.404328726116276516e-01
-1.047151838065868944e-02
2.929270230423984822e-01
-4.491381924773579226e-01
3.518482302390869565e-01
-2.480422641276128770e-01
-1.571643310984054825e-02
-1.305690058369983475e-01
4.568244364050572798e-02
2.287891807534001842e-01
5.386500487202886545e-01
3.996441947712008336e-01
2.098259925542539650e-01
-4.357150047075106780e-01
2.994279945981601632e-01
2.686412982777024450e-01
4.533929689666290064e-01
-1.622160145760833949e-01
-3.458394702964808776e-01
-4.776916195471821447e-01
4.252623552983402638e-02
-1.472757217625120518e-01
1.384378572236038829e-01
2.479862311686652915e-02
-1.409391838911984163e-01
-1.169787583670750392e-01
2.874266331971394705e-03
1.584188649123373371e-01
7.966590374137853814e-02
-1.881492087394197599e-01
3.838743301906868410e-01
4.139954923373798668e-01
2.478876788457871072e-01
-1.928527184130567063e-01
-1.063213538770269029e-01
3.001454234253097542e-01
6.657761120155100687e-02
-2.502802640982233484e-01
-9.558007750595015617e-02
2.186041156824270471e-01
-1.149038585721716965e-01
-1.524773702365175287e-01
-1.109834582229949074e-01
-5.197458884584404970e-02
-2.847409337899270768e-02
8.263068059639143426e-02
-2.713901140297911851e-01
-2.403212307622177302e-01
2.406160798954073143e-01
-2.775885599384587260e-02
3.425287987229095887e-01
1.874522980639774239e-01
-2.660517611020253859e-01
-6.910959193300414416e-01
2.975459880829390072e-02
2.196249693585521912e-01
2.544959007560911868e-01
-1.026361610943440361e-01
-3.863715954871467795e-01
-1.094058541233697696e-01
-1.417965427642038090e-01
-8.480572935891692032e-02
-6.537358103282327193e-02
1.562649599579792048e-01
-7.148677883876944361e-02
-3.655357566921467183e-01
1.013808690575041388e-01
1.879052368557775077e-01
3.097378716141757291e-02
-1.334512914152400920e-01
-1.889490141465627049e-01
1.991679571516154212e-01
-4.201658920993302931e-02
2.756274336329292418e-01
-3.882276037560124515e-01
1.102157180681209853e-01
-1.125703873856591930e-01
1.724152927198282781e-01
7.306969394974281717e-02
1.301425876572423757e-01
-2.130628133437957872e-01
2.011292183383556476e-01
-3.451910169230648084e-01
4.896958619149115177e-02
-3.447357061236289710e-01
9.380605603750540034e-02
1.137976990899044749e-01
-9.954428577523553867e-02
2.794499104263887396e-02
-5.727377096484723845e-02
1.982532273144425039e-01
-7.419310229398880241e-02
1.063448268993867352e-01
5.595513097002445535e-02
-1.145435110810905793e-02
-1.346380165963202979e-01
4.998087071772953638e-01
9.876254188584653038e-02
3.635230018120348405e-01
1.300755547928819922e-01
9.684275882308140959e-02
-2.178293369195656859e-01
8.733964005494041297e-03
-2.821922425843407731e-02
-1.697722962054777629e-01
-4.424499489712739597e-02
-1.993113296029465076e-01
-3.076577873111162043e-01
4.529315255179754141e-02
6.870308272228423108e-02
-1.563971468537234399e-01
1.453318044682839483e-01
-2.537228818495064209e-01
-4.612325940350846948e-02
-3.048348309589898886e-01
-1.199499785879865055e-02
3.152353090416273179e-02
-4.293442583426373416e-01
5.486951879442005658e-02
4.987871446694173150e-01
-3.103717354491462022e-01
5.063355060101339955e-01
3.324634550354405027e-02
4.950613907666905900e-01
2.310632474148748283e-01
2.617190726608810414e-02
-1.195188381954181839e-01
-2.909206475995579355e-01
4.893492060500116425e-01
4.886886572313141608e-01
2.707020845518068319e-01
-3.947437785809401189e-01
3.806997606247515264e-01
4.318543066928271501e-01
4.747181197245123885e-01
3.287511975713430096e-02
-1.835528789595107513e-01
6.330201500795480385e-01
-1.890496750915004673e-02
-7.068427804686576721e-01
5.227111643080081110e-02
-2.374461325693663083e-01
3.070292993807933746e-01
-1.567558562721600435e-01
-1.761629027330832431e-01
-1.806840429041647600e-01
1.024429909448478365e-01
1.304752335644920602e-01
-8.741482903013152173e-03
-3.957214329010001058e-02
-1.539602310589440748e-01
-5.852990072569796282e-02
3.483837905703683901e-01
-5.300076921879327829e-02
-1.404295780821866457e-01
-7.787869684830941996e-02
-2.658956051691534483e-01
-1.048700210727067719e-02
-1.418012377056001305e-01
-1.275357996723841016e-02
-3.372283885139818471e-01
-3.205339250435192411e-01
8.572576001845468030e-02
1.296395165576239850e-01
1.101034206941262500e-01
-3.558772864521149437e-02
-3.476722975046188102e-01
1.563582565621286224e-01
-2.518362460573018297e-02
-1.637991152922771698e-01
-1.937695261129069313e-01
-9.023099199625816969e-02
3.189520530398922693e-01
-2.320200602430297701e-02
2.062460070130300860e-01
2.098978991206642275e-01
2.391350182464271057e-01
-2.163732445621726064e-01
-1.784709143963830735e-01
-2.926528342448194153e-01
-3.802750419057279729e-01
2.128404366537136119e-02
-3.988936597757938851e-01
3.924211195565030508e-01
5.405355602643876350e-03
-6.957245202165719400e-01
3.255303961380170974e-01
-1.094777963968489309e-01
-2.622190524483700713e-01
1.610057178191262317e-01
-2.561829752494886314e-01
3.045284753988481558e-02
4.462437556230811758e-02
-1.875557341464967054e-01
-6.410539853684871225e-01
-7.079240250655867428e-02
1.869720726549934930e-01
-9.918751356480208503e-02
-2.645381474884138662e-01
-9.878758085219831175e-02
-1.307663657543444435e-01
-3.913354436729230695e-02
8.669661952292156970e-02
3.837387827646904226e-02
-4.277659758987698568e-01
-1.950910547541049589e-01
1.690927501154762536e-01
-3.785658943182283465e-01
-2.193681822999680731e-01
7.620059772308074471e-03
5.689518651893267220e-01
3.652323557543966093e-01
4.258366668874308952e-02
-3.650860298634217016e-01
-2.422284049260129968e-01
6.657204397131805118e-02
3.253509030079964615e-01
1.154762720133669235e-01
4.304036664077515173e-02
-1.489856504233189882e-01
-3.039311376683305754e-01
2.116104085239407795e-01
-3.283480750320261210e-01
4.177052794289510401e-02
8.139908897939872323e-02
-8.230503388515277019e-02
-4.086244256754330006e-01
1.114847928131768723e-01
2.246545713903062846e-01
1.626984302991376086e-01
-2.455066668867754431e-01
-3.359881621994523920e-02
-1.259569487885274508e-01
2.366702795661229652e-01
-4.064840977388852750e-01
-2.071611121390035115e-01
-2.282317333609840959e-01
2.401326624467027548e-02
2.433536534559891940e-01
-7.210715119681564145e-02
-2.132068821827455551e-01
7.687150127331143779e-02
3.284755978729500536e-01
-3.928710995943717199e-01
3.223771481674099215e-01
5.101402708988226342e-01
-1.240360041997502771e-01
1.646814450034645716e-01
1.242993681193086952e-01
-4.702302333538235790e-01
-1.394302224486920760e-02
9.550773196823861277e-02
-3.764364909934451303e-02
-1.256035064488833786e-01
-9.290081088118531949e-02
-4.426912286053857892e-02
-2.899073599099312171e-01
5.166719856701286195e-01
6.741574328320623644e-02
3.861282042434317774e-02
4.068863227807865135e-01
-4.309133920886691616e-02
2.255608558299050659e-01
1.129693188242248819e-01
-1.309251816063614349e-01
1.725290507238128219e-03
-2.469879566142782756e-01
-1.888959461263780004e-01
-3.446974321721837931e-01
-2.406242060282201556e-02
9.696412934590556421e-02
-5.100600205188007830e-02
4.799182799598941673e-01
-1.470065021689465111e-03
-1.181460373634283384e-01
8.642723398140635116e-02
1.192934982697017345e-02
1.641139308651597684e-01
-2.758816647172596670e-01
3.553712953808966790e-01
4.024662479384890079e-01
1.207748404631862199e-01
2.556197115842196999e-01
6.843957505610356873e-02
6.191982717135289249e-01
3.186971315651239700e-01
3.067835140391302062e-02
-2.729530414242750322e-02
2.936953156800425901e-01
-1.370536555177391536e-01
-1.257849218080984988e-01
-1.364202233767219663e-01
3.984524909084085076e-01
-3.496134506811573450e-01
2.489425421767378910e-01
-9.546276224880584360e-02
2.525720338523697039e-01
3.415943500351770745e-01
1.288417515907661348e-01
2.474653926032426843e-01
1.069570546739199018e-01
-9.242889744990506751e-02
-2.033777268991769915e-01
2.898077683066521693e-01
-1.264858213613461457e-01
3.922773159555274780e-02
4.794054582453126656e-01
-1.518695332285178445e-01
-4.018372743237179079e-01
3.015039009554182359e-01
2.062938829365744686e-01
8.266855250735474780e-02
7.173552533904059558e-02
3.761145460349162306e-01
-2.737436367016456984e-01
-1.084406203951665953e-01
7.415234804201661922e-02
-4.820207894197784532e-02
-2.092284178539022266e-01
-8.658912709182466083e-02
1.724752118947080470e-01
-2.283058651025340891e-01
-3.755457861828055410e-01
-1.851853051917023152e-01
-1.805052321627186873e-01
3.779765967709431962e-01
2.173622916587585885e-01
-8.981595323309206347e-02
-2.267258541380301751e-01
9.961045813126064019e-02
-6.313627212541252087e-02
-2.825629972065424322e-01
-1.671784270944410844e-01
-2.122301572097656241e-01
-2.699608280534697511e-03
1.488296934567326368e-01
4.449350227516145617e-01
1.917104946358701434e-01
1.884808501147488546e-01
-1.330806034896332424e-01
-1.036131173085314688e-01
-1.910469061568534632e-01
-1.593456588956789766e-01
2.215043520637690055e-01
-4.583090259661820043e-01
-3.254270364005144023e-01
1.030955556866788858e-01
1.977091551602801478e-01
-1.905633021906295022e-01
1.321837726698635307e-01
-3.984497397530532559e-01
-3.023956891684232429e-01
-2.451048269361432580e-02
1.945889767733378350e-01
-8.766250631882314959e-02
2.927433480342349070e-01
-9.812687675779237229e-02
4.784532658956729967e-01
-8.313223064034758192e-02
-2.033736815595924285e-01
1.619318322789044529e-01
1.462813583336660117e-01
3.705407803090629004e-01
-1.260172350019835297e-01
-2.411712233987882703e-01
4.161172125025950352e-01
-4.458801832806364995e-01
3.909534642759868173e-01
2.222570906527304435e-01
4.858117151014885310e-02
9.489256403322560152e-02
1.326704514508016131e-01
4.457395670951324607e-01
2.112643025740056774e-03
8.205689680887828796e-02
1.418119843033734673e-01
2.231987821479219369e-01
-1.805677519814344670e-02
1.777518919191533320e-01
1.851284292423051314e-01
-1.731927578184526695e-01
1.057461272266020658e-01
3.296126867680697070e-01
3.921051607859267762e-01
-1.417634612517233196e-02
2.592228109977142148e-01
1.750122951229586277e-01
1.498103500738327265e-01
-9.940922491564049834e-02
9.206151373377649549e-02
1.221320510224917499e-01
5.695006839543831356e-02
-1.561058685679065638e-01
-1.887467336057922773e-01
-7.022752839697616878e-01
1.573044960350275800e-01
2.143191775679265942e-01
-4.113023796098635998e-02
1.599608741210093998e-01
-2.169602886946535303e-01
-2.972778850698375441e-01
-3.387481041490431610e-01
5.400265705042803926e-02
3.226411160192703409e-02
2.007907463239824719e-01
-4.098032866082701453e-01
2.834309973734593924e-01
1.780326805629735276e-01
-1.554875541773283465e-01
1.082648752505897261e-01
-1.456472243813028249e-02
9.079947637709235853e-01
-3.454813693402624120e-01
-7.153346714663189054e-02
-1.585083901712949217e-01
-7.849679734660362784e-02
1.605299069914729593e-01
-3.025574712225835294e-01
2.143208212994999681e-02
3.758809105781791282e-01
-1.883473076661448253e-01
3.452326431002409324e-01
-4.744796564720291654e-01
-3.031244473355651503e-02
-2.682048021224107681e-01
3.878858779534102852e-02
5.258755137295891835e-01
2.593679966516845292e-01
2.405242323245884023e-02
1.904147812307955823e-01
-1.965206689383727501e-01
5.461484759886585660e-01
1.271832044349658908e-01
1.136200858328146636e-02
-3.795451353901938552e-01
7.219638997315400153e-02
3.344554455431318352e-01
2.656340011722835848e-01
-8.041549582466958612e-02
4.149976980896966094e-01
-8.008400735930040759e-02
-4.491403970225627540e-01
-1.909622011529550079e-01
-1.010496415087185768e-02
1.107718249359473071e-02
-2.870134036230819197e-01
3.265633234328935153e-01
-4.757279289399145988e-02
1.549424968757228405e-01
4.067518590354762820e-02
-9.625665703889793590e-02
2.637589143615692855e-01
2.935739042806952970e-01
-2.556373590158102505e-01
-2.131310488214266385e-01
2.184566432568309235e-02
-4.496507799268303351e-01
1.654616974201371937e-01
2.557304569005436901e-01
-5.542750478805445746e-02
1.189883100305441088e-01
-2.244109379594798337e-01
-2.828785889740744741e-01
-1.501813790570762641e-01
-9.362345655417418644e-02
-3.439996321947837443e-01
4.776292062550727135e-01
-2.131199241320979321e-01
9.566252298439209545e-02
1.978477211258196922e-01
8.084676065833838743e-02
1.705870559855128810e-01
-8.369531876505917345e-02
-3.796560659564464091e-01
3.290538129879646556e-01
-3.866467326602369137e-01
2.869103022380906087e-02
1.735578821603975253e-01
2.837460883341134596e-02
-2.716435253706980246e-01
-2.840862850141920824e-03
-1.940660533834648871e-01
2.332914080610305058e-02
-3.391141156533238922e-04
-1.140488798052724795e-01
4.423793363293043179e-01
-4.725061702262166319e-02
1.038726841263832301e-01
-2.870040308728297740e-01
-1.245102574427103814e-02
-1.147096586709259874e-01
-5.336849813526423070e-02
2.139243987486987020e-02
1.330903105470934433e-01
-1.038909202927199710e-01
1.844450682395678554e-01
8.829807406791254087e-02
-5.875785745806260535e-02
-3.368375596734074495e-01
-1.808918498143917419e-01
3.130558487560716058e-02
-8.986946452001648433e-02
9.473284983790525304e-02
1.139710001041954468e-01
7.651005547018699393e-02
5.750465215346478587e-01
-5.331347507328026286e-02
2.299393599485218265e-01
-5.023407930375778374e-02
-4.920997921721875779e-02
-2.557827823565993197e-02
2.708754051160475879e-03
2.439157895714532953e-01
3.169375427740486056e-02
-6.321697219337889251e-02
-6.908705313033428053e-02
-8.531490755548921945e-02
3.699906327558400987e-01
1.353735423043731234e-01
1.261766449833078008e-01
-1.736773744743726478e-01
2.871479646539278063e-02
-8.357929984181496075e-02
2.288431935985982962e-02
3.536082628685048856e-01
-9.743999532976642397e-02
4.246346457245875894e-01
-1.834491994472981294e-02
3.514151216720104443e-01
-1.413445460556406463e-01
-2.843619352220603802e-01
-1.554849405302126354e-04
-5.749110034536624170e-01
-2.109022267638131498e-01
2.496071739370809006e-01
1.004653462878613152e-01
-2.953912378351619683e-01
2.509068995545009062e-01
1.172712967410649912e-02
1.585987860309695241e-01
-1.373204797747557271e-01
4.541989912512540140e-01
1.230737514437574634e-02
7.431751962579104254e-02
5.238178241663664358e-02
3.262375610535643844e-01
-1.207391213395616197e-01
-3.734340180372398930e-03
-4.607685056972019022e-02
-2.549204676941810646e-02
8.426514377143058676e-02
-4.505469103328366143e-01
-5.480841772357732816e-02
-4.034614424342642947e-01
3.385195061793657700e-01
-1.604912303669150109e-01
-1.541347318156479351e-01
-2.896409624377928038e-01
2.814978625259661471e-01
2.222801853812285677e-01
-1.829057326298749453e-01
1.645724924907576159e-01
-1.088721716318285029e-02
7.940195208368744720e-03
-1.044733350187550119e-01
3.257798879164661154e-01
5.177068705505116081e-02
4.146231157047292060e-02
-1.039785294172155816e-01
-6.868813637327061961e-02
-1.695143943468313819e-01
-5.191388345784753167e-01
-5.523831073413885129e-01
-4.334385930662612019e-01
-1.799122931864897135e-01
-4.259230259523972273e-01
3.799999466362301570e-01
1.015164898095983065e-01
-1.729753326932571555e-01
-4.979415117088402398e-03
6.529079537378185139e-02
-3.745534194305039088e-01
6.294128454263742123e-02
2.542675944948915578e-01
-3.267041430379546280e-02
4.164294222699792269e-02
-3.347546336736168526e-01
2.030600732920283605e-02
-1.949390744684906529e-01
-4.269920424563610796e-03
1.286652630471432635e-01
2.556227422205177846e-01
4.948942229124546066e-01
-4.447988104973388951e-02
-7.899003427471072702e-02
-1.653060291084113842e-01
8.674502884583329410e-02
1.232022457258680551e-02
1.879285216648158841e-01
1.699451464985895360e-02
-1.459577608370911939e-01
1.316903357654617968e-01
-1.191365951818970648e-01
2.597886736475962799e-01
1.367628566630224030e-01
-3.883804190218092395e-02
1.566943678228377088e-02
6.694022166744176827e-01
7.071975709574099267e-02
1.160195653818895806e-01
3.491655472078667444e-01
-9.130627934093910048e-02
1.574990167601549584e-01
-4.303713948606856521e-01
-2.947421635207475576e-01
1.197642879733480797e-01
-1.303607902221389503e-01
-7.681403110665314948e-02
-1.099361396787656431e-01
-3.533148592969361790e-01
-1.930845548139972778e-02
1.292612771562877405e-01
-5.605527588244800519e-02
1.743954331258570634e-01
-2.026044246885392308e-01
-1.619863496092099342e-01
-6.788979394035368764e-02
-9.519104372796712357e-03
1.794668355255992498e-01
-4.145371341109075486e-02
-5.641267383262126185e-03
-5.969050149810116446e-02
-3.456809969827460693e-01
3.363150466273551742e-01
3.030164265293876502e-01
-1.006235730760468017e-01
-3.708889951358256831e-01
5.659463829982187139e-02
-9.424964042201235126e-02
3.457657820022398965e-01
-4.389099691696281974e-02
-8.907634218210561117e-02
1.011196837755087147e-02
-1.659675386951698084e-01
-9.383599490043287306e-02
1.766111725459423298e-01
-1.787519111839503128e-01
1.394415186685519503e-01
4.879033484224983702e-02
7.285533823955196719e-02
-5.354708752894884322e-02
-2.000064466201953439e-01
-1.817640880732530233e-03
-4.366388418730966503e-01
2.858027939595951805e-01
-2.665141006405139512e-01
-1.342163473291647091e-01
5.274979140774362918e-01
3.901628126756680887e-02
2.467610446965928100e-02
1.250949542390439040e-01
-2.100782578663130395e-01
-2.522554165421354577e-01
8.276876831526566725e-02
-1.185478552992318413e-01
-1.419867032965816678e-01
1.877707121634623888e-02
1.376825933839265492e-01
2.543800257864263503e-02
2.417756909310453950e-01
-1.159399118503074699e-01
-2.644817459690249062e-01
-5.884615994071337730e-02
3.644598377685626675e-04
1.501394580937721879e-01
-1.193182525821902956e-01
3.548468017483414338e-01
2.286833813959573691e-01
-3.212600306605772199e-02
-4.041533833128826969e-01
-2.414881213579558594e-01
-1.798468340206501037e-01
4.151615126043380760e-02
-3.465328563908953718e-01
1.236635114856164397e-01
-2.120805354842112411e-01
-1.811081209215477383e-01
4.307273596212255473e-01
-9.018126375574440912e-02
-1.261074730036204905e-01
2.157174829469072838e-02
2.292803263159627902e-01
5.785403431867739421e-01
8.821116056621657042e-02
-3.935951750943939009e-01
1.526053320555076642e-01
-1.121593315087123649e-01
-1.676967196955614081e-01
1.888870957135139195e-01
-1.369093197401567985e-01
5.144121069010241382e-02
4.322569580510188803e-01
7.297967636237065459e-02
-2.826007493683139749e-01
2.732214171483235421e-01
-5.218988720268984832e-02
-4.474158807176614183e-01
-1.587856090752448601e-01
1.234751783019422539e-01
2.185512083348812029e-01
-9.714109333131867863e-02
-1.488305713524900875e-01
-6.129422628193026412e-01
-1.023611441526422611e-01
2.164958285447433350e-01
3.815615507854066158e-03
9.390916766018055084e-02
2.101133982877696760e-01
-1.962431186231981817e-01
-4.238141466595097273e-01
1.858410757864204232e-01
7.997161869091223493e-03
-2.857090588878566928e-01
-3.122886345092329985e-01
-5.426216886619890378e-02
-4.674993984459566709e-01
1.170483727959159836e-01
-5.861818081868343244e-02
3.825035052021193843e-02
-5.581109322559159314e-02
1.529492522166880746e-02
-2.704764127811433716e-01
-5.941615927941702041e-02
-2.652418263023569867e-01
5.659081186044266909e-01
1.225361466753275841e-01
2.778148501966146156e-01
-3.747122383590047873e-02
-1.225269877470836766e-01
6.180365751989037593e-01
-2.351425676729063663e-01
-6.214887002796857240e-01
3.579542451100187206e-01
4.148938027369505344e-01
-3.784614199773543297e-01
-1.594572645827133095e-02
-1.824613827192662907e-01
2.526004746703035542e-01
2.486761863959952024e-01
-9.897055604063416390e-02
7.283858260225201109e-02
1.316716419385770831e-01
-1.830872349526206366e-01
-1.089847229995603572e-01
4.977525609296764575e-01
2.175559927221461798e-01
2.215484164639222597e-01
4.077842811690327030e-01
2.181258710756257546e-01
3.099192273095297545e-01
2.275460058032951483e-01
-4.547616073876861731e-01
-2.532028009455701834e-01
1.707088570480884693e-01
3.582616080471469622e-01
3.455555277777434819e-02
2.326943139070613426e-02
-3.950238411618649526e-01
4.219116225487320321e-02
2.256937641439977216e-01
-5.049455226831641580e-02
-1.376024959680230975e-01
5.890726054421216440e-02
2.328330236608908976e-01
3.376456132765344176e-01
1.393427211324004163e-02
2.132933202093938163e-02
-1.112624005427101659e-01
-1.633753960451410914e-01
2.512266319408155146e-01
3.876047993456101237e-02
-1.442792475538929586e-01
1.274861133585700190e-01
-3.395550438695463247e-02
-1.067344743479530511e-01
5.956619331948656004e-01
1.787397768238609685e-01
1.471069873059870636e-01
8.372278374077232743e-02
5.273117241162905700e-01
-2.921851657984003148e-01
-7.572504791875708796e-02
-2.779462460992375705e-01
-2.662985727516358203e-01
-3.644549421016490265e-01
-1.119141969093655348e-01
-1.647800642832983886e-01
-2.667098710222840993e-02
-4.957515507584647069e-02
4.968907685433807120e-02
3.649099900980883049e-02
2.050002082370960821e-01
-2.805010117571648531e-01
1.334758235045838681e-01
2.709780110117260832e-01
3.803783981600707131e-02
5.175510156009254237e-01
-1.043860798361044701e-01
-2.956080048635191804e-01
-1.521802627039888500e-01
-3.533225576935260931e-02
2.127090207203816419e-01
-3.321701689137762092e-01
-6.190586617401606928e-02
-2.547520459206504273e-01
-1.386649221357945660e-01
-1.098516089665648454e-01
-4.439698731001917587e-02
-1.773685725544921488e-01
1.595936390008316219e-01
9.211673075447822379e-02
1.625342823386873858e-01
1.658647372875005910e-01
4.819761106779424376e-02
-2.877903487396892834e-01
-9.661353601457826901e-02
-6.651085837575425319e-02
-1.262895550512748988e-01
-1.469706269970780799e-01
-1.481103251460661741e-01
8.395079103337288115e-03
-2.817767142206469844e-01
8.772657600098636432e-02
-4.005706617125543989e-01
-2.853498326170018640e-01
-6.490424166727329358e-02
9.682909009712656334e-02
1.208077569996418750e-02
4.270230169701963452e-02
1.090316254453582365e-02
2.873298263593646040e-01
-6.648851720713978841e-02
1.612566822108820741e-01
1.082302668462040013e-01
3.923141227843133239e-01
2.098941796677196991e-01
-1.903694035640171589e-01
-8.086616171796388863e-02
1.813042891515598276e-01
-5.277399712166688794e-02
1.516413523314658236e-02
2.583300581398315088e-01
4.851744026832012502e-02
2.419746843595826837e-03
-6.824804622288307421e-01
-5.509363621909322412e-02
-1.271637734015109156e-01
-3.015516509572226389e-01
-4.366319098874676397e-01
1.793768453164688303e-01
-1.107821855981686726e-01
-1.141935364627486016e-01
-3.310265445019617836e-01
2.132434855733335022e-01
-3.102222127540264079e-02
2.183065230709470839e-01
1.279562638162326238e-01
1.353300225972473292e-01
2.054866152309013927e-01
-5.782252496284783633e-02
8.628538162247562093e-02
2.747316817657385196e-02
-4.266500952643018096e-01
1.142808103400786979e-01
4.467698347248794666e-01
-2.460622809877212602e-01
1.601378036470815780e-01
-3.820123525165700085e-01
2.141133142691040436e-01
-1.425928980802034507e-01
-2.923372943190797324e-01
-2.935480019513722061e-01
-2.670816472667970065e-01
1.147375023502424374e-01
2.267537181669983803e-01
-6.654672825949310422e-01
9.574614355253395492e-02
-3.766173486569836526e-01
-1.745843463244855787e-01
-1.656806223083610030e-01
-6.182493179844819609e-02
-1.670788054977866977e-01
2.949185345142559256e-01
-3.751438197675056874e-02
-3.665149857712862169e-01
-1.072500689115138059e-02
-1.214730786028042908e-01
1.469843947758579794e-01
9.458032992634425942e-03
-1.534713721975910529e-02
2.272589051167593910e-01
4.523602918676900876e-03
-1.993117279148130527e-01
-8.273678393827657573e-02
-4.906079235351967771e-01
-3.311120843096669875e-01
-2.726870511771222194e-01
-2.690187486659215144e-01
-1.016673742994578244e-02
3.344417165113597323e-02
-1.346825928247062099e-01
-1.137540825095898767e-01
-3.152776499749060379e-02
7.456511061685840158e-02
-6.175673806510801472e-02
4.224679602127547340e-01
1.556530685812827497e-01
-3.119139420462930246e-01
1.959325337237416698e-01
-4.864459028477581826e-01
1.924414401616041936e-01
4.979635705456659373e-02
-3.478695885522988251e-01
6.553104650957562727e-02
2.370667285717180384e-01
2.279700603281754889e-01
3.115079816542295002e-02
-7.661575221846837758e-02
4.345717118704173210e-02
-5.728691454046454939e-02
-4.269880704417618883e-02
1.851390915578380800e-02
-5.614841210071063182e-01
-3.977362912791749250e-01
2.616186098131094706e-01
-1.528984004092064364e-01
3.463331138582573798e-01
-2.146592633857601767e-02
6.731797354220805940e-02
4.990838495745070214e-01
1.055422243844127833e-01
-1.709311830448878577e-01
-2.642958666751291791e-02
-8.854918965694098809e-02
-3.483772832605619985e-01
-5.256211556698313636e-01
-3.297238581479838837e-01
-3.875857702405117317e-02
-3.099095421467025768e-01
-9.273731975475360545e-02
1.964664995593528862e-01
9.964455659095410034e-02
5.245002438545883772e-01
8.150507376601714982e-02
-7.748110036612901874e-01
3.942066210743547239e-01
-6.966709732289498753e-03
1.780680654046677136e-01
5.089637937547944468e-02
-5.530788346577268921e-01
4.303059614982280845e-01
4.797572989102874552e-01
-1.196291700392337620e-01
-9.477478157173445661e-01
