-5.596757129333793102e-02
9.664190242019393695e-02
1.927731377844872362e-01
6.114923248658761246e-01
-4.610865301746642358e-02
4.597278580264466813e-02
3.740227830499394668e-01
-1.006716453970289277e-01
5.254365324952973149e-01
2.934744355300724084e-01
-1.986950876306218805e-01
5.487163964943833072e-01
1.989045260669287107e-01
1.177616397643173884e-01
2.150658582839463651e-01
-5.804346764174619366e-01
3.328320903307626644e-01
3.022923876128776888e-01
2.148757422397147565e-02
1.177237192097158464e-01
3.912554206618597263e-02
6.116781641820097370e-02
-1.105001311201571634e-01
9.234198890314818109e-02
-1.610491518489793328e-01
2.716595017420848635e-01
4.068570661015791928e-02
-1.505924379826590054e-01
2.578707336999402910e-02
5.296552777677979718e-01
-2.361412143736843772e-01
3.442285847504930607e-01
-1.366265611170898800e-02
-1.911441004086266993e-01
4.314390628662556626e-01
-2.965871156621668545e-02
2.223020072915656842e-01
4.251207843340039649e-01
-1.487492946789036874e-01
-2.841996338699143698e-01
2.038363910587965289e-01
2.294007522251741149e-01
5.625965459342650160e-02
1.000497253981707801e-01
-3.407948179850692205e-01
4.793566213295936962e-02
-8.068114488431614093e-03
2.348052299226531178e-02
-2.822720593318150950e-01
1.349298660069843114e-01
-1.095966433487874092e-01
9.838422170024213598e-02
-1.839483849855630404e-02
-1.147532531504337067e-01
1.267123447865745878e-01
-2.102391145226288338e-01
-2.055003033758209807e-01
3.257716460486891064e-02
3.942101230627741842e-02
-6.394394009012979718e-02
-2.103015098748407807e-01
-1.219781527288700124e-01
-4.021656960690350724e-01
3.785276646074600682e-01
-2.369959186852658162e-01
1.448892954148682244e-01
-2.326542247156045407e-01
-3.886416020928598614e-01
4.149909888103257560e-01
-2.344300204369589302e-01
3.038163703017911499e-01
2.053453535194973145e-01
-2.615922349651031431e-01
-1.165426656102590969e-01
-3.973160216872534956e-01
2.007461621087990034e-01
-5.472612414927754271e-02
2.080637583410969715e-01
-1.834114162927222291e-01
1.476918881950345097e-01
8.903260952929812830e-03
6.010289356948282646e-02
-3.997536871969900596e-02
6.628489763578596650e-01
1.476640262666971230e-02
-1.538742091626305597e-01
-1.052669382258764608e-01
6.721570168024583458e-02
-2.874390910275194111e-01
7.145021345238043720e-02
-4.054102876072632755e-01
1.574353067241031079e-01
-5.357862680028992880e-02
-2.157257427362554436e-01
-1.727853153975194567e-01
3.199678098773859891e-01
1.437133662116794053e-01
4.286991164388691961e-02
-2.379574092585568235e-01
1.151598582243732322e-01
-4.602217467756942321e-02
-6.717207584696099909e-02
-4.973958896586898326e-02
-9.555462409760266673e-02
-1.183467148235693711e-01
1.596014654399942889e-01
-1.168581365681026045e-02
2.606233690553593982e-02
-8.166453606290313694e-02
-1.303394814520989764e-01
-4.863575876185514263e-02
-8.252897318893374912e-02
-4.731711540746384725e-03
-3.901928452725333951e-01
2.044521841655137506e-01
1.839122723306042539e-01
-1.612397619155052919e-01
-1.008740576682965739e-01
1.662755304375143281e-02
-3.442766031025109447e-02
4.898756831701751580e-01
-9.678806399219527790e-02
1.389867911138812362e-01
-1.593660365491615660e-01
-1.016878783212011861e-01
-3.964138584116972952e-01
1.700902219331042187e-01
-7.726598119944534659e-02
1.472705429661498311e-01
-2.309691031507038472e-01
-3.560482899885923647e-02
-6.886609054686194942e-02
-4.490089796030499181e-01
9.936585924806110026e-02
2.664492716143498363e-01
-1.112319294375900547e-01
-3.018141334302871723e-02
-9.447121489241314118e-02
-5.734755586498968549e-01
4.429342708926543581e-01
4.066341658051118024e-01
-2.129793492435794189e-02
-7.601297615609381442e-02
-8.365388027757595379e-01
8.200071252249514428e-03
-7.148320614273587226e-02
1.271420114742692620e-01
-3.772669163934782577e-01
7.236789052834836644e-01
2.147061321123814800e-02
-1.998655450761125385e-01
-3.423952744828250710e-02
3.305238223786375329e-01
1.023809167420598465e-01
3.951474987834031061e-01
1.012464837208992413e-01
3.784210565489486977e-01
9.609375477578525199e-03
-3.438709908317924002e-01
3.605789738883434514e-02
2.174236076668492057e-01
-2.219101725211179987e-01
3.238668133672524818e-01
-1.680774081536845210e-01
4.128099454832038356e-02
-2.425207308995463995e-01
3.013341550140758579e-02
-1.328297746823010606e-01
-3.624870352783408911e-02
-5.405838331108676897e-02
-1.225694125420014324e-01
-8.000235232012943565e-02
-1.828879055313947788e-01
-5.011972112253925138e-01
-2.204982148295095701e-01
9.829639457536340497e-02
2.988601914510316537e-01
1.219274876910008826e-01
3.715598985548523858e-02
-7.539897633267742538e-01
-4.461699905330931970e-02
1.301458708452306046e-01
4.027221988653371942e-02
-2.355567533553493131e-01
-1.608675171234716372e-01
-2.087317755556983290e-01
4.634414921718284924e-02
-4.512954230597441274e-01
4.151888149659657690e-01
-1.812205823418881478e-01
7.719240736935066571e-02
4.561731751351216085e-02
-1.478097629010953762e-01
-2.095927969562376703e-01
3.207913312040773790e-01
5.037110899277498222e-01
2.907986909207996989e-02
8.564835797208923684e-02
-1.335617697009593152e-01
3.284309101267229858e-01
3.169982427556781723e-01
3.484728560972190081e-01
-4.611940520630314899e-01
-1.907267885141384345e-01
-4.458200740721078859e-01
2.393560380144097166e-01
-3.174218015975041607e-01
-1.231927766737884039e-01
4.216714565548088101e-02
1.873291914112801618e-02
1.772354425795228949e-01
1.780936088225701652e-01
1.622916568341182530e-01
-1.866025059272747866e-01
-7.752916424431684564e-03
7.650852310156756875e-02
1.881801784003351297e-01
4.171356230864085857e-02
-1.882341363870586662e-02
1.786812209119696404e-01
4.406129707921292993e-01
2.022324507477061273e-01
3.662133406589128670e-01
-4.046522792856285800e-01
-1.362892126919837132e-01
-4.731320146331660093e-01
-9.147692178975272426e-02
3.792436969186142176e-02
3.473242596347986821e-01
4.869269052996766378e-01
8.823533969354319106e-02
-1.115169883032532117e-01
2.964443523911653999e-01
-4.207481402455096053e-01
3.192018254851700654e-01
-4.768086725300033080e-02
-1.961416378006452799e-01
1.163101385295201157e-01
-8.067815326446752255e-01
6.238750130089940615e-01
-2.016291100329680175e-01
-3.804691070630609323e-02
1.620803417823565018e-01
-1.201065748651837239e-01
-7.506416414970894235e-02
3.069421511082840934e-02
-2.701279568496189887e-01
1.683104910011184174e-01
2.825781817994736378e-01
-3.606973208190106805e-01
-1.222869114665697116e-01
4.178983968589671250e-01
-5.411660067278713411e-03
-2.467866113180706977e-01
3.633036279084083109e-01
-1.597106223359640309e-01
-4.553970461189725261e-01
-9.872025435456940889e-02
-3.340173014300198279e-02
-2.757406331578883818e-01
1.807210686124124388e-01
-6.834357020876638544e-02
2.850406625763350354e-01
1.262097089998862331e-01
-1.620385101970623909e-01
3.982172398802680813e-01
-7.520685719286614168e-02
4.374550931291720235e-01
-1.038811816834102342e-01
1.255498827368413395e-01
-2.431710586948628017e-01
4.127577341559878210e-01
-2.453702580291039770e-01
1.063606880972335078e-01
4.032488253765071362e-01
-1.109702932505270828e-01
8.570183069910618234e-02
-5.679400421663944459e-02
9.241745008854684862e-02
-1.312797539982835660e-01
8.944889555258833669e-02
3.669283367449503452e-01
-5.451500549591525857e-01
-8.270650349424287298e-03
-9.354976014588166355e-02
-6.083070590494200902e-02
-1.695301778182017605e-01
-2.649463982250988003e-01
2.220633869015606054e-01
-3.035691945762054034e-01
1.678190790859257209e-01
-1.079536794796667892e-01
4.166495209451637205e-02
2.001235983153674403e-01
-2.799295830775354599e-01
-9.725252414486977581e-02
5.642554538486262150e-02
2.617665241334418136e-01
-5.372269241874687296e-02
1.838310493876111895e-01
3.576731331596727514e-01
-1.613811433745233059e-01
4.128252195421605597e-02
6.271659998569822925e-02
6.715065854810392532e-02
2.979221495189778024e-02
1.901337507429297705e-02
-2.950461221484076968e-02
-4.748859858598959011e-02
-2.230603247346222770e-02
-8.463245127624138830e-02
5.363713905767996115e-01
-2.620975142444855743e-01
-2.071049669614393463e-01
3.330618074142571161e-01
-2.437644381854258413e-01
5.661837975214353141e-02
-4.736849050605076300e-02
3.182712272494931938e-01
2.705710342928211443e-01
-1.544805836242834629e-01
-6.908595082235295948e-01
4.809335336250868814e-03
4.568154356038575670e-02
-2.766120155173240058e-01
-1.061206917663899962e-01
-3.394467224547261797e-01
4.774447621920080986e-01
2.404192799414484882e-01
-8.759411863301935774e-02
-1.070050495598587892e-01
1.946347391514339498e-01
1.382804503155967979e-01
2.478133926252050201e-01
-1.286340010766833519e-01
-1.294999920945275051e-01
1.084360488174322401e-01
3.305780441216201182e-01
3.548806409408019474e-02
4.693179308369277991e-01
-1.008042220703476571e-01
2.393933750285067164e-01
3.427675091120195301e-04
-7.198873534843497346e-02
7.339627812648451266e-02
-6.747225138737660000e-02
-1.354978273044798731e-01
-1.052314659325789131e-01
1.210940870615179188e-01
-1.649837116470062315e-01
2.105418321201146248e-01
-9.863311136179194263e-03
8.583099269950935153e-03
1.031905675933553618e-01
-3.119992934049459765e-01
-1.946181284919814847e-01
5.997614040540075880e-02
-3.334738363022096697e-01
2.248973822555182245e-01
2.714316693260735436e-01
-2.264601737775894241e-01
-2.620600932421752738e-01
-1.907478748409034974e-01
3.175474372851523897e-01
-3.747609973527022964e-01
2.171464272865641087e-01
-3.460526296496908571e-01
1.041917028132138129e-01
3.570591452490738393e-01
7.183858036452987761e-02
-1.851841569670844567e-01
-9.564833077934829786e-02
4.474040630917669459e-02
2.786890448366118878e-01
-5.463512565770691776e-01
-6.212125718206615993e-02
-7.860048195513956448e-02
8.714890403170268141e-02
2.646296814437752998e-01
-2.449321432415912658e-01
-4.776786007113393434e-02
3.918831854619592159e-01
2.978132715089051308e-01
-2.702289788909766344e-01
1.390893957834878625e-01
-7.581887920135000139e-03
-5.217969702256247330e-03
3.430096708286071161e-01
-1.306049691589908912e-01
4.635691060618090109e-01
-4.073220266442776488e-02
-3.070761476422086411e-01
1.420099284359942725e-02
2.368194749682141220e-01
-1.938155870909266110e-01
-2.081538860759674925e-01
4.370946462055053106e-01
3.229921223824785970e-01
-3.529244499895538983e-02
5.344036939245816464e-01
2.235729644045339748e-01
9.594083366779783406e-02
3.013044652682176361e-01
5.115153461225615400e-02
-3.441342032667426415e-02
-2.554121923625912380e-02
-2.191531518380020749e-01
4.051688087950363060e-01
1.964356965894322737e-01
-8.972893592684622055e-02
2.251495359885248015e-01
2.786888785289167725e-01
-2.201492093559142757e-02
1.169107588215477500e-01
1.042262500708355244e-01
-1.204462234349558125e-01
-3.657931722796501917e-01
-1.655766812842459634e-01
-4.098818348038641562e-02
-2.228751697192091208e-01
-1.980587390337555653e-01
-2.931869035930726453e-01
2.240781767548509218e-01
4.530380517627729392e-02
-1.676918296173923184e-01
-4.053035922936825547e-02
-3.756664236032756232e-01
-3.100260728422054024e-01
-2.077192639084893822e-01
-2.161233318492341293e-01
-1.477143364428153416e-01
4.955348118536321428e-02
-2.404285774846839363e-01
-1.981499038595055662e-01
4.292015456827824593e-02
-2.292130253865211076e-01
-1.599446350939995667e-02
3.191195943464363027e-02
-8.568525186814999681e-03
-1.152217335851372787e-01
1.666779712700290073e-01
-2.886977704748388551e-01
1.308593471111456075e-01
-7.303254462803977776e-02
2.457454834070041949e-01
-1.552580135060403592e-02
-1.128656064390332753e-01
6.353333576195614729e-02
9.383286969648249598e-02
2.820031728414250094e-01
1.455322604782213758e-01
7.912994528752743950e-02
2.226342957367110839e-02
-7.654988908534099412e-02
-1.888772154218884836e-01
-1.505604636379859751e-01
-1.654726691883372514e-01
-4.860730702753020271e-02
-1.355390923409325876e-01
-9.074739624117726666e-02
5.564541014834713251e-02
-1.701085910719900007e-01
-2.432049618042774752e-01
1.998188666688857293e-02
4.697419904174045951e-02
6.506848764807031393e-02
1.532145648882053679e-01
-1.265067471183019543e-01
-3.925646427190103149e-01
-3.186403378018542454e-01
-3.669956386564433848e-02
7.805751260329223118e-03
1.130190948230408304e-01
-4.195169483042343606e-02
-8.291407745308693178e-02
2.342575499131478167e-01
-1.070839717016753706e-01
-1.176927704765287075e-01
2.143786000539266851e-02
3.967250803950794075e-02
-1.031187392962427674e-01
9.546049851288811172e-02
9.873302104739539731e-02
2.563065630183741089e-02
2.765974691781122319e-01
1.084110906380370866e-02
-3.968079580027401576e-01
-4.224195953715740859e-01
-6.730589123403121765e-02
-5.279240538672268501e-01
-2.732717952100023884e-01
-4.667555191661545977e-02
1.012351396851817326e-01
1.453098374366813827e-01
1.220509851640110555e-01
-3.262668850714000035e-01
-1.809426346549766473e-01
4.453822827905946635e-01
-3.314878540947286401e-01
-5.639757966635061681e-01
2.267934631696728043e-01
1.777551084319151098e-01
-3.827851967391174837e-01
2.592590051454595618e-02
2.198789373126047442e-01
2.512143505520324505e-01
-7.356134253631385622e-02
-5.853794448356690328e-02
-1.892660831712835445e-01
-7.389064260285245211e-01
-3.351759034408416382e-01
1.647139522236259167e-03
1.689567196791558201e-01
1.850375127394544850e-01
-2.322018337710073099e-01
2.406375274715179813e-01
4.487587441748924211e-01
-5.372973965563863225e-02
-2.412852562372673204e-01
4.275206800960601461e-01
-2.073585288297433715e-01
-2.762271401700639450e-01
1.599820625190604972e-01
-4.471004983313148218e-01
3.112183370072024377e-02
8.611734619698434290e-03
-2.588352337294292510e-02
-1.242192164324303211e-01
1.692144303597423738e-01
1.083523261326130721e-01
-1.559104749613237639e-01
-7.903505595864819544e-02
-1.184047430139373164e-01
-2.448417465811337373e-02
3.860761217802242684e-01
-3.520351888351382907e-01
2.572617887036163786e-01
3.103878354898404260e-02
2.020365307169801339e-01
-3.588713464630613470e-01
3.084298793294426022e-01
1.341868529415359834e-01
3.175351979065321184e-01
3.348269088211118794e-01
-5.439845608062581217e-01
-2.963448241407615757e-01
-5.898713686028536629e-02
6.411173537601366768e-02
-1.779440338175299896e-01
5.188679748866484864e-01
5.899656397470802449e-02
2.245042602190257253e-01
3.790297719313499014e-01
-1.208942995210601778e-01
-2.503093772661516558e-01
1.150164144989718334e-01
-2.848833302393518618e-01
2.536894972734053955e-01
6.711449669434883802e-02
9.694632401994388027e-02
1.813688516008078733e-01
-2.278364157628401040e-02
1.899450686494521812e-01
-2.210583742328293688e-01
2.884977591953997167e-01
-1.622517479152768560e-01
-1.423592817863690574e-01
1.105424649794567865e-01
1.201717531492634827e-01
4.739538330056091708e-01
1.529844577394520455e-01
-1.157408588555088047e-01
-6.252511449204721516e-02
-5.443982505671307592e-01
1.837511951726626125e-01
2.417994017249267269e-01
3.738257791368793104e-02
1.709185505175139508e-01
-5.259329558502913449e-02
1.775169943012373103e-02
1.868743441530904825e-01
2.319742592557894612e-01
1.217581001714023309e-01
9.719489058422058070e-02
-1.891838994350220071e-01
3.177209505745715590e-01
-2.695607399261110149e-01
3.663509563931531543e-02
2.144439972609780976e-01
1.433540468934119128e-01
1.403298797619882410e-01
2.488071056075029375e-01
-6.527541139030929029e-02
3.031655303034795357e-01
-2.514162592127694787e-02
9.596856626845867710e-02
-3.996667232653259849e-01
1.047470542653468756e-01
-1.505691340364259390e-01
3.696988180060702955e-01
-2.245565978623205172e-01
-2.096668460104515463e-01
8.166365329410858742e-02
4.144859314173009873e-02
2.705913596255958842e-01
-7.152779190808894461e-02
-5.794870378520226850e-02
-5.749605762520371838e-02
9.386405267318985446e-02
-5.740522135559916750e-01
-1.450562784299272712e-01
4.894976599348232482e-01
-4.782546580683095377e-02
-1.786661006780040917e-01
7.162583871248043299e-02
-7.738317694956885207e-02
5.143031659918119169e-01
-3.905158058696656664e-01
-4.088464065808788406e-01
-4.017713240952217046e-01
-4.240899205416434059e-01
-8.686626246492705483e-02
-1.959733330715680844e-01
-7.220884931502603854e-02
-2.829903448468131244e-01
-2.418991939558419457e-01
8.215360482906569617e-02
6.917950641819106683e-02
-1.283050656433549763e-01
2.544016877900394102e-01
-3.781038604647552481e-01
-2.928872771041655942e-02
-3.623545299135066400e-01
-1.684982797968110901e-01
-4.974057933960128464e-02
-2.065653440767814542e-01
-3.311758871312209807e-01
-5.049623504477392805e-02
-1.888074632887402626e-01
-4.052248204926978681e-01
-1.038651556876692660e-02
1.725383332322033003e-01
2.947760274029386784e-01
-2.845452594944193891e-01
4.632912720728395162e-02
-6.130465465356668697e-02
-4.415239312125222582e-01
6.546872613357418436e-02
-3.564413326300798768e-01
-3.025721825430187084e-01
2.367318396802734204e-01
3.429130736875686813e-01
-4.346652373048816576e-01
-3.011505162041307193e-02
1.727618085367194078e-01
3.037942697959539196e-01
-7.862751082349751786e-02
1.038528145128203850e-01
-9.183182640132685204e-02
-6.321403304147741320e-01
-7.576701882928983389e-01
-1.188637082709307624e-01
-2.690388130251669119e-01
2.612602233670137039e-02
1.318341338389105166e-01
4.918784990447059302e-01
4.976659578058041655e-02
-3.778450050903023327e-01
-2.393355312736495100e-01
-2.123624894509965610e-01
-4.176395053544928460e-01
-3.133474544107332505e-01
2.238168991068551772e-01
-1.182981802048859027e-01
-3.983798825284915607e-02
-1.740607796985192968e-01
2.425616283932955086e-01
-7.905129220851071781e-02
1.143739995758692451e-01
-7.074313273350836540e-02
1.262336681614508946e-02
1.571676995769215324e-01
-2.782082115983370296e-01
6.067738396512992877e-02
-2.906237548571153351e-01
-2.158446265522579940e-02
3.822911511273416330e-01
-2.292055304849551778e-01
-2.459556504573942592e-01
3.291713670739578323e-01
-9.816376797996365089e-02
3.965182655869864958e-01
1.477347038946427542e-02
2.597515775762911927e-01
-1.226954060195761947e-01
-2.138318030017040405e-02
3.635741117772074427e-01
-6.225416613282531292e-02
-1.688880469084670932e-01
2.486125987731354903e-01
-1.998819032181503239e-02
-3.518252978867093123e-02
-3.229567206364391315e-03
-1.029733789551764422e-01
-1.753448479831180851e-01
-5.118690204243105113e-02
8.593180596727728604e-02
-7.486273496941775463e-02
3.143629749539155194e-01
5.927289829710619823e-02
-1.666662340347917909e-02
1.539540226302321679e-01
-3.423294709276979847e-02
-2.445190081601772425e-01
3.385637908656079498e-01
-1.722381868969536378e-01
-1.245648725556389724e-01
-5.284779007039724918e-01
2.329520261273176629e-01
-3.850105006253988216e-01
2.317685785101299412e-01
5.584457190523909459e-02
-8.986424229322753296e-03
-4.784346517357418449e-01
-2.022491449064984237e-01
-7.782142551754506372e-03
2.483888326446340444e-01
-4.190841396106106259e-02
-9.798025438866796166e-02
-7.514080672469412858e-02
6.094856720306993797e-02
-2.190464264825573437e-01
1.648677459041863747e-01
-3.484259030725633810e-01
-3.451248343069392432e-01
-1.716386688299714747e-01
-5.042497477643447662e-02
2.376148679582008316e-01
-2.333252540176997958e-01
4.208424219485966400e-03
-8.488664834993236985e-02
-4.836040315463787098e-01
-9.844292824593670055e-02
-1.548701855404834293e-01
9.515906630525552967e-03
2.401447304895661106e-01
3.327818686049212049e-01
-5.017577610422694345e-01
2.341953349375898788e-02
1.038725003477856679e-01
3.683443531981563102e-02
1.171894787723698067e-01
5.421544351986253008e-02
2.103321016232901908e-01
3.622804278020368834e-02
2.833771910044107223e-01
-2.814310325758324627e-01
2.668076365043665563e-02
-2.098112480378846734e-01
1.430972253203649236e-01
-4.034487429671620995e-01
2.318644556105878829e-01
-6.623860275300497147e-02
-4.058354946019726572e-01
2.796330413267300585e-01
-5.903645657789701948e-03
-2.815611490646462434e-01
9.859559433135593742e-02
-1.931277192040142532e-01
-3.000790555141587546e-01
-1.605952020585505458e-01
4.752375802348140499e-01
3.690829237971843257e-01
4.410762630917330201e-02
4.537056488644315988e-01
-1.605745075858967530e-01
1.022665515898336513e-01
-6.072167096387896812e-02
8.760726501359639151e-02
-1.656598755569774484e-01
1.848549669775731707e-01
-2.270494739006223006e-01
2.124402974275750589e-02
-1.351417894678218767e-01
2.028505022659665355e-02
3.198539274592174797e-01
-9.040727881785828868e-02
8.855439027011788311e-03
-1.147376327965209247e-01
1.413670281726441824e-01
3.068822979937365081e-01
-4.995204447394576558e-02
4.772481511962554240e-02
1.593360567037413744e-01
-2.770799456363477464e-01
2.187357456778531162e-01
2.429512136733496530e-01
-1.712417487301544083e-01
-3.099902503712478330e-01
2.200852231463203135e-01
3.753444898864725238e-02
-2.087173779424705555e-01
-6.047982844465250168e-02
-6.058175715839402287e-01
-3.330157913112392620e-01
2.708946411064669380e-01
1.477982741608231398e-01
-3.275311100524030961e-01
-1.793524179079341585e-01
-2.661439121386557916e-01
2.962608112324967985e-02
-1.703677139375540106e-01
2.437226622584084679e-01
2.287001521114075675e-01
-1.027167628812186151e-01
7.607357660391075513e-03
2.055857295881986513e-01
-5.786042529414019420e-01
-1.063908082782628883e-01
2.764169549115196856e-01
-6.625416597990790857e-02
3.914784594703965004e-01
-9.214964058114172296e-02
-7.943847777391339904e-02
-2.568230440360298461e-01
2.338669846815522313e-01
-2.485103585208766619e-01
9.772264661873336644e-02
4.002578110431084801e-02
-1.024033107745413312e-01
-1.151349883381419525e-01
-2.674786031241018769e-01
1.294091419923556474e-01
9.769893611302091219e-02
-1.266339750102918882e-01
-4.814733183345505929e-01
1.093459863449489609e-02
3.678897825452780157e-02
-4.716731973270985728e-02
1.780487816631779463e-01
-3.839820041356550862e-01
1.145136307358725902e-01
-3.070034719563582426e-01
-1.432700812783495870e-01
-1.506566512716686346e-01
-3.879163906909915971e-02
2.550572314472937530e-01
3.290777928375999695e-01
-7.676822769841287752e-02
2.677799615282026036e-01
3.724840262745623531e-03
-2.587079260523592605e-01
3.728439913876323009e-01
1.097294365169452363e-01
-2.968608615245896601e-02
-1.836558473282869086e-01
-3.885813553789800312e-01
7.702417643002977543e-02
1.818427377371185094e-01
3.615842078290677497e-01
-1.713262539708877985e-01
7.127856429017736389e-03
7.054555498168320338e-02
-6.177026331756080291e-01
1.918456427924686847e-01
3.921493286223906027e-01
-1.288817585617972328e-01
-2.238371377881862856e-01
-7.139751686198619884e-02
-2.510818155852935774e-01
1.776740815394681761e-01
5.410931879930211963e-01
-6.291520201268085977e-02
-2.782198840695279118e-01
4.043976191901660355e-02
3.707559706842650238e-01
1.041532925828308337e-01
-2.056457216924442444e-01
-1.443915166140355977e-01
-1.470731240354231605e-02
1.769123907825671527e-01
-2.557774907673178444e-02
2.052338457996404075e-01
6.192280447970816698e-02
-6.014408251373608294e-02
-1.514683813769921172e-01
1.779313278124122766e-01
1.486707690968737117e-01
-3.751317406787042785e-02
6.139731041178897453e-02
-6.743876879026964276e-03
-6.512089025317870095e-02
5.266630088289577655e-02
8.849999399966352459e-03
6.114019630003333407e-03
-8.091830773042096858e-03
-2.055163122867237346e-01
2.352664975126010638e-02
4.796054200268393131e-02
1.581204098979678910e-02
-2.366031859461422970e-01
-1.603633336829256573e-01
-2.712366820595530914e-01
-2.125511942289660949e-01
-3.466976318557687953e-01
-5.733556468406870998e-02
8.107616120866656395e-02
4.476842382375791352e-01
8.442074237902799649e-02
9.765762148297636724e-02
-5.266956055164024875e-01
4.825883018512051592e-01
3.939880228658123595e-01
-3.187241263003379177e-01
3.005410348161471346e-01
1.495958796386213097e-01
2.429263236123547498e-01
-3.721061073956762333e-01
9.801358185150414737e-02
3.302712102493863822e-01
-7.140481356748237807e-02
-7.105785296206076906e-02
-5.901057834200166274e-01
-1.801815921834696577e-01
5.403096714893376729e-02
1.348431922664961591e-01
-1.373361673269801186e-01
1.157654484913393789e-02
2.280273316200105982e-01
2.214647719555276617e-01
1.457523127966777084e-02
-1.844125298672588953e-01
1.393106660281654974e-01
3.100595911290178752e-01
-3.020541217099151909e-01
-8.424795076643014358e-02
2.935477487299364419e-01
-1.491198618861966918e-01
-1.203084557394873549e-01
2.298062758717381304e-01
-1.855005484393287551e-01
-2.586490380781101273e-01
-1.449359456009551850e-01
2.567467405437907080e-01
-1.466627146952447225e-01
-4.685398385421190581e-01
1.684274002919713131e-01
-1.522495582841324191e-01
-4.121846477395590264e-02
3.477708344302038457e-02
-5.568909022510767047e-03
-1.530851137374463211e-01
-9.945372120409423644e-02
-3.211365803663083218e-01
-3.732562601544899827e-01
-1.071666642472061393e-01
-4.072924004544173360e-02
-2.994063408160558271e-01
1.048148855803859997e-01
-2.115753946701685317e-01
5.135666782818397447e-02
-3.536920587729996263e-02
-1.416557533430289617e-01
-1.977878864556520122e-01
-3.558999777775418566e-02
-6.194161468016623181e-04
-3.014842077955489086e-01
1.827212914203013017e-01
2.557162622565560262e-01
4.397262311320686012e-01
-1.457930345225353919e-01
-2.785129289121441865e-01
-2.389925314701970005e-01
1.031027722265407814e-01
2.859463867930052139e-01
1.616894360216050430e-01
-7.695404728061637500e-02
-2.530945673364247139e-01
-4.828234189091499262e-01
9.196415448489110578e-02
1.696052120433805821e-01
1.025220950586548940e-01
3.656675877917689998e-01
-3.444136637620172636e-01
7.987108324741327703e-01
4.393821389323716020e-01
-5.378973185155440373e-02
8.111084708640874108e-02
-9.176095795827898804e-02
1.806532467317683022e-01
-1.073730192414306395e-01
-1.836331328070493207e-01
-1.341952999460776889e-02
1.766243842530830499e-01
2.832687411551326195e-01
-1.325684502344181837e-01
-7.656515669062276264e-02
6.339644021354189085e-02
2.707638409344285610e-02
5.270893846677264516e-02
1.345925412602406723e-01
1.688980339421954635e-01
-2.314704905390135847e-01
3.265145779707924190e-01
3.463875097677048820e-01
1.829046109440330414e-01
-4.052979589432621765e-02
-2.978118197649857191e-01
2.348640168218494861e-01
-3.083658113701457926e-01
1.549291436797725074e-01
-2.358140525269477802e-02
-1.614287039968364534e-01
1.998160225121125566e-01
2.156727302683491276e-01
1.123043721363413544e-01
-8.629961292439028084e-03
3.234871657991888680e-03
1.123664470120423579e-02
1.767067616668465402e-01
1.108322691864545156e-01
2.322628873555743767e-01
-2.299669035824081220e-01
4.875108015021339392e-01
-4.331426454049701058e-01
-8.595477080686071691e-02
-4.001380108718639861e-02
5.281769824511851896e-02
3.699792790262898534e-01
-1.066151075124053688e-01
-2.984759402241388485e-02
-1.202070518915821784e-01
-4.948112574609079412e-02
-4.696717955599305494e-01
-1.858628574278156365e-01
-1.364543399378775612e-01
-1.681889355116485685e-01
2.216511511945778168e-01
-2.815162375107040788e-02
1.428962813062075454e-01
1.515688853355940009e-02
-3.492553006937536286e-02
5.021221834121199212e-02
2.283866757665710123e-01
-6.126863870679764013e-01
5.334899780926975060e-02
1.260391862341365965e-02
-2.817492136794866875e-01
1.343138115169102698e-01
-3.516199218259432602e-01
-7.824637660018965435e-02
-6.414091413983548373e-02
-4.217185524751294601e-01
-3.207504316298451230e-01
-7.232309413350133942e-02
2.448422167426192175e-01
1.040195990824988453e-01
-1.350594560689834800e-01
-6.259967483684503002e-03
-1.846412227900792458e-01
3.548272040834986596e-01
3.099777496361160595e-02
2.505640541592665249e-01
2.546351807217915875e-01
1.613834077181388327e-01
7.628291862033720339e-02
-2.408533385483760392e-01
1.960664320723881360e-01
1.479073634289283234e-01
6.046926384067396326e-02
2.917658375944572335e-01
-8.605174825212376019e-03
8.048579257068771975e-02
3.172869406347265109e-01
-3.427143097574700953e-02
1.003751871831737724e-01
-1.649542461083155498e-01
-2.939386759665842952e-01
-9.104725241057610996e-02
-1.846434410541175630e-02
-2.935080105321556942e-01
-2.837914882576000886e-01
-4.672798089228528962e-02
2.926704400744088025e-02
-4.387720210288477141e-01
-2.855092065567710335e-01
-4.013203270486891405e-01
2.134524784614449111e-01
3.435686771052138266e-01
-1.216750731987690376e-01
-3.564690850589132820e-01
9.467355557342946315e-02
-6.346654087640998809e-02
-2.840318899938919922e-02
-1.483877604899544733e-01
2.993104910634877824e-01
4.186908932689603624e-01
1.444514898203359300e-02
3.278726858554874557e-01
-8.024477338486683820e-02
-2.367462614239212171e-01
2.121398158162054737e-01
-4.037913888495152648e-01
3.531803118065093838e-01
4.676759636180165963e-02
-9.931845231161298779e-04
-1.271179290793433281e-01
3.299001481207380904e-01
4.035989004565555122e-02
1.554524511400772191e-01
1.299607964779018847e-02
4.931826620111324222e-01
1.239770395195721325e-01
-3.417047964066937116e-01
-1.294687001579570007e-01
-1.240726854839304810e-01
-1.567693785253783945e-01
1.041582322559670287e-01
1.613382336148079521e-02
-3.156613960319212264e-01
1.271090366378855863e-01
2.900712377205345166e-02
3.251435946948147970e-01
-1.259686316030845799e-01
1.702963254378977720e-01
1.974599537050565623e-01
2.524437960455226948e-01
-4.373003801973309249e-04
-7.635799057253910005e-02
-1.881621624493971245e-01
-1.265449140039477498e-02
1.690142494643751825e-01
-1.656172959375036835e-01
-1.106297978851775443e-01
1.532245552584555748e-01
-1.396575767133871881e-01
6.031723478224716023e-02
8.220008997791175553e-02
2.416840673271762885e-01
5.736622662327061500e-03
-8.922175166439193228e-02
2.820190205189465615e-01
-3.577018276055694002e-01
7.662725393430203091e-01
8.105454668611745961e-02
2.838929039100021590e-01
-3.647730525849479655e-01
1.444568614667756656e-01
-1.510920609844670394e-02
-2.507232041702758263e-01
-6.049890729279231577e-02
-1.579672821869733124e-01
-3.811421662305806285e-02
3.480462413434944891e-01
5.074895506278256918e-02
-2.602059670611814313e-02
3.667726179136513442e-01
2.023042130002557504e-01
-2.422593921850825505e-01
4.420596011247383550e-01
-5.008927478733687239e-02
-1.707223566096854328e-01
1.493883799374777221e-01
1.004943205110524485e-01
-1.001519631157301617e-02
7.062499331087281063e-02
-2.130339145282107369e-02
-4.019799343043916617e-01
2.862484480816932519e-01
1.658678859162177610e-01
-1.283173275255765355e-01
-1.079271114762292011e-01
-6.461720649661290006e-02
2.198189770773551766e-01
-4.499519984584007259e-01
-8.651082498060216897e-02
2.058545975658577776e-01
-3.786195222471687716e-01
1.542045105787148707e-01
4.365627337498770300e-01
2.001807813257791557e-01
9.482748512183772349e-02
-1.500163174204552537e-02
-6.671017070722852493e-02
2.128697531909663765e-01
1.275184892147853966e-01
3.127223247734870482e-01
4.787668299978073971e-01
7.625862404802201400e-02
-1.046604498088674201e-01
2.010190984604687259e-01
5.684826537925320444e-01
-7.375478979614639996e-02
1.037974970965014343e-01
5.225763914127085075e-01
-1.192676365235239289e-01
-2.566267545646253034e-01
1.902905481868482906e-01
-1.188478051417472675e-01
-2.613000749462926486e-01
-7.759448483155102771e-02
-1.006107477078075352e-01
-2.722295381116334179e-01
-7.321000967607091403e-02
2.436869500326431515e-01
-2.222177046311396911e-02
-1.722347105693705915e-01
1.595678412014623834e-02
1.465528392761652476e-01
-8.864667217815234979e-02
8.044998058716361367e-02
-2.009264946251609549e-02
3.526269393633132410e-01
7.574339477771886708e-02
-1.194116618299449458e-04
2.032303985238038263e-02
-2.625660742979716855e-01
7.780263088506066127e-02
-4.356365881886377633e-01
5.960734516671099131e-02
3.583180572653549278e-01
-8.744820635632090389e-02
3.390604236790639714e-01
-1.559343974930433863e-01
3.929480110980669294e-01
1.357192387204239903e-01
1.762767276394644200e-01
-2.395647006441826432e-01
1.264309204751780380e-01
3.478613666903664428e-03
-3.781742770146859309e-03
3.024660965567357862e-01
-4.212407828640007262e-02
8.423363953340125276e-02
9.463938693479646835e-03
-2.864044681426772820e-01
2.795403066224776967e-01
-2.605210368286273726e-01
3.527521149829339064e-01
-5.044173464116129546e-01
8.429555576079979240e-02
-4.720604415638262295e-03
3.017871968096706992e-01
-8.668586104385783697e-02
-4.437525308359401843e-01
1.241347024404901578e-01
-3.723630356653417350e-01
-2.725843789592144462e-01
2.654903889731857064e-02
-8.208362690525460026e-02
-2.269221422813144651e-01
1.185021711309233589e-01
3.095616643759179221e-01
-1.749214316421769388e-01
-7.765036363341129566e-02
-1.550671814635433410e-01
2.518981890963551962e-01
-1.212570244377814965e-01
1.034951412274277838e-01
-1.148606928249736869e-01
-2.873833162885150450e-02
-5.866337679656811847e-03
3.202153860541808728e-01
1.202039847374005155e-01
-5.697944947715565256e-01
-1.258075289647709039e-01
-4.761527550590442109e-02
7.162572594481572685e-02
-1.981923773985282133e-01
-1.467162965625987969e-01
9.045677155013122361e-02
5.334179574951007918e-01
-1.501624149914650153e-01
-6.106501779562480137e-02
3.754082539651393963e-02
-4.908816492666933651e-01
4.089762602653307377e-01
1.327593649737157828e-02
1.808810250418699250e-01
3.618847120279761742e-01
-1.205333037944176927e-01
-6.945667285489656173e-01
1.259110942855293062e-02
2.302759329858167225e-01
-3.620276910948863613e-01
3.872127177361997519e-01
-2.391752153866654254e-02
-5.583966075166659632e-02
-8.030202053887436353e-02
5.336014526125262142e-02
1.297972735421112911e-01
6.176521640930916768e-02
6.555282787154835533e-02
-3.394732513429733478e-01
1.304688955314263210e-01
-2.434290568716997519e-02
8.159730565435321936e-02
-2.307124074654141321e-01
-2.422580483199509027e-01
6.858209404771720141e-01
-6.612625612855710378e-02
-5.981693375733701523e-02
-2.852531483293838446e-02
2.869483934545373136e-02
-2.510864042636405946e-01
-3.380725583784537774e-02
-8.529047706417984542e-02
1.292801568189851091e-01
1.091441296126689428e-02
5.900812481408092280e-02
-1.496202396286904213e-01
-6.333458555194972084e-02
1.216007021546310594e-02
-4.017334470812109620e-02
-2.881924327917541676e-02
6.307593666038532887e-02
-4.342725141705412739e-02
-1.254443013886323843e-01
-5.816226137346262176e-02
3.232157048765630508e-02
-2.837393759337544230e-01
-2.512142651228300161e-01
3.269797801438310558e-01
1.640435171257636215e-01
2.699662940945974365e-01
-6.990955370450388506e-02
-8.420987496923415527e-02
-1.589392795856849894e-01
1.687789726475980578e-01
-5.379981620700511336e-01
3.061920686389247859e-01
-1.771633791620448872e-01
3.442594514170586040e-01
1.456065050026718322e-01
-2.001258465001135023e-02
5.267196964664878633e-01
-1.954988398840420971e-01
2.023908754410825295e-01
-8.333796144524914518e-02
-8.828503830705823271e-04
-4.333921460621870669e-01
-4.646196788904459751e-01
-8.605138449374022391e-02
-5.363955574477631549e-02
9.413379032775016919e-02
5.739048185782739953e-02
9.394158364287388818e-02
1.399764184721484679e-02
3.152241678823876070e-01
1.753681223037433998e-02
-7.565300454838022604e-02
-4.656309909781063822e-02
2.549390948712662586e-01
-1.153214614933595755e-01
9.465126134387767676e-02
1.089581319547593546e-01
-1.171220490842229123e-01
-3.459461078797533284e-01
-2.385773104894462204e-01
3.595049913812046194e-01
-9.291249490263904509e-02
-7.860594614711849393e-02
-4.931469924418898643e-01
-4.044733074999782851e-01
3.164366344032691902e-01
-4.243769902963815538e-02
-3.629356975627934245e-01
-2.051511909137776757e-01
-4.332612027538568222e-01
2.038260147826607416e-01
-1.355866858178847965e-02
1.193657698553083069e-01
-1.204889607190266360e-01
-1.622428651361632890e-01
-3.909619336268051887e-02
-1.672328216582503330e-02
-1.617052458900838929e-01
-6.701643098886601868e-02
1.457696853768517264e-01
2.062503747969041679e-01
1.376325463079703659e-01
-1.346414173826246952e-01
-4.314817777143776234e-01
1.036582853798453108e-01
-1.397906788542511713e-01
-7.773542985827733287e-02
3.491280484376861337e-01
1.689299405899641060e-01
3.679764582181234422e-02
4.011510088075491698e-01
2.078978989879548267e-01
-1.544329683215678595e-01
8.128890526584542364e-02
2.051622203257585930e-02
1.529133320116456141e-01
5.945663950329368314e-02
-9.848767714852704747e-02
3.139323864281598833e-03
4.434547522839080158e-02
-3.623792954241672470e-01
-1.875730097807564445e-01
1.141665920574654325e-01
-1.558796496473918713e-02
3.880941250722211855e-01
3.923316995977726429e-01
-4.786864629906696367e-01
-1.732397282735619604e-01
-4.735141363203237419e-01
2.659560845006530005e-01
-2.507819486922425178e-01
3.899443644547198051e-01
1.761052115058726886e-01
6.502370246505130569e-02
8.241349173874547296e-02
-9.472818083594776450e-02
2.890520588345068531e-01
7.595172254619585173e-02
-1.439761258115046516e-02
7.311224252835789306e-02
1.089728513160827944e-01
-8.771767234923530387e-02
-3.748839005544456482e-01
3.751583256383672071e-01
5.668773621138079337e-04
5.004428588762745989e-01
2.508904127367178050e-01
3.376924820930801152e-01
3.120496947102678609e-02
-3.488187015392386382e-03
-3.104778749690242368e-01
-2.119043172374053541e-01
-2.284454459248009550e-01
-8.511799022157912065e-02
6.475990650286146677e-02
2.239835218113383764e-01
-3.402677347710768296e-02
1.115227253368448745e-01
-4.709281002448099940e-02
-1.628240614739573031e-02
2.535243195261405735e-01
3.804104606087523877e-01
-2.156344466531972918e-03
2.083518931128414478e-02
1.422583115570127399e-01
2.745337062758042568e-01
-5.107798977126724871e-02
3.372726846581446947e-01
1.136502199733906565e-01
-2.711751774919887170e-01
1.494416828655306673e-01
2.938376696264266008e-01
-1.377646033005550108e-01
1.454931939778792982e-01
2.474713633021689563e-01
2.133898326550923846e-02
2.681278752809688332e-02
1.311829086639892672e-01
-2.163530372620992362e-02
2.930876825728495616e-01
-6.436485607850596369e-02
-5.455183938628833246e-02
2.680108870552233569e-01
1.287077853087048029e-01
9.834327571999111617e-02
-1.336114671078205418e-01
1.384597225774953921e-01
9.726948446408020810e-02
-3.372475026673713017e-01
3.341215749651853528e-01
1.434303790179295990e-01
-2.655438701666034684e-01
2.928924565524442247e-01
-1.217825601940839414e-01
1.837742704021859130e-01
-4.729099150508406929e-02
-2.567762640818723185e-01
1.490619590663311289e-01
-5.155230975869193877e-01
-4.243920456593751056e-01
-1.926968232626491070e-02
-1.203168492563354147e-01
-1.750705137817972767e-01
2.237272033551243045e-01
-4.643785968262744562e-02
1.640497759340502071e-02
-7.656683708743791672e-02
4.609702344438462163e-01
-1.515675639638199013e-01
-2.294764919846145612e-01
-3.867879805306491670e-01
-8.444284422628399456e-02
1.847625029617175063e-01
-5.383722536492851346e-02
-3.925757730233124243e-01
-1.433687050869748569e-01
-2.796110196247089119e-01
-2.416047119011906774e-01
-9.010414729048838237e-03
1.463549200521487292e-01
2.407268401817550252e-01
6.030770148922603990e-01
8.235311722300045489e-02
-1.319510542567330358e-01
-1.257013624045095757e-01
-1.987862187379850765e-01
-3.482904007263954993e-01
-4.926306660954524186e-02
1.980763342029352447e-01
-2.421533524951358374e-01
-3.586665617689380747e-01
2.509631302051645863e-02
-9.410216824489850418e-02
-1.565500080671963501e-01
-1.140993110721969517e-01
1.660568623423192280e-01
3.555595370459640470e-01
9.595903333630645404e-02
-3.155772862476994289e-01
-3.637258219645335411e-02
-3.432224059200638666e-01
1.458620765719290946e-01
3.279456582280988047e-02
-2.098856694588923932e-01
1.112519317689802389e-01
1.944715465476412608e-02
-1.829304380216650872e-01
5.103699232729716484e-02
7.748599089169748086e-04
5.240308997740377589e-02
-1.754461941811851222e-01
9.122625839172379680e-02
4.187046280117495134e-01
-5.259203554359233312e-02
1.444697509288943860e-01
1.524695589337506374e-01
3.698282176303917257e-02
3.115804700966096075e-02
-4.997306946711796427e-02
4.848745424819645572e-02
6.580365695162608830e-01
2.112643244666989606e-01
-8.910053763084310741e-02
-1.077227340152171198e-01
5.217777618562600972e-02
2.522268788912351151e-02
1.629826645217778425e-01
1.247653672066350097e-02
-1.222932195989982901e-01
-1.120274332225257713e-01
3.935821641735076648e-02
-1.255596286276569606e-01
-1.065220033843689157e-01
2.448370844047103971e-03
2.760552735365649490e-01
-1.278356010739797877e-01
1.055691555033139578e-01
3.478735120410378912e-01
-1.367992450352983336e-01
-1.379579441033503828e-01
-1.163104066821347565e-01
3.683033025862466614e-01
4.666753232904315152e-02
5.499914557134637748e-03
-3.011090674694996694e-01
4.737988171468698884e-01
-1.361708134468867792e-01
8.291789016575418225e-02
2.125086734969582336e-01
-3.892864107336439783e-02
3.640991093803642720e-01
2.198132985142453033e-01
-2.146181218158375592e-01
1.181306165081629361e-01
-3.035243255302424309e-02
-2.408296027277317675e-01
-3.888276407895968623e-01
-2.258943784428353307e-01
-7.429702730409271094e-02
1.741931620833462591e-01
-3.933749738933553508e-02
2.127622195328340154e-02
9.218202590463768498e-02
1.539769886781113817e-01
3.499864787021914614e-01
-1.096534949401792719e-01
-8.107170067669922098e-02
-3.554868609690321757e-02
1.758869185851228145e-01
2.369467204117323145e-01
1.009048366466398922e-01
1.987971650657856248e-01
2.928787050172779183e-01
1.118489950841442121e-01
1.582906903234939516e-02
1.204385519041909630e-01
8.552002944066604551e-01
-2.176529846949109837e-01
2.702321386823797744e-01
2.350873931521936799e-01
1.504610571992205104e-01
-7.055156931103198636e-02
-4.817776852786302411e-01
-5.729530451580709671e-02
-2.722658831488433684e-01
1.406420922328958933e-01
4.381410566428219355e-01
7.295982424008604084e-02
-6.996659971019070223e-02
-2.785712860700786941e-01
-1.315038850117433156e-01
3.170227101633921185e-01
3.708939920177253130e-02
1.342330710012498984e-01
-1.969906292387723357e-01
-1.738512209994725610e-01
5.487955137416269946e-02
-1.806844272084471015e-01
2.645044759649104460e-01
-9.253405975259494654e-02
-2.046768316152462741e-01
-9.208170780995811322e-02
3.295492127994476550e-01
3.515107995599890400e-01
3.323134193254192459e-01
2.438650734204305670e-01
4.499585095975719984e-01
4.104866634908252987e-01
4.625744650412415560e-01
2.686857589057470852e-01
5.777607844936939741e-02
-6.980990283398086360e-01
3.390485094791828025e-01
-1.081826933504784483e-01
8.271935620529716204e-02
6.919537595521735307e-02
-3.244393035471911380e-01
9.874657612844703336e-02
2.702602921214339315e-01
-3.484485293483056689e-01
7.515676603633518471e-02
-2.182585625053897194e-01
2.981327993357271722e-01
-1.731990165942608462e-01
3.185429055147253469e-02
-3.877123737662429570e-01
1.688507026088462426e-01
-1.761415108000580487e-01
2.923314538738807644e-01
1.565220873490425213e-01
2.601987897551815213e-02
-3.753372039661045934e-01
2.694345932413617639e-01
-8.067089409626060359e-02
-4.524343896387026942e-01
-1.428979465901218104e-01
1.808712596802057315e-01
6.598788024086690851e-02
-1.346801348217949168e-01
-1.989321908564465335e-01
-3.912345476977276415e-01
6.431366746640580778e-02
-1.036325211788316145e-02
1.435426375585903136e-01
-1.473748757062818271e-01
3.801352065803831892e-01
-1.462115358476713534e-01
-3.939722256114226023e-02
-1.237451608092743210e-01
2.867490223369406621e-01
2.237056943658570218e-01
4.409565029010015236e-02
-1.671570240793353035e-01
1.901158248230898073e-01
-1.861761071451944680e-02
3.497169857626533651e-01
7.673493172897130621e-02
-3.044755284794321559e-01
-2.594378819406090719e-01
1.367747957939632053e-01
2.780342698383665434e-01
-1.988175167881245028e-02
-1.591430633383753845e-01
3.886363688406257663e-03
2.075643482625852687e-01
-2.905140976226421312e-01
1.617411765073023255e-01
-1.471593631036391403e-01
-1.030553380964547988e-01
4.038234351991400461e-01
-4.913516349848030540e-01
-1.744588887534933852e-01
-2.790064533803673363e-01
5.614005628079974386e-01
3.025370738186035358e-02
-1.536400932448352685e-01
-1.258250340674781434e-02
-3.546678309018005959e-01
5.702498895807803225e-03
-6.494947914032765668e-02
5.054721693277404171e-01
2.598768472094616921e-01
8.649601770790490973e-02
2.033170025141753101e-01
1.586636696382157929e-01
-3.584878191760689226e-01
2.373299478857958111e-01
-1.764974771478088900e-01
-2.225443709212710230e-01
4.064869796323222761e-01
5.222713050399382384e-01
-2.224183377151036922e-01
-1.983312986474297934e-01
-2.390031889595837788e-01
9.926698712700274263e-02
-3.080455852446050136e-01
-2.429748071976566351e-02
1.677418525750057898e-01
1.974055152685398051e-01
3.149976387689755186e-01
-5.782912166254289971e-02
2.900951197020337768e-02
4.124038108097440730e-02
-1.631909638327460471e-02
4.150446279817932710e-02
-3.682702057365125348e-02
3.497526987344151683e-02
-1.521114716321439811e-02
2.143024514769218195e-02
-3.541843049374740482e-02
-2.768826858815977981e-02
-1.047259057466046334e-01
-5.651305888561823643e-02
-4.430355696702256013e-02
-2.409011084150379164e-02
-3.165990038880872603e-02
-3.949832432959993894e-02
1.364976456400770685e-02
-1.507812330225820514e-02
4.763732219942089924e-02
-8.150519851092624668e-02
-6.155282112410954271e-02
1.793805864427943930e-01
2.161089513186331690e-01
-1.279073132356685072e-01
1.725274084048428191e-01
1.488721292598151613e-01
-1.444667947726323842e-01
1.250755814222049567e-01
1.263091491260897592e-01
-2.657591927926523656e-01
-8.780094110004141306e-02
-2.800162150821024210e-02
-4.071223576529834354e-01
1.684083338861695756e-01
-3.608713256647844703e-01
-1.028835649639240485e-01
-3.428260432804724478e-01
-1.633971392087935626e-01
-1.936602957245309453e-01
2.580861125444410334e-02
-4.765674289489671422e-02
-2.316148193085761642e-01
-1.067461406553334435e-01
4.477449118094516400e-01
-1.960696099185278707e-01
-2.048906566822594061e-02
-1.439818267105771321e-01
-1.885132802535428587e-01
-3.163563882979539832e-01
-1.247377535155507616e-01
-4.905291475326663542e-01
-2.217162543255210838e-01
1.371879849793255501e-01
1.865722123851019654e-01
-5.767317068290921389e-01
-1.095622184702503138e-01
-2.547313050000242773e-01
-3.303290083775443642e-01
-4.785328312523070421e-02
1.975080035522808197e-01
-3.284325560604626770e-01
-1.649031649069181496e-02
-1.025948099367069988e-01
-1.139157511049180838e-01
2.222880352017302663e-01
1.100511206489723781e-02
-2.497690735826260389e-01
1.030811659563250493e-01
4.391851872404576307e-01
7.495193033915734104e-02
-3.540088969882096981e-01
5.360500855012752253e-02
2.802709927706062421e-01
-1.748513579865061396e-01
-9.123172878005073039e-02
1.503444424967920467e-01
-4.862640500163576962e-01
-1.207218134644833241e-01
-4.239378017102146678e-01
2.596587258083223881e-01
4.519114557608536198e-02
-1.719394998316182421e-01
-2.817466040273601813e-01
2.799013496188687000e-01
-1.096601459545853141e-01
1.910911346027161228e-01
1.603336632759267411e-01
2.827895502558290808e-01
2.304521305175419310e-01
-3.441358431981991761e-01
2.176455624359776853e-01
2.741984044148777430e-02
-5.855336315751088518e-03
1.197622325822615130e-01
2.068674061185291346e-01
-2.487221141370035971e-01
-3.565666898224792991e-01
4.339128799226594363e-02
-4.546452871084738501e-02
1.266505532974708526e-01
3.230509596311137432e-01
4.374498186419115697e-01
1.109292771729116500e-01
3.138490919758442077e-01
-3.007917033628245210e-02
4.394190013052263755e-01
6.024674483211695658e-02
3.928775919477112688e-01
-3.799263648363083723e-01
-1.811024957744631070e-01
-3.589030655912152645e-01
-9.435946434603513511e-02
-1.284488603931854545e-01
-4.298512940453849129e-01
-2.186009558979362666e-01
-3.238271677840439677e-01
-2.104388351187473638e-01
-1.389913004140842789e-01
1.394055290053449470e-01
4.870711765200019111e-02
1.162175982691475151e-01
1.105055183480704445e-01
6.049504657219091641e-02
-2.518319853299731403e-01
4.713578987595589548e-02
1.098167710252902496e-01
-1.346144121187247134e-01
-5.697012443225956541e-02
1.245913330975159938e-01
-7.718934808992890251e-03
4.147708106187501104e-02
-4.427767177862330650e-01
-2.363359414293085825e-01
-1.353271979047037665e-01
-1.010010723405851546e-01
1.924930410350616794e-01
2.077682978732912911e-01
-1.006015346634658303e-01
-2.630987186235335118e-01
1.175117002058341381e-01
1.307831657781725332e-01
1.850010970959626022e-01
2.713666315186816225e-01
-2.950089555313772927e-01
-3.517253505950881376e-01
-5.159586609003510155e-02
-1.789946868546927750e-01
1.744072391522440146e-01
3.933840658875671636e-02
2.078099545683177729e-02
-1.319178267591485376e-01
-2.081263896139529390e-01
3.222278049763078189e-01
-1.225191999587110919e-01
1.920764900431400912e-01
-3.522407129257883879e-02
6.767163983183978326e-02
-2.476038813116604453e-01
4.485904098690050024e-01
-1.308876296866320421e-03
-2.690687225243778014e-01
1.742582920715811390e-01
9.568581148782129286e-02
-1.325558432266121245e-01
-5.112431086445743400e-01
-2.568631197800995691e-01
-3.806053622350666910e-01
-2.864159421095361369e-01
-1.596457427765881343e-01
-2.501667433915657490e-01
3.910164944495599787e-02
2.452531272991481381e-01
9.284787913993852726e-02
-2.178583280389181365e-01
2.543082256169578170e-01
-4.819928848122193021e-01
2.691892992066463597e-01
-3.545365142246992285e-01
2.178343984868830463e-01
-1.614301591728650514e-03
3.318884568348795527e-02
-1.747460892887073292e-01
1.898933642647309891e-02
1.090644775071570038e-01
7.994443901045879264e-02
3.118277471959965408e-02
2.119161240375862787e-01
6.308011593359580393e-02
-8.465934569314312319e-02
2.918081193253197966e-02
-5.558925421307220338e-02
-4.237221008652617416e-01
2.860392509147927087e-01
7.232302223978034385e-03
5.199385095772793841e-01
1.797623751348050580e-01
-2.168474194201163718e-01
-6.021176784139185140e-02
1.833028231125112817e-01
2.888704349543512115e-02
1.575214421157949962e-01
-4.126296679490111252e-01
-2.806580091927646931e-02
-3.547480030485263280e-01
-1.973409348964001372e-02
-8.269885913943110511e-02
2.774448332991570898e-01
2.956703235355598314e-01
-1.223541860222845667e-01
1.284927244096340793e-01
-1.686459736547664123e-01
-1.599999799700528302e-01
-2.411424753808943944e-01
3.330273062271027484e-01
-1.416684797999099299e-01
2.152971067091317137e-01
-5.122608814324267623e-01
-4.070996171901646865e-01
6.484102467240525358e-02
-1.721589575446892117e-01
2.692489399633410940e-01
7.807056895929470608e-02
4.292527127217268812e-02
3.664120489717347939e-01
2.156148612703984863e-02
-6.400218854044252559e-02
1.275667785347465630e-04
2.772652161518148195e-01
-4.802500810175664991e-01
-1.875946079570814107e-01
9.351963602351014149e-02
2.292742841302292944e-01
9.609663999025128134e-02
3.570411224970580083e-02
-8.036706191195090720e-02
2.252898170403203754e-02
-9.966150872858070553e-02
-7.589981576118232098e-02
2.250193532547610231e-01
3.747822644739630393e-02
2.197437260791344493e-01
-6.129220616625651041e-02
-1.832190484961450649e-01
1.018016614501785350e-01
-3.301757095939408110e-02
-5.409740280669639561e-04
-5.556681374945611207e-01
-1.756207338485794023e-01
1.318789248856775120e-01
8.049887530028283777e-03
2.956735159571801663e-01
-2.874599813536219961e-01
-4.042298547292492716e-01
-4.661412818053614071e-01
1.566078844884713495e-01
-1.921572659395724691e-01
-2.727931990440188303e-01
2.711884078395414011e-01
2.198893267694197740e-01
-1.975475033893388799e-01
2.586180055967975400e-01
-4.225583902096877870e-02
-3.134177609433453499e-02
9.529595299507429007e-02
3.323525906742540170e-02
-4.660853622184885775e-02
1.868759201931971189e-02
-3.811916440170260434e-01
-7.948358272015235149e-02
8.214830434160038664e-01
8.029675061215293952e-02
6.588948268861320734e-02
-1.106542227282467650e-01
-3.994056850840735362e-01
-3.797064403835777036e-01
-4.069079476699386660e-02
-3.408481240761399578e-01
-2.051682362491381029e-01
4.174486687198433049e-02
9.153223851473511752e-02
4.293678490680367110e-01
-1.474676978728275134e-01
-2.658664150607068510e-01
-2.611806563117567981e-01
-6.120252069578173415e-02
-1.840586017716110134e-01
-2.424023849785262030e-01
1.384795563088874193e-01
-7.419644541989202369e-02
-1.906184300148433264e-01
1.113590245812828561e-01
2.572297916990890498e-01
-8.711825157402858233e-02
-8.331163190520785022e-02
-1.020939763105013082e-01
-2.684268038426772529e-01
-2.118104459451076657e-02
3.063571813182363601e-01
-2.700913599098355711e-01
-4.368094144195835415e-01
-3.621776198416443160e-02
-2.531608899935206547e-01
2.159753081637959815e-01
3.098533463778018193e-01
3.832331846569269618e-01
-1.323246388314870958e-01
1.864939353986304338e-01
5.051973362233684595e-02
3.635623574685599158e-01
-5.030938489662497431e-02
2.832577908862574656e-01
-2.996345632646322810e-01
2.281689296176042311e-02
-2.449861394835042561e-01
3.005716921838388900e-01
-4.022739429476624579e-02
-1.052090637848357435e-02
1.548186246243469788e-01
-3.381967683334284880e-01
-9.650811927286352676e-02
-2.586474355281370152e-01
5.768611099152876065e-02
8.047884529219878624e-02
4.195771019527121289e-03
-1.025264272452644787e-01
2.039458090092091669e-02
1.803045785620944197e-01
1.286360986183582855e-01
2.117841347464397006e-01
-1.305864238008039996e-02
-1.364904691834742043e-02
3.806462926493220378e-01
4.978769136292845315e-02
1.576793941197490029e-02
1.178617618576054404e-01
4.788168398200581648e-03
-7.274109276455765771e-01
-1.893335408776087442e-02
1.314896733165635823e-01
1.787199834556466305e-01
4.829595023430566930e-02
3.195389924253997510e-02
-9.297313497826727169e-02
-1.115934055804043146e-01
-1.448799834331210568e-01
6.038016822874221756e-02
2.856547392515120659e-02
1.227395009775525958e-01
5.379777904933703142e-03
-4.206183505534298595e-02
-2.539209174196676022e-01
2.323536696274770830e-01
-1.975175157456370012e-01
2.703907567265639300e-01
9.738650296441420107e-02
-1.792059331919110821e-01
-6.261679070380160583e-02
-2.447305596775397329e-01
7.324298188863978543e-02
-4.896565875858338579e-02
3.933355258521031156e-02
4.614026398746401414e-01
-9.408107417219280233e-02
3.961363936030021932e-02
-1.287526594262958235e-01
-3.022126374707723717e-01
2.471709558997026712e-01
-5.436811790528869315e-01
-7.626776754598546537e-02
1.945613067013736153e-01
-8.033957584137357832e-03
7.846807716157039314e-02
-4.617720683952505345e-01
6.616122899443112326e-02
3.393229838415491306e-01
1.534675971504195248e-02
-1.125051452411131303e-01
-3.033865073326736175e-02
2.236885923050110359e-01
-2.270640565401913502e-01
-3.840218583385313633e-01
-1.005668459922939018e-01
3.437726463742322713e-01
3.158677190736265683e-02
4.982963617327398897e-02
2.786788218275917245e-02
1.989685359799942543e-01
8.164406407415382427e-02
-4.394350470199338138e-02
-1.154779765238294481e-01
1.006358071186086306e-01
-1.450529444615630270e-01
2.261541802598357187e-01
1.691658964837107482e-02
2.280274339426654195e-01
3.178534825319155876e-01
-2.461056922019345117e-01
-5.673174029857896289e-02
-1.019583503383638123e-01
-2.363667459700466711e-01
-6.769128364166218659e-02
2.571306364910804290e-02
3.334083475016318410e-01
9.005709296769826011e-02
-5.240637578542689523e-01
-1.881859338660515912e-01
7.680585571848946424e-04
7.686142494359682331e-02
-5.865007569874731985e-02
9.858423915620526112e-02
1.252347008793972538e-01
2.440202961739416088e-01
4.025446536209566564e-03
-2.850225427514125331e-01
1.972726818566583606e-01
-1.172838954088468166e-01
-1.199753874989783892e-01
-1.123470281268930948e-01
2.521697749609849160e-01
7.793112603510485292e-02
-1.286032731104342908e-01
4.862916649488051128e-03
-1.051470648724204919e-02
-3.142483689891101967e-02
6.369122077165735238e-03
1.070425928781226603e-02
-2.666021540730815695e-02
-1.699196543343839405e-02
-4.896682475439249026e-03
-4.846343868008836167e-03
-4.648653784717238224e-03
-4.105321246184354816e-02
-1.342907969212894358e-03
9.560361624834863570e-02
-2.240128686500644437e-02
-1.619585593718761429e-02
2.737909118071000722e-02
3.045202682842631028e-02
-2.300174481622997355e-02
-1.153978945237502975e-02
3.523112040271320633e-01
2.928646420962769392e-01
1.159676965817058869e-01
-1.680755000317224190e-01
-6.396687710448853252e-03
-9.455779611218875780e-02
-2.438866253392364958e-01
1.363552815600919121e-01
-8.703515327737203211e-02
1.856806603068307249e-01
-1.770652113241137360e-01
4.509656043607145059e-02
8.860410682563586715e-02
3.891940098480476395e-01
1.678129122352386982e-01
1.519929617154384786e-02
-3.471465606453991160e-01
-1.806813332831528895e-01
-1.209808566925342777e-01
1.717693315734732940e-01
-5.172060984899127384e-02
