-1.372657803881042415e+00
-2.444566696516157656e+00
7.571840383610188852e-01
2.732603504949300821e-01
3.301694065534422351e-01
-3.714111557388421581e+00
7.306344105184625626e-01
-2.288143566826988717e+00
6.373946909771111002e-01
-1.827388069852252883e+00
1.455860169455487074e-01
5.738483072033891963e-01
8.792587735855852404e-01
1.825192067327603862e+00
-8.294566909075820060e-01
-2.807484166022013450e-01
1.685546628597387186e-01
-2.024350402285435002e-01
7.180790424098412172e-01
5.453226687596516298e-01
3.709297945947627184e-01
-2.429305296116617274e-01
1.632406502421895000e+00
6.414149297469248223e-01
-2.777184482918957850e-02
-1.820585277721779027e-01
4.146699710459793575e-01
-8.141493438077476164e-01
-2.335395959602915572e-01
1.147015493478958925e-01
-9.131871708092698103e-01
-1.103356538557913824e+00
5.302085672337334410e-01
1.988253896651754005e+00
-6.617306194226393878e-02
2.754170758726050619e-02
3.176067835990813437e-01
-6.618448053808079212e-01
1.280474050901791339e+00
-8.389279871989287207e-02
5.238878137803600898e-01
-1.932852474255648545e-01
3.449345545136693891e-01
-5.869909174149771092e-01
-7.614442321655988388e-02
2.549746251350212045e+00
5.817558493112440221e-01
1.537806454763955000e-01
3.392050511220837117e-01
2.749585673092891369e-01
9.085611452254865883e-02
-3.553993949116714401e-01
-2.613720073140898270e-01
1.348959364607842382e-01
3.577591077458456836e-01
-9.109040602268064779e-02
-2.884519769557636337e-01
-9.720963270372494358e-02
-2.411510656647286588e-01
-2.199955102416888686e-01
5.793339964947825660e-01
-1.622786149447456860e-01
-3.210891162300531787e-02
-2.792583441151351153e-01
7.319523435089428376e-02
5.313932640224585668e-01
1.926507643357649180e-01
-2.957627599867890811e-01
1.886323615802571740e-01
-5.297207995998739483e-01
-8.852392350501128715e-02
7.406696298367519693e-02
-6.094361428867170472e-02
-5.537787247772361227e-02
-9.822614358662784539e-01
2.266840381114278158e-01
-6.045844845475030205e-01
-1.460017047672815260e-01
-1.737392625398587742e-01
-2.266461862938102742e-02
1.397259254363736602e-01
2.351665053361229052e-01
1.040189071111858460e-01
-8.800063756125912906e-02
-1.479371343642310599e-01
-2.216382335285521990e-02
-1.138263910117604666e-01
2.511819343804995719e-01
4.764632258297445827e-02
-8.872129572594137370e-01
-4.810074977202142277e-01
1.288712499353236174e-01
-2.247502541042212254e-01
-1.944429895272985209e-01
-4.054850922305308636e-01
-4.414468249505648090e-01
1.058828787449431902e-01
1.833330840470027701e-01
2.046595000268699449e-01
-5.222973470873328861e-01
3.349047107531645251e-01
-1.974798604927098869e-02
3.583846618102030090e-01
5.732824567908240132e-01
-5.348966978803780803e-01
-4.702066127291570363e-01
-4.579548132429820395e-01
1.792697489529062327e-01
1.523558377651895723e-01
-1.737979909293300373e+00
-6.794230150272327906e-01
-1.891186472825448217e-01
-1.225330115913490225e-01
-2.342937059685532286e-01
-5.834949526320454272e-01
-4.535428526170667274e-01
1.033030421497321966e-01
3.005089326029872776e-01
-5.100653190321349228e-01
-4.998847536641490286e-01
7.047121205047047754e-01
9.462192774215996693e-02
-9.967856092176369254e-02
1.171958469271996012e-01
-5.742780986561529105e-02
-4.756569692137743721e-02
1.866165176256114333e-01
-1.493118039164350042e-01
1.006509140622836584e-01
1.497230265387542447e-01
2.887607213234699710e-01
1.542304477218696124e-01
-6.405071700795558765e-02
8.467160169036075379e-02
5.712430950102417304e-01
1.027395574212773693e-01
1.992967386356982729e-01
-5.195659423251268727e-01
-1.045921986007055000e-02
8.029181616446846859e-02
1.913065079127529433e-02
-5.565110036986035263e-02
2.511776483134550708e-02
-3.376090486152010794e-01
7.982370746227464009e-01
-1.129692486027582127e-01
1.328187691929098024e-01
-2.589880132951944414e-01
-8.539389915120006169e-02
3.160283597501097330e-01
-9.379314432125587797e-02
-1.032484732252808290e-01
1.230961472394323693e-02
-1.766193969864162383e-01
3.918769948130154668e-01
1.419990614708455945e-01
3.436631421682264098e-01
-2.735632693116327729e-01
-4.023065775540856509e-02
-1.755543292919862219e-01
1.478423182103701050e+00
-1.361877726274620184e-02
-1.965314377607632612e-01
-8.125400703294476112e-02
-1.435133196415873946e-01
-1.708562121771570741e-01
-1.744195656167783215e-01
2.230751925381455891e-01
3.364955012433943904e-01
-1.387700260529522556e+00
-7.466258040325107759e-01
-3.778198667014319168e-01
-1.297677061276306887e+00
-4.561452713640069545e-01
-1.812631664338491877e+00
9.530946786423164646e-03
3.060319348869655065e-01
1.910421620867397974e-01
-1.813224304932410602e+00
-3.143575275321890405e-01
1.044592763490433812e-01
-2.571971744206476007e-01
-1.845989844125448809e-01
-2.118221493483594675e-01
1.139469914539952694e-01
8.832441703515894749e-02
1.228795262896310719e-01
1.563723706765489940e-01
-1.702991979604514261e-01
-3.666752063584036714e-01
-1.834535675905603902e-01
-2.213690520519224769e-01
3.760323579472250877e-02
7.998143841518788877e-01
-2.034725577529777341e-01
-2.369764930291220484e-01
-4.270140094828770438e-01
2.814045686177187311e-01
-4.546020191314357750e-01
1.482392732876338000e-02
4.634015048502168610e-01
1.014601707401584924e-01
-5.928084036782532706e-01
4.862982832500950536e-02
1.183155398368022637e-01
-5.093887056996256740e-02
2.821185771525064681e-02
-1.910167413187749130e-01
1.914854675429906172e-01
-3.664283926112563844e-02
-2.019626460867263440e-01
4.398445969174758635e-02
-5.054049430860568792e-01
-8.398943396830510499e-02
-5.045785648339176088e-01
1.848048661261074699e-01
1.843099447239647179e-02
1.392325355990722269e-01
-8.530851838860278313e-01
2.371482352917204661e-01
9.968485876264226997e-01
2.093322236946290049e-01
2.511222621541540079e-01
-3.903287048312889529e-02
-2.715679094145029282e-01
-2.585283613357391985e-01
-3.536136357595188184e-01
2.817888424069476261e-01
-2.299235059708697460e-01
-5.484745950858329611e-01
1.903679142421051129e-01
-3.541342671291198285e-01
-8.498372879609980557e-02
3.863081686560262615e-03
-2.625308449070205552e-01
5.514508396202644214e-01
1.691557465764997326e-01
-5.212512714553370063e-01
-7.536554772540744740e-02
-1.838423132641820446e-01
5.215111223798378770e-01
-3.407137677768627693e-02
-3.734969074627739194e-01
-3.719710811647732318e-01
1.252856262110234598e-01
1.719943309448393465e-01
-1.110294162659021117e-01
-2.594571898473346794e-01
2.893530953758266522e-01
-3.971297021822880469e-01
4.634673691278512475e-02
-8.217241172205795585e-02
-7.624786022584799650e-01
-1.607501920514115834e-01
-5.289142862887352692e-01
3.793914491233155717e-01
2.476380011060942340e-02
3.547966448989197663e-01
-1.595858414838764450e-01
7.879508178454271150e-02
-1.252931186605188707e-01
-6.522465291942337595e-01
4.142681541781345622e-02
-2.568668219670240949e-01
-1.884345224742945968e-01
-3.237643103398306355e-02
2.937065110521929964e-02
4.544002164556588119e-01
-1.397918813337786781e-01
1.492459325845424956e-01
2.744671932221003363e-01
-2.389232926245384303e-01
1.026906216434436275e-01
-6.230389685764941600e-03
6.640528299780640298e-01
3.138006211749077949e-03
1.442146444212397405e-01
5.430342242718427283e-03
2.857998953485343385e-01
1.245905997072123406e-01
6.562681912788745908e-01
-5.854977592216747961e-01
2.106708667215492214e-01
-3.360059326811898339e-01
4.795037694630854830e-01
3.295802827252790612e-01
3.260319188764942977e-01
3.246921890140570532e-01
-2.687685925621745020e-01
1.482972791881048517e-02
9.437645000986180643e-02
-1.932592945397890449e-01
-1.962480761183520162e-01
1.172839031353570954e-01
3.466383777217227347e-01
-2.199279586804232522e-01
3.485380829613489717e-01
-4.725181691045506893e-01
-2.194031053459317149e-01
-1.752219100211608316e-01
-3.754503513044132323e-01
-5.476188833994326266e-02
-9.331194373113421703e-02
-8.791607684300854764e-02
3.082185809870212068e-01
-2.786887076208794528e-02
1.858451085070599029e-01
4.456344560209802852e-01
-1.890619623042283093e-01
1.003143481671354559e-01
-1.921822257933866740e-01
1.282846088481252693e-02
2.979881457602581371e-02
-2.808014024114695584e-01
2.449004980596053704e-01
-4.241900881500257348e-02
1.345077755873151093e-01
-4.718764019992144898e-01
2.254721707617902693e-01
1.633064366893010044e-01
1.143851263778277033e-01
5.215254387963572102e-02
-3.055902511617860084e-01
5.053930606867128583e-01
-5.736995941537400417e-02
-5.016835811971654957e-01
4.643939351927454107e-01
7.912567175823644397e-03
-1.554813188649412925e-01
-6.232214158809064042e-01
-9.172388336310006718e-01
-5.273373788417455854e-01
-4.558534973347976860e-01
-4.155202098027388491e-01
-9.088875997927764461e-01
-6.972096439392783118e-01
-3.766316143470949812e-02
4.406304024883701126e-02
-6.957383604625986262e-01
2.931181359063967373e-01
-2.414295939491230281e-01
-3.270803452181614279e-02
-7.589865565534366365e-02
-2.927046608330708954e-01
2.316078581392813085e-01
3.836180207009620702e-01
4.147242243610693713e-01
-2.122096215198184255e-01
-8.054434606353645665e-02
6.864917156793038933e-01
-1.905934526427991993e-01
1.342752416534550575e-01
-6.751784270117737741e-01
1.638089185627391864e-01
5.308302300820892938e-01
-3.383619859728903001e-01
-1.632657431314444574e-01
-8.196257235653416073e-02
3.781402030784864476e-01
2.131174404502351183e-01
1.577623296821080157e-01
2.154928400682284972e-01
2.369439042173743792e-01
2.276510534639984984e-01
-1.761523791935190597e-02
8.064287342075307161e-03
1.319780181469021874e-01
-7.028817780970134654e-01
3.228706073145319599e-02
-4.101383896429843245e-01
-2.989833506918161410e-01
-2.318209901194675238e-01
-1.166137505377411732e-01
-1.796241725772510234e-01
-3.884045356244480440e-01
-1.883796429770542291e-01
1.584543268791161266e-02
-1.951086408387674997e-01
2.096373375719422921e-02
-1.833906966028377994e-01
-1.462035089184797465e-01
-2.900985053231405209e-01
1.186371608652555809e-01
3.153713492690580766e-01
-1.273218322606035069e-01
1.708350047566092600e-01
-3.121082752965744778e-01
1.763322503035152644e-01
-1.245510527092247299e-01
-7.635408574232310785e-01
-1.135609638338798688e-01
4.029827309495466192e-01
1.822444153908999234e-02
-2.946237743038455648e-01
-1.047262997258820549e+00
-5.242489580554362538e-01
-5.575450844523084648e-02
-2.202200603697136369e-02
-3.281800759373648679e-02
-6.210032658801401678e-02
-2.729450554506474003e-02
1.432915124226500081e-01
-1.781194088774863162e-03
7.887779778623843496e-02
3.122486673026407256e-01
-7.840419843400066313e-02
-7.781952511749816448e-02
5.243361589581300164e-01
-1.675211320001643647e-02
3.662841900883523349e-01
3.076323070664031128e-02
1.893829681290792877e-01
3.601899452444740635e-01
9.501665821458364636e-02
8.895367895424928228e-01
7.588063373809837697e-02
2.362860553831088728e-01
-1.112300719788859582e-01
-4.057518863184977204e-02
1.385194764733944407e-02
-3.798112716964053837e-01
-2.741774530449362923e-01
-3.543584591004787510e-01
3.362159342686011909e-01
2.148493625951662656e-01
-2.103303466356731821e-01
-2.598758917916602074e-01
-1.137222696787019011e-01
1.363883488655942555e-01
-3.455272274238129770e-01
-5.747900422546841082e-01
-1.835627308251586431e-01
-1.884787427195570575e-01
-2.187447046953999163e-01
1.041287281245296681e-01
-2.437353272627535150e-01
3.691944696636281081e-02
4.400262183182790388e-01
1.365607122883190534e-02
1.636491830357786059e-01
4.389855084155022125e-01
2.007539062347018510e-01
3.174960140339919135e-01
1.947707048759785842e-01
-7.048197553874681331e-02
-3.455585362833765717e-01
4.809655323681627861e-03
7.076548891436690303e-02
-2.199549553979567307e-01
-2.659914212108537845e-01
1.563579033063055845e-01
-2.230673643362972303e-01
1.167252309468378019e-01
-6.825212884809895852e-01
-3.095281183204047770e-01
1.213262135443509554e-01
1.001429761814103259e-01
-4.408225555408016860e-01
-3.377043386257116975e-01
-4.944356675236433740e-01
6.558591737578656211e-01
-7.102541936251038912e-02
-5.915605172217270891e-01
-2.823541238935295752e-03
-3.720901361334960633e-01
-4.527791513140303481e-01
1.316778583436788719e-01
-1.529817123830156667e-01
2.241804137172516975e-01
4.344349837623952548e-01
-4.605735767367218902e-01
-9.934845138804021536e-01
9.999783833316965714e-03
8.386264583932262484e-01
-5.578078786226383645e-01
7.096568239089018348e-02
-4.828999456394972301e-01
2.642994117771189089e-01
-6.638676816894459320e-02
1.497301177578039266e-01
-1.132877909458055582e-01
-4.175838423980653413e-01
-3.690017613512104333e-01
-1.292766815924748514e-01
6.397057543855489969e-01
1.494681807964738651e-01
-1.411054946468344728e-01
-3.070052361209303360e-01
-5.650240292217058036e-01
-4.513487388208661799e-01
-2.921090940667062097e-01
-8.605554389088237999e-02
-3.303734170369200807e-01
4.496826621570768762e-02
4.384848197527035363e-01
9.180464395482242079e-02
-1.840052239963262809e-02
-8.053954062751988996e-01
4.782223124725573649e-01
1.757672117832036751e-01
-1.338778653855800527e-01
1.230944826223987487e-01
2.736958083784551965e-01
9.622586176311744011e-02
1.483161878587314408e+00
2.962962176082680199e-01
-2.555473533196780944e-01
-3.673297344970663514e-01
-1.784660018388621316e-01
2.460619187647067052e-01
-6.743675436763528486e-02
2.825024485108823535e-01
-3.350575938336589066e-02
2.297998935353361694e-01
-4.739883960127552753e-01
-4.826411212107497434e-02
6.940151780617412336e-02
-8.488958271054143634e-02
1.903951709588407315e-01
2.541951529109730962e-02
1.478583857265644737e-02
-1.620234461135740267e-02
1.491535193775651857e-01
1.995850199837449768e-01
3.787806284058940487e-01
4.511247124759247829e-01
4.696874032577011970e-01
-3.188087284664257726e-01
-2.254756282789827093e-01
-4.718852079711815389e-02
1.853591978317124106e-02
4.064240501276561446e-01
-1.297580638560403843e-01
7.228291007174062477e-01
3.926912806850166304e-01
-1.112694686279359357e-01
-6.933774445910211026e-02
-4.557744090518519448e-02
2.697867350875321479e-02
2.074028868297473904e-01
3.244108317365206329e-01
3.240359230567681492e-01
4.921485806136438601e-01
-1.118690813530482803e-01
-9.177615230058018547e-02
1.969352315192348865e-02
-2.610173990587038584e-01
-2.056578661031537303e-01
-1.136228644953269917e-01
3.272790112339499791e-01
-2.064414046627940647e-01
-4.358398737767417153e-01
-1.136129784326289222e-01
1.967954128105581513e-01
-7.990559316180884109e-02
-1.171942229885608450e-01
3.448231047931178406e-01
-6.037677386148396774e-01
-2.388348590524324300e-01
8.760495259903570975e-02
-4.106356963571988761e-01
2.188560646946598708e-03
2.043408317754253634e-01
-9.175665014254029417e-02
1.163740359093860810e-01
1.484276147156673997e-01
4.816005723149588413e-02
1.656399389052136684e-01
6.524552813999174861e-01
8.216859842704693495e-02
-5.860925835823923430e-02
-4.169412047169170077e-02
8.303370421060089768e-02
5.106361143293659116e-02
-1.391381018778516110e-01
2.821643314866764674e-01
-3.692612692754809051e-02
-3.819934956899455059e-01
2.735328514037539405e-01
-5.510778532870462820e-01
-6.569349997088275162e-01
2.681466946759584746e-01
-8.256528478077408695e-02
1.096669316420030155e-01
-1.013850899377542802e+00
2.283727142442783797e-01
2.978094449434206398e-02
-1.956413234622778399e-02
5.340977949555395510e-01
-1.869582617856866413e-01
-8.384092890765924844e-02
-2.765412019548167954e-01
1.446365857951179834e-01
-2.527258714028261105e-02
2.992175447428795931e-01
6.632369324003674071e-01
-2.283349169589554417e-01
-2.082774334073621003e-01
-5.258606377377642582e-01
-2.621384319574970312e-01
-4.438706663760608184e-01
7.644167816223533529e-02
9.655976947402268584e-02
2.796128989059978309e-01
6.130055546446462333e-01
-8.207786608653101779e-03
-4.395902638477742347e-02
-2.208577275771073101e-01
-3.705150946487201918e-02
2.566177195042379511e-01
2.983968233618966015e-01
2.536530612216400526e-01
-2.988416440721883838e-01
-2.645706702141369937e-01
-1.247613502278875769e-01
-1.719187570125119691e-01
-1.695895253971666516e-01
6.943416628542667945e-01
3.795857909222153381e-01
3.293597805133785528e-02
2.075814790154587308e-01
-1.439945070670858307e-01
-1.608046584402006429e-01
-3.578312886774085433e-01
7.407933639473754384e-02
1.904672863436943364e-01
-1.691517251592856638e-02
4.684232780640784077e-01
-1.454409691846938191e-01
-5.908764121620717624e-01
-3.606704219417580237e-01
-1.424997420192182333e-02
3.439135805540898816e-01
-1.078891654952852247e-01
3.806109565308573583e-01
-4.145988677150458379e-01
2.653890504787087545e-01
-2.914912825474201830e-01
3.473391884610499414e-01
7.865713232342122496e-02
-2.977933221792313789e-01
2.450282585935038004e-01
9.576643475498231028e-02
1.139795716310256918e-01
1.078997020489881331e-01
-2.823470824126912415e-01
-1.581925621735633669e-01
3.742723350016317618e-01
3.837897374573525245e-03
3.523866546557699597e-02
-5.424883984801870396e-01
1.880581660477468053e-01
-5.860103172760358081e-01
-1.940164592548521971e-01
1.921517333473825861e-01
2.649565712727165456e-01
-1.769856589016381987e-01
-3.486402518055330413e-01
-4.252138371285170693e-01
5.015426311996831754e-02
-1.024462957811028141e-01
-9.781546751793961381e-01
-1.216551633001461130e-01
3.635067523553142665e-01
-4.908797656356376216e-01
1.064674554541337331e-01
-6.161775829969122764e-01
-9.679195942669382990e-01
6.271923410030214585e-01
5.266820009230356314e-01
6.420733093933503888e-01
-4.033139210104052519e-01
-2.107470836715214235e-01
-3.064398565512439498e-01
-3.930931154915481285e-01
-4.372682469216768175e-01
-5.130254820673318256e-02
1.284172458253868276e+00
2.565750882966118529e-01
2.560011495412221061e-01
4.317577809736727334e-01
5.732943664109912962e-01
-1.293710200837760171e-01
4.084450860529952737e-02
-3.555235342460188463e-01
-1.716253410822225212e-01
1.826028687590383059e-01
3.178443259800452503e-01
-5.821002399273579320e-01
-1.187197991729382757e-01
-1.632496157244212043e-01
2.008448566541734537e-01
7.738754321976583361e-02
2.441124970479592038e-01
6.345283151619708628e-02
4.529749669109442434e-01
2.424823042525621752e-01
-1.107308295022777361e-01
-6.022099791189142737e-01
-5.326248492626796116e-01
-1.290977580450232420e-01
-3.420928677274310270e-01
1.669593097480872590e-01
2.740935403466802089e-01
8.429869889405321171e-02
2.942682705995612949e-02
1.303235542655526054e-02
-3.115769846624094064e-01
-1.418454994944768066e-01
4.651512717195322444e-01
6.207845028679431776e-01
2.373131823135055801e-02
1.809068322179236687e-01
-1.428488593075288166e-02
-2.202907086407694670e-01
-1.285269980222702169e-01
-1.000199855289484463e-01
9.402268753386667788e-01
-1.122747219731126678e-01
8.347304179741719954e-02
6.234505770359575205e-01
2.773769159490144798e-01
2.394764223704800854e-01
2.088395779096577712e-02
-4.001343401581131110e-01
-1.149877549103328796e-02
2.874165247832592973e-01
-1.688094397426665172e-01
-1.406928071383345413e-01
1.970819018936517120e-01
6.658118342086963848e-01
2.427818103616843914e-01
-1.984171787911320206e-01
-4.212192779208092652e-01
1.875204136221637063e-01
-2.859391950270872562e-01
1.745019558141102864e-02
7.954008411698265668e-01
-8.940111382981322588e-03
9.640826482024546229e-02
5.048740587445456063e-01
-1.665770943076868016e-01
-3.400174759369108957e-01
5.914085576758588703e-01
6.080952055332340678e-02
-1.964459960953388873e-01
-2.899626570943599768e-01
-2.313420686943819804e-01
-4.095739060960734701e-01
8.420671687735025168e-01
5.422642525656052870e-01
-2.570362313528569698e-01
-1.227481155148962416e-01
-8.100914499682024816e-01
-1.233566296399224785e-02
-1.270704680615761528e-01
-6.591088951083369230e-01
1.139924595051529543e+00
4.802931514254150103e-01
7.158112404546448926e-02
1.882535219473281118e-01
-3.033467634650751643e-01
1.563298036167033028e-02
5.440155652262528285e-01
-1.036005243552699850e+00
-2.176919096151749000e-01
-5.458984737269126364e-02
-2.126815032244271653e-01
6.853887147679148251e-02
2.407577638819316523e-01
3.000889506939428686e-01
1.473722637827514503e-01
4.880442452587761826e-02
-3.373521939000465597e-01
6.304303279140894833e-01
-5.504301338430179769e-01
-4.221753547449927924e-01
1.699403253130867153e+00
3.896273407659600532e-03
-1.358432961095348002e-01
-3.461752590542905295e-01
-9.180758128241532923e-01
-2.510945635271988330e-01
-4.172825823646760246e-01
-1.582873642693875815e-03
9.437571433082002359e-02
-5.838375408635330943e-02
-1.584810170578036803e-02
4.523040780331608751e-02
-8.778208261348816599e-01
-5.415893235835168573e-01
-1.854877856335710590e-02
-1.872549221579491996e-01
-3.744315824182195551e-01
-2.869896345151889405e-01
6.038670867234664508e-01
1.078096213297656120e-01
-4.516577990490105998e-01
-5.637921926375005083e-02
-4.281066544668463703e-01
-4.411917083195768252e-01
4.042730194873296878e-01
1.917776727879011156e-01
-1.138059973613804732e-01
4.674433420749504187e-01
-5.413391918500021910e-02
-3.250403622052000507e-01
-1.370838082279920156e-01
1.049929264108817317e-01
-7.837773841698854327e-02
-2.908288937043887468e-02
1.067566875920013258e-01
3.036387896356320670e-01
2.735691219977595123e-01
1.041339835094276106e-01
-1.543927871023883236e-01
1.647177272839926987e-01
-2.194344554052637397e-01
-9.814474185862306910e-02
1.067977809183060650e-02
-2.238625952039208222e-01
3.593455965724619006e-01
-6.688851809726105435e-02
-3.173501878309727409e-01
-4.427924642174056458e-01
-2.269475137345832241e-02
-2.353640425551196957e-01
4.389386991159345275e-01
-1.619966271516126433e-01
-2.095575131951342429e-01
-2.524312310014313332e-01
3.722033536003058751e-01
-2.524259954098328484e-01
1.264717752442121685e-03
-1.969080826049229571e-01
1.917768104085288139e-01
2.055987418701010483e-01
-4.300268416400183646e-01
1.189745627909198911e-01
6.564946468863749884e-02
6.898165147217963922e-01
4.754863935590887825e-01
2.039611944034396829e-01
6.243951518735590955e-01
-4.478979856936483178e-02
8.748103637682802525e-02
2.842091070281836662e-02
-4.760911076360489491e-01
5.964960662353676300e-03
3.006261201533053096e-01
1.070546308661061152e-01
2.815309801612517759e-01
3.167823043376997993e-02
-5.227035299846448380e-02
-4.256652825699028253e-01
-1.953244991182058188e-01
1.148906500356681737e-01
9.531408327337856923e-01
1.422343041672523012e-01
-1.428200903106437852e-02
-1.374675238174471459e-01
-2.697767714585518894e-01
-8.341060600412945891e-02
4.862468158009414787e-01
4.411010464193126368e-01
3.145178718442021570e-01
-4.321619173634821398e-01
-3.128030709250663177e-01
2.504800563316189055e-01
7.612842459068530632e-01
3.053479878730981922e-01
-9.061499422186862496e-02
-3.539190237687480506e-02
-1.268060832246586389e-01
-6.638471129016064454e-02
-4.431356241783635519e-01
-1.143188429427593605e-01
7.442143983750694192e-01
7.522828866145950810e-01
-5.209975067461326131e-02
8.820432350419747936e-01
1.072597148335249440e+00
-3.820016479403267051e-01
-3.547297871076682818e-01
-4.811171983306901101e-01
-3.941856384405132974e-01
1.498133721444948330e-01
2.170451914477154465e-01
-5.961993277809520819e-01
1.131880895761718242e-01
-1.033079005626621694e+00
2.381880376813498845e-01
-7.121524005061569823e-03
-4.836855873151151841e-01
-1.767499712394355327e-01
2.945918276529085333e-01
-4.731844013328577736e-01
-4.431150088869112436e-01
2.073156743146973430e-02
-2.886993974156217280e-01
-2.884083584915930754e-01
2.051858558143257460e-01
-6.223374690273403981e-02
5.021192243119962928e-01
1.097910539699379351e-01
-3.634170859553726984e-01
1.642741858504875863e-01
7.241367201637521900e-01
8.834016215467357935e-02
5.323927511924058109e-01
-1.211501243020403629e-01
2.563078584162386542e-01
1.283959929585128945e-01
-5.849756022945930972e-03
-6.951809791846522146e-02
2.413117972974703485e-01
-3.972237619687355456e-04
2.307951493708063906e-01
-7.577654694678824521e-02
4.652550392958487158e-01
-7.692624752370443020e-02
1.964085766256642163e-01
-7.254045466896624772e-01
2.892615794906824855e-01
-5.459424225866496005e-01
1.023647426483008382e-01
-8.232954459955738047e-01
3.270571870848402174e-01
-2.749161424699546608e-01
2.107068092663630654e-01
-6.562711111271709585e-01
-2.202848111065069947e-01
-1.082393698906746610e-01
-4.620525539457438768e-02
-4.103652909596788301e-01
-3.601554427834030014e-01
-4.970757552540908675e-01
2.204381408330958192e-01
-5.691220132653463937e-01
2.048209723091649059e-01
8.829751943087477128e-02
-3.310736402628970398e-01
7.951823510700002373e-01
-2.981705537825330432e-01
-2.965223713214478266e-02
-4.998386799105076772e-01
-1.096720596372403461e-01
1.673588986792816369e-01
-2.383749521702408780e-01
-1.917301180441063624e-01
6.529411563461270385e-01
1.076698135041461307e-01
3.945167488416099211e-01
-1.011971940062860592e-01
3.411644179414538014e-01
1.020878152525012406e-01
6.528208348810471406e-01
-1.524635447187378257e-01
2.045361532069181199e-01
1.893334418571720745e-01
2.126390002389718370e-01
2.091842662538072328e-01
-8.972961309102159833e-01
3.681176942181285106e-01
-3.498380892602110381e-01
2.941112388766606300e-01
-7.989980047635875104e-02
3.803900583173817906e-02
-4.925375309549600567e-01
-2.870884435501169230e-01
-3.362496676756860925e-01
-1.175925073437444207e-01
3.446523714882194778e-01
-1.580097831053766111e-01
1.146223877763597604e-01
1.147879145814298951e-01
-3.058026227298760689e-03
-1.224724963003148009e-01
-4.888483949810190077e-01
-3.055824702524279068e-02
-1.728727070638691743e-01
-2.282689841227351357e-01
-4.973051035939722309e-01
2.619759196346890251e-01
-2.914954543721299252e-01
-1.101210597557376186e-01
2.488392846970880201e-01
-3.614927532410369126e-01
3.298854044853141154e-01
-5.120502501004475099e-02
-1.082290230384047452e-01
1.845092530919928975e-01
-1.084654334621590610e-01
1.387773175326693920e-01
-5.203910526655346480e-01
-4.415940354465216489e-01
-5.720434284290664140e-01
-5.495722394746607037e-02
-1.141750244544410993e-02
-2.854385212731077193e-03
7.933587280315675117e-02
-1.143575016261706850e-01
-2.387130649785606518e-01
-2.020274233748765302e-01
6.988331396127860952e-03
2.583937378246999317e-01
-6.466503212787975130e-01
-2.795612239643191499e-01
-1.831225740768547272e-01
1.907673038670672505e-01
-2.123576415547896445e-01
3.204944440547886630e-01
-3.333566582192559746e-01
-2.682381395239489819e-01
1.452755398889802457e-02
-5.158619954976185751e-01
3.306512690280333927e-02
5.123185196793976666e-03
-2.822736395798010056e-01
-2.588626560746828398e-01
4.126936216782157718e-01
5.647495943638584093e-01
-2.152531824468970345e-01
-1.737324323752148236e-01
1.312590368469710445e-01
-1.807991770091728623e-01
-4.971810709113546473e-02
3.151570107111557606e-01
4.253707507746223165e-02
-9.623595321962301330e-02
-5.395436067247540990e-01
-1.962356457339381743e-01
1.424498140710054317e-01
-1.008187665608940575e-01
1.825702881589867932e-01
7.355591170101205556e-03
-9.007648640951604335e-02
-2.375534192554861618e-02
-5.076297851624093915e-02
2.201462664540018432e-01
1.377670817481319865e-01
7.823355494478346772e-01
-2.470114021937723225e-01
2.145649773335636668e-01
-1.664171392857619614e-01
1.570768896446005647e-01
-5.438998955362056575e-01
4.524109620357023021e-01
-3.390228907301319206e-01
-5.341775497543320705e-01
-1.839422232833394510e-01
-1.571772661225307455e-01
1.281094855749477790e-01
6.219290967134276371e-02
3.235544584962075643e-01
-7.772744907363701161e-01
7.975630094855258589e-02
-2.840850952928641870e-01
-6.679121221764177108e-01
-3.910332119139984242e-01
4.777580763247679663e-01
-2.139599625015504436e-01
5.121191250775157522e-02
4.274867623554624851e-02
-2.767278866331557285e-01
1.366226848497830160e-01
-3.337052489431535651e-01
-5.700122978963602094e-01
-2.888722640411836573e-01
-1.660378960533322457e-01
3.442211041232286495e-01
1.392833820533349587e-01
-1.278217666310622613e-01
-7.448902375761885797e-02
2.628839978643043307e-01
-1.423549625905836669e-01
3.203378147352906047e-01
8.308467702772491525e-02
3.661833683826878350e-01
-2.919911892799622599e-01
1.048108545367722605e-01
-3.860626074588003886e-01
-4.200903171213722920e-01
2.722131744654941454e-01
1.816715556252118668e-01
-1.498067953097078631e-01
2.731902227012480422e-01
-2.458254174592195140e-01
-8.978488611652438514e-03
1.792548650121918996e-01
-3.886832922535870538e-01
-2.572198982419411917e-01
-1.534565471193211073e-01
2.290460315089356061e-02
-6.001916053216839186e-01
1.210909454452583217e-01
-6.425574374733766803e-01
3.519126103552788765e-01
2.735546480525483104e-01
3.757825467271118103e-01
4.594469058646051818e-01
3.468314149659628698e-01
-2.194603270989200772e-01
2.420702504961831300e-02
-1.438988529697096674e-01
-2.516127543580425896e-01
-4.647042734609194703e-01
4.719018885917777850e-01
-1.457943831266418910e-01
-4.914048869876945225e-01
-2.027817125589108094e-01
-4.275176169275409777e-01
-2.140376031097000475e-01
4.095716850260523734e-02
-8.397139777427073751e-03
-3.961225567942648906e-01
5.186452211515176630e-02
-3.229772787440457482e-02
-3.071567677753401227e-01
-3.635730564345313054e-02
-1.988829337986948720e-01
7.877642130558158984e-01
7.990117978564525991e-02
2.277711760849564504e-01
-9.302443452582526140e-02
2.706307575722232892e-02
-2.282522564436944290e-01
4.475828032419743030e-01
2.641104987488810188e-02
1.071437006763824827e-02
1.760094033968577151e-02
-7.541566761339156544e-02
-1.366562688902290823e-01
3.014200530448565840e-01
1.581987705619158219e-02
-3.430443801907349655e-01
7.454536009015981513e-02
2.107213141069790019e-01
-5.071413747113558967e-01
1.456340411512371535e-01
2.590443569935898041e-02
-4.172513297131613674e-01
2.488048897893260503e-01
-7.792667655221900691e-02
7.573467320734231234e-02
2.379601788515101346e-01
-5.325337501122578976e-02
1.872401203333729780e-01
7.962874177900328143e-03
4.102430863096731550e-02
1.353646506807313077e-01
2.468971578789702359e-01
3.502141859350665909e-02
1.200507477393408934e-01
5.382582088256742531e-02
1.408749279605649718e-01
1.684338568293234639e-01
3.283950375815939959e-01
3.352033661677479848e-01
2.644622282740810015e-01
6.782374680458878868e-02
-9.903922229950795283e-03
-6.119553311293801645e-01
4.753768544859943712e-01
-1.514908665424756218e-01
9.375086639427684942e-02
-1.080605366420653857e-01
-3.151862198963706896e-01
-1.629826726260708014e-01
5.208290926368571577e-02
-9.619674997674833306e-02
-1.218879115981156419e-01
-4.025889756625314897e-01
2.381137890634622833e-01
-6.870040513332520415e-01
1.546006125131952902e-01
-5.689669418701187587e-01
2.490930754770397937e-01
-3.064992100223464799e-01
3.157400151628969587e-02
5.326551855354329235e-02
-1.483606665878081377e-01
9.177794781384810419e-01
-2.446277816555135487e-01
-3.626140659076880213e-01
2.257708687115387095e-02
-2.922861855800780173e-01
4.981897188770259000e-01
-3.029293907525725249e-01
-1.402328857434183007e-01
5.580736079194195121e-01
-3.896164312784841099e-01
2.248562214264501757e-01
-4.695111168320611483e-01
1.758856482755032369e-01
-4.255309714759979434e-01
6.417005883099846653e-01
-1.524883461164260323e-01
4.367816340744667264e-02
1.845077925747323211e-01
-1.085781228879418442e-01
6.367127303242591241e-01
-1.203292689764457433e-02
3.460136354786741419e-02
5.726288483077686398e-02
5.046558829337936813e-02
3.944733325253271111e-02
1.750797758354746547e-01
-2.438108976577043063e-01
-2.360560756877720656e-01
-4.334945466039250017e-01
6.266289289602032520e-02
5.740256688868391327e-02
-1.794836816498124599e-01
-1.025363250259385683e-01
-2.138902890855871319e-01
-6.162481282735160493e-01
-3.655124923796028713e-01
8.570147342726129602e-02
-1.762525070968407603e-01
1.930840939031180370e-01
-3.311140609216683267e-02
-1.895753631615664306e-02
1.472860710883841795e-01
-2.550090855568417081e-01
-2.200882881460875240e-01
-4.442482670149729418e-01
-2.931609294307834235e-01
-4.256480555051199710e-01
-4.263825689042606282e-01
-1.106238267409715703e-01
-3.154785246327844739e-01
-6.937317591809585848e-02
-3.377470036425340716e-01
2.941737453266584645e-01
-1.490095194925246114e-01
-6.618772727550555589e-03
-1.429515700590357763e-01
-2.132790196944067962e-01
1.239848112847286195e-02
-2.192965606945588564e-01
-1.370253398049186833e-01
-4.416354194190889038e-01
5.383824794483739185e-01
9.576924094944154475e-02
-5.106910222409021677e-02
8.000995303705141781e-01
-3.130885292968697553e-01
1.367094959885314098e-01
-1.378913042068369843e-01
-4.930940361591995558e-01
-1.749679117187103450e-01
-1.970346481223038404e-01
1.857005700315560726e-01
-3.595534783369942478e-01
1.210315719278749924e+00
-5.485942101187049058e-01
3.943595845207222700e-02
3.210481883602800401e-01
-2.464351366001305554e-01
-1.898461412691601347e-01
-2.020286008637016129e-01
-1.157242350878325415e-01
-1.910210519040189125e-01
1.637795752637098701e-01
1.106422379995732896e-01
3.501030440878669103e-02
-1.093394590337963823e-01
4.401894780678912156e-01
-1.773241589567687015e-01
-5.506724830128448267e-02
1.536120380494991333e-01
-5.521457610425015150e-02
-1.251931362528964642e-01
3.328651945808259321e-02
-2.424934561973152991e-01
-7.354712948457424460e-02
1.536610895363878793e-01
-2.691938019221639875e-02
-3.724650691392345503e-01
5.154845536100798736e-02
1.499928109360999517e-01
-7.485225290621897454e-01
9.030629075344769052e-02
4.324203811862000202e-01
-2.022197754627124144e-01
2.135129205197260904e-01
-2.508501554716144333e-01
4.888769990233039764e-02
2.708862908891196408e-01
-3.950793352400747693e-01
3.879555953295865667e-01
1.021148635818650008e-01
-7.541216039406427318e-02
-2.878329144113109805e-01
3.734132360491452390e-02
-4.930649973535349284e-01
-6.638535921728067057e-02
-3.546149121405843541e-02
1.754196761551526096e-01
-1.383282566853290263e-01
4.806284761543967998e-01
5.905075061790069357e-01
-1.666198236909982588e-01
2.292366652884109957e-01
-2.689366435108035969e-01
-2.217827416223523140e-01
7.280425282563189882e-01
-8.510093406620565168e-04
3.962066283829533409e-01
-7.007067656659803079e-02
3.262195126121184008e-01
6.476779165978913122e-01
-4.755946105212089936e-01
-6.080896264854385863e-02
4.641089645625632865e-01
2.226881608422236758e-01
2.094381067654179640e-01
5.189316842233382410e-01
3.627728089595573524e-02
1.412190562655407100e-01
-5.724483567168051623e-01
-1.100753433666077363e+00
9.369361244878652295e-01
2.947023626045079947e-01
9.749894026276510750e-03
1.497950079699503501e-01
-5.262149165639550263e-01
1.264773648314045373e-01
-6.983907320487776904e-02
-6.473400090329685108e-01
7.482502566027343649e-01
-3.353026730562279067e-01
-7.911167920112743834e-01
-8.315254740187054683e-01
2.766899599205656646e-01
-5.194325910528443391e-01
4.206089206355453913e-01
3.576249198599399937e-01
-6.636337900530079326e-01
3.372026938041563504e-01
