-1.218122631855735216e+00
1.684674916470589201e+00
-7.013816174521216862e-01
-3.162601019720064355e-01
2.892400417583284623e-03
-9.251027378631652143e-01
-5.614866710717457687e-01
4.737543291425662662e-01
-5.903061121012916912e-01
-4.098054467648154509e-01
4.366377697034662386e-01
-4.795946642736457766e-01
1.718070812388775293e-01
-1.263192366900507846e+00
-2.179613689861172432e+00
1.481610380022649665e+00
-3.066202070389080769e-01
6.985836687825283109e-01
7.966705650856498178e-01
-1.256081732008518803e-01
1.040242373813851789e-01
1.763821876864122951e+00
3.218312856825695234e-01
1.278658003302372892e+00
1.142160276341545044e+00
-6.541770021846301519e-01
-1.499350641966123998e+00
2.510464961558475649e-01
-2.087716506590869270e-01
-6.472637888164702868e-01
-2.442744327396835502e-01
-7.949802147643337813e-01
2.365723229225004942e-01
-1.775795604147633489e+00
-1.022855878285898745e+00
1.210362844638598778e+00
-1.544902903109060643e+00
-1.253365679470541949e-01
2.986978731135480625e-01
4.479731942628628616e-01
1.580826179995753256e+00
-4.917599743669499868e-02
-1.300607688429983033e-01
8.715782025490832474e-01
7.053128447574675830e-01
3.868638400628542917e-01
-1.478067369600048475e-01
-3.675518998988946962e-01
-6.257716649424118760e-01
3.616665578357208255e-01
-2.121982663621242438e-01
-5.754136818304411705e-02
-1.031203434008648619e-02
-1.218051605168056328e+00
9.235790701329762431e-01
-5.535893370545915543e-02
-1.188427730511545655e-01
5.439671531606166122e-02
-5.884575399679147223e-01
4.525405893313338979e-01
-2.917373474710283077e-01
6.158098723816847198e-01
-1.369494339298235053e-01
1.477737445299218133e-01
-1.101303018342840168e-01
2.206256720331071022e-02
5.036725757541427040e-01
8.000077779646246057e-02
-2.215332674911808242e-01
-1.472738732051468435e-01
7.998658834352338765e-02
8.282468210700813516e-02
7.060792403760227098e-02
-4.061459694853416513e-01
1.407073936341975973e-01
-4.560913735530591762e-01
1.086601069141273773e-01
2.951061223429352065e-01
3.309071928609706448e-01
-4.117669288750660517e-01
-3.551302424375730737e-01
-7.305911925663735040e-01
6.618282351587856382e-02
-5.266258357811601787e-01
-2.973585921287456510e-02
2.234881048324614816e-01
-3.142052741513753911e-01
3.429375860239867180e-01
3.428656020238959323e-01
-1.214039481461476055e-01
-3.097882985969747094e-01
-2.038213202907647181e-01
-2.007934034947384261e-01
1.520200632535935459e-01
4.685629835737550319e-01
5.142920027781368308e-02
7.365046201758966571e-02
-4.490006927019692118e-02
4.004925484152407344e-01
3.118089673061261169e-01
-9.772426455404895074e-02
3.422697055433356339e-01
1.949488743470470242e-01
-4.936666139498096517e-01
-3.274195391385232301e-01
-1.838821225298603868e-01
-9.934126865481934798e-02
7.730141645608382128e-03
9.662231326134375353e-02
-2.226868943008632473e-01
1.248588650400295763e-01
4.033284471853540443e-01
-1.162831085208127779e-01
1.482616006784387430e-01
-4.608429914691635765e-01
-3.496616459067375948e-01
2.251521773372534008e-01
6.817122074788775632e-02
2.481476030968391977e-01
3.680732345085676593e-01
2.653095919716128570e-01
3.143748813933219255e-01
7.311911518555765099e-02
-5.815185130977617023e-01
-3.578266858229386949e-02
3.617139180536549370e-01
-1.659040246726513901e-01
3.030042530924019206e-01
-3.685151797476970970e-01
-4.137783400176681115e-01
3.436804305074571686e-01
2.346391312941642493e-01
3.398811920293480782e-01
2.238730654504781925e-01
-9.092099158285345262e-02
-5.118826288048461404e-01
2.624677815650972024e-01
5.111378590591479920e-01
-7.646907027123407696e-02
3.573460477387847001e-01
1.496594250777753543e-01
2.822511764678747315e-01
-1.473725480686463307e-01
-9.304236647260413773e-02
-2.040788671350592109e-01
-2.789330282977205422e-01
3.763350986803706832e-01
-1.512446439518076897e-02
2.174783304807791917e-01
8.686543585260522726e-02
9.032571171794208376e-02
9.673420265741333735e-02
-2.292530842408097569e-01
-2.964324329549028469e-01
1.749868909269181594e-01
-6.429469829978994300e-01
5.342408627102484403e-02
1.975665593377910478e-01
-1.386269344134341552e-01
-2.566472463220881850e-01
-1.431900809430150245e-01
1.056915255015078159e-01
-3.733335689770085342e-01
-1.817922158884549555e-01
-1.307199887568739893e-01
4.844562827031619057e-02
2.000761974294014978e-01
-5.433014850644376503e-01
-3.081614496391148483e-01
1.416810740373559974e-01
-2.480886193412074753e-02
-1.127225212781999414e-01
2.204810846631418200e-02
1.254260090385358496e-02
-7.333179079482492202e-02
1.380640553709956975e-01
-2.098574516055790873e-01
7.039884324057936738e-01
9.060317156347709455e-02
-3.003841754817797582e-01
-6.376008806285096142e-01
2.004524256585324959e-01
5.402799086282713548e-01
7.003644556635204577e-01
7.949120572809734164e-02
-2.138337970568237600e-01
-1.251143205894279797e-01
-2.394535822717523410e-01
-4.250859853493579171e-02
2.567392483751335663e-01
-3.556527865174813896e-01
3.239772648728836413e-01
-3.059932175269224897e-01
8.856401122503808343e-02
1.420757732166826048e-01
3.229541235886536632e-01
5.303618436452576385e-02
-2.201475251975541503e-01
-3.222412044848309981e-02
-4.101162565214571676e-01
7.489197519327543962e-01
-3.632893250777031735e-01
1.954238826938201612e-01
7.382622520660067633e-02
-3.361954323588793592e-02
1.410201909149483568e-01
-1.718747450144367250e-01
3.459170520375483004e-01
5.182315002397080983e-01
7.126047748702943330e-02
-1.274489907460624738e-01
-1.701756783301564546e-01
5.933580386339860901e-02
1.259295639795191546e-01
-7.262654103594884739e-03
-5.446375716285634105e-01
6.886194915120139037e-02
1.121422919592159617e-01
-8.196983614243101568e-02
1.785919384494962514e-01
2.499950159079154799e-01
7.180369372559284313e-01
-3.597502859079508841e-01
-1.530503328827604315e-01
2.699790595350021749e-01
-5.455172363337584124e-02
1.767520745878903565e-01
-3.948696229411739755e-02
-9.550426066640899103e-02
2.695135700262027423e-01
3.173194121349811048e-01
-4.799945428516470824e-02
-1.787150646672896470e-01
-7.624473412690215002e-02
-3.569302252578907542e-01
-6.950179144850548996e-02
-2.384826651763550728e-02
3.415026607230859934e-01
-1.026235743387651778e-01
-4.343060858993617601e-01
1.801009015749197306e-01
4.073939916164688313e-01
3.459615283187432722e-01
2.292412623416363870e-01
-3.163592469004077729e-02
-2.210717155606687634e-01
-2.653978910631783483e-01
7.805769438882863287e-02
2.756098387709799979e-01
2.499674039117783519e-01
1.899231201952817083e-01
5.342770956798730680e-02
6.001629020716661017e-02
7.308541538867387166e-02
2.685699215028595765e-01
3.484311267374149979e-01
3.646946690773454902e-01
1.026186938911028967e-01
2.180152411675041479e-01
-3.808873915750355943e-01
-2.302834337872209369e-01
-4.536415854582286911e-01
1.947250887800071328e-01
2.461568473135863216e-02
1.891509501364042611e-01
3.009291999212898583e-02
2.280835684681810638e-01
-1.967606626494712851e-01
3.328777257513286791e-01
2.286230194838032859e-01
4.641488101399470767e-01
1.069421418126921125e-01
4.526759127325444276e-02
-2.721538141166950919e-01
1.550074773186244925e-01
5.544494824025602425e-02
1.221067144348863542e-01
1.934974216343457801e-03
-6.529684499259057195e-02
-5.689111827385261444e-01
1.844208948654521840e-01
-7.199394259772783598e-03
-2.368246987491444133e-01
-4.877551495737218745e-02
-1.304808820372662104e-01
2.214675861032223136e-01
-4.679275305194333795e-02
4.896506220507199081e-02
1.207190987652945885e-01
-2.782666669328213160e-01
3.386049024329051971e-01
4.249823773918996739e-02
4.152284629618435696e-01
-1.427198866519584497e-01
-5.761846180828293640e-02
-3.094011063726453178e-03
6.824133866521804592e-02
2.980712750396471433e-01
-5.389186551434047012e-02
5.663373042952488667e-01
-7.357049309872115694e-02
-1.790876293836738686e-01
-1.828625489973920715e-01
-2.134740277591856972e-01
1.104570123920201215e-02
2.137610219141856394e-01
1.686099377924288878e-01
-8.985045875906483293e-02
1.410327510896670355e-01
2.376613603366430905e-01
-1.492599605228131163e-02
-1.608682215100757651e-01
-4.982471535308724032e-03
-2.898605404628903370e-01
2.637231693214762696e-01
-1.632541290379617982e-01
4.338610261656790368e-02
-1.906397661818891864e-01
-9.574969067104220632e-02
2.602809631197394724e-01
-1.505196472800775787e-01
9.776969297209381349e-01
-3.598828148601176946e-01
5.565541067782219242e-01
-5.649470014564527132e-01
-4.535414489375764503e-03
2.909225262191272865e-01
-3.199728080276293407e-01
-4.803614548245423443e-01
2.760884853376536774e-01
6.415609517824548413e-02
-9.840627403593804612e-02
-2.797515653511689071e-01
-1.572141162195956066e-01
-6.561663483931536867e-01
7.082936420343095840e-02
2.552830641447236260e-01
2.109780542143928350e-01
-7.582523054941935348e-01
-8.538582560777084884e-01
1.071303740757162115e-01
4.931944782039277553e-01
3.821756324744735034e-02
2.893365563168042720e-01
-6.345296183634682730e-02
1.293556085170594061e-01
8.073813961521275617e-01
7.417082413967383825e-02
-2.364656767344068822e-01
-1.693485540134195833e-01
3.998675840308485441e-01
2.868239715426521008e-01
3.999820417783588322e-01
8.407412618690475459e-02
-3.936939412319804266e-01
-5.698826865335265834e-01
-2.379741239263435601e-02
5.238021276980526775e-01
-3.608542071283821207e-01
-3.439396629349129042e-01
1.909053565627146509e-01
-3.599086426985178555e-01
2.958913564803105078e-01
3.860351580324574150e-01
-3.785125500933835263e-01
-4.949927598185916433e-01
1.499565778998452822e-02
2.544114930141219699e-02
4.508428280229366258e-01
-2.136455364377733424e-01
2.290850040446435198e-01
-1.349867981063541944e-01
1.713189959332373502e-01
-4.094746713152560558e-01
-4.240898492986288487e-02
-3.161100584519208612e-01
6.215064148882695760e-02
2.698040858756757254e-01
6.509421865611540736e-02
-5.199828423830863411e-01
-7.612030343820082035e-01
1.801096021875545905e-01
2.131151357966057647e-01
6.094437610732115207e-01
-7.393024421470885121e-01
-2.103431536852501393e-01
3.873646749686905921e-01
-3.388333080365589778e-01
2.229366331308927501e-02
3.763833230519958439e-01
-4.937539455791249421e-01
1.663746529292564891e-01
-8.590480527869118754e-01
-3.461576154621856527e-01
-3.539643450225847809e-01
3.935692493698871308e-01
8.203056686354928684e-02
-1.334642548848890276e-01
-2.984026728036575163e-02
-7.407169475056630814e-01
1.959055348926088125e-01
-3.372233709736459084e-01
2.805030600751027836e-01
7.249649406155221909e-01
-3.550771614989037955e-02
1.650782764623306975e-01
-1.493993786593012796e-01
2.111211849299158283e-01
-2.143711482334290652e-01
4.016818048958655796e-01
6.088048642880206085e-02
-3.023835029114270712e-01
-4.386831398406600413e-01
-1.333991657058673230e-01
-3.629550923848228194e-01
1.475247609486634581e-01
-3.321242317042292780e-01
-1.281994178743772472e-01
-1.901462298014661156e-01
-6.675855368414692625e-01
2.765845060005358014e-01
-2.932785291007220518e-01
9.469077818096612031e-02
7.549101847973378743e-02
-1.308750020092547262e-01
1.923786575929985199e-01
1.298826921055651167e-02
-3.319289729334818917e-01
3.583450604899401926e-01
6.985976049326040292e-03
1.672004845225575839e-02
-4.241106588163834901e-01
6.339380156066050376e-02
3.953643573860921023e-01
1.508564138100993435e-01
1.813201237157627543e-01
-2.435705594423326903e-01
-1.837712163471671434e-01
-1.094528960681838692e-01
2.426149772024941420e-01
5.483203644619353279e-01
5.297754071528317649e-02
9.184179100094354287e-02
-1.044998908976339513e-01
1.080861380873080480e-01
-5.299435814759501095e-02
6.004558087079492346e-02
-2.970063665690332588e-02
-8.022827512982329268e-02
-1.982335972413819258e-01
1.123946401292016672e-01
3.347556295360356593e-01
5.287008675905688904e-01
3.926356657749630746e-02
1.993729444253204419e-01
5.962550731215111172e-02
-8.196103505756653640e-02
4.645266045328345084e-01
3.748760934285353952e-01
3.121972750845941613e-01
2.101056548447517713e-01
9.484209339979926545e-01
-2.307616896613443325e-01
-2.001925949163835816e-01
4.324745138275216255e-02
2.865408337477398093e-01
1.828802722788412383e-01
3.325929207934699150e-01
-5.537964271736555144e-01
-3.488063042943216341e-01
2.108480688356091926e-01
-1.891629732165356903e-01
7.048015254379916272e-02
-8.205670698445723110e-02
8.595720293729731676e-01
-1.117675021806577990e-01
2.803463487990519587e-01
8.541373164032332044e-01
2.127135435615696013e-01
3.909540762709769884e-02
-3.206512392211303131e-01
-8.307873658083129997e-02
2.942168967398513524e-01
-1.992704268340621532e-01
1.527730028736153101e-01
-7.610898291942237714e-02
-6.910500624907865985e-01
3.288530590655412422e-01
3.104381881120421016e-01
-5.743390105639920584e-01
-2.679676728157972532e-01
4.385064192439623310e-01
-1.624073924058528351e-01
2.170913176228264352e-01
6.064809366436724886e-02
5.381250792855054588e-01
-1.818208471532077319e-01
-4.079646066491163410e-03
3.070445635816464458e-01
7.346798106576988285e-01
1.895458359927119918e-01
1.054500785857889894e-01
4.757192478188265183e-01
5.529114167156983228e-01
-1.421549294650344963e-01
5.044276631623157980e-01
2.891815944503565716e-01
-6.477460752212604866e-01
-3.861009775362712615e-01
3.383839817101076952e-01
1.428221451561386968e-01
-2.576067493008455944e-01
-9.046267223298506965e-02
-1.168684979243858280e+00
1.610095624412409554e-01
-2.059163473328679828e-01
1.072315119675099591e-02
2.349513692575654067e-01
-4.194126137625015516e-01
-3.210454066107753524e-01
3.581198026248442190e-01
1.869224150995005274e-01
2.676901686822354132e-02
-6.207398668069514375e-02
1.676536614699731254e-01
-3.454022060789903037e-01
1.878217065943611208e-01
7.935469454256255384e-02
1.353615602620713287e-01
-1.788980319332445779e-01
3.950069837409576068e-01
-3.639977717007729097e-01
-2.627422788042173274e-02
3.155043508609228220e-01
-2.473877819265475897e-01
-2.071791884107342385e-01
-3.032845018996904035e-03
7.994942921449540996e-02
7.212102980533809105e-02
-3.183444030353929088e-01
3.777934173895451386e-01
1.818803006488554641e-01
2.819335658450885518e-01
-2.470115447657393326e-01
4.268648356676096878e-01
-3.930080159530581763e-01
1.021738497566683918e-01
4.437692679719727473e-01
1.911430435886639634e-01
-3.900617581931398181e-01
2.863192748946684074e-01
5.108410409622147208e-01
-4.756929844800547678e-04
4.393692095843725332e-01
-1.170257379595051189e-01
1.239993539098754594e-01
-2.411431675662712923e-02
3.661019196854718438e-01
1.801900973294838781e-01
-2.227976220327869128e-01
-1.523142052151863976e-02
3.535619404095955570e-02
-8.647410859316509435e-02
-1.017800802888287059e-01
-4.339402856071224342e-03
6.433740021816659604e-01
2.497852272343352720e-01
3.079088023553480657e-01
-4.322827484810702336e-01
3.774798956039347453e-01
2.949238155980258291e-01
1.885409468460085003e-01
-8.286541157693902426e-02
5.352805838736773847e-01
-2.842136077567474217e-01
-7.433846968209705149e-03
4.304791458163165774e-01
-3.976938052496097886e-01
7.792467475360989604e-02
-2.038409513348404117e-02
9.869129864225681392e-02
2.863996260508894220e-01
-3.268850585410105203e-01
-1.912680344097248408e-01
-3.973732943824198061e-01
5.877369234227969308e-02
2.425373401650576244e-01
-1.527231581136294924e-01
-1.677409699254070741e-01
1.174784734449778600e-01
-5.536498256399702972e-02
-2.750226460374323723e-01
2.046470994725915482e-01
-4.040261959046035356e-01
-6.880521865941993109e-01
3.340265019590674678e-01
4.861503738897317017e-01
-5.105770729841395683e-01
-3.128601478607779263e-01
1.341854177268094195e-01
-2.141635756341830205e-02
3.586316364998999306e-01
-7.175537143820108488e-02
4.738624847956939348e-03
9.996877110939625388e-02
-1.021905835820766245e-01
-1.685307834039165842e-01
1.830057353212762306e-01
1.364166984839882135e-01
7.371752649969501303e-02
1.243224322615358174e-01
-5.357037913483501251e-02
5.581744201221822133e-01
-1.277660601471321544e-01
3.451991904772759301e-01
-5.224412868470736104e-02
2.737889006214908605e-01
1.863294155018020704e-01
1.076976281280385694e-01
4.571993503161878025e-01
3.907711635050848398e-01
2.617584684356971114e-01
-7.590134414194116275e-02
-4.749281722493958746e-01
1.938580988613872735e-01
2.557738759862531741e-01
-4.334188496793542900e-01
-2.794885566056830584e-01
2.598716623449290331e-01
9.648326137723397394e-03
-1.963264947250153158e-01
-6.321716123049508917e-02
1.994802056890229436e-01
9.474878861437902727e-03
-1.106302642950537235e-01
-1.172320554765199085e-01
-6.524692542266737061e-02
-2.517882222291725758e-01
7.177224647541387281e-02
2.185946430193283774e-01
5.738537575594048201e-01
1.905394986137017369e-02
-3.067029589815569723e-01
-1.086909619934049859e-01
1.097005495211388626e-01
-2.820429332865060368e-01
1.339960141332230403e-01
2.161199372012745090e-01
-3.772558121178039015e-01
2.134046344505889092e-01
-3.591941268923134478e-01
2.050974498248513134e-01
-1.380776407216973423e-01
4.396793851585608093e-01
1.045011563401859883e-01
1.265373129920473660e-03
1.562589630715778000e-01
1.549877376901609427e-01
-5.765605513646393683e-03
-3.216192316425995901e-01
2.470732137418950314e-01
1.673707025576423590e-01
-2.666224720801975701e-01
-1.534067774071848633e-01
-2.467407743289576905e-01
3.715928708625572674e-01
2.879413752238729404e-02
1.487381551916296674e-01
6.543760935492703990e-02
-6.913036138915970574e-02
1.233557917010394689e-01
-1.703013666472227294e-01
-1.376513250735696969e-01
2.202559198936668294e-01
-4.031936592337117542e-01
-2.729772435185526813e-01
-3.100310726116989879e-01
2.461314479759525164e-01
1.341545045053285368e-01
-1.737373578989180045e-01
-8.723952277989650839e-02
1.553106780358381178e-01
6.434044411187617163e-02
2.857646991387996840e-02
1.535171695928606861e-01
1.256598318859484253e-01
-1.219063070994268888e-01
-3.912115707544447374e-01
-3.640429207395570743e-01
-2.720252787801948069e-02
-1.373789305842009478e-01
1.183569552826314458e-01
1.802561566402274551e-01
-2.110491509100988899e-02
-4.552388959972544780e-01
2.533921585527696418e-01
1.136111829478634178e-01
-3.396063666545826587e-01
1.891795385675697772e-01
4.278000774248581495e-01
2.338292211335321613e-01
1.744424636738042267e-01
-7.788949484233684273e-03
3.515124804485202786e-02
1.682612108218718427e-01
5.315350415974096077e-01
7.630618169919749227e-02
2.653887241320867715e-02
-8.818672249377584871e-01
-1.500655876377147424e-01
2.194041610564846922e-01
-5.047451282493417013e-01
2.516426135973368408e-02
-3.137249404552382437e-01
-1.787899063782768250e-01
5.017237001022127607e-02
4.093260188977957403e-01
8.090633481277027805e-02
-3.561860904142286066e-01
6.883823895086561562e-01
-7.333463175326987438e-02
3.445338997333636244e-01
1.983085113435330560e-01
1.195611836170359932e-02
-5.745601828661597160e-02
3.570841165366422376e-01
6.505549712786141969e-02
2.222575896201308687e-01
-5.356579675848157640e-01
1.635052084785598159e-01
8.170231804360841843e-02
7.964691877375593143e-02
2.192198821816516707e-01
1.498054607575288188e-01
-1.685563883910037586e-01
-1.072995420896605961e-01
7.854973686830916124e-01
-2.264722976190526316e-01
-7.435943060995856002e-02
2.059518151233883654e-01
1.407308135520277670e-01
1.583484074426766697e-01
1.134507307217995226e-01
3.485780883372210925e-01
2.002056745311631691e-01
-2.671297456410264837e-01
2.894974637308398435e-01
-7.730463911702376012e-02
-8.799702443405574281e-02
1.061544194564445764e-01
1.366820503159991151e-01
4.475054186861433109e-02
-3.125960835786295577e-01
2.859130160554819722e-01
-1.302327773414792833e-01
-4.651863171544964870e-01
4.775082242307285840e-01
-1.680607999020605758e-01
2.513952911986379046e-01
1.262813919376618854e-01
1.962501668085725737e-01
-3.479042923471287185e-01
-9.856347331929626865e-02
-4.540284785394225753e-01
-1.512383189439762687e-01
-2.530161273698937618e-01
-8.803086880506352796e-02
2.151609362393962221e-01
3.339053032181951014e-02
-9.968124801794332746e-02
-3.181377332166031996e-02
1.585409470434943069e-01
-1.372137665685746744e-01
5.605800288828129974e-01
-1.434790740325937893e-04
2.256470712802547685e-01
-4.941180665045466491e-01
1.370765250356224263e-01
-1.037544755943077684e-01
-6.531289404620409245e-02
1.389717720128374190e-01
1.361608369323566992e-01
-4.348367451608757817e-01
-8.830736914799026949e-02
3.017968956286301921e-02
-3.509884622698677958e-01
4.340033370587284556e-01
2.625502136644279894e-01
2.105131269772198346e-02
-2.937014215636655004e-02
-1.204496612974485792e-01
5.006181727405265569e-01
-2.065789765307229353e-01
3.649768578814466258e-01
9.331303937901001821e-02
-2.282529478101140707e-01
4.741398219974630318e-02
1.850117549721896626e-01
-4.151292138711227403e-02
-3.140866580778332029e-01
1.147620928692522219e-01
5.425612272342787978e-01
-2.043394084437237246e-01
-2.666457919732910242e-01
-1.681297944113206988e-01
6.111623387400768603e-01
-3.828531071388500684e-01
-4.052839893189493781e-01
-9.456919871483643325e-03
1.280461972333711562e-01
1.301663144384862525e-01
-1.797618941210404886e-01
6.584417212907442418e-02
-8.484102526783164622e-02
5.460829690623289490e-02
1.198248094152642579e-01
5.600315023949202775e-01
-3.138817671437255652e-01
1.301266899525787002e-01
-1.737663532140808903e-02
8.516694371929718621e-02
4.072049192997772571e-01
5.590566696674544034e-02
4.321299314451804152e-01
1.750167480278410903e-01
6.357403665012140159e-01
1.060472987699198344e-01
-7.118676681826552333e-02
-4.351620089813039161e-01
3.152828486300526811e-01
1.863133947167616156e-01
5.606532224763658562e-02
-2.437001069896528316e-01
-7.916294836462737239e-01
-2.420835664455258662e-01
6.300338167657680566e-02
6.717735808415038479e-01
-2.312986882834489333e-01
-2.183845164818682127e-01
5.542344389152855655e-01
3.736638841933014737e-02
-2.324854850459759370e-01
-3.378904508944981511e-01
-1.351640860307937453e-01
7.875865799298505110e-02
6.942187809648933672e-02
-4.335770604133480297e-03
1.801679548027617095e-01
4.148198089414718154e-02
3.094416824081194783e-01
2.130208241903472632e-01
-8.196681934367729128e-02
-4.288714927964766555e-02
3.197011102984919084e-01
9.177246958327295312e-02
5.264528226315954434e-02
8.121780887125243376e-02
-3.163565332224575477e-01
-3.217782077914734251e-01
-3.643099223103286599e-01
-1.814658578984895687e-01
-9.159295885975109186e-02
-4.673569603792391836e-01
-6.838306466796058129e-03
-3.940561555232439117e-01
1.726988494620009806e-01
1.965400290036862785e-01
-3.974634977724331719e-01
-1.247705654024822586e+00
2.045091613274901965e-01
4.700517114415862507e-01
-9.506523250511611511e-02
2.069965133461031392e-01
-3.081580364803458982e-01
-3.346609570210785645e-01
2.333967649688895862e-01
1.159084735038427461e+00
-3.748533399808851585e-01
-5.406584296071135221e-01
-2.964553718136314631e-01
-4.522454793957507158e-01
1.364412987672544986e-01
2.185502127298593333e-01
1.811811229773810927e-01
3.228354054719198563e-02
3.135081794330046856e-01
2.429464620284731702e-01
-5.681661570907829972e-01
2.499233218198536610e-01
-1.457696994025229308e-02
8.602425407602012908e-02
1.662688955380179079e-01
2.080575512435625107e-01
-7.375614045315674883e-01
3.810871880837060632e-01
-2.304552242302774778e-01
7.700079398935961994e-02
-6.165583275319928003e-01
-2.048801270576807720e-01
1.029604006503674757e-01
-3.735166335032673035e-01
-1.217139297588702013e-01
8.692732509318695788e-02
1.215861264917397072e-02
-1.066998729018146519e-01
3.002806913340538841e-01
-1.109736071578151378e-01
-4.179975365483838967e-01
-3.091537776764508583e-01
1.785962286597363169e-01
2.772127391464600243e-02
-7.462587295681920307e-02
-2.258509729342089156e-01
-3.794066782171771623e-01
-4.068626409105225578e-02
6.378182241239968575e-02
-3.155058970307957067e-02
1.600736455567263739e-01
1.237417865311476045e-01
1.502014697669446786e-01
1.671232968764974902e-01
5.794375565604868716e-02
-7.688016561364707790e-02
1.868837189409746843e-02
2.733158052230160173e-01
2.320715808928125110e-02
-1.104842382103038007e-01
-1.391312603235608791e-01
3.119859634570142787e-02
2.795095088141809694e-02
-1.020463244891517407e-01
4.539665315118802252e-02
4.445433217095206765e-03
3.418397268554251162e-02
4.797017983586917000e-01
7.346894416290261631e-02
4.571533921708998416e-01
-1.444636006816789608e-01
-7.292626603857180201e-02
1.127648746084169845e-01
1.885433618141751644e-01
1.344849575331604208e-01
1.337672033715002207e-01
2.921268887262786773e-01
3.462236394271314688e-01
-1.749123121777231282e-01
1.344880666712865713e-01
-5.796808410736805639e-01
1.990061348797376173e-01
-2.046189761079514891e-01
-1.549868758970011084e-01
-1.340253107761732454e-01
7.779170041309498018e-02
1.268041367737258174e-01
2.414148133739658364e-01
5.240085618141162582e-01
2.075822035341803595e-01
-9.192664370387018669e-02
-4.381995168693937626e-02
-2.348140221248531945e-01
2.677545167859123332e-01
-1.305325786455408810e-01
8.064173479453012883e-01
2.393376787946567275e-01
2.415827224123859029e-01
1.994701675424475906e-01
9.503124263788749471e-02
2.513872365864615044e-01
3.549150606656228946e-01
-5.587620988372450359e-01
-4.318062250541695318e-02
-1.398880192211940654e-01
-1.102124837310545780e-01
7.542530444635016373e-02
-3.495496177424799455e-01
-8.741060528404126506e-02
1.010280499657505854e-01
-2.789147793135630660e-01
-2.315297190316431830e-01
4.122870354991977487e-02
-2.989010497669653543e-01
-6.854293935570734964e-02
-2.873587873135924897e-01
-4.680677706327221466e-02
1.069691168723283653e-01
4.236513284578086735e-01
-8.212291064367126248e-02
1.493128113848823102e-01
-9.308571028154150051e-02
2.113740293476820686e-02
3.208626459590633861e-01
-5.565172142384705589e-02
1.215248174528547331e-01
3.820488414659550108e-02
1.712678106435732428e-01
-1.029205500304486258e-02
1.091584934446596100e-01
5.310226801051699530e-01
-1.866005259585847842e-01
7.921747246539342577e-03
-2.568306808858921153e-01
8.809324651469872813e-02
4.143943430273365203e-01
1.768896956912757723e-01
4.609209378437698068e-02
-1.676234741148642793e-01
2.154862662754964409e-01
-2.911348481621700013e-01
1.327285235395151697e-01
-1.254344006533953948e-01
2.827480021133752519e-01
9.346626500340808608e-02
1.319024246718195903e-01
2.133489768891083938e-01
2.569452472875667359e-01
-7.622767945973273340e-01
4.567842621736426523e-01
-1.996838856764845405e-01
-7.698086983028427921e-02
-2.488569027190028482e-01
1.480005854031238854e-01
6.880350350668625048e-02
1.782598110000309655e-01
-2.992719023457316996e-01
-1.110097205342703980e-01
-3.827563922794480905e-02
2.064272449486369010e-01
-2.363319797103216602e-01
1.494530478186847922e-01
5.024811289017133697e-01
1.070411399280152137e-01
6.633400591607362118e-02
1.714419929334707327e-01
-4.300692984167289734e-01
-5.152307447745327895e-01
3.743414864690946531e-01
-3.669558684560251249e-01
5.010906901119347584e-02
4.162201569713960825e-02
2.202827374575015359e-02
-9.449629927792801976e-02
-4.720620691687100745e-01
-8.247004637549204542e-01
3.156918112664618414e-01
-1.124780701448003239e-01
5.563045491379141616e-01
1.333390061951042482e-01
-3.905776993220179127e-01
1.031264907269061754e-02
-1.311859897847917310e-02
5.205847328162317017e-02
-1.342575685587193146e-01
4.098256192021017263e-02
1.375125258146291662e-01
-1.944681347297475826e-01
3.551107758924504365e-01
4.457020459476306873e-01
-1.810742097063782197e-01
-2.080795700695195205e-01
-4.023967402071883942e-02
-1.180985795814259720e-01
-3.743267178102453463e-01
-4.532204252265601557e-02
2.731928508353275720e-01
-9.454174925232236397e-04
-4.672132956490581690e-01
-3.143017165250715506e-01
8.992912040879036395e-02
-8.427471806960200318e-02
3.326829406496020214e-01
-5.133405869422584811e-01
-2.682988556903030952e-01
3.015407333896051312e-01
-3.393859483618137940e-01
-2.342707138774205167e-01
3.224934474026117798e-02
-4.087403387636437575e-03
3.784608837956155575e-02
4.697654279318216886e-02
-4.813539052710040511e-02
-6.191565827897399510e-03
5.525820758764298235e-01
8.287762497419183250e-01
3.903128943518636984e-02
5.924519832917577583e-02
5.126185982242639216e-01
-2.428245432489705424e-01
-1.764677408426482408e-01
-4.061359376508624219e-01
1.363793088381969887e-01
1.437709102970169683e-01
-3.175762838728710680e-01
1.445856315071779585e-01
-4.164953677025490797e-01
7.007935460780331804e-02
1.194551224026410008e-01
4.367646685511298865e-01
3.464628982078985647e-02
-4.061062479478309839e-02
9.684357127689667555e-02
-1.944603624458651758e-01
2.625039900712202723e-01
6.776547028579246179e-01
-6.055221918812037779e-02
-4.509662193844595213e-01
-2.601233173010759070e-01
3.816218026968251631e-01
-6.067552098810992736e-03
2.059153221576451587e-01
2.223811630320663146e-01
2.110261041496379608e-01
-3.492055265004996301e-01
1.885573280644040756e-02
4.272838795079312441e-03
5.138818963958701191e-01
-5.842746017362597799e-01
4.310196465914856688e-03
4.059776313993671559e-01
6.424011897583338515e-02
7.229293052559588977e-03
1.303964071370978806e-01
1.598633926323726473e-01
-8.990538549976921645e-02
2.834273331592442741e-02
4.487389607118769802e-02
-4.058465217172241846e-01
-8.438934563089474372e-02
-4.265696961011034710e-02
-2.832446176343148547e-01
1.038256918039118376e-01
2.564211483399159164e-01
9.034946797693794995e-02
-1.290864186222920040e-01
-5.686799179922724656e-02
7.198274491920429730e-02
2.376605089332596010e-01
-2.191289480721275718e-01
-2.038183428906762129e-01
-1.722230415582870489e-01
-7.955978553320175450e-02
2.489029757265074916e-01
3.499422567366416437e-01
1.408578081356278155e-01
-3.176043807498332705e-01
-1.407594407861696983e-01
-2.143422812844118508e-01
-2.749285403473713529e-01
2.040999959360010885e-01
8.805578085392317886e-03
-8.540425716228244868e-02
5.594025683159377371e-02
5.723243514417009764e-02
1.691891585883318130e-02
1.774634712161150818e-02
8.801198026021080090e-02
5.676767300549091094e-02
-4.438548686816033706e-02
-2.599242694557474948e-02
2.721599623339030632e-02
-1.611720865906799416e-01
-1.983730935254442995e-01
-3.967595566912265337e-01
-5.494393047024963561e-01
-4.785736048235945950e-02
-5.423471432390554459e-02
-3.374091305185552003e-01
2.411067198099185738e-02
-6.801612240762661132e-02
1.940593620086115412e-01
8.067568965778354473e-02
-2.774880755749695171e-01
-3.020609708467837939e-01
-2.427681683062636250e-02
-4.104686788912087492e-01
4.340553610486103803e-02
4.962111233156025203e-01
-6.215223755589156518e-01
3.808289186073652854e-01
-2.232549365405778457e-03
7.164325629875495371e-02
1.960486999798421170e-01
1.132876379060972910e-01
-3.639656737959465205e-02
-9.839517552024774905e-02
4.082247317120960561e-01
3.557594203246599029e-01
2.166457452523141980e-01
-3.122834479015006992e-01
1.770828229908138207e-01
-1.622044545880182709e-01
9.045014496690415018e-02
1.829591523668899489e-01
3.517192077226274360e-01
6.423708491089518136e-01
-1.756717696948990326e-01
-5.578941973795455839e-02
-1.790107717138694210e-01
-2.516436436689334366e-01
-2.777879962600867114e-01
6.175246759728134638e-01
-7.654474612706646530e-02
-4.788280351395050871e-02
-3.388193659934098378e-01
-1.660680966438927153e-01
-3.593734514236216482e-01
-1.494947168886389954e-01
-3.560347228136327979e-01
-3.853746448903650618e-02
1.359141113924337285e-01
-3.493507506221664727e-01
-3.961768905231117799e-01
-4.383593175618637899e-02
2.630524964906867380e-01
1.033275756420355268e-01
2.462321499946994452e-01
1.212308701411242140e-01
1.353685201367013646e-01
-1.799643049756682878e-02
1.174563410082389570e-01
-2.470996777064533856e-01
1.356446743744831318e-01
-5.945830775474520991e-01
5.593311052483807000e-01
-8.450281356730050819e-02
-6.113217846443708137e-01
-5.760879246117732722e-01
-1.783901275139576983e-02
-1.990321665400963114e-01
4.593826741654143953e-01
-9.248496411320680788e-02
-1.110951556252111200e-01
-3.003800062188191067e-01
1.640819264804990740e-01
2.164109791283394257e-01
-6.967270574855935483e-02
-4.086846553685992700e-01
2.148792274674552749e-01
-2.549110403849730311e-01
1.708983314548860599e-01
1.326933379337107421e-01
-3.842031855648379846e-02
-1.958209371618261085e-01
-1.870815064821603965e-02
5.224223747524431305e-03
3.137114154598087956e-01
3.390532209696558996e-01
1.416734559360987300e-01
-2.337775082453384667e-01
1.934722719056595208e-01
5.343538026274294306e-02
-1.643060674040919544e-01
-9.253752123122969964e-02
2.749229329700672020e-01
1.019468766824758038e-01
4.528679355338571799e-03
-2.461127412702745487e-01
4.146083951207522045e-01
4.567865399851567254e-01
4.796797670634200816e-01
2.004852717959538025e-02
-9.789703198965554742e-02
4.119753451350832152e-01
-3.527550731666309058e-01
-1.668620676265611391e-02
3.352762227548397589e-01
-2.876012832119418938e-01
1.092027810257989867e-01
-2.195112293825365324e-01
-5.350340942081149853e-01
-2.789079624767986341e-03
-1.413722142722541042e-01
-1.431740569135499502e-03
1.185293252648322720e-01
8.165230501670403540e-02
4.040834461059656518e-02
-5.069393463248700327e-02
-3.959336625341391275e-02
-3.885130116037235209e-02
-1.101183396337415688e-02
-2.731199959559214019e-01
-2.146080888110303009e-01
-1.037276853412923694e-01
-3.919416853805562928e-01
-2.563606554663290793e-01
3.611074113074803221e-02
-5.292823552684228217e-01
-8.646679597785598970e-02
4.283570765233839506e-01
-5.365502080499964244e-01
-8.816597631904670163e-01
-7.131467824901824293e-02
3.998743835396386115e-01
4.725035847418283530e-01
3.990540071098958030e-01
1.126103687671756171e-02
-6.907623697058605516e-02
3.049817056756656819e-01
1.595701487324241094e-02
1.383552555391097671e-01
-2.772443399240958617e-01
-6.626128608838594567e-04
-4.814178807379591862e-02
5.438161963255250253e-01
3.122435204310111678e-02
3.160702141179561053e-01
-3.958555403187228455e-02
-6.035580463185692690e-02
7.050660684873631678e-02
-2.708113492706922323e-02
1.564438966409398835e-01
1.672287639225167044e-01
5.589124784553665959e-02
5.078059325231960158e-02
5.291964234443499171e-01
-1.548224338227269514e-01
-4.372077634597484191e-02
7.250455991155128899e-02
-3.143578660075770775e-02
-1.752626223674223216e-01
7.432795590215984793e-02
-8.054290476488661088e-02
-3.212009039514803765e-01
-1.531965364448128364e+00
-8.993652683794810254e-02
4.716460836865218886e-01
-4.565799900651968390e-01
7.696338834824889563e-02
-1.268911442909613774e-01
-4.998771111717073556e-02
-7.402152206438827875e-01
-4.774170479829891733e-01
3.230853338141951303e-01
1.677762907005930226e-01
5.765210729791174771e-01
3.628134524469287525e-01
2.173352185785785984e-01
5.140013891619236164e-01
-2.068095559661169147e-01
6.014009503294862058e-02
-2.162449192009885945e-01
-2.186564436138739020e-01
