-1.545346436655438138e-01
-2.248608675811163415e-01
-1.890256757951462308e-01
2.607110972902776380e-01
-6.250906378713307898e-01
-5.690765900495802221e-01
2.811818837373633584e-01
-3.555965539917035900e-01
-1.075131790125336967e-01
-1.303738416831037306e-01
-5.632411492498602401e-01
1.510951334612460339e-01
3.795519510098016025e-01
-3.185969335096084931e-01
-2.119441579272007270e-01
-5.555900056582097762e-02
-6.367160380965097843e-01
1.413169137723453428e-01
4.373510074717929658e-02
3.767724609396277402e-01
-2.157286861524874630e-02
-2.360216125279704091e-01
-8.026131206469759860e-01
2.201968977193069499e-01
3.097529066488604599e-01
1.446158682234585935e-01
1.022627352768033515e-01
5.244493220157587787e-01
-2.144596256395855105e-01
9.767109677972576898e-02
-1.013729547413220883e-01
1.348507064215853091e-01
-1.137704646064846836e-01
1.595529412608256425e-01
1.238337290456332090e-01
1.965391463178615683e-01
3.685368290236274436e-01
7.228591536916738336e-02
-1.439138903753417187e-01
-1.073083307439493816e-01
-4.366904119514636307e-02
1.523910780868028558e-01
-5.526184231849824019e-02
3.115192742183315322e-01
-1.117259201296695939e-02
-1.206129367454759210e-01
9.356423100881515464e-02
-1.623512391715105085e-01
1.017286287657550164e-01
2.147126508126057653e-01
-1.849328862792845030e-01
-1.110097443797808392e-01
-8.403406438191199021e-03
4.860079738225183549e-02
5.543644472981024141e-02
2.883431555877429275e-01
-3.276617377557852206e-01
-1.614904558977647564e-01
-9.857354402153717388e-02
1.078316331020287705e-01
1.340836364700672967e-01
-6.636836807258468529e-02
-2.215701017520306862e-02
-2.408521667568387092e-01
-1.235607972448399539e-01
2.180089414960629246e-01
-4.100781378591970144e-02
-5.819315225464873065e-02
6.998878908280339872e-02
-1.035037687628196784e-01
-1.077756698498480159e-01
-3.049583529914720592e-01
-7.055356631209848406e-02
-1.155165009653608410e-01
-1.450008911682614809e-01
1.128349620858990071e-01
1.911962834542077216e-01
2.837453856920696751e-02
-2.084746869602921715e-01
-9.397452642381190491e-02
-5.645228426442937264e-02
2.092872914273994078e-01
1.295343109609763399e-01
2.214230473019621059e-02
1.390936632968264308e-01
9.958040354212731315e-02
-2.465437069886587118e-01
1.412119344672891352e-01
6.219760165188372575e-02
1.261787274778645718e-01
2.040624620501224618e-01
-1.953005405180837650e-01
-2.008768823895834554e-01
2.548981782681317698e-01
1.869649525155895053e-01
-2.535383893525586796e-01
1.611218164910622752e-01
-2.763286280858808786e-01
-2.226407454455888238e-02
1.670873750870233432e-01
-1.371400193942069468e-01
4.950983649973891062e-04
2.588315212950284550e-02
-1.847030743936446118e-01
5.446266855951843733e-02
-5.873101869976345146e-02
-1.292548262455818220e-01
-3.453685330760766226e-01
-3.277960056814679946e-02
-1.046024878858286961e-01
1.164148025433768552e-01
-2.667758733792958137e-01
1.102695811450845054e-01
-1.726867480160082235e-01
-1.174697510810705225e-01
-2.000144626078909776e-02
-3.414189727540384300e-01
-2.053864615482547951e-02
-3.155193079650887855e-02
6.174609204242480914e-02
1.633634984137043999e-01
-1.449036729090983633e-01
-8.439175526490005907e-02
-1.382068816610919071e-01
3.176839161971716230e-01
-1.056518559956936242e-02
-1.837240646458720983e-01
-4.456804098806471659e-02
-4.819455825053694381e-02
5.702843209178914963e-02
-2.658054264408163947e-01
4.616777565925564084e-03
-4.438457406336018818e-02
2.579486118343362819e-02
1.658463918275777105e-01
2.977507461440616066e-01
-1.323651404626220995e-01
-1.921298218016090076e-01
-2.464805579013247816e-01
1.229045387846289666e-01
3.232989234488715113e-01
1.410903085789716738e-01
-9.850761849268263592e-02
-1.022917986021188858e-01
-8.707638446532278351e-03
2.560322210800632936e-01
3.651782234143477468e-01
-7.211471605914110405e-02
2.063050505657756384e-01
2.699459843509965928e-01
-5.953010502044811005e-03
5.938277111236346661e-02
2.212902715503468551e-02
-7.475298336939298349e-02
-2.228514601747197121e-01
-1.051310504388890676e-01
-2.588523350006075377e-02
-2.971791081143510330e-02
-1.749507429518596113e-01
6.495129959665064956e-02
-9.051549736933743595e-02
-1.866471432033995903e-01
-1.608191851305332820e-01
1.238298911619834936e-01
2.640089994377314842e-01
-1.630079077911512075e-01
2.052080069619112712e-01
3.925926758681050899e-01
-3.119804637794392974e-02
-3.713825004896436494e-02
-1.129428343229730014e-01
-3.187103407016176476e-02
8.725006005477645155e-02
-7.183051246435431803e-02
4.086455079539825230e-01
-8.839689963904563685e-02
-6.052730708485890704e-02
-3.436024317582407894e-01
-5.793122126865954402e-02
2.245286654010278105e-01
-1.087467469847933771e-02
4.368617384368341794e-01
-1.037626184279022840e-01
1.907135973280156549e-02
1.998453795374743602e-01
-7.430937756476031775e-02
1.945301093273581541e-02
-1.386977582102773277e-01
1.374179800875690582e-01
1.623312388705103748e-01
1.268107004971687768e-01
-9.516465806850968323e-02
-7.545672041539383534e-02
2.684296801456235171e-01
-8.376765964611862514e-02
-1.094492543691520520e-01
-3.182093493207733409e-02
2.748322389620923012e-01
-1.365379210541406985e-01
2.836052876891727581e-01
-9.872384410326048854e-02
-1.837404316312009067e-01
-6.394219617300543612e-02
2.376629298004217551e-03
9.061195972134968024e-02
2.018974411715836192e-02
1.240076830966851534e-01
-2.777779440519535792e-02
-6.953347462275871749e-02
1.319143105261466331e-01
5.212612734856173630e-02
-1.307758354789503863e-01
5.361390031955276525e-02
9.153768930733557907e-02
-2.148908621392625617e-01
-1.060342677852267046e-01
3.318162446944249444e-01
1.099923032512729049e-01
9.643706107460080224e-02
1.910142871183616031e-01
3.443370004363022208e-02
-3.157196797623911255e-01
-1.798104644140811059e-01
-2.786137810576042595e-01
2.427942015530487052e-01
2.539251193189325240e-01
-2.762561502449729922e-02
-1.034880520004432675e-01
1.080094081746604956e-01
-2.374584803196441024e-02
-8.071509824911657360e-02
-1.568202701819070566e-01
-4.521732764258953527e-03
2.280869703583549013e-02
1.362502575209600941e-01
1.049642844886572307e-01
-5.395888938816133240e-02
1.102489622183591977e-01
1.330624480985815594e-01
2.064679339016125270e-01
4.597047854110482973e-02
1.838345834932589018e-01
-4.649241800693981741e-02
-5.956229255037802373e-02
-1.504606643071395022e-01
-3.432738183599154391e-01
-1.654548574888335122e-01
1.447309063093006609e-01
2.424850156795963774e-01
4.107576497026295681e-01
2.487293226684667569e-01
2.563968493532166604e-01
-2.425074687618780644e-02
-2.756486638630028380e-02
1.895156308269544676e-01
-1.822347750412799117e-01
-1.877591660034671484e-01
6.612799657239286366e-02
-1.500601829863329184e-01
1.727999554898140555e-01
-8.469282519110298002e-02
1.045343573000709764e-01
1.083735899198864927e-01
1.533546385052899086e-01
2.706679136218453352e-01
3.477348414841837099e-01
-1.345016989211669511e-01
-3.156686551381820416e-01
9.553252409041894377e-02
-5.471075786766047694e-02
8.106904575557334625e-02
2.703235096862437528e-02
-5.029529005193109775e-02
2.676348968118640731e-02
2.790897617249452154e-03
-1.034757302511531141e-01
1.783072818115222502e-01
-1.731768449615845792e-02
9.446318422116339875e-02
1.494475592804096475e-01
1.371386738925985671e-01
9.379337068748853923e-02
-5.093082439645405662e-02
-1.117747112916332164e-01
-9.986109164679447814e-02
-3.723109234769930165e-01
-1.126221212321043413e-01
7.642532271778207376e-02
-2.132325362160688853e-01
2.491995082212563883e-01
2.091302424379333502e-03
-1.640473622528774711e-01
1.088966296586877380e-01
-2.172064411696817410e-01
-3.043317781449116077e-02
-2.191190446215467991e-01
-2.753427920309767241e-01
-3.477887230125589202e-01
2.199039402297285339e-01
5.809529909952085985e-02
-1.819587639598639062e-01
-1.736970425261025464e-01
-1.869350976469797143e-01
1.063737522487834403e-01
4.345522450154557653e-02
-5.917633837530541369e-02
-2.154689633261329396e-01
-1.921270221790750618e-02
-4.040255503965910489e-01
-6.933380400064984017e-02
6.646863568407708478e-02
3.324027524905167619e-01
-9.556610277193540448e-02
2.545341244090082999e-01
-6.477062389567858451e-03
2.449677841952511703e-01
-1.331110361910931295e-01
-5.633026447211075122e-02
1.152200739299236512e-02
-1.789488760066751394e-01
2.628240420567510768e-02
-1.369539066823116658e-01
2.167727673542398648e-01
1.486395390993062449e-01
-1.223079333057594670e-01
-8.636157386125598023e-02
-2.699261332021634652e-01
1.366863693480803166e-01
4.470720883541489526e-02
-3.072171705562021932e-02
1.368614139467668189e-01
1.596209855129202548e-01
-1.063333351078281780e-01
-3.181156986590762820e-02
2.081407897077212077e-01
8.084133981072692821e-02
-1.918635650044729357e-01
1.168522778416942499e-02
-1.699708590764447691e-01
-6.839261264667019502e-02
-6.023265866935098578e-02
9.442632145878819550e-02
-9.107525110370200822e-03
-1.518599886997183401e-01
-9.433309065347429689e-02
-2.322817774767919896e-01
-4.040442597257074553e-01
9.052123043351265053e-02
-3.154964936558276450e-02
-2.296025091971969634e-01
5.807246883724140329e-02
-1.524796514830582816e-01
1.412921935154293762e-01
-1.632258256427853715e-01
-1.013207448233061948e-02
9.242035287524556775e-02
-4.166835967759651566e-02
-3.070303590144726757e-01
2.479739018303861453e-01
-8.213299441080788854e-02
3.629558503079236553e-01
-7.013056353734373194e-02
-3.626847351018463311e-02
1.657962466267452195e-01
-1.728549003741637266e-02
1.119229473933115726e-01
6.245994142521816422e-02
1.945195250234401652e-01
-6.497267830197152316e-02
3.031931562470864885e-02
4.726910606549990235e-02
-3.529317216356875689e-03
-5.214937426836099843e-02
-2.185784848837834526e-01
2.039962169800962899e-01
-1.520844350824240021e-01
6.337071639201731499e-02
-4.666540183145322096e-03
-1.393370970166027401e-01
1.877625667475575078e-01
-9.175234356482581122e-02
-3.131512066760308577e-01
2.193224377200316266e-01
-5.247973923968203558e-02
4.627621648500083729e-01
1.842182163320429389e-01
5.829520957492314442e-02
-1.744737911232371597e-01
-2.998691392984901768e-02
2.411798402454221613e-01
1.623055874482907113e-01
2.143406699303207485e-01
-1.086393303137318384e-01
5.799104744227723957e-02
1.685365034271139872e-01
2.941384525561636099e-01
1.387480525196289616e-01
5.660150215223675590e-02
1.784279936814914813e-01
-5.358062365819022538e-02
9.413502857873677632e-02
-9.267782515040756675e-02
-5.732674798105853731e-02
1.252983413614828234e-01
7.662394252834556219e-02
-3.437991289285766139e-01
7.235574698661703663e-02
1.186215621651544039e-01
-1.171171662724903167e-01
2.112345139912989375e-02
9.194899212474189065e-02
2.045442091412199848e-01
2.934554100449399683e-01
1.493289149099247433e-02
-1.530571284855352654e-01
7.215176095763879693e-02
-2.042084731505250383e-01
2.755695656380998185e-02
6.783469319248724982e-02
-2.714692462749941360e-01
-5.324421829871624906e-02
3.184204355718872614e-01
-2.251369448986661470e-01
5.831417860922055024e-02
7.887131740280191317e-02
-9.431364341826038722e-02
2.350146812282826181e-01
4.727318179018415167e-02
-8.933309174362141780e-02
9.493863992482026726e-02
1.583229183865761669e-01
1.329007109492179491e-02
7.819767614738486194e-02
1.247806700448025607e-01
1.084284344142495554e-01
-8.974669769115814488e-02
-4.025065882144553131e-02
3.066030451110709487e-01
-6.341022001131717267e-02
-3.787735157946335862e-01
5.598419493822832244e-02
4.506165365648613363e-01
6.836354484096617001e-02
-3.820047495942483495e-01
-2.465559056320195674e-01
-1.701563846060434315e-01
-2.171051438886368035e-01
-6.584022534158402717e-02
3.367848722551426421e-01
-2.051037835908115226e-01
-1.343274637405554583e-01
-1.785085228968328608e-01
-2.704625703035368200e-01
7.585198414211563600e-02
-2.676023129144789459e-01
-6.394084989037590594e-02
-2.633046683773725416e-01
1.535215219488510752e-01
2.944685584929381678e-02
-8.775967265687049934e-02
2.106371727101258307e-01
-2.580164813688352043e-01
-3.205700300463906055e-02
6.756021916936320870e-02
2.361806104956813424e-01
-1.174525427220588225e-01
-1.433023169334456670e-01
-2.009630240174398452e-01
3.316176430287691157e-01
1.106979868122907884e-01
2.439949727613811847e-01
-5.235467227736990276e-02
-1.818508189304664513e-01
2.009890749734814241e-01
-2.308706803539488026e-02
1.079472942981394568e-01
7.958419936110734672e-02
7.669965458524471980e-02
4.228558294707450427e-02
-2.362556312524695043e-02
1.184567281584283094e-01
-8.721565957682231307e-02
2.722400003399868540e-01
-9.648406882396501349e-02
-1.332334943178372644e-01
-2.536015219751446281e-01
-4.399241773870494199e-01
-2.729022847080627701e-01
6.728840648531592139e-02
3.100752111270573506e-03
8.559599618297807078e-02
3.948107260045875117e-02
5.516716850121224092e-02
-9.455189512081246805e-02
-6.737656078393067238e-02
3.340644495614301657e-01
1.911820154291889728e-01
-1.071774184502615190e-01
-1.895865297252603138e-02
-1.011760794229891042e-01
7.584556126983958702e-02
-3.677818355285538132e-01
-9.473367003017102439e-02
1.782823627121868648e-01
1.576913790490544753e-01
-2.731706241377122035e-01
-1.258464681013631292e-01
-1.333453407327158391e-01
-5.230403548035923722e-02
-3.137950285778556142e-02
-7.517678546533647366e-02
2.440673441757119921e-01
9.384029230276516587e-02
-1.010249902950667023e-01
3.245197106456375324e-02
2.376574354987315285e-01
4.588011318771564873e-02
-1.935695270210419094e-01
6.379966959751240396e-02
2.810482609512722774e-01
3.252131424455605851e-02
-1.078055231710787869e-02
-7.110316486249562695e-02
8.645316587196706648e-02
-2.250554958929087135e-01
-2.837171153618810449e-01
-2.551500524921547775e-01
-2.257810588138721430e-02
-4.546464869722535163e-01
-2.769031847978278837e-01
1.436829836530826264e-02
-7.156123400761506270e-02
1.733503317939138477e-01
1.396475129995499755e-02
1.533176083892362762e-01
1.736867755844105077e-01
-2.208334841429358472e-02
-9.335356749083499606e-02
-1.525205902881476838e-01
-4.722036503510614047e-02
7.642153595088875540e-02
1.940494496489186468e-02
-5.120973809375461289e-02
-1.756984778909069789e-01
-5.391893859153489010e-02
-2.347296800851449428e-01
-1.946978065108808109e-01
1.565376958664285167e-01
-1.514862941021714871e-01
1.767417677267196230e-01
-1.477549339308324369e-02
-2.983726856022825974e-02
1.491619829921616014e-01
-1.455747477532863265e-01
1.569035116238606253e-01
2.996502399198577361e-04
-1.047873814697248274e-01
-1.082438340122522241e-01
-1.493892503007772897e-02
7.630335283434201699e-02
2.374211521466965680e-01
1.560632662426854611e-01
-1.145819191394223911e-02
-1.779912680837119898e-01
2.457613850709104153e-01
8.696309458662461467e-02
9.957225956912561793e-02
1.886625061415358323e-02
-9.994597971071347842e-02
1.594395896347585995e-01
-1.383564503519255084e-01
-2.318348967325390697e-01
2.695331938632464230e-02
-5.353006414738295526e-02
1.895220838545238762e-01
1.229314120742340255e-01
2.347138809848290930e-01
4.028674649611475034e-01
-1.563598692433922728e-03
-9.935242358387996742e-02
9.570275453851376235e-02
-7.697418048216483899e-02
-1.404088781855771240e-01
1.859277340175451709e-01
-4.161782246373584015e-02
-4.738053999683668888e-02
-8.777035011125117192e-02
2.844805770874163087e-01
-2.150548951906797457e-01
-1.032184471070955595e-01
4.870478219705434014e-02
5.943888508930589287e-02
-6.944096513208614097e-02
-1.495921805717085051e-01
3.022387369362280474e-01
-1.216342935970657485e-01
-1.223421143997128618e-01
1.065923969618085415e-01
-1.682689427830786066e-01
-6.116726613081520381e-02
2.238750935286564492e-01
3.168312099808288651e-01
-4.904176590516300810e-02
-7.735513482527335560e-02
1.215339877078844555e-01
2.254788350378830186e-01
-1.035378498146456994e-01
6.918215826741330732e-02
5.338718665819645881e-02
8.269489124435393246e-02
5.051591702602575146e-02
9.770354480937706865e-02
5.731048259310043969e-02
1.004458303435455391e-01
-1.261605383754408338e-01
-4.313552535058301496e-01
-1.931981540837655054e-01
1.715694901138111739e-01
-3.585164224952600703e-02
-7.728210046420280928e-03
1.110593896834341232e-01
5.292492697195838591e-02
-8.606864207827423507e-02
1.029052416009100523e-01
3.147157727619458167e-02
3.997693913990119780e-02
-1.883681442818234686e-01
-3.304553980164866567e-01
9.809145164516887283e-02
-1.871190583452557732e-01
6.309475073290071734e-02
-5.481140032450054766e-01
2.184943451764717048e-01
-1.357619809603523575e-01
2.912156209028726184e-01
-4.366403598340953263e-01
-6.975028464666979677e-02
1.171453490520628221e-01
-1.342748838591213342e-02
2.753882265108426736e-02
-2.156765110057861506e-02
1.906213190320116269e-01
-3.422171930675172447e-01
-1.941149403278660465e-02
3.690458673500397746e-02
1.774003244067930141e-01
-4.274577973588020163e-02
2.064758042538896443e-01
-2.894400518876308684e-02
5.231409761894854210e-02
2.123998015436253939e-01
-2.095935500603769430e-01
-1.731108622449353540e-01
2.465371571318478172e-01
-1.583641290298291593e-01
1.034121420019622761e-01
1.538223193588909576e-01
-1.365859953365332335e-01
-2.429627155772969838e-01
1.962169114979591678e-01
8.806778946417366527e-02
3.568655087491468675e-02
1.588248076329767944e-01
-9.651304066565554590e-03
-7.962315504311051617e-02
-4.752301746726567307e-03
2.668703864203041121e-02
-7.222476919400780404e-02
-1.602533092257280578e-01
-3.797579007026342657e-01
-6.433929470541434326e-02
2.498362798921850425e-01
2.208405014724782456e-01
1.070526702426805726e-02
9.151561370414382224e-02
-7.964454141792730313e-02
-3.368194004971956923e-02
1.808029978549864636e-01
7.707435957575611840e-02
-1.204330741043307777e-02
7.151539649377106934e-03
-7.136363910107050568e-02
-9.601767330096966369e-02
3.360607396764236920e-02
-1.291761456870544646e-02
-1.116261919927763191e-01
8.509869043604094407e-02
9.347307670455150264e-02
1.498890477315955316e-01
-2.666731912154122336e-02
2.259997120195091774e-02
-1.812465283473396402e-02
1.531740808851507207e-01
3.077030376326426175e-01
3.617020243325750339e-01
-8.277945305521834662e-02
2.032069887314390949e-02
2.076270313933632847e-03
1.208772404960831853e-01
-8.401166761705892994e-02
-2.436246679492902467e-01
2.252505243417145531e-01
8.131324139649381832e-02
1.637610596044035971e-01
-2.663702292449552159e-02
3.776959616795474428e-01
5.230923825304281682e-02
1.176661074335633717e-01
7.001462966886286277e-02
-1.089878502294215484e-01
1.494420067431438404e-01
-2.786012066904471340e-01
1.609455059632998453e-01
-5.664723617450141691e-02
2.488154407893779785e-01
1.056903257473391089e-01
-5.181738247755810628e-02
5.639835058000271413e-03
-1.356835182400335515e-01
3.795559513431115417e-02
-1.483006147001384722e-01
-3.470578336813720521e-02
-2.420423415212127199e-02
-8.541209689540016359e-02
-4.338072945600286029e-02
7.113714679202871871e-02
-1.065278731479770424e-01
-1.493581598153052581e-01
-4.254734123136545004e-02
5.689427342966582590e-03
-4.633622042869810914e-02
-1.247602088752845229e-01
2.697711573045579181e-01
-2.085098631372369338e-01
-3.264751438269373751e-01
8.963530533461983030e-02
-1.187460846828859544e-02
6.114773740009991215e-02
-1.405233013895683669e-01
3.234425491967014149e-02
4.090522235459178452e-02
2.003578614004567215e-01
-6.891735009580904348e-02
-2.828968571264247125e-02
-4.904940785220622546e-02
4.879504000142785569e-02
1.658651418049241488e-01
-2.442076232675218783e-01
-4.806310111333238905e-02
-2.692188479835087578e-01
-5.060982832735851783e-02
1.217208771967718539e-01
1.762986116629674249e-01
-1.782675090227363868e-01
-2.252097485562034040e-01
-1.614179789790387565e-01
-2.487971184316767337e-01
-3.231515368989369003e-02
-9.949299477905643174e-02
2.856580720929463024e-01
6.478425941403395671e-02
1.789876736775027066e-01
1.745412127767188293e-01
1.137026155054305342e-02
-2.464667070271938515e-02
-3.446948343482473393e-02
2.217298505602547862e-02
-3.378376461890936211e-02
-9.851721257303622248e-02
2.124448887653873075e-01
-2.291119117064746302e-01
1.495947025223197911e-02
-1.027927155819552546e-01
3.640777520431932590e-01
-8.192862887813259776e-02
1.134888397112694680e-01
8.217434568873933920e-02
-4.230204290537981082e-02
4.950793065078457622e-01
2.335365531009428453e-01
8.901828049204020543e-02
3.684471591773956778e-01
7.980040450459538470e-02
1.221319309066968284e-01
-1.041995053687850281e-01
-1.481983673065369600e-01
-2.015560354931131559e-01
-2.545087029398827028e-01
8.430246718901605874e-02
-5.114053911937846419e-02
5.667264753552628265e-02
-1.323989831485135882e-01
2.831747680509506537e-01
-7.184947087442586366e-02
5.435567462736691502e-02
-2.828004623165843445e-01
-2.161281864754999726e-01
-6.658970879588832492e-02
-2.793757002913137000e-01
5.482394564524571690e-02
4.696939412075107900e-01
-3.703551025923768752e-02
3.808960231028095667e-01
1.382202705320205727e-01
1.383590176818847439e-01
1.730187555037335581e-02
-5.175078373894922978e-02
2.193515904316136189e-01
2.728087505756307540e-01
-6.940270207727734786e-02
-3.239841136391686804e-01
-2.745124097105348104e-01
-7.343051073492611047e-02
-1.178257900733650221e-01
1.487265220453825032e-01
-1.182165829307274818e-01
-1.014341775113871691e-01
-1.077117939824906792e-02
-1.026065635786755914e-01
8.789750549837764548e-02
-1.331602916580983675e-01
1.126613298832239984e-01
1.026113253315686508e-01
-5.154754257486656582e-02
-9.053461419197146587e-02
2.969361723865934777e-01
-1.709342530709918873e-02
-3.079193374959823259e-01
-3.819432742638776968e-01
1.245669503977328216e-02
-1.720305221824749153e-01
-2.850156677859478904e-01
-4.135098149921277028e-02
1.018076215752537483e-01
1.878637633489906866e-01
1.995619334203707976e-02
2.272299176570894558e-02
-1.416318079952403608e-01
-2.418022817130585367e-01
3.297259884072833436e-01
3.222971598792775394e-01
1.728426600986268935e-01
-1.417811593533508108e-01
1.748063844775167575e-01
-2.842733071529587874e-02
-1.650020963136226704e-01
2.858982431545112682e-02
3.213808129674334269e-01
-2.808165295049210308e-01
-1.514318303686399692e-01
-1.133177694569332539e-01
-1.586907025589775755e-01
-9.798394840425778130e-02
-1.119317261025694066e-01
-1.460037384407034400e-01
3.090305399109852802e-01
2.783976689157491302e-01
9.655497206291716039e-02
2.886838501433459103e-01
3.111425046034351216e-01
-1.721907016941961188e-01
-1.708319706354495815e-01
-1.239008583918859707e-01
-1.104179197629301043e-02
1.358272904502592178e-03
1.220684533683031869e-01
-9.066460675618901247e-03
-6.526605808014371291e-02
-1.535037065407110768e-01
2.477164309966662925e-01
-1.396707639139331547e-01
-8.856394184727012231e-02
6.344522187328401064e-02
-2.150658581832901595e-01
5.517770343897397678e-02
-8.205563553362639484e-02
-6.916523266597174313e-02
1.838212893472863652e-01
-9.687997774570689113e-03
1.141153389622829722e-01
5.318721600665203553e-02
1.451958616160082260e-01
-6.443812757973313432e-02
2.463758748553515343e-01
1.293477075653884020e-02
1.757521998993116230e-01
-7.325488789830554570e-02
-3.675481614031173017e-02
1.927251790844283219e-01
9.562710563008716691e-02
1.063735959709479068e-01
-1.034912757479515139e-01
1.158161286065374218e-01
-1.471106740780273037e-01
-9.187368904440450235e-02
-4.639460945099369016e-01
4.060261124967715768e-02
-1.741210928207664044e-01
-1.090906661972398800e-01
-2.641953385150242611e-02
-1.518474209312307456e-02
-1.249731212391079344e-01
-2.667947127137188304e-02
9.934283855901789029e-02
-2.854551996511415779e-01
5.050493860031845389e-02
-2.134905898972920546e-01
-1.062807888436502896e-01
-7.569776573090628013e-02
1.552235651977411021e-02
2.014367008439345852e-01
-3.935197086618139051e-01
7.697015354248884500e-02
-3.115910753224007679e-01
1.438042482767329655e-01
-3.759599696104747729e-02
-8.676323598456361919e-02
9.629215861221462891e-02
2.149409077353023612e-01
-2.524293328326808195e-01
1.442743512770829073e-01
1.489214894132409421e-02
-2.762839573010911765e-01
-1.602029644513539575e-01
6.381950789392377976e-02
-3.121224180261945175e-02
-2.964879388704985338e-02
-1.733624468912194072e-01
-2.691836968951144549e-01
1.620309552697646871e-01
9.041323118619495891e-02
-1.199877738155418344e-01
-2.170449461098620386e-02
2.065985936737780582e-01
2.354269306342837154e-01
1.955693934050237448e-01
2.846800537438527456e-01
6.895241138617441701e-02
1.712313495489348539e-02
-6.701982063064262363e-01
-7.738312241292362448e-02
-1.861243641661861625e-01
1.925827815048333502e-01
4.569882508599423104e-02
-9.325444739635835312e-02
2.412983242465613076e-01
3.055205620535542121e-01
-1.096981284659256650e-01
1.246542268935683095e-01
-1.501512436328071853e-01
-8.256688605552925386e-02
-2.747529004509597916e-01
-2.033761773730407077e-02
1.291681968670289893e-01
-2.043899900801504077e-01
-8.436767299855998936e-02
7.487925752109755861e-02
1.776726844861940546e-01
-1.811970528392503332e-01
9.877778850005750066e-02
2.342738709776914230e-01
2.022201720285954629e-01
-2.440268476322639268e-01
1.094099283996988886e-01
4.758675812259942350e-02
1.155287386027373658e-01
9.904584339924273062e-02
-1.025877841482081831e-01
1.554985873912649863e-01
-1.235065806592577781e-01
-3.546857547625177909e-01
-1.077346075100504286e-01
1.784338541219553931e-01
-5.485233513679303730e-02
-1.472150146570221085e-01
-1.976270750627959205e-01
1.382253428999299649e-01
-1.059000005122692351e-01
-1.830957990533730317e-01
5.679178910668649521e-02
-3.534934559176312191e-02
2.838608244114235735e-01
1.209924604395030134e-01
-8.802622774539835271e-02
-9.557915949270477662e-02
-1.764738189397719453e-02
-6.297762292465455825e-02
-1.352687770141751122e-01
-2.582958865066182705e-02
-1.082655295881646551e-01
-4.478503192776838587e-02
5.471894928356049737e-02
-1.366111182694590975e-01
4.939086156382847814e-02
1.876850960116838718e-01
6.626397936165313862e-02
1.329096559463545379e-01
-1.688766698041934133e-01
3.696306391754809045e-02
-1.737496839806453586e-01
-7.517024707091611579e-02
8.267924016546177035e-03
-8.954020787922560565e-02
-1.866808575345678053e-02
1.035965208366853435e-02
5.703303138676336752e-04
2.649315223819062037e-01
-2.162197195318803500e-01
-1.088727461000184582e-01
4.054470023556715208e-02
8.625173370192264211e-02
-1.733668995797755519e-01
1.403409202307147607e-01
1.200128008462757884e-01
-1.339320214856206115e-01
-1.369850061107711348e-01
-1.959024654187497827e-01
1.026963439294981545e-01
2.668729267364698954e-01
1.589292177788546867e-01
7.727422437868536331e-02
1.440828730269024527e-01
3.953257153762294029e-01
8.006015687483279686e-02
1.351790626287423247e-01
1.819511888643511946e-02
-1.986795322155679704e-03
3.439264055692470290e-01
4.733372321316883791e-02
1.707784364896165474e-01
6.020978923056240564e-03
1.459249122884931915e-01
-8.679449900630216430e-02
1.053298094922981154e-01
-2.344209754494588349e-01
5.494896731831545172e-02
-3.000759396611229479e-01
1.763340135404784792e-01
3.542706607732042379e-01
-1.108939442446582047e-01
1.642349718782254719e-01
1.762734728704175302e-01
-1.091438109785051180e-01
-1.250619116311106893e-01
-1.347370778874753816e-01
-1.538837285703688884e-01
1.829132310882300438e-01
-6.721355823275904084e-02
8.615071977555105454e-02
7.511209527765140559e-02
-2.507270757865191491e-01
-1.821162337081812521e-01
-3.282664348066487991e-01
-1.008921786782699531e-01
5.782831228532783752e-02
-2.473301954874785324e-01
1.811365908798124036e-01
1.010075955920880231e-01
6.681389877212781658e-02
4.387946001488413766e-02
4.380878375009326225e-02
1.120448341338828174e-01
-8.960536674882402242e-02
-1.209698938604775453e-01
-2.087007669005231381e-01
6.247702768316835964e-02
1.663561780411968935e-02
-6.650522139505438135e-02
1.201336980592363352e-01
-1.726379839718458764e-01
6.114963067784545681e-02
-3.453934915549636275e-01
-7.378356513993141429e-03
-1.917944793305427775e-01
-1.952010087578408548e-01
7.967691079903016504e-02
1.878313336220921170e-01
-1.022846184303970035e-01
3.364432153684042415e-02
1.735729782636406260e-01
4.128020241549612557e-01
-1.966446080078009667e-02
-1.281528626767396983e-01
-1.593866727377246106e-01
-9.030118745840867711e-02
5.662964930601670915e-02
8.046390763184575745e-02
3.204710160701108035e-01
2.179788640771846697e-01
1.123511722338101093e-01
-1.554357887598328269e-01
-4.687791095996995255e-02
2.760741626380677771e-01
7.937038535540442974e-02
-7.103660828783538161e-02
-4.445620659245425738e-02
-2.986606268465816227e-02
1.624633425863764302e-01
1.586799349983230856e-01
-2.968413465285899000e-01
-1.050143565507462851e-01
-8.862318391686727082e-02
-2.834816225373193790e-02
-1.236199941075047035e-02
6.833899207726530645e-02
-4.902845498014652553e-02
-1.275208691509493730e-01
-6.332912574820397100e-02
2.294640494772866302e-01
-5.554761031389060522e-02
-3.165530873976403481e-02
1.583657144798634661e-02
-1.723387070806242996e-02
-2.695433519557307034e-01
5.922452123383482175e-02
1.615898431798225843e-01
-1.512182435636501565e-01
-8.838853172078500742e-02
1.066018797248449168e-01
-2.033454350398717358e-01
1.357257781101770151e-02
-1.478926442470485797e-02
1.347183590367356243e-01
-3.326419100232104464e-02
-1.540642613500845248e-01
-1.017529430171898314e-01
1.987085556611718484e-01
1.904230840906774302e-01
-8.918438305073829453e-02
-1.472861551109208578e-01
2.907455701404207372e-04
-1.419905816400670318e-01
-3.175310348704490221e-02
4.494497553011657653e-01
1.365093597005814230e-01
1.380244904789875993e-01
1.565382101203886128e-02
2.626383523986532409e-01
1.764411240247590329e-02
9.637361464289327662e-02
-2.915082627140575533e-01
-2.911180515567631244e-01
2.682639033511330373e-01
1.352280430193383842e-01
-1.108402121786541683e-01
3.345651461255668702e-01
6.733457833037530260e-02
-3.360089177618176826e-01
-9.826549770987709834e-03
-1.272537507739412155e-01
4.489189930313840378e-04
-1.519983684634598070e-02
-1.174315923012682894e-01
-1.395315213016105060e-01
9.782089152718803637e-02
-3.644935880252444388e-02
1.116534052042208180e-01
1.574107055009454081e-01
2.303117264541396647e-01
-2.739966261074049947e-01
8.628997510518596203e-02
7.819010387953241603e-02
-7.162759249650410553e-02
-2.320758534184139965e-01
-2.570954759076640173e-01
1.785036282483453557e-02
-7.755426717671118353e-02
3.099953660194552651e-01
-3.342086347739613161e-02
1.266310803418664588e-01
-6.451792484028845420e-02
2.752088195041956648e-02
-1.749520457647283506e-02
-1.941835610727008291e-02
-2.277927218180516855e-01
-4.860606578030082087e-02
7.529262086653524741e-03
-2.161424248334809783e-01
4.285179618396323803e-02
-4.701969137969894824e-02
-2.102200025580001561e-02
1.552232242686424346e-01
-1.288234153173940522e-01
-8.238194292962101872e-02
-2.467799350743340309e-02
-9.959415995610470043e-03
-5.918550608127333933e-03
-3.711180824851657151e-02
1.770129435864489786e-02
1.481876779215458850e-01
-1.913400941744327344e-01
-3.509117994619088965e-02
-1.672549833630494883e-03
-1.310633403204960745e-01
2.275335737393291077e-02
-1.177104871786484735e-01
-1.618817897702457820e-01
1.679443925815242156e-01
-1.401270239278079033e-01
-2.846342760380192738e-01
-8.182679096738812441e-02
-2.063649748819298968e-01
-1.869227335637573539e-01
2.016314054213312057e-01
-2.370922058195872595e-01
1.136753374655573440e-01
-1.988787346056991034e-01
-1.371476860819394183e-02
9.922963785920843952e-03
-3.153274487932394843e-01
-1.543920482902281371e-02
1.362414839208914707e-01
-1.147349246735172162e-01
1.031713583033041087e-01
-1.367409376275535368e-02
3.040936146284864972e-01
1.340860303384938113e-01
1.499901149183210658e-01
1.652070525682546587e-01
-2.218305146765005564e-01
2.551589349410625651e-01
-5.561624067394171228e-02
1.270286603081162979e-01
2.222843274072709430e-01
2.054797268257280984e-01
-9.523718722843371731e-02
7.549588790967574903e-02
1.507265630311322158e-01
-2.313106661436171163e-01
7.119354200417783718e-02
9.633847769738074218e-02
1.109373937913837038e-01
8.553577059938925753e-02
1.438453569230790652e-01
6.798427890622721348e-02
9.895094670268966830e-02
-1.199862014093617743e-02
6.748989405734710789e-02
-1.440415061798907548e-01
2.789400456040611598e-01
-3.750807042593742313e-01
-6.567042604320806609e-02
3.957434932333837585e-01
-7.989255805329213700e-02
-1.850053743112504701e-01
-1.558741998387945700e-02
-2.797265931450191867e-01
-8.699820784217850156e-02
-1.165003050606091134e-01
1.627701958742218402e-02
1.878376349577894899e-01
-4.140846892168953408e-02
-2.377711514246625135e-01
3.377216104051811163e-02
1.339488727672070723e-01
-2.091726349423356779e-01
-8.590204785236107976e-02
1.432555863333005164e-01
1.599206587838982174e-01
-8.243728479095692452e-02
2.313015770981366181e-01
3.066083405715572079e-03
6.178655578760893635e-02
3.662183785576043904e-02
-8.716955823254201111e-04
-6.323322261317614046e-02
-2.301677467125527732e-01
-4.535878655117876745e-02
-2.294363605879344570e-01
2.428809763488828377e-01
1.240628797447927145e-01
-2.234921815042170690e-01
-2.563804783503693119e-01
-5.280728660178304890e-02
-2.411057529719052850e-01
6.994579059133675114e-02
8.522720614554168961e-02
2.806542190833700712e-01
1.741422869333102696e-01
-4.767109196419314077e-02
1.870626630288788061e-01
-2.299633900596196601e-01
1.243566980937887145e-01
-3.722944065377751244e-01
-1.831866629855161410e-01
-1.366488195958647789e-01
-9.631482704301458364e-02
7.609484004343945729e-02
6.074598302075436690e-02
1.373470970608347830e-01
4.610943398104892510e-01
-9.070985685816083943e-02
1.908125104978981024e-01
1.239594039991485930e-01
2.649322748157934004e-02
-2.199058220259545449e-01
-4.244883972417820561e-02
-5.267554283785851055e-02
7.391808188582664474e-02
-5.946088610528071222e-02
-2.776408643458000425e-01
-1.149108043270692381e-01
-1.134592756050435691e-01
2.040596470713289812e-01
-1.747130778950284069e-01
-1.011260213541139985e-01
5.379355229039754771e-02
1.264489628728961701e-01
-1.059080757169237469e-01
6.909941470231252547e-02
1.146338270435584006e-01
2.822359765271212351e-01
-1.227261941094666270e-01
2.329493055595304452e-01
4.073251184313220197e-02
2.570326543184061063e-01
1.458426986117734026e-01
-1.071117680989281794e-03
1.226026929753459144e-01
5.172919839451081692e-02
6.743294619716433402e-02
4.745201185166961211e-01
2.741584976522196682e-01
-9.114425327172831492e-02
-1.848013373518579347e-02
6.074932308966463773e-02
1.106386289248492000e-01
3.326011103823930254e-02
-6.682453223227123595e-02
2.599126389109746582e-01
-1.477510436512240732e-01
-9.168907548977098254e-02
-6.044610030692980016e-03
4.839655335824554622e-02
1.600234241975151406e-01
-1.888949683680173630e-01
1.110878322044425021e-02
1.746558107747552824e-01
-9.597336185944978226e-02
1.337467342833153494e-01
2.518193484255842537e-02
8.361845946764159820e-02
1.942095969943541667e-01
-2.622562393610898823e-01
1.527874722877395064e-01
2.361556062126896616e-01
6.153897949271009207e-03
-6.787703301980305137e-02
2.950764882415068402e-01
-8.801455400746037439e-02
2.104524414682267530e-01
2.807806713342344759e-02
1.324248007017557738e-01
2.888447811470082338e-01
4.917327063345987292e-03
-3.484109391726902261e-01
-2.264183733110443353e-01
-9.574626859394884393e-03
-5.065624159353371292e-01
1.569475320821231423e-01
2.681039489213429827e-01
2.534669692611937197e-01
-2.183316886341789970e-02
1.318091768500478100e-01
2.104758351960142257e-02
6.616951164186114787e-02
2.251637808910305349e-01
1.274470161022489556e-01
-3.565238186448157487e-01
2.202824371442388685e-01
3.661703931271608203e-01
6.231092349738945324e-02
2.694406965429326783e-01
-1.971303483851817306e-01
1.602819398820611307e-01
1.098915913600594235e-01
-3.582073676177819355e-01
1.862507422340984875e-01
-2.327157675270755677e-01
-3.292842847010853946e-01
-5.757955840368916139e-02
-3.188582815938798554e-01
8.828097062517226146e-02
-1.955103123664220233e-01
-4.336873201976472469e-02
7.068700289076234045e-01
1.304747644043488253e-01
-4.229859510269547151e-02
-1.487838456412376997e-01
-1.054326782215619651e-01
-5.615733113626444895e-02
1.588517790918758943e-01
1.905787933425161507e-01
2.652511298535286666e-01
-8.578245474353936306e-02
1.508456803156009718e-01
-1.163562339524665118e-01
-1.642493808262109056e-01
-1.698630949641287413e-01
6.075791320971758031e-02
-4.640074904968630176e-01
-1.681520967012965773e-01
7.189711265263292773e-03
-4.945393857337458676e-02
9.885491753909371460e-02
2.715731410694622872e-01
1.764687593344381189e-01
-1.332155290789558966e-01
-1.338874848451279131e-01
5.839992058696731325e-01
-2.075551428378216712e-01
2.109529140052082141e-01
3.934455123523002140e-02
-1.225433563566480019e-02
2.479086757470912727e-01
1.850973323506741319e-01
-3.745048852373383114e-02
2.010734845002515592e-01
2.932151884366081956e-02
1.513870294614264034e-01
-3.605469703258086245e-01
1.317310856202193736e-01
-1.290348059113764212e-01
6.745397710040611228e-02
3.933894001745790736e-01
-3.117466364333503631e-02
1.800808075533573138e-01
1.792179375844958969e-03
4.825794340328712351e-02
-2.380821165356627328e-02
-9.153595922885979924e-03
-3.896538446393617294e-02
4.721244775428030255e-02
-9.615391401479246591e-02
-8.506200259067348002e-02
3.089822273701375854e-01
-1.771001929186292734e-01
-2.691462434790999336e-01
7.642793966723784860e-02
-1.907835522191753397e-01
-1.977127590242064581e-01
-1.517754993642613515e-01
-3.013416141172044482e-01
2.036856900138469748e-02
-1.589050298886044987e-01
1.208551039338070926e-01
-3.459230160729753756e-01
-1.280658227728544707e-01
-1.230870122125203164e-01
3.015379486330973524e-01
7.459552281905798554e-02
8.924309117843280681e-02
1.081179959676316638e-01
-5.856732475968191576e-01
-1.372222453172092793e-01
-4.352964138399280369e-02
1.217196740881338821e-02
1.165648417168988760e-01
1.411816598424807945e-01
2.743738940903577839e-01
6.665885619373464188e-02
1.809903074068152373e-01
-1.866666328770662242e-02
-2.198629286993311963e-02
2.991214690176933755e-01
-5.161032148528484076e-02
-1.097086766886442022e-01
-2.555494771173249524e-01
9.917084149740043597e-02
2.032413950634472666e-01
-1.354101878740459619e-01
-3.177849900216164758e-01
6.598825970191055101e-02
-7.010412246105150735e-02
2.169655025657962755e-01
2.944790376958945077e-01
1.098355306211049875e-01
6.452379071711561442e-02
2.638622295863229383e-01
-2.782408227043275950e-01
-2.861591087605602213e-01
5.666897654368626552e-02
2.353747335929995688e-01
-1.485418436593582137e-01
2.331225705434701589e-01
2.455387433625451643e-01
2.593611090141493825e-01
1.536498871268353050e-01
2.702997739066759220e-01
-1.243222192184148950e-01
-5.075742271397546204e-03
1.397711258242868293e-01
4.229110697542799724e-02
-1.645887591967397645e-01
2.115305436055876509e-01
-7.155027304155606171e-02
-2.813776316227413199e-01
-5.248104234418549119e-01
4.413239517845831436e-04
6.400857515367852635e-02
2.991168172529644342e-02
-2.974966827295220662e-01
-3.786484707883044226e-02
-1.024491478615536938e-01
-2.602391240139551032e-01
-1.614731338957317019e-01
-9.456232246889878512e-02
-3.789594829953148863e-02
8.980259938344727424e-03
1.279757773769036600e-01
4.666632062859901037e-02
-6.230961800629051389e-02
-5.945008812421596206e-02
-4.378490256991656587e-02
-4.025621878273876603e-02
-2.593986673767436843e-02
2.467004197649521613e-01
-3.063460774274072776e-02
1.418619796531496446e-01
-1.944944002804745997e-01
1.194810857714300040e-01
-2.713521276127517923e-01
-1.788056282467254468e-02
2.228876868052904192e-01
-3.034930112811933811e-01
3.517503186084260935e-01
1.078784609256465410e-02
-7.726212257512590775e-02
2.720351563522500626e-01
-1.582640871294070106e-01
4.919670821464571797e-01
-3.032863057371441018e-01
-4.933651937256163661e-02
-2.680954384069950680e-01
-6.364180514152800727e-02
7.638984814432089876e-02
5.676227313519262990e-02
3.638836864749958599e-01
-5.603404533605181870e-01
-4.535393715403972237e-02
1.850915595175539607e-02
5.849337801213687349e-02
1.138317053845064666e-02
-3.654809861974565033e-01
-3.102673599737600964e-03
-3.228058147106108861e-02
9.870637202879148364e-02
1.766395778800033955e-01
-3.553490383401411434e-01
-7.110225562109748210e-02
1.535899419101826313e-01
-1.577830352934021241e-01
-1.391320659484105160e-01
1.660624221760277630e-01
2.695281356043539578e-01
-4.928017995137644325e-02
-8.105740513077139275e-02
1.747065836495892421e-01
-1.641180016575856104e-01
2.606555029400049461e-01
1.560938589898424045e-01
-8.655975412997983509e-02
2.988520542710674799e-01
6.028144223451621653e-02
-6.148043989786780052e-03
-2.742461546945296758e-01
2.365767458133245238e-01
2.223525819080515026e-02
1.726456083829534804e-01
7.963195854686942743e-02
1.356822866561486762e-01
-3.436422059793793615e-02
-9.028588264210056502e-02
1.408074628585069821e-01
1.830258013474691248e-01
-2.860082686555862064e-01
-5.631504083757021134e-02
2.342450619122819488e-01
2.597963155802952492e-02
-2.665618174903062743e-01
-1.259088943443099351e-01
1.187306833243364779e-01
-5.042269536511246458e-02
-3.735569738958569030e-02
1.406632376489776182e-01
-1.178657526243461762e-01
-1.644099687960298151e-01
2.220168569049432439e-01
-2.403795713129342274e-02
-6.246740788870940031e-02
1.923087277559819563e-01
5.959887808419149502e-02
-1.738046521742660222e-01
-2.167064657589791998e-01
2.510246005515330836e-01
4.614771992295590292e-02
-1.403537976171018720e-01
2.438077803230357873e-02
5.147873552297104610e-02
1.442065042124123231e-01
2.747086976528690938e-01
1.692941298080601342e-01
-1.877919781376862218e-01
-3.870938505542446118e-01
2.710647461193225194e-01
1.944001102522977323e-02
-3.063462538608045446e-02
-6.187858045457123729e-02
1.629829882378342754e-01
-3.284514237759643684e-01
1.172040779971897512e-01
8.371959580337417009e-03
1.707232184837677857e-01
-3.336242711087029078e-01
4.344415643858584031e-01
-1.030295213717719038e-01
6.325702851938054538e-02
-8.794909088431066002e-02
-7.179428224675839243e-02
1.630281883471150495e-01
2.875342897292225142e-01
1.635132245250980332e-01
-4.593952705244380152e-01
6.671507888427406774e-02
1.248426045280002922e-01
-3.058542250932586720e-02
1.351884174219329139e-02
1.519083659283521903e-01
2.033819844695654300e-02
3.179092478452619774e-01
-3.229782506977342538e-02
-9.453176266297994013e-02
3.100472487355431794e-01
1.986059899665442580e-02
4.045051814294613468e-01
4.501444701823909544e-01
2.352088631710968769e-01
1.936251867072796493e-02
2.565263166939867334e-01
3.428577248070136529e-01
-3.097321669007383968e-02
1.561338831827378641e-02
-4.006863695019709237e-02
-2.560830426051952449e-02
-1.748235679171376844e-01
-3.541455962062817903e-02
2.662917559440247661e-01
-7.808520735517852918e-02
1.771789724330257165e-01
-4.331308321125879046e-01
-3.369327803749356809e-01
1.130175938972193123e-01
-3.643887585497346815e-01
-4.954995738153136070e-02
7.842436406771854940e-02
7.853756913619387714e-02
2.742614100685019651e-01
-9.425823389513680872e-02
2.517519522071364202e-01
2.148222394459822424e-02
-1.050470301256902633e-02
3.315242705583852367e-01
2.831413998303589086e-01
9.279295084778600711e-02
1.911639329911273694e-02
-2.739633754220777151e-01
-3.364587250793070750e-01
6.382588607578686124e-02
2.142666991489535488e-01
-3.232696691973188097e-01
-1.504330209518276729e-01
4.895709320947709831e-01
-2.157554188204579559e-01
-2.188077051279138374e-01
1.782121348516922665e-01
4.490829257646368755e-01
1.588607711000262213e-01
-6.162532772475651233e-02
2.287107767830118821e-01
-2.160144855261229846e-01
-1.192009779252333340e-01
7.944681106010667571e-02
2.192139231250323506e-01
3.123442447254970097e-02
-6.599637137864310110e-02
-9.473527803727038732e-02
6.824172010624773854e-02
-1.032148208888203876e-02
-9.016604331571131947e-02
5.154306278681962394e-02
2.025946836275822061e-01
6.889889518537332599e-03
3.062151739980655818e-01
-2.147553890282160871e-01
5.995166581448663212e-02
1.934801649428817549e-01
8.393697173789524402e-02
9.139454906714873650e-02
-1.157591842596355225e-01
1.281171817817077507e-01
8.197380355740353786e-02
1.098523476765389112e-01
1.185654094781646434e-01
-9.800717928287629166e-02
-2.845833648311760777e-01
1.522107255845978058e-01
8.195853818292384019e-02
-1.113301445523462718e-01
7.779281263737540530e-02
2.061886808490522582e-01
2.310845913250088660e-02
2.067543495514442553e-01
3.291230234970429769e-02
-1.378416109908287002e-01
-1.546189271066184256e-01
5.037176494391265970e-04
-9.614117676970111714e-02
-2.108034252732543523e-01
2.881606470480501669e-01
4.884869529766196899e-02
3.132872544990883412e-01
7.188366140898164169e-02
-8.543095061012169478e-02
-1.999716304189853577e-01
1.089768161657206635e-01
-5.005307014019905187e-01
-2.075815942158618643e-01
4.292636505266786973e-01
5.637291637425237423e-02
-3.475452857495440334e-02
-7.852766420005735659e-02
-4.115301103769888336e-01
1.092077559475655019e-01
-7.883035349349201693e-02
2.796228099066566108e-01
2.451947517866037152e-01
4.202269906589111564e-02
-1.740549617484481448e-01
1.210686284308212964e-02
7.355392051413400800e-02
-2.939451572623998366e-01
-4.023825977895233441e-01
1.977396665835554901e-01
1.939405301757271827e-01
-6.714385414234916305e-02
-2.071343322543932053e-01
1.893276262169603097e-01
2.514319112996988292e-01
-2.560878104201551597e-01
-2.204388735413508882e-01
-2.140450337575454387e-02
-5.968593952792292795e-02
-3.670820748338869954e-01
-7.155954061721650494e-02
-2.085820050326351038e-01
-4.672439301702244197e-02
-1.595769186714019183e-01
2.523528345424234653e-01
7.306719969018100891e-02
-7.732844064074963220e-02
1.717815711825272651e-01
-1.642214977030244660e-01
-1.523441833073558571e-01
4.456229227611287376e-03
-1.614765729899525493e-01
2.113035309846650334e-01
3.988610682370406779e-02
-3.744356063021003211e-01
4.622296187299745340e-01
1.917922236345039610e-01
1.834143798061037001e-01
1.285961785707298022e-01
3.478639173617777969e-01
-1.842080979868950252e-01
1.880400875227163440e-02
-1.131844151800747017e-01
-3.900689092053027940e-02
1.938987540021628320e-01
-3.573137804430820963e-01
-3.986902608317809960e-01
1.537234977124223578e-01
-7.499804483095228180e-01
1.542561832314133519e-01
-1.471093302729933883e-01
-2.931893252081331225e-01
1.047463769188676785e-01
1.588854787074464314e-01
-1.314655980852563744e-01
-4.840911382750696657e-01
-2.952837556154363358e-02
-1.267118675757317181e-01
-2.460408156312905159e-01
1.167563219255651624e-01
-6.621382061806989350e-02
-4.016362348932039361e-01
-3.824450696497559421e-01
-6.260042325460830892e-02
-7.622371543034897612e-02
1.064525907977355995e-01
-7.087908559975898692e-02
3.069501228176619856e-01
-1.208290286809776959e-01
-2.540451777130362521e-01
-1.544451195758305036e-02
3.388613077744289104e-01
2.790492928048994292e-01
1.087935321897484514e-01
-2.029746330709769342e-01
-9.950522652630119924e-02
4.101211718795012839e-02
-2.509497298113552710e-01
-1.384354002804068506e-01
1.827108266038006967e-01
1.962071526920010633e-01
2.375029786561750067e-01
1.264755812068181773e-01
1.147833403174031985e-01
3.269132915310381943e-02
3.244670220686214912e-01
-2.302157167669222626e-01
1.300330793967572618e-01
4.930564982330646884e-01
-5.964717132016493506e-02
5.240476452486393377e-01
4.375726128181286687e-03
-2.720628342462101945e-01
3.167063359339442052e-01
-1.913176133174917803e-01
7.612008185823053441e-02
1.774577689457878527e-01
2.142780835252174609e-01
1.564076435060047510e-01
-1.056186319877715357e-01
-9.233828710603656995e-03
-3.907030189550687350e-03
6.034673151187690959e-02
-4.148473617036118055e-01
3.603549209365836670e-01
1.457183671954689619e-01
6.934536916336310197e-01
-7.515125419429990843e-03
1.383984296613150755e-01
3.164286636914913076e-01
7.373029979752665497e-02
1.489464053016005263e-01
1.411430325920260964e-01
3.031494843666812655e-01
-1.965164810066646894e-02
7.152121582294941604e-02
4.213020376306936821e-01
1.714411086807824391e-01
9.277370995350973579e-03
7.457369014849195808e-04
1.363686891935582401e-01
9.952281889365431622e-02
1.481207690341642680e-01
-2.035018576831894022e-01
-1.582101632435801708e-01
-1.489251013100250515e-02
-1.660843225266761536e-01
1.495111991616956681e-01
-2.222951411731571847e-01
1.222536580004447704e-01
-1.977107882038162401e-01
-3.488848741848508683e-01
3.202229991877431625e-01
2.402059597619204262e-02
-5.216208536547036791e-03
6.545476055513557712e-02
-1.623774168374905180e-01
-6.363114393068379504e-02
3.568170685779233908e-01
-1.360891826229446988e-01
-1.895648878285906558e-01
-6.770542113656081995e-02
-1.046786848470693670e-01
6.883251535877056571e-02
-9.043069141169218783e-02
5.818266230127958072e-02
4.136896551184191667e-02
1.354503832487686799e-01
2.472897431078291963e-01
1.543977392023028750e-01
1.072062833120608627e-01
2.863377295483001683e-01
-4.579441797662733155e-02
-1.980013161281374001e-01
8.698970781661545526e-02
-1.919697893537432587e-01
-1.295469295899880080e-01
6.621678505907176160e-02
2.269491593910253138e-02
-2.023021693832392220e-01
2.987270316016489846e-01
-6.224358795513146997e-02
-3.484968626265645408e-01
6.146031982800931326e-02
-2.112188254312454272e-01
1.323600424836016975e-01
-2.116714214801690697e-01
-1.760492549355406611e-01
-1.748894010784845521e-01
1.167870610886850985e-01
9.665132201210080432e-02
-2.176484353711829189e-01
-1.815182473776208796e-02
-1.294787201612943861e-01
-2.673225551362722052e-02
2.166221523505794666e-01
5.959780984545116032e-03
-1.474376399452236863e-01
-1.159043040219950860e-01
3.837825284843136009e-01
-2.940208727599629146e-01
4.894562348291875420e-01
9.454164852299298816e-02
-4.324903679619667568e-02
-5.584662862070923633e-02
-1.972051257057427787e-01
3.207237755719287431e-02
-3.792155603707129952e-02
-6.010651520251644730e-02
-1.588556456383801718e-01
1.138501557730329100e-01
1.031984845286677971e-01
2.587173009676952962e-01
1.478832089219878909e-01
1.582871001502169153e-02
-1.860544452094211598e-01
-2.807128443357649258e-02
-1.147680560431346697e-01
2.181883397549126136e-01
5.126250371760118080e-02
3.836166167708694036e-02
-1.650173133904667688e-01
-3.242537096814061826e-02
3.190336887339373373e-01
-1.846196218941161538e-01
-4.316158176203566815e-02
6.387907211799055684e-02
1.411205101463321454e-01
2.492620356244224511e-01
6.955787956684200690e-02
9.835317865429045459e-02
-1.562341114232261574e-01
-1.970003050287002511e-01
-1.284033715460531910e-01
1.352844608228676027e-01
2.366374067614977761e-01
-8.632840626480918489e-02
1.776710766330111546e-01
-4.678351604647434936e-02
1.024587312489642354e-01
-3.868512363861208170e-02
-7.242535345807367408e-02
6.829327994415562708e-02
1.000079993963416125e-01
-6.689460818993026026e-02
7.433933281567552120e-02
1.150765731998320829e-01
4.902058066043728929e-02
-2.060726420001173301e-02
5.579342347976985750e-02
-1.490315672153330606e-01
1.951542432237521330e-02
4.115667295373918733e-01
2.320624868508869010e-01
5.661764079147011547e-03
-2.224603928779022577e-01
6.701498942685991944e-02
4.195184263580631345e-02
-2.528109041084730668e-01
5.011983693523980321e-01
3.396398868357216605e-01
4.320842594270846854e-02
-1.951166420407722812e-01
-1.347492106429735437e-01
1.241047673849458681e-02
3.413407796856665066e-01
2.455895193929256426e-01
1.187940345329255021e-01
1.656480477414821739e-01
-5.594845155797906243e-04
5.143131113266559418e-02
-3.298049361178829741e-01
-5.646176732424923461e-01
1.231091806947389594e-01
-9.774392193488945502e-02
-6.604069852351985848e-01
3.086073878959419980e-01
2.011413551365758695e-02
-1.410862165843458915e-01
1.697117424539963670e-01
-1.468331257691205260e-01
-5.465388250195313269e-02
5.412070723430827401e-01
-3.495593612362475622e-02
4.790187070598559554e-02
-3.763141123839142677e-01
3.382099796152064353e-01
-2.076670926348372914e-01
3.271166214863169275e-01
2.259556093829227785e-02
-1.165555883988580316e-01
-9.061776275132849001e-02
7.170779139300574589e-02
2.380189825739669751e-01
-2.215989086990883816e-01
-3.336651801400338235e-01
1.363376354766757115e-01
2.662081557138207821e-01
1.047304867621720315e-01
7.512438383293532085e-02
-1.525784008131217395e-01
2.818159918230307009e-02
2.407902638175245247e-01
-4.159329561929038244e-01
2.196968730985461304e-01
-2.479996713585589097e-01
3.682055141632178692e-03
-3.685310238967559604e-01
-6.822741033451854356e-03
2.638567000327396439e-01
1.338706557926220009e-01
1.008959759469257728e-01
-2.163741050099889651e-01
-4.455705184936006868e-01
-3.362267689298282791e-01
3.611696134463216606e-02
2.382788720733799437e-01
-2.321118346064539040e-01
-8.330125455662465428e-02
-3.354093517236732963e-02
4.074603328510740252e-01
-4.559550267796209227e-02
1.271613617556800468e-01
4.129973053029687424e-01
-1.777100740570507209e-01
-2.497758802527015320e-01
1.964527457762843543e-01
-2.002192110356743326e-01
2.460726686739811153e-01
-3.000258028470273453e-02
-2.620986804887590060e-02
2.535526616891152774e-01
1.668643628417687819e-01
-2.716801861494638759e-01
2.877062923189765975e-01
1.612488112882914382e-01
1.719435450028085899e-01
2.737798758241130614e-01
-1.508056564110636655e-02
-4.324859884929031506e-01
2.086686461167495954e-01
3.876583289066221072e-01
-3.934422236823424401e-01
3.385310948978578760e-01
-5.912746161657512767e-01
1.074192935414938765e-01
-2.393284732070296780e-02
-4.549192371674707913e-01
-1.534479894598369046e-02
5.549550450594474375e-03
-1.399998778062936933e-01
-1.165278506277986764e-01
-1.859789553805289318e-03
1.104089085997144865e-01
3.741271790776696249e-01
3.492886221057144858e-01
4.785548182736187178e-02
3.898138937853660169e-01
-2.502527692826105390e-02
2.351186012270892745e-01
6.121260322423559552e-01
-2.184887239337841847e-01
4.390210125348144310e-02
1.902979685894037598e-01
5.072128314139797700e-01
-6.920423453999320629e-02
3.458600961501998583e-01
3.213890594412129875e-01
-3.546027618461470854e-01
-9.179562163593273094e-02
2.232596952917316468e-01
4.189473931562254228e-01
-2.291128346321572862e-01
4.613381770704235163e-01
-2.359324803722005759e-01
-1.204584537007602901e-01
-1.222967971481848798e-01
-7.930504295455148567e-02
-1.603274766431941889e-01
5.218553650671144961e-01
-9.154142942587985277e-02
-2.817839866596035803e-01
5.889199004829095419e-01
2.680957066236490105e-01
-3.432780275972120987e-01
-2.608678254847108802e-01
-1.323040772703369117e-01
-1.787610872359215730e-01
3.862715448267204366e-01
2.312712621693350720e-02
-1.977851301405372519e-01
2.232617219193044622e-01
-2.294390109037573178e-01
-1.094981053891158213e-01
5.796763462811289624e-01
-2.106141721386882784e-02
2.125112179999673612e-01
1.462476711052986544e-01
-1.558508339915801177e-01
-1.204921309529978363e-01
-1.549487987363201147e-01
-1.154979091126450558e-03
3.395019841317371834e-02
2.159074339696120115e-01
4.522135839744318431e-01
1.033640299392958456e-01
-1.627999592294927522e-01
-2.618024254891345159e-01
-5.775989096537675893e-03
3.787273943988350156e-01
4.888634762009871210e-02
-1.880498317940861031e-01
6.315389490643302794e-01
1.190152699982703205e-01
5.429681464816533965e-02
5.779228107891446475e-01
-2.403293104988649675e-01
-5.368274347684854897e-01
-1.770588329730527488e-01
-4.552194504573791461e-02
-4.614116098327705751e-01
-2.116884643284621115e-01
1.283614489774469458e-01
-4.198227275173110895e-01
4.684067902658569094e-01
7.584926128834572866e-03
-3.651775344356333330e-01
4.466137576472330450e-01
-1.916257753199195890e-01
-4.804334260616993646e-01
-4.329838439517381121e-01
1.962161415508165141e-01
3.013115620924875504e-01
-3.450543485448001046e-01
2.447451493347980456e-01
-4.143401333535411402e-01
-2.777720571591233978e-01
2.660180883918135120e-01
3.263045956280437587e-01
-2.933340941689699943e-01
9.447466364873674527e-01
-1.163631207658065436e-01
-3.152272687826271347e-01
3.478457952501909922e-01
-2.526170725053583088e-01
-5.381953808089706692e-01
2.748353873557851657e-01
3.179281551946831069e-02
-8.624724556031934664e-02
1.324055450021863201e-01
4.705852512602417548e-01
-2.109945689321970214e-02
1.027467159898136917e-01
2.966936393955216800e-01
-3.216444813481130760e-01
-7.125699506947674733e-02
5.058340512885374507e-02
-1.084240041324618653e-01
-1.657518451084510555e-02
-9.284691354747032221e-02
4.560416506793316810e-02
9.688956118629165823e-03
-1.380405540155656488e-02
8.920884110691480740e-02
-2.701643008693542514e-02
1.559054949841363058e-01
1.647986244659988345e-02
-3.833519479238182981e-02
-1.416893697830439725e-01
7.772979652121968794e-04
1.984543865064679613e-01
2.149891687700395543e-02
1.475392836872743418e-01
6.448893350583771722e-02
4.535839948084893075e-02
-6.703869094878306401e-02
-6.533844699511985599e-02
-4.001433223450359677e-02
