-3.543448189228006306e+00
-1.392635778689483850e+00
6.056638321205924935e-01
4.428136449670824204e-01
-7.881064274026545746e-01
9.465659359470033341e-01
-2.026477341099577334e-01
-1.580380343986512726e+00
-1.591327768050063707e+00
1.037051305506472954e+00
-5.237630420121690555e-01
-3.901064019840486008e+00
-1.262796974621810175e+00
4.124281202074081554e-01
-8.895751859562006647e-02
-2.961281041170623851e+00
2.352303906703009651e-01
-7.902319533336504831e-01
1.572045404523752854e+00
-3.823162049231192960e-01
1.166575804254109811e-01
-3.582243413731103776e-01
7.354645531097442346e-01
-3.469290556261702130e-01
-6.486293801936673931e-02
-2.950839116265756568e-01
4.852870210771315085e-01
-4.336063876667278771e-01
-1.086863106802260920e-01
8.656072388204331114e-01
2.404230364416956867e-01
-1.547074444874229737e+00
-2.260978634365119200e-01
-1.351442990657801546e-01
6.253357396890026898e-01
-5.768674808932077180e-01
6.964242515508068943e-01
5.062066679873892250e-01
1.696440109294449217e+00
5.068048946968416457e-01
3.145800296632198650e-02
-1.637005531282521853e-01
-1.198741339415043128e-01
-4.528413044309586022e-01
5.625201026416795091e-01
3.212623917088022196e-01
4.826475020608744088e-02
4.683188245105271985e-01
-4.858483175433402079e-02
-7.751655490200513865e-02
5.829352252387078048e-02
2.067369595138862426e+00
-9.247394726882363081e-02
-2.931845204084775319e-03
1.154629041571749948e+00
1.387862252656976603e+00
-3.138725283076462813e-01
-1.683060938496637071e+00
-9.313826459074114883e-02
-6.883774221823325545e-01
2.358105133345415605e-01
5.885977341822416775e-02
1.679309348984490413e-01
3.874031815135590695e-01
1.341451087803810505e-01
4.610618843903973585e-01
5.366718170580111330e-02
1.933811351645547127e-01
3.582519938097854517e-01
-9.900546430668329123e-02
4.202054659777231665e-02
-5.840521655143482427e-02
1.218065494125568533e-02
1.087962201800700413e-01
-2.730996702095734308e-01
-2.552685593327120306e-01
1.559400992215099202e-01
5.689362872496050993e-01
-1.208566709151232960e-01
1.081125253304552614e-01
3.506378852353807529e-01
3.891641901533134384e-01
5.112042218074855926e-01
-4.658390760500222272e-02
1.109484478477861941e-01
2.364552421155549089e-01
-2.130478494902516007e-01
3.573775442800344176e-02
-1.401304957752448066e-01
7.078238574567834174e-02
-1.772964566924151442e-01
-7.958474174717047878e-02
-1.949792884035129181e-01
5.532114434447329421e-01
-6.460816580649944574e-02
-2.605883290454827916e-01
-5.090637474862944045e-02
4.141653267412611639e-01
4.122322976568840724e-01
-3.555989419429663595e-02
-1.617682128254932239e-01
-2.328272364033751041e-01
-3.755066833976704599e-01
2.442490707135016870e-01
-1.019431733192305012e-01
9.124923164974461931e-02
-1.944314277480773956e-01
-1.265679420852752479e-01
-2.025737570676571214e-03
-4.678686496390369043e-01
2.921884655931852315e-01
3.568963162409363177e-01
-4.065455006618395872e-01
3.729920305965270799e-01
-1.591226968248887486e-01
-9.048273015152112630e-02
1.248831259743834188e-01
4.308648310583163554e-01
2.796747893964362519e-01
4.825888646427085038e-01
4.442276907276484499e-01
2.611830388450011101e-02
9.921193031121986472e-01
-1.546970026089416472e-01
3.043137974269641277e-02
1.018761534258102674e+00
-4.412120207542109818e-02
-3.117314894075328691e-01
1.813510987039904793e-02
-1.926714821257209664e-02
2.931535006942199706e-01
-3.187891092824022277e-01
-3.064204671759507281e-01
1.328114647674357496e+00
-5.585301097269285142e-01
-8.420072914624737725e-01
6.332298887097236317e-01
1.114489295911840649e+00
-1.456899848448382218e-01
9.174667011472802114e-02
-7.879458494702297477e-02
-7.545430030887849415e-02
-8.264235128861310842e-02
-4.277443933319261676e-02
7.408274404042876349e-02
2.092779795075948857e-01
-3.862466787267164747e-01
2.037520387374621572e-02
3.467215796517744142e-01
-1.507622371936979677e-01
-7.264890042320065744e-01
-6.850257148943281194e-02
1.741238656046497080e-01
-3.151510767671278912e-01
3.733728426826269375e-01
1.566355608801128507e-01
-5.442577318882362881e-03
-1.461596471556544097e-01
-2.326809044009769956e-01
-3.381954425658405955e-02
2.738563543697657421e-01
3.243011083211432277e-01
1.219481512892463954e-01
-5.349452847982190395e-02
2.369358616417346630e-01
1.320287770211847900e-01
-1.221158727010327044e-01
-2.597179558121641141e-01
-2.765199989329374386e-01
1.555588296304550311e-01
-1.794823580775794236e-01
2.176124662098136708e-01
-3.722906800276655215e-01
4.491975906596433199e-01
-4.312936560278458897e-03
1.528805925823230327e-01
2.933592668136760645e-02
3.076758453129223025e-01
-1.352751128034442862e-01
1.084376659555225664e-01
-5.659733036534762320e-03
2.705329402309774034e-01
-3.213005657566722073e-01
-2.366454426590282236e-03
2.221306280403025912e-01
4.211603942540274870e-02
8.541360383062940320e-02
3.166975139510372905e-01
2.069376550312110319e-02
-3.507717349902275683e-02
-3.086951297555473039e-01
9.265493156150772514e-02
1.058081251042023857e-01
6.143303201232302654e-03
2.329943075991670054e-01
6.384387913297724648e-02
1.015116383193371830e-01
4.309885869884216847e-01
3.621277610526220658e-01
1.733670539813407518e-01
-3.106618131243337744e-01
2.072608801929480896e-02
-8.995411347873639996e-02
3.845593919825656126e-01
6.476820613991744746e-02
-1.268330044025375025e-01
-2.510938351710378380e-01
-1.479098452910442285e-01
-7.324604805957692262e-03
-2.049247586259632381e-01
-6.621448585681238841e-02
1.907409167003060457e-01
7.451349099430271128e-02
-5.997343556208453164e-01
4.081289682455270240e-01
4.729835863025200204e-01
3.075847911053491424e-01
-4.977844799361262340e-01
7.915738781640861699e-02
8.728838166694079248e-02
-1.454302718397523231e-01
1.872521203015374835e-01
1.706117990711401855e-02
1.059353235368901691e-01
-1.395085943854617316e-01
3.802378531120085281e-01
-4.326428252679100916e-01
8.851130115604477835e-03
5.715562812663924075e-02
3.889853011256863002e-01
-9.177446143705969561e-02
7.460987086344819663e-02
1.465452400711607095e-01
2.268682032867194442e-01
3.456042121565755521e-01
1.603694320839847143e-01
2.356751983728588851e-01
-1.555595337617758367e-01
-1.527843805347842317e-02
-5.904689336670360111e-02
2.084198657468644411e-01
-5.392086514189353696e-02
5.060475452154848952e-01
1.736166523181351118e-01
-4.361637166670491172e-01
2.608118237412815343e-01
8.511735393256414373e-02
-1.225854955435470434e-01
-2.204291374595112318e-01
-3.874586714845453250e-01
2.134646409415449364e-01
-5.225088715743924084e-01
2.470232972842875685e-01
-1.543349033723295446e-02
2.342275749679664440e-02
-3.412947514995777754e-01
-2.023367264302767532e-01
5.225273050737918590e-01
2.115134044836789601e-02
-1.041102290805736852e-01
-5.179545612429634627e-01
-7.254116518112857515e-01
-2.373778951090170508e-01
1.841601341551130644e-01
-4.010905414472049624e-01
-3.433002568007325617e-01
1.395730823409198629e-01
-1.535857619053759004e-01
-2.563812001396469920e-01
3.051307708715857991e-01
3.057143174384448492e-01
-2.475714470998484074e-01
2.099515399040757513e-01
-9.902055242977688687e-01
9.597070884369260368e-02
3.688601089777701625e-01
-3.218835867524406091e-01
-8.875770684855341930e-01
9.695617539784005812e-02
9.455961192161869977e-02
-1.587595932488757022e-01
-1.265817598053387671e+00
-7.037113244997290629e-01
1.452978091298484931e-01
-7.317011681214650176e-01
-1.104008743373334100e+00
6.600520969549952821e-02
-1.110723110534422187e+00
-6.277458822705707098e-01
3.986516704149610235e-01
7.978574592399430010e-01
3.372201012876894777e-01
2.910844293825216034e-01
-2.518076021419938026e+00
3.973727701994084205e-01
2.626913580362417178e-01
-9.094915208016223218e-01
-1.354507836552963251e+00
-1.967027556603771488e-01
-2.281133378631217123e-01
-5.909263658305244915e-01
-2.168997612493722971e-01
-3.892703951841925969e-01
4.181551625067927991e-01
-1.454206846058928304e-01
-6.939040007777994568e-01
2.605843496836616202e-01
-1.663340938367037780e-01
-2.916560106788992912e-01
3.232612965207480073e-03
3.588421836399773301e-01
2.802112907492667060e-01
3.492455133199247053e-01
-9.550863787160751572e-01
-3.397167858659475709e-02
4.608527471421676736e-01
-5.655641779665624425e-01
-6.398288135041707569e-01
-4.538977997072033421e-01
-7.383068977917660314e-02
-8.976075574330302786e-02
-3.660240960775015123e-02
4.430100937227102187e-01
-1.236063744619904509e-01
1.318534342043219988e-02
-2.207261359686592261e-01
-3.548612201671129673e-01
-1.520836802447409764e-01
-1.044083562146518596e-01
-4.533452792464520709e-02
1.303736217541061164e-02
1.667653848616501844e-01
1.993958577850551972e-01
2.907016026901304007e-01
8.428725341715055663e-02
-4.040911757020749784e-01
2.442714603181527222e-01
-4.948387673852000512e-02
1.691524931335057769e-01
2.369354099659045088e-01
-2.654851704197495610e-01
-2.986017418887612629e-01
-3.187886466394563301e-01
3.140414697900157370e-01
-7.320786188688453988e-01
-1.004495322228645460e+00
9.777263364012314661e-02
-1.616448766251329106e-01
-5.991247160224397739e-01
-4.506272032345381116e-03
4.122000556440449381e-01
-3.884146363220356557e-01
5.330726745908682673e-01
-1.188868089332442368e+00
6.709951535001654754e-01
4.571729731637583782e-01
-7.462908854396665959e-01
-8.701917914134874588e-01
2.898358414257276930e-02
2.263531904954689533e-01
-1.597771928963004351e-01
-7.169459601238876711e-01
-6.101646064993275775e-01
-2.665474755380295435e-01
-3.422709103996182667e-01
-4.444559883130204114e-01
1.779658498507969422e-01
-4.590267840575392722e-01
-1.285888144382010267e-01
-3.688665079352229648e-01
-9.110076793283941599e-02
-1.378036940968346280e-01
2.928615946533895120e-01
-1.512610094851299047e+00
4.158767931801493623e-01
2.859747601055019350e-01
-5.738735629664756116e-02
-4.810477829907657266e-01
1.302340846251758832e-01
2.303643239713006885e-01
-1.733458867790366176e-01
-3.621812374567995318e-01
1.262737728355262101e-01
3.689957591847406460e-01
1.207655103223374132e-01
-7.983899743210377542e-01
2.912102951057907174e-01
-5.628738805155607539e-01
-4.249602325791888013e-01
2.086816382243447676e-01
4.115944790313906809e-01
3.863094429842595656e-01
7.022820998485455879e-02
-7.765333437698728192e-01
4.629816270097687481e-01
1.305899984296453598e-01
-1.755266034736042979e-02
-6.212353784935020773e-01
1.379657852425891784e-01
-2.345856616576005860e-02
2.078268902716019495e-01
9.835297111817022098e-02
1.505473179803692718e-01
-1.115922235455439615e-01
-1.053456183096268539e+00
7.531870197916062937e-01
4.333108804228983924e-01
4.992514478272772060e-01
-3.267462746612894153e-01
1.429462050336695877e-01
4.493270044749492764e-01
-4.854144315840282498e-01
-3.572003630993869083e-01
1.803697752229457274e-01
-5.575583079453463320e-01
-5.756776911496327420e-01
-1.956353789371531315e-01
6.198898030233308543e-01
-4.835659580188297890e-01
-1.741453046264060667e-01
-5.534385073282691581e-01
-4.705728883456321565e-01
-1.022464533552465360e+00
-2.352459079227839089e-01
-6.864588543309342594e-02
-6.280183399616356965e-01
2.901519561711347617e-01
-4.315438158773176602e-01
-1.003319468866630260e-01
2.327395442947538806e-01
9.075647062718867897e-01
2.477136236912789169e-01
-3.459550659352672031e-01
-7.452932747506685329e-01
-7.628135945812909713e-02
7.184408600728749983e-01
-5.191792589632754362e-01
-5.571421110363731222e-01
-9.714726091510847428e-02
3.523217369714386898e-02
7.546791577481669344e-02
1.123321193106545518e-01
-8.166522985045441274e-01
6.755000687244581969e-02
7.591955993477905729e-02
-6.544528262105762106e-01
-1.389239747985822060e-01
-2.366225688449204168e-01
5.910793556377674091e-02
5.647264036750573868e-03
3.579355250597031080e-01
3.718478658574418394e-01
1.876370890196623620e-01
-1.317661310716454481e-01
5.994413206103539268e-03
1.907889174406262808e-02
7.033252647933034563e-02
-7.657827473049833023e-01
-1.349964110033016196e-01
-5.832397394871298435e-02
-4.866003932849680691e-01
1.647461212568932520e-01
9.251281745679184043e-01
3.123634354179534722e-01
-2.352156865569759725e-01
-7.760251385300753757e-01
1.044479456450495836e-01
-6.323215120459242389e-01
6.391601547879464107e-01
-4.761903205357842506e-01
-6.377566077156799906e-01
-2.073126638403622324e-01
-1.683903793863141332e-02
1.753852906027186798e-01
4.693042501369025787e-01
1.194552454962653387e+00
7.077918422159807932e-01
1.405618347567378079e-01
5.947417081621485524e-01
-3.510861087250177065e-02
5.166966913770402320e-02
1.102954645869389239e-01
-1.312561189161585706e-01
-3.417095074987895886e-01
6.298815573534896628e-02
-2.424654998857884991e-01
-1.512570670425377739e-01
-1.237558754725028021e-01
2.614068548462010755e-01
-3.970160565388579643e-01
6.643011898279729821e-02
-1.633437448315487317e-01
-1.633920798988851564e-01
-2.672729973131612868e-01
-6.918186910836172931e-02
1.966816970018287758e-01
-2.809752795309228279e-01
-4.420887719536789606e-02
3.373602208346986320e-01
-4.330701969719229910e-02
1.443431647631709600e-02
-1.947094414491217507e-01
-1.552560965790617253e-01
4.685891054762005847e-01
6.116474762874423571e-02
-1.520589218850345974e-03
-3.604615510925580635e-01
-1.404429941118058300e-01
-2.079320474429830756e-01
1.386980655035261259e-02
-1.024258122709957031e-01
4.347068513833907688e-01
-1.631208257394601568e-01
1.798708959912784233e-01
-5.673168676842240375e-03
4.187164941464721069e-01
1.000916792518997088e-02
3.441326996799366489e-01
-7.324492345338363963e-02
3.381407620247020573e-01
4.852916482727072101e-01
1.025432923156437193e+00
-4.421320661623872050e-01
1.247915562893490565e-01
-1.163166864474865503e-01
1.123741962945419282e-01
6.617759181086296794e-01
8.990283803998394552e-01
1.719781426348787334e-01
1.362893976682730268e-01
-4.464175332119644790e-01
1.003463677451654490e-01
6.305860396927048805e-01
1.424231781111532646e-01
5.763548932225260879e-01
7.158418277616296344e-01
-2.239488031420132641e-01
-2.049584412011102308e-01
2.420260131096277911e-01
2.300732851773434062e-01
1.366367732334896334e-01
3.025723330919995457e-01
6.153090147425683415e-02
-2.145982805429654250e-01
5.585413763870271664e-01
1.209215836549725198e-01
1.313692911508808625e-01
-1.180280084298103993e-01
8.749366799777140435e-02
2.027915171993408261e-01
-8.374491071670499276e-02
-6.662432801893014046e-03
1.129654605901071335e-01
-5.374042265030064547e-01
-1.935921527303706147e-01
-2.916903347848710526e-01
-3.941600670433402231e-01
-5.041949088837812676e-01
-2.935029832699799779e-01
1.435049380069565450e-01
1.899214764492884455e-01
-7.042628829735761431e-02
3.312931544999119654e-02
-1.320904703878092168e-01
-1.982181395051343942e-01
2.962599566195469603e-01
2.341785627525076463e-01
-2.912561266657428052e-02
2.301432211027099606e-01
2.982348615390890134e-01
2.212434311042842938e-01
3.596404309883566297e-01
7.521164598610131924e-02
7.649578938498902136e-01
3.290363230467559519e-01
3.321708413326207587e-01
1.115603385877431547e-01
2.743090482231425042e-01
4.177326345616552694e-01
4.624103958926745195e-01
-6.153718945868413837e-02
-4.173457471178130818e-01
2.001873930759685005e-01
3.782931126813245028e-03
-2.896338059275812005e-01
-5.453955088580648286e-02
-5.460459416275720290e-01
-4.262416346360340946e-01
-4.234628804568789096e-01
5.412427705160981206e-02
3.892405827913585359e-01
-4.458175478061797148e-01
-7.102143403876477468e-01
-4.358712521662053141e-01
-7.336667771097193924e-01
-2.350651526640188116e-01
-2.523189564523143913e-01
-9.238482383814440591e-02
-2.778821584750911233e-01
-9.891414537980723620e-02
-9.238782576267254298e-02
2.936087741307406157e-02
-1.687726687520368918e-01
1.646755903264772187e-03
-1.418022653761033258e-01
-3.658057874035450241e-01
1.400643220424876711e-01
-2.983549348055679618e-01
4.217564094014087939e-01
1.014863810273870237e-01
-6.487175028931269072e-01
4.367308715590734192e-02
4.806969188247853242e-02
-2.317802155124689956e-01
3.847664797433442141e-01
-1.544212119869529110e-01
4.067560382371250838e-01
-5.958658909239578083e-03
1.599940412541112078e-01
1.898648293710214208e-01
-3.903682262981909568e-01
-6.754063830065137886e-01
7.638023814496548713e-02
-4.710019471515217160e-01
-3.985317633397609249e-01
1.345286821664790355e-01
-4.682996943830630143e-01
-3.709775785507171131e-01
-3.329112079362435694e-01
-5.567331722064638999e-01
4.901045257287148238e-01
-1.902034344309211922e-01
-6.441909597066733939e-01
-3.370301037095058683e-01
-8.192416753267653950e-01
-6.473197742515705011e-01
-1.001219949583645602e-01
4.508343585331727188e-01
-1.800290509797655703e-01
-3.212522451080714325e-01
-3.962472115981231779e-02
2.826036375509654031e-01
-3.593725183540214529e-01
1.086760738751878508e-01
2.772420678338590738e-01
-2.115295099714791238e-01
5.822360573329617983e-01
1.753219109901122674e-01
3.608120001974973040e-02
4.931298048038813553e-01
2.516328168237517704e-01
4.754766087237937700e-01
2.174513299275502576e-01
2.049840582426146474e-01
4.825322487443509667e-01
-1.680870997079229184e-02
-4.546713697172494184e-02
4.410326691212715922e-01
3.173625471834542466e-01
5.913723017779234370e-01
6.462363512768695174e-03
1.576994172443925424e-01
-5.733142964091698934e-02
2.209319636849404328e-02
1.217344282920950760e-01
-4.557035056646278059e-01
7.263168845508787275e-01
-5.299655365035491755e-02
2.651883461933645103e-01
1.644918904559019290e-01
2.329095763175320077e-01
6.558254852088586662e-02
-3.612830954724917214e-03
1.683922424738376888e-01
1.614830612448343305e-01
5.968347537732522357e-01
-2.210218942039825218e-02
-3.448443182826133047e-01
1.729200566737746914e-01
-2.741914790109541838e-02
5.776456000442504735e-01
3.646993369969634413e-01
-8.042606040715654103e-01
-4.062913338470523494e-01
-2.947289424727022045e-01
-2.879906630833724002e-01
8.331281886701579209e-01
8.212740516380908629e-01
7.873400173134126323e-01
4.809501593119930307e-01
-3.536036495687894798e-01
3.520577395363285178e-01
1.134718922519753481e-01
5.046643876947195517e-01
5.622236510171751966e-01
8.442302914578218020e-01
-1.700603675617710919e-01
-2.737058544980485730e-01
2.393751087308977343e-01
7.177734032171649847e-01
-4.221438130739973982e-01
-2.543540150311120462e-01
4.418705334976599786e-01
1.116596437862502345e-01
1.838997436727438095e-01
-9.225749259358943799e-02
-7.364345525448772189e-01
-6.644404797927611073e-01
-6.597080277839519891e-01
-4.656164463966704914e-01
3.782113581551112269e-02
-2.526101397506799184e-01
2.729968827474322721e-02
-8.607749291043841067e-02
-1.535375727877115459e-01
-5.034528379011556920e-01
-3.768653905653945313e-01
1.440432728240443050e-01
-5.136984090103856593e-01
-2.688557182565725623e-01
-2.030613959458113793e-01
-1.989200984635798863e-01
-9.814552619848215115e-03
2.544483701329782743e-01
-2.073753235906251324e-01
5.243348043814572562e-02
-2.010711251913621933e-01
-3.177523692724985027e-01
-8.624026303461479470e-02
-2.295119137494599504e-01
8.809834943816371999e-02
-2.091924330335771104e-02
1.577258958246025855e-01
-2.059970668706987695e-01
-4.002867759559828320e-01
-1.801939100393015469e-01
2.031372538489386870e-01
-4.059427887431485416e-01
-5.398119872269675490e-01
-6.891608115417595659e-01
1.144750644239229675e-01
-1.122688208294701229e-01
6.376889785248436582e-02
2.653476453670008950e-01
-6.169202980147525661e-02
-7.482597726822999284e-01
5.655399472664601745e-02
4.367997626010295398e-01
3.548578912413946074e-01
3.819891624937092334e-01
-1.193810236790823348e-01
4.880654386362741626e-01
-7.028624280801419599e-02
9.003642039371778649e-01
8.204991260717081625e-02
1.493889171983564745e+00
4.262474041046563911e-01
-1.084514252771592857e-01
4.803148292963928534e-01
5.080464284273640274e-01
-1.568321456392612057e-01
1.716774591633437319e-01
2.664324645803549663e-01
3.759875828440285561e-01
-1.204627894183353670e-01
-2.703116028451802433e-01
-6.562057130179035913e-02
2.223752237857116454e-01
-4.227506022624420712e-02
-6.176445071062704358e-03
-2.458549582514620024e-01
-1.102661033041595351e-01
2.793257374476977306e-01
-8.945821474455252498e-02
1.241647721635590479e-01
-4.246878322434688990e-01
-6.360904796712235632e-01
-1.883686343041700018e-01
5.220680225453533559e-03
-2.806152853256982382e-01
-5.621458986826721738e-01
-6.131438795484742688e-01
7.776238677452985970e-02
9.853463305766414770e-02
2.935353605940207999e-01
3.926391264788471891e-01
-7.967762394661550562e-01
-3.437167552129318238e-01
-6.395787006416396858e-01
-6.417937423729191959e-02
1.086603748542376291e-01
-5.710063768453468858e-02
-1.885727687533235719e-01
-7.266535445751861610e-01
-8.080426475394099362e-02
-1.217790621740107992e+00
3.720922378451899659e-01
-2.254881589908079298e-01
-4.581736222717538443e-01
-8.775230194610235124e-01
3.185432412064783114e-01
9.151241791013745575e-01
-3.182646040800081177e-01
2.315888573616755874e-01
6.104298057890388852e-03
-4.433258248195415252e-01
1.036418410666042567e+00
4.610833858530214990e-01
-5.874901654121000155e-02
2.667988802247167057e-01
-2.424961246406754090e-01
1.524795833828450631e-01
6.918357009135031044e-01
7.439019993602791203e-01
4.434264255562837542e-01
1.271303367446282140e+00
-4.137693082556653801e-01
4.752569930134747933e-01
5.223191004620740818e-01
8.221318015419594172e-01
-4.172583804170918592e-02
4.829980183359698365e-01
2.254899973308814587e-01
-3.889275883499673792e-01
9.311340753702902762e-02
-1.597507819321150879e-01
5.548918413857921728e-01
-2.336267768900878450e-01
2.784294602364470461e-01
1.077011899968659259e-01
1.201855501611877458e-01
3.203050805416058910e-01
1.136591746346266169e-01
7.504013825032651575e-02
2.830041696880627455e-01
6.888086903078698420e-01
-4.744414524459481669e-02
7.327749306476920299e-02
-8.728437316647251476e-02
3.525816290279492615e-01
1.582496109968947462e-01
3.923779026152687810e-01
-2.677922592708577021e-01
-2.376814992531028348e-01
7.411792645111667591e-03
1.017272265634828199e-01
5.471579167163355059e-03
4.761869560700314474e-02
-3.152605398087197641e-01
4.700557375741198918e-01
-7.237739874840595222e-01
8.177288961545879642e-02
5.887848113988530807e-01
6.915129931666085250e-01
2.242922430214045748e-01
5.170865816016755323e-01
2.852320040862847961e-01
2.042354983626474274e-01
5.991502915443507327e-01
4.094541381436366811e-01
-6.948693546106552432e-01
-1.455642884628299827e-01
4.053151816601520685e-01
8.138636459780540511e-02
5.483725685044926051e-02
2.754900428562156445e-01
-4.776452787437583392e-01
-3.452845148773497908e-01
-4.557237433617302713e-01
-6.196237832234668952e-01
4.738430786634922343e-01
1.226704418598077162e-01
-2.123363335003016494e-01
-1.460091905908714738e-01
-2.816645888206640302e-01
-6.617796940366728053e-01
8.162690868413766121e-02
1.405305344582777338e-01
-2.524156701173330686e-01
-3.285298593298908720e-01
-3.435300242188650821e-01
6.082439364960851025e-01
-1.157050643564763170e-01
4.203616232867810609e-01
-5.437960961871962651e-02
3.562185164597299059e-01
2.246062846895177101e-01
-1.143723453988986123e-02
-1.444747084712351849e-03
2.516510197730036369e-01
-3.301576410043860488e-01
2.504764947177330892e-01
5.393047181743984009e-01
-2.430825111814539918e-01
-1.299601524925698692e-01
-4.633361307853693933e-01
3.767744570150506622e-02
4.175213555301709456e-01
5.759783248575663789e-02
7.327339910510005661e-02
1.553257021191664922e-01
5.725995489575878838e-02
2.838199524606020985e-01
1.514775045714218671e-02
1.689605169689377129e-01
-4.784239765434038921e-02
4.261068050082717495e-01
2.955401477442174962e-01
1.475466687413782563e-01
-2.874967987453825313e-01
2.093944881288875015e-01
1.699582800887820475e-02
-6.814188285311731375e-02
-1.871726437948998192e-02
1.705775391982893019e-01
-1.051045901938129079e-01
4.983258440633233505e-02
6.285309505694951504e-01
1.490688777420445463e-02
1.302190786386648591e-01
2.986118756448464251e-01
-3.017691761018663210e-01
-8.222392358203811646e-01
8.988984228335160642e-01
4.664093539475053229e-01
-7.230773944707973300e-01
-2.102455363589886550e-01
1.537803795094278836e-01
-1.489204135181638744e-01
6.329583730851854328e-01
-4.090700791711555234e-02
9.574078462154517188e-01
-4.293048907602075026e-01
-3.458128254199857587e-01
1.115546472716379273e-01
1.192280769011710706e-01
5.370276843007816270e-01
-4.311884077983640373e-01
-5.720040120804315009e-01
4.735516661263642901e-01
3.087142789159237344e-01
-2.536525055696822045e-02
-3.799399424306013767e-02
7.316541055146802419e-02
2.892276408041756230e-01
5.771244532155067608e-02
-1.438675172614765629e-01
2.299617041439425691e-01
-3.915757131497644289e-02
3.382517906084505505e-02
-2.067751539450702614e-01
-3.212799778910356840e-01
2.891680952146526984e-01
-2.450471524564159717e-02
2.632882446478166938e-01
-2.900768989185346092e-01
-5.030694665931730869e-01
3.325248211619347746e-03
4.715069502167273940e-01
1.290987157410085351e-01
-3.206528166035826910e-01
1.335476106531784946e-01
-2.538715324922519168e-01
5.133995410571717821e-01
-2.333186420783375705e-03
-1.760062345065597500e-01
2.582634429708051682e-01
2.000720111055339645e-01
-1.518061930359287659e-01
-4.028924249032953681e-03
-5.888187700181667372e-01
2.852408685586148018e-01
-2.093753293605090382e-01
-4.326146982221217852e-01
4.619926643111237075e-02
6.361960528501069134e-02
1.759000426572941422e-01
-5.969429557807606063e-02
-3.832147963142316059e-03
-1.717877186897178582e-02
5.875080258909430864e-01
-1.927980445368172313e-01
-9.913056861827110877e-01
1.237160302489115571e+00
4.617473275026825474e-01
-3.183526412871988676e-01
-6.952172367632121208e-01
-3.065017098029406140e-01
5.792120299024298147e-01
7.950499949760924112e-01
6.367100272069712297e-01
4.076208003284742531e-01
-5.713207123069711235e-01
-1.251616400563022591e-01
6.459198431496579462e-02
-8.715093434639532843e-02
5.574026479948489543e-01
-5.412788871132615531e-01
-2.717405409733910093e-01
3.648945619152038633e-01
-1.944187328621801436e-01
-8.110395743993191464e-02
-2.352938449174059657e-02
-6.797228501502174947e-01
-3.127772882615723615e-01
1.559656805860103468e-01
2.020882645032419100e-01
6.354243324952646432e-02
3.316761042339138599e-01
-4.236795366531679319e-01
-4.305353285419744047e-01
-3.318833610142549184e-01
-1.295761128499575976e-01
-2.032245331518902631e-01
-3.125500136795173467e-01
5.555027779487092809e-02
-5.033310720183793441e-01
5.944025245123468054e-02
2.036430518716290661e-01
-2.920554485994195093e-01
2.841857022284933199e-01
-5.033630909988723312e-01
-2.761546747077852637e-01
3.996117504928780595e-01
3.847443153117274250e-01
2.258328602268479257e-01
-9.422377893557137840e-02
-4.695038959465367423e-01
2.466735967572214749e-01
3.497304775585724501e-01
5.465777589778311046e-02
4.535667175960217956e-01
1.599073886157845355e-03
-1.187340276136243655e-01
-5.845436783399567127e-02
-2.615177147141969360e-01
4.822821327571645833e-01
7.259773631558626150e-02
-6.134740323997377176e-02
-5.861990591391482708e-01
5.346305785534213179e-03
-1.265999654822177745e-01
-6.178544759109713125e-01
1.273421790377353702e-01
-2.279623430394636385e-01
1.368610822785136794e-01
9.393795137989290056e-02
-4.988550685536797813e-01
-1.765558380800856531e-01
2.152583201944260061e-01
-1.968161051638817050e-01
4.290645882695654639e-02
2.359273859855145691e-02
1.202089953591237810e-03
2.841918094493297436e-02
-1.613411932333816412e-02
4.514654176024011090e-01
-2.825831465070064441e-01
2.487442843186087604e-01
-1.024064621531318581e-01
4.731860001072576982e-01
2.434890116372422364e-01
-5.297648654796757173e-01
3.333267988130464987e-01
-5.651257202614698993e-01
-1.342819228404171783e-01
-7.800763100231969394e-02
-1.566227976027101121e-01
3.010071375466429888e-01
4.038041347730248476e-01
2.383956490361104630e-01
1.103173891597942213e-01
-4.240582092611815401e-01
2.970562993014319586e-03
-3.479663143441712458e-01
-2.842764156609599580e-01
6.565024280842649551e-01
2.411665538109969975e-01
2.794654786349646813e-01
2.417378665024259576e-01
-5.470247218987003140e-02
-7.013435795858372068e-02
-2.088224490605188610e-01
8.534706410913422969e-01
4.438345127188156325e-02
1.973566180253766844e-01
3.178531234459039401e-01
-1.011723707558600666e-01
3.864971191178832588e-01
3.776087364723514361e-01
2.952261536993201485e-01
-1.059388719618339914e-01
-2.069981065911759566e-01
1.274846900640973224e-02
2.076525841141920736e-01
-1.401424974167073956e-01
4.309425250661180762e-01
1.958515964907781015e-01
-3.649529111101557644e-01
3.048857016980506263e-01
-4.868572742387367591e-01
3.971830927519818255e-01
5.962240064609825030e-01
-4.007020534649470278e-01
-4.210513459699855021e-01
4.547598547270950142e-01
2.342469435494295149e-01
1.954057239376570387e-01
-2.304859955025435059e-01
-3.954491398324824769e-01
1.261287611453739965e-01
-1.882871012950196599e-01
3.332696035033486104e-01
1.751663036757109548e-01
-4.117736114786768598e-01
5.080748816050738303e-02
-7.198446158576107257e-01
2.713808603125194563e-01
4.391759093273614467e-01
3.559638643788607532e-02
1.234696607902834378e-02
4.626863791846133611e-01
-1.728547752224655620e-01
4.867291085280736063e-01
2.554052352855786800e-01
-2.087091365062749004e-01
2.882065755644599991e-01
6.363641514457919757e-02
1.043516009983122411e-01
-3.969861690303996132e-02
1.540199874941482749e-01
-3.266682744169958907e-02
-4.020058139974659328e-01
1.302955208353220318e-01
5.097070113181567663e-01
2.028515768087026938e-01
6.774869346718789820e-02
5.237441782096623200e-02
-2.601913821582206229e-02
4.804613341194061138e-01
-4.395315553553137411e-01
-2.638386943275416660e-02
-1.435976931606833262e-01
-1.203396878240784174e-01
2.758100825876866335e-02
2.496027717573438831e-01
2.892920937418641536e-01
-2.319741707915791151e-01
-2.172527109113771282e-01
-7.763022917617056207e-01
-2.626122709597633054e-01
-4.653741552408744431e-01
1.729561643419252892e-01
-6.779540742619116767e-02
-2.627556523517399767e-01
3.522261342154445751e-01
-6.033371036503315521e-01
1.893001774097927137e-02
8.282630016461094147e-02
2.785705309896305826e-01
-3.997516333398401511e-01
-2.030577900842713279e-01
7.064116100146209387e-01
4.133442325793417194e-01
9.731532959443309205e-02
-1.730132315910390961e-01
-1.431776277498683116e-02
-1.229817512048870937e-01
-1.588863564926374372e-01
-3.248875185505495367e-01
-1.239837919863677473e-01
1.227126005784781593e-01
2.528776424615258867e-01
-2.198982289661675568e-02
4.070041570286775934e-01
-2.185366641991942915e-01
7.092412159519126402e-02
2.171111131779301234e-02
8.967194888804344566e-02
-1.290640849879634046e-02
-1.744730053246182355e-01
-1.159322763274934637e-01
-3.438772635317335347e-01
-3.024079192478536515e-01
7.655994341833882721e-02
3.365974507369205448e-01
2.730202712610410032e-01
-2.382828703296624995e-01
8.289082461394194079e-02
-2.021451266739444919e-01
-3.348940912805607739e-02
1.736627255654432656e-01
-4.961131064955860426e-01
-4.211298546523534192e-01
1.328413775077082019e-02
8.439641394581863520e-02
-2.748107812785244644e-02
1.565071304684425568e-01
2.092849623357146416e-01
-2.986324513868451325e-01
1.716401195270646496e-01
7.272011061643354583e-03
-2.498218567203810622e-02
5.792608625856131566e-01
-1.530573325211776192e-01
9.828608849302032657e-02
-4.626354728928759874e-01
2.117563168648487204e-01
3.120106924358124860e-03
-2.551014213182016821e-01
8.307171601258120375e-02
4.185390809027534492e-02
2.396914568090249553e-01
-6.951599716336745449e-02
5.973763927769376592e-01
-1.507193634339726585e-01
3.980297191609301066e-01
-3.564019360864649211e-01
-1.013812002974115861e-01
2.137325117701547594e-01
-1.262839592316999660e-01
5.745850879154595220e-02
4.090193911072089183e-01
3.255904574702896404e-01
-5.517934838945230958e-01
3.385996768749851005e-01
1.435800629382812110e-01
-4.059295170507503658e-01
-5.719181058843063326e-02
3.733628804738992144e-03
4.756329937117531603e-02
1.131993201958575446e-01
2.107690016487988871e-01
-1.658671178174778993e-01
3.456416929402527094e-01
-2.671430465712712563e-03
4.626979584502027149e-02
-9.493512621005634200e-02
3.602247562510543094e-02
-1.961257296804543859e-01
-1.818959883129598609e-01
-1.458704331761562500e-01
5.516211155165008373e-01
-6.078048255729295857e-02
-2.635911253964901557e-01
4.013403761165779127e-01
4.400284586516393648e-01
2.347725273954888170e-01
-2.166330901493752903e-01
-5.276118571794407019e-01
-2.284020254179886245e-01
-3.481283769118524440e-01
3.680123487633816803e-01
1.332113501047439419e-01
1.706634726840559058e-01
2.115214713115602663e-02
-1.221157666887281862e-01
7.012804740092191125e-01
7.550746835221241460e-01
7.299192592610430352e-02
2.127781480341814704e-02
-4.459666531120390354e-01
6.692645905009914076e-01
-2.225751051482507681e-01
-2.025563963541831547e-01
-1.932978533741288585e-01
-8.617243871338525762e-03
-3.436875757592195435e-01
-1.128239945555532114e-01
-5.157111437239171314e-01
-1.070892109298151873e-01
-4.056138948385885623e-01
5.020451296670591645e-01
4.587964938665619052e-01
-6.432290130348575219e-02
2.846103078235378558e-01
-1.668024380109918436e-01
9.476123048976117791e-02
2.650028636483151012e-01
-2.181065124077550821e-01
1.003315266987021281e-01
-7.905121581202471936e-02
1.082350191311140519e-01
3.740126016302052769e-01
2.602884171681368874e-01
1.066993869837303960e-01
2.114370483362617778e-02
-4.416313733236034156e-01
2.116489465855133922e-01
4.786857249654148383e-01
-2.136592786274190414e-01
1.215388407058438092e-01
-7.327912135883662970e-02
-2.072317629198756894e-01
5.672380178638016801e-01
1.748455211347297103e-02
2.635928192357674948e-01
-1.021798692245054346e-01
-2.741871715619502714e-01
1.539804983880503630e-01
-1.437759227933050887e-01
-1.920738393193170968e-01
-3.053327326090176097e-01
-1.283945936476754424e-01
1.212046668975425845e-01
1.100193751457571451e-01
2.471942203347108902e-01
-2.967151792183135295e-01
1.370189721544499972e-01
-4.877275982976248536e-01
-3.341335463064734057e-01
-4.699272004875818531e-01
-5.898998698363664556e-02
-1.090937945808356513e-01
-6.218037211924678509e-01
4.431262050457507318e-01
-3.296092561214460925e-01
1.458076732198435310e-01
3.717777156767347602e-02
-4.514902091258257005e-02
7.208965698371896380e-01
5.333298795090343214e-01
-5.232974086935243685e-01
2.242048862599103909e-01
1.142974172773968539e-01
1.560940446705205431e-01
-3.651251834214663816e-02
8.519970705662812671e-01
5.034821419924627728e-01
1.322494134970291779e-01
6.178409282548169568e-01
-1.878337257630366686e-01
-5.077756005450619892e-01
-2.661383986830112916e-02
-2.053566215925725302e+00
1.384095303590784087e-01
3.375012412294465386e-02
-5.046670213595010335e-01
-3.187234748613020363e-01
3.540619391093550172e-01
-6.553628954468602164e-01
