-7.460436174065500081e-01
-1.033494157139112080e+00
1.474516932712676809e+00
5.718681450419782486e-01
3.754824075358405011e-01
-5.436774526710056454e-01
-3.064339777847782109e-01
-1.748056477412612608e+00
-3.901186570953937283e-01
3.654528262666049687e-01
6.347939353804116225e-01
2.727624669417186842e-01
2.206436150965139509e-02
-6.192466855151218530e-01
8.118752385261997218e-02
-1.030986989292942191e+00
2.342353537611582270e-01
-4.470099869708115542e-02
-3.928423700187655410e-01
1.352095976829801094e+00
7.596371230043487133e-01
-2.678714860601479342e-01
7.481174343384179304e-01
6.522409330057984955e-02
-8.980165644494875199e-02
-1.236780632470007912e+00
-3.194515928862832754e-01
3.474441188294275840e+00
1.393641511133452582e+00
-1.127545442858928437e+00
-9.885356699808862668e-01
-9.297509689857348381e-01
1.408038578352742431e-01
3.694866867955030609e-01
8.159130795369846645e-01
1.138299844730966681e+00
-2.155886929080262249e+00
-2.511657628556343003e+00
3.985725385870237059e+00
-2.458972706272545550e-01
-3.367513766504384720e-01
9.127027504604189323e-01
8.870703998576739968e-01
3.117455687872365822e-01
-2.902764950953125589e-01
-1.123692270773443358e+00
-2.856223847996847403e-03
2.623069055134334970e+00
9.836062657008478594e-01
-3.038723146548278908e-01
-7.660178854826381611e-01
-4.844376952763577160e-01
9.529214806065026966e-02
-8.669304262216077916e-02
1.006766416402549158e+00
-1.928717177613248901e-01
-1.041652229070130664e+00
-5.592262508348715411e-01
1.264831100114357954e+00
7.768081204464608591e-01
-4.874323449631794147e-02
-4.127998672144082837e-02
5.406019619158360934e-01
-1.373278229701891950e-01
-4.329099664989030649e-01
1.513599120391285191e-01
-1.565336068923222912e-01
2.235562989640158260e-01
-3.560907906292455904e-01
-6.230402051231545002e-01
-2.946015078775211515e-01
-2.260750642445809033e-01
-2.017224514640840460e-01
2.832738596419767108e-01
4.441000150058886931e-01
-7.041236559880544865e-01
-1.515230317170439100e+00
-4.111285463289479636e-01
-2.524351352135166815e-01
1.620410595857193936e+00
-2.459686143960444771e-01
-2.320477100440670459e-01
-2.399975461316968539e-01
3.649890354556720728e-01
-1.950647232060140068e-01
9.252696979305332636e-01
2.072079046994615148e-01
1.076367368928986407e-01
9.431792275708696938e-01
-4.567717036132978303e-01
4.783490272944054267e-01
-5.273238898115317763e-01
-1.445860553372031732e-01
2.325417986328452702e-02
-3.553430096281523509e-01
-5.015796373116125917e-01
2.512435208447466040e-01
4.669624006742498779e-01
-2.211533300129214508e-01
6.020308395380670197e-01
2.684503721535439480e-01
-6.838133520907109519e-02
-7.025724081788047026e-02
-1.339957165060685906e-01
-9.033762821592122849e-02
-1.743228579588145255e-01
4.442645210430959946e-01
2.826822178513460071e-01
6.260212487138355764e-02
2.911481053340235770e-01
-8.109200519396927986e-02
-3.495885762397878127e-02
-5.569942898437377915e-02
5.129930070771289152e-01
-4.126236258383126909e-01
-1.442581088565362823e-01
4.530470834429586313e-01
9.228945676357906969e-01
3.347858516794532391e-01
-2.548401987234193977e-01
-2.368043995422379477e-01
5.144006245077405864e-02
9.535573693026462294e-01
-4.667589002554305422e-01
9.767856050723328076e-02
-5.583839185743411093e-01
-8.008569255267000697e-01
4.905704424252971263e-01
-1.490565088230443092e+00
-1.521404767994518348e-01
-4.686899414783396445e-01
1.315492089869983380e-02
-3.916533497818825982e-01
1.517329729718895348e-01
7.601931598153909009e-02
1.675103264862830565e-01
-7.629417562847423673e-01
2.549374933504880425e-02
6.619723730471017975e-02
-3.509882237426411589e-01
-2.946461432876694708e-01
1.054422243438902715e-02
-4.148737668393862044e-01
-4.798917920477175914e-01
2.757767370934014473e-01
-5.584766652810436716e-01
1.619888266494663026e-02
7.732677472880707115e-02
-2.962716796399804120e-01
1.305264192832187309e+00
-4.227789658461568283e-03
4.996573010518491897e-01
-2.202152887158710937e-01
-1.016194239952982609e-01
-5.313368925763752720e-02
7.057494760998755945e-01
4.108719189805062899e-01
-2.049100761337475374e-01
-2.895691779108607034e-02
-5.841766012801038466e-01
2.099842290104126930e-01
5.038524371257413481e-01
-5.139554769086323027e-01
-1.247932263592525931e-01
3.593966420543275309e-01
2.113247453437929468e-01
6.289596035361553206e-01
-1.582343881512529860e-01
7.114780944124353690e-01
8.905351650523481988e-01
6.371462232272130377e-01
3.368607160674971790e-01
1.671016763339856770e-01
-2.084786522176198253e-01
-5.195810974467794940e-01
4.511821764671669066e-01
1.002687931038696467e+00
-5.469156628271180237e-02
2.193637201233052669e-01
-1.096789264890950522e+00
1.326426010386526876e-02
-8.087414751581289973e-02
3.026914401163070534e-01
-3.078669955527219698e-02
-4.414201573843896664e-01
6.330457118543776629e-02
7.479031347012528308e-02
-1.920446569719826968e-01
-4.093267958623506009e-01
1.648188192905890859e-01
-1.828825287830259383e-01
-2.471329904817562706e-01
-4.011117667288213728e-01
-1.419673228406660367e-02
1.809851992185856906e-01
1.266007593143160803e-01
1.257262467814992957e-01
2.880159332308850906e-01
-2.608588219098841032e-02
-1.321861087640156529e-01
3.715386714156532766e-01
-1.876951599316495911e-01
8.607781617444747180e-02
6.112286387815532018e-01
-3.874347311404147676e-01
1.059761845671607361e+00
-1.297569714150108855e-01
-2.238281747899379670e-01
2.495528308641374871e-01
-8.507384090933939325e-01
2.669710036964989541e-01
-2.802968623778982326e-03
1.069048368852730940e-01
-2.411975181887472397e-01
5.617130523553631738e-01
-9.225016829704030252e-01
-2.765105732943728412e-01
1.281679851142877302e-01
-1.374762606321042191e-01
1.373945710137828735e+00
-1.278375014148032118e-01
-2.411003640695644490e-01
-3.169097699708295357e-01
6.212786133406188183e-02
2.730466642053122617e-01
5.935825884701709798e-01
1.964585175428399388e-01
-1.766399594546556318e-01
7.758623889868522250e-01
3.099078940630373702e-01
4.247862748839899560e-01
1.881573697284419019e-02
-1.312838440487934522e-01
-3.474041471075498249e-04
2.204343964472199602e-01
-7.474637010103158952e-01
5.055125695454197876e-01
-8.413637644161436890e-02
1.986629071992985496e-01
1.852478625691005576e-01
5.640523840232304457e-03
-2.652368908511528178e-01
4.763569756678487366e-01
-1.704073592100566470e-01
-8.942981467034198662e-02
-5.212425902310364734e-01
-1.816634840341742885e-01
1.740491767389463207e-01
-5.586741671372842388e-01
-2.050815184442619787e-01
-3.767363534669081471e-01
-6.551667227597658405e-01
-2.916447373558588851e-01
-2.026298712010917158e-01
-3.600980719839815269e-01
5.664764752410488269e-01
-3.361652354639164675e-01
3.214611938225618304e-01
1.923125241898717905e-02
-8.865762686172982132e-01
2.355930681107097358e-01
1.192385006361159211e-01
2.375145469222629535e-01
-5.911352619189664398e-02
7.303417262034470059e-02
-1.817964743315271803e-01
5.215465788524697999e-02
2.409278595008557955e-01
-2.706251148005172080e-01
1.445301375041901093e-01
-9.835740710585888502e-02
2.569667680515939079e-01
3.519285758087581373e-02
1.392124909923505016e-01
-1.085246601461104798e-01
4.289778677811888485e-01
-3.776153725386410809e-01
3.062182881481458341e-01
7.344419454173878314e-02
-4.178011233997598883e-01
1.150634109276366668e-01
-1.791760202775945776e-01
-2.761933035429569583e-01
1.683801232705202100e-01
-5.142478339400400472e-02
9.902092932384216895e-02
4.639770742539037207e-01
-6.274641275577914901e-02
5.112963971622362935e-01
2.505027111911456994e-01
2.444076359676764787e-01
-5.542163194323238701e-02
3.342738975183686678e-01
2.485016673238075458e-01
-7.210279184545176356e-01
7.841799670099619535e-01
6.862651226016741601e-01
3.379284274328738652e-02
2.135825313774837864e-01
-1.208956838198348427e+00
3.446461286942730240e-01
-3.398341346275902675e-01
3.870566252120563600e-01
1.384202086067960469e-01
1.148592053285618364e-01
-2.574894451224563063e-01
2.251866776566407435e-01
1.430708341277012463e-01
-5.377996511830878124e-01
1.291928495671495203e-01
-1.283858219759275061e-02
3.760759130795364447e-02
-3.382548771479547134e-01
-2.829094438079001253e-02
-3.065108779680497664e-01
2.649191525836687711e-01
-3.465786212474921690e-01
-2.383818949655312214e-01
3.200854370877505989e-02
9.541177248034875269e-02
-1.281364160567083077e-01
-1.643172305077806872e-01
8.882982768278546715e-01
2.452626175482582327e-01
8.435991894250761958e-02
2.061094991949081190e-01
-1.627974581752552885e-01
-8.511820351372775817e-02
-6.593027811784094583e-01
-1.058644678094026403e+00
-4.961812290670438164e-01
-3.967707254028426944e-01
-7.218567462758647413e-02
2.655070176415860184e-01
5.887659017592771216e-01
-7.085018773313742635e-01
-1.358983090177142916e+00
-1.911865783994270152e-01
-5.171793994355334823e-01
1.235617866069528725e+00
-3.810772063081129812e-01
-9.325671712268941704e-02
7.378310255488949032e-01
-2.345446327200260972e-01
-1.407968501891273816e-01
4.809834238804295836e-01
-1.618686704284858224e-01
3.102647211683666195e-01
-7.534781723089156724e-01
-5.590947595843005491e-01
-4.699299572934616531e-01
-2.017496213397310389e-01
-5.065487400975071663e-01
4.012022658924512819e-01
1.787716128532133852e-01
-1.042470053447446254e-01
-8.496142860748934211e-01
1.152833913264264820e-01
9.279609131726544724e-02
2.290957350675656978e-01
-8.488537183089652771e-01
3.388393074794027876e-02
2.708448919352320905e-01
-4.465482610724934576e-01
2.298946164093794153e-01
-4.315298839022181365e-01
1.656635619262538939e-01
5.344483921794560555e-01
-7.038643538249163001e-01
5.195262192274763269e-01
-5.064590684471169668e-01
9.977033669770592195e-02
5.043373589390229284e-02
4.977324136115876541e-01
2.752968000243461930e-02
4.956600918968623870e-01
-2.329740825532664317e-01
-5.976571018280344427e-01
2.295898943828779681e-01
5.145537676705324026e-01
2.949805506520536968e-01
3.235247538218320451e-01
3.440667179347431381e-02
-3.081735003725008179e-02
1.776580910512901845e-01
2.911221176261244437e-01
8.359376990363889814e-03
2.001226788194188089e-01
6.746553632069876016e-01
-1.993559233495162675e-01
-1.123310999703659302e-01
-5.662509864010037419e-02
2.120421648898842826e-01
4.904742766218782302e-02
1.466271018570887430e-01
-1.294474322505338552e-02
6.599761399890606561e-02
1.494183878415772104e-01
-6.817448246213599072e-02
-1.862263894203986248e-01
6.460952714403720432e-01
-7.257453246815277759e-02
-2.398483280417269825e-01
4.402171983084112727e-01
-2.342948803061159768e-01
7.383782881174398849e-01
3.063626606648031658e-01
-4.447895441561690033e-01
1.218454633639919349e+00
-3.935210356807161691e-01
6.391327305589383778e-01
-4.155179750980242948e-01
1.688157592430587217e-01
-1.067294272761167145e-01
-2.446751939360016503e-01
-5.924446419744694436e-01
6.173338719907308647e-01
8.751200540732056998e-01
9.032465721678561987e-02
-7.480954870703890869e-01
-6.746610253166067661e-01
-5.923921572046837447e-01
6.872876058742528604e-01
-8.831422393017530903e-02
-2.132657486983088879e-01
-4.742794064082624939e-01
-9.061971650081980245e-01
1.300171638844843935e-01
-1.496918563152716652e+00
-6.409936518029774044e-01
-2.961945585269242232e-01
4.479597382837540165e-01
-7.740954661682513116e-01
-3.964627258412548733e-02
6.028430052949291795e-01
6.991441368649749244e-02
-1.339797714697429587e+00
-1.087439190901149377e-01
-4.721568626579290551e-01
1.090694128632410553e+00
1.073628778181318633e-01
2.580904296353699334e-01
-2.477163437358976816e-01
-3.366339009195863652e-02
2.669014485714019114e-01
-1.165716960105333266e-01
2.306912058685300637e-01
-5.157582085291358975e-01
3.694727818064029168e-01
7.895150222197809819e-01
2.310159261731958569e-01
9.572009139587754623e-02
1.587855998002505320e-01
-1.722864983960559482e-01
-4.027314439696809134e-01
-2.689067111505942242e-01
8.168762464023474612e-01
3.734218736788506576e-01
-1.101940551613191238e-01
-1.466752571031380570e-01
-9.401712345581473285e-01
-6.228375126946709139e-01
1.245125174811008151e+00
-1.770699923820601984e-01
2.488066610662119926e-01
5.424707095926443179e-01
-7.477421309438968544e-01
1.432248572498040773e-01
-1.832157455653516731e+00
4.003339491125284533e-01
-6.256735074616968095e-01
-8.313839577148489646e-01
-5.285388105312516238e-01
1.792724024906674762e-01
3.384412215153522752e-01
1.031011603965261980e-01
-1.758324236502490090e-01
-4.899658053039258609e-01
-2.075690428402305610e-01
4.485521425024306397e-01
8.284493623787768379e-02
-1.172309360414239797e-02
-2.314264416685693493e-01
2.687600816846694163e-01
1.094773053719119010e-01
2.288839599117197254e-01
-2.498636359644297311e-01
5.281694292759149256e-01
-2.629454743054995269e-01
-1.332727160306316216e-01
4.845095820389819924e-02
-9.583128021333146840e-02
-1.826895220690599453e-01
2.054810209278440103e-01
6.153042422260136812e-02
5.640160307391360872e-01
5.774072018834711661e-01
6.862477101867810181e-02
-1.301612910046237304e-01
4.475144318559084455e-01
-1.680071613151200571e-01
-2.562599199202644229e-01
-3.860076032269544322e-01
5.546671129846282300e-01
2.050168520746001033e-01
2.414634248248680171e-01
-5.791845105260776672e-01
1.681745524552571286e-02
-1.177114332737551755e-01
5.743466312131682155e-02
1.835805725317469217e-01
-2.919660072819140195e-01
-4.583608978154284919e-01
-2.935254700564028929e-01
4.674909920556846732e-01
5.436330285328153655e-01
3.904841862152434451e-01
7.475099665922282366e-01
1.108315858124596792e-01
-7.171094624252193073e-02
-6.611028125620882316e-03
-5.072963642856557209e-01
1.117422321366182223e-03
-4.035257659152645671e-01
6.515790466453361685e-01
-5.436753303582193553e-01
1.551377474747802354e-01
-1.954978489760780813e-01
3.012059652080445460e-01
3.465495180541842968e-02
5.017689250095826864e-02
2.269713249324432636e-01
-3.088924121701458470e-01
1.398472332980701116e-01
1.126259053942613442e-01
3.200252498294492431e-01
-2.491777768113477842e-01
-2.080849030215004558e-01
3.525809987309531102e-01
-4.037023201034223852e-01
1.531899244756237399e-01
-3.416607900078709181e-01
-1.894961185346540344e-01
-1.569009594008386188e-01
1.463806938484904785e-01
-2.844689634521914423e-02
-1.657183921272583904e-01
-3.811784849713919510e-01
-4.841987563316902943e-01
-3.348279508690358841e-01
-1.897290012088035105e-01
-1.602201868507601989e-01
1.303309203227988600e-01
-2.051138414494749485e-01
2.340767587443838282e-01
3.883402392574256679e-01
-1.901773350619794245e-01
1.049084988321170031e-01
8.755567008840264148e-03
1.299281369426330268e-01
-4.863666896625463143e-01
4.026730628507527721e-01
-1.640927956529300916e-02
2.480445531498546019e-01
2.606440690138008276e-01
-3.418560262000990835e-01
3.838267011365971149e-01
-4.546664967779738553e-02
3.316725089124101244e-01
4.298565053253182167e-01
1.055465062339939059e-01
-8.661084086125586667e-01
7.923773901240160900e-02
5.624355697550002808e-02
-1.704904815379051364e-01
-2.046573863832920892e-01
7.633980911179451267e-02
-3.138028636966646023e-01
5.075248878740139941e-02
-5.526306990437173522e-02
-2.359142323520781459e-01
4.558097692547871116e-01
-3.823304523650180031e-01
-4.999484783176591507e-01
1.253322066849556382e+00
-7.446343789302986571e-02
-3.372797686614639745e-01
-4.215032451920392442e-01
-1.050518220950727111e+00
-3.791551596155768866e-01
-1.854089375423994823e-01
5.086824248034673701e-01
-2.439882972723732835e-01
-6.435236377787736384e-01
-1.409917790611675374e-02
4.129160886289546806e-01
-1.963157385397338861e-01
-2.639094754575406765e-01
-8.858470283386157829e-02
5.680538687905755529e-02
3.979283003146309033e-02
2.358983141250264315e-01
-1.519361862711590509e-02
3.452604518046374360e-01
1.294014323622841647e-02
3.143340970131787149e-01
2.059100375908735556e-02
3.019849250848715139e-01
-4.154802325795272089e-01
-8.859357655694205524e-02
5.224478473613557161e-02
-2.779577959499782702e-01
-4.033402125277974481e-01
-8.597327018015190614e-01
2.416950262956769901e-02
-2.299634745999576679e-01
2.198546172576564817e-01
1.517266602717285140e-01
-2.247049680849774189e-01
-1.227022610876908060e-01
1.912020059362707636e-01
-3.110515677277586599e-01
-5.751932686771363962e-02
-3.821335138032554979e-01
-1.500610822007729106e-01
6.337462238593906394e-02
-3.339660660178301321e-01
1.503002305950968398e-01
5.140821487809511536e-01
2.513058295820920773e-01
-4.586229228710721889e-02
-5.557882651546035280e-02
-2.115394468164461250e-01
-1.585701839701505189e-01
-4.630460784536213348e-01
5.849124669473758642e-01
-1.573310514450552700e-01
1.027916465312989303e+00
2.330410226625274916e-01
3.224574289088510265e-02
-3.600703352600176377e-01
1.462875586489808644e+00
-7.032041230438184076e-01
4.970973243340871539e-01
-2.566210278962917091e-01
-3.304172784622769199e-01
1.985254420537854031e-02
6.580038668674893509e-01
-8.626512552994953786e-01
-6.546219657414282800e-01
-4.286711888087120781e-01
-3.412874555733573234e-01
-2.738813675044435292e-01
-7.582780447320024431e-01
6.233818253186645952e-01
-4.203407989995827654e-01
-1.459426283915019884e-01
-1.522435808229877452e+00
-2.012123003045815373e-01
3.500391013534606688e-01
-4.817755184797541390e-01
6.796255796524136583e-01
-5.449825940877766478e-02
3.185485230421372105e-01
-6.206418201510836008e-01
-3.070655861136303844e-01
1.067323189383720949e+00
1.185828455998853004e-01
4.683314345249946498e-01
3.248823066074644217e-01
7.529332918518351347e-02
-2.705221628006557744e-01
3.233831159319500159e-01
5.008147096194636161e-01
-5.653624195772035677e-01
-4.611279147474884876e-01
4.223613772004881917e-02
-6.499144505633519531e-01
-2.126686321043398942e-01
6.365109282105574015e-03
5.811724735229643196e-02
3.315785942698410982e-01
2.790733445996194662e-01
2.161307126609824658e-01
2.489472814119706931e-02
1.690409344641358169e-01
5.772687535563033601e-01
1.420454725491999137e-01
-4.721940959783871294e-01
-4.097345023704076494e-01
-2.280258712300594487e-02
2.247093101443312368e-01
-2.946074779722188675e-01
-2.634539548977807288e-01
1.361846276286199919e-01
-3.487385016590970888e-01
-2.846868332717547578e-01
1.940488336488920829e-01
1.819951362801685169e-03
5.190996813224565271e-02
1.650370276061491892e-01
1.751775354416557073e-01
4.264568723046207044e-01
3.283276017777705391e-01
-1.317747291777262575e-01
-2.846364445358872119e-01
-6.206716380295971280e-01
5.458210822206797097e-01
3.147467693180944215e-01
6.727854762278804301e-01
7.866350780005512688e-02
9.913119654193353059e-02
3.771372536158782429e-01
5.998555129630126978e-03
2.457474422372856737e-01
1.984641702162566468e-01
-1.421908988353347836e-01
1.097988351872331014e+00
8.325653131713711685e-02
1.651153194524530576e-01
2.823066457277967345e-01
-3.777427555294555761e-01
-1.424041083983148548e-01
-2.411687586083340884e-01
2.654276679178474430e-01
2.489530430107636527e-01
-4.930211110720750245e-01
3.634581896425635450e-01
-8.856035375650136987e-02
2.183283898102613696e-01
9.841148629891582900e-02
2.134872216742690534e-03
4.500385400670666586e-02
-6.054947152226740625e-01
3.036773927120998140e-01
1.021003242442036080e-01
1.664228050978693862e-01
3.774212166664098755e-01
-1.130990933730334769e-01
1.141633074138204695e-01
-3.669829238661415638e-01
4.499113406802182080e-01
-2.422796248064201796e-01
1.944024590442364753e-01
-3.700895399219897297e-01
-2.637816342527511404e-01
3.111388309394123586e-01
2.225392693425548574e-01
-3.312974089447544013e-01
5.713095892897564892e-02
-2.732128857758738816e-01
-4.045106704577743351e-01
-1.803689260893228952e-01
-5.061470658829677616e-01
-6.113422679444819874e-01
-1.003086551061975473e-01
-3.535233788476326716e-02
-3.524451012003329553e-01
5.831042256278285568e-02
3.494944578383114009e-01
-2.221131959656877097e-01
-7.562046456177781151e-01
-7.311096754507058482e-02
-1.177693819101158224e-01
6.813119856665936780e-01
2.101044000639248205e-02
-7.876230827620177566e-01
-4.947448419839715061e-01
-3.595758252625801399e-01
-1.462535360578925969e-01
3.963751735858169756e-01
-1.679854016700111918e-01
-7.940682651593881924e-02
-4.990581100078729238e-01
-2.894374895495385389e-02
-2.598035278772225509e-01
-3.544023456371054315e-01
5.182040565623473594e-01
6.060085560730628096e-01
-3.535678507678849947e-01
2.416217045697712229e-01
1.152481198277317403e-01
5.860133230560796713e-01
4.778397164807731690e-01
-5.283219757670916117e-01
5.089568654966945133e-02
2.796861382857373513e-01
-6.487032048314386734e-02
3.761698455390695139e-01
2.621052608098694073e-02
-1.653960152333992240e-01
-3.620481152249263035e-01
2.723798823814053693e-01
1.134460563005533995e+00
-1.699176319634230770e-01
-6.908512735379906955e-01
2.683585028232305381e-01
-3.692392720599159683e-01
-4.619293126864646437e-01
-1.040884350233244465e-01
-5.927870670882626758e-01
1.456231200236901335e+00
-1.083269810953948031e+00
8.400781409071887695e-02
3.584220528808372275e-01
2.367128186256602096e-01
1.710378119251377615e+00
8.770350259862422782e-01
-4.118213216243089003e-01
-2.597245945735262018e-01
-5.250327789619406715e-01
-1.004369051583335615e-01
-3.559148832090504311e-02
-4.957558423089701294e-01
2.521480970238716979e-01
8.269224669038813258e-02
4.664069320377783878e-01
-2.334542249308677597e+00
-2.171328608658217030e-01
2.663685011652832113e-01
-5.566707214187549546e-02
1.452981999616994868e-01
-2.343936649842441045e-01
1.430839219129990958e-01
3.098846745927949856e-02
4.682013778271755799e-01
2.663921599693599429e-01
2.123345087493539729e-01
2.162211211226005014e-01
3.450040831162487498e-01
-1.405057456027412888e-01
-5.814507367477330518e-02
-2.607410296446985298e-01
-4.330871119029403582e-01
-9.172331203946457734e-01
5.199619343168609964e-01
-7.392551650726872370e-02
3.951820886062990534e-01
-8.280810389601758401e-03
-7.471336343204247610e-02
-1.721681612689160770e-02
1.370784934605546179e-01
1.052229153329244105e-01
-2.494220187079470852e-01
-1.109132850263647163e-02
1.832526781244644409e-01
-2.835367740949318871e-01
1.432573508347662894e-01
1.537129705374977451e-01
9.665703829000746317e-02
-4.892875333067440713e-01
-4.954979821078276392e-01
1.006219614145355962e-01
-1.519287295237748137e-01
4.386011556681346929e-02
2.759973595339588193e-01
3.326735587792013504e-01
7.437484913280941745e-01
-1.607788506075303603e-01
-1.687857080443440072e-01
1.153744773049345529e-01
2.148458810995380885e-01
-2.026112873005793957e-01
3.758668281719836773e-02
5.025803481768745806e-01
-3.852323176224040080e-02
-1.384917759433188511e+00
-7.339141692019126584e-01
-7.751393366842652677e-01
-1.220216287497083218e+00
-3.859799751038774096e-02
5.687812910334197891e-01
1.972591354186664925e-01
-3.303194442477352943e-01
-2.543026253736226372e-01
6.065586406424150479e-01
-8.029923080056045048e-01
-2.182315308416371558e-01
6.647266063156609395e-02
3.101860093804545415e-01
-8.749870800801814452e-01
-2.887682691071092878e-01
-9.294636846897997851e-01
-6.411791076278885448e-01
1.330185667035891084e-01
-5.198784667267885018e-01
1.758506192363355758e-01
-5.250332929925131120e-01
1.132213214919809863e+00
6.025838383383006480e-01
-4.401900871362946499e-01
-5.014202052295988615e-02
-5.943693300502878030e-01
-7.914598503950440733e-01
-7.606183381035892810e-02
-3.916761173670555984e-01
-6.229168406044845174e-02
-2.439877786011570571e-01
3.750618003145652080e-01
-9.177148968162595066e-01
-2.208562259498902391e-01
-2.514235958456981224e-01
1.383641576391450023e-01
5.859476034620628715e-01
-1.170251642976838369e-01
2.417250534310221854e-01
-3.321898947336833219e-01
3.108845196817109358e-01
2.360630380431814543e-02
2.040386557317037663e-01
2.033631951649069181e-01
-2.578593273515138451e-01
2.611317682351191882e-01
4.829953876594325068e-01
-2.840967074854353625e-01
-2.302351771979384842e-01
-3.336927124351682927e-01
6.333077590478938812e-02
1.804357298682160715e-01
-1.958120426190431695e-01
5.951875719736847425e-02
-1.834934388963699037e-01
4.465451422065694342e-01
-2.421854577463787850e-01
2.098471873396454829e-02
-4.327874472298166575e-01
-1.817603423077868985e-01
-7.727038591750204910e-01
-2.675818910345603152e-01
4.165423777279429751e-02
-1.220113189550550814e+00
-2.273547217283040378e-01
4.524078047225579269e-01
-1.120837008922878353e-01
3.924754102164286773e-01
9.163274948011108645e-01
-3.960734140527344405e-02
-8.854609379477934583e-02
-9.962962955958317712e-01
1.931131654036530310e-01
9.652440311334040124e-02
-3.312784600077808839e-01
-2.089150798074611293e-01
3.205153848598764066e-01
3.465788737271364717e-01
8.095895775965071539e-02
2.478330848029469680e-02
2.019517084276957752e-01
5.379226243581540778e-01
4.549594801023231772e-01
7.510014816950614236e-01
-4.128670908288506469e-01
-2.506532549765923545e-01
2.561446476387811422e-01
-4.511008439082738186e-01
5.025768414788948230e-02
-1.793907493080201532e-01
-2.189993197359582644e-01
7.340604099410417138e-01
4.450785551880218072e-01
-6.027774803453388452e-01
-7.108324807198078688e-01
4.196701624684171517e-01
4.052878839557646357e-02
-1.127710962528911259e-01
3.195216138233210046e-01
-6.089974287590617097e-01
-1.800300810566695386e-01
-2.385065746820770050e-01
-1.195622479589155199e-02
1.923765867591048506e-01
-2.065977566568947266e-01
2.085652435735446120e-01
-1.058018324392999004e-01
-1.679806025025794569e-01
1.142575339790431188e-01
-4.130700664957708823e-01
-1.969385070913166613e-01
2.751199809676446728e-01
-1.795945936599978657e-02
-1.761854179312967450e-02
3.277488586659497993e-02
2.596495079371324288e-01
5.405514364883278258e-03
-3.794137790104230579e-01
-3.325172613093363427e-01
2.738528549007530621e-01
4.122045538654630081e-01
-7.357670223369837670e-01
-2.968270533777285503e-02
-1.303972001460678987e-01
5.371870358148306268e-01
4.629450952171408340e-01
-3.483867302308376601e-01
-3.273946170681096834e-01
8.082704650373460920e-02
3.146475765634079158e-01
-5.335069997106147710e-01
-2.972230516352777907e-01
-6.519744877787375659e-01
-6.681669964278401375e-02
-6.557321637314462714e-01
1.618933154057611568e-01
-1.310074544777923566e-01
-1.694652081337632843e-01
-3.258229514459148324e-01
4.878469667017284322e-02
4.205804440175430758e-01
-3.672502477800048681e-01
-3.600682681552717090e-01
-3.940443497181118082e-01
-1.404588777470801575e-01
2.961448651049514713e-01
4.501437324914372290e-02
9.082296621985899709e-02
1.903704514486194155e-01
3.882446266017109404e-01
2.449957337248153677e-01
-2.455827350472218062e-01
-7.518663774605467698e-02
3.358374013612561854e-02
1.620031839333224977e-01
-4.574285806642228724e-01
9.520306400179784356e-02
1.437144167490605806e+00
-2.416170147035276994e-01
-9.350646695717583501e-02
3.276648428862649620e-02
3.149482322702438358e-02
-9.975657642119184834e-03
3.535720979487439464e-01
-4.232557158213283155e-01
-1.298603511508659644e-02
8.357104207791335448e-02
-2.785541363220407976e-02
-1.414665842030069232e-01
-7.086324760675759560e-01
7.114420847792960467e-01
-5.806357741223278079e-01
1.150218669985156872e+00
3.084719021369098924e-01
1.671501195898960346e-01
-2.441410255388582751e-01
-1.174367100900022692e-01
5.408730157393002447e-01
-2.073484843001860978e-01
3.488120597891395183e-03
5.930206435038531954e-02
-2.844273600055604034e-01
-3.109445149586409496e-01
4.336130699634538899e-01
-3.986239165168042886e-01
6.626897618679720992e-02
4.194614364327197142e-01
2.054071937736265396e-01
2.776432904152716930e-01
-5.737632303806167178e-01
2.473658724673974685e-01
3.542514726102097833e-01
2.592802065610097517e-01
9.596138561867677275e-02
-2.238328492472263231e-01
-1.197388778818312405e+00
-3.744527209076971980e-02
-8.235666699420242376e-02
-1.002127101748094377e-02
1.771848000600321216e-01
1.073943459264942446e-01
4.384748786693590805e-01
5.880001044348255324e-01
1.194257414894071667e+00
9.484301152429520931e-03
-1.108787700278705268e-01
2.380463490771859980e-01
4.068205426185633744e-01
2.026933285387702843e-01
-3.958018208319427633e-01
3.751736262981728021e-01
-3.853657899657701447e-01
2.609169442046873622e-01
7.154619291372020518e-02
3.337442635140647207e-01
-3.788131734567497522e-01
3.874365615212451153e-01
7.654140870321607393e-02
3.162215199180755665e-01
5.918898304003354927e-01
2.689839094925614571e-01
-2.527462043632792282e-02
1.384942879116363712e-01
8.820811494640927730e-01
3.104584720872507475e-01
-4.543661569587254534e-01
4.133203909583415547e-01
-3.675204160581640456e-01
8.528638540214509289e-01
-2.409017720871796941e-01
4.620304737646567239e-01
3.601329209750546712e-01
8.047363248943142366e-01
7.669925860350101932e-02
-2.097109834931366878e-01
2.153445829574786030e-01
4.668741408579065166e-01
2.933837757078423536e-01
4.374681327009014020e-01
1.797387890484395401e-01
1.134906863892990447e-01
3.177288871851854934e-01
5.893019164466910959e-02
4.061947901964089724e-01
-2.586821265139328530e-01
2.372862777858816274e-01
1.111061284687095939e-02
-4.889519287496488925e-02
-1.974254279389890676e-01
-4.260683149658240909e-01
-3.716347839130804132e-01
4.342952411448642303e-01
-6.653812942078141113e-01
-8.125387038178277788e-02
2.728158370949417821e-01
2.810014145450698830e-01
2.830812714940924568e-01
-5.270109843625433443e-01
-5.908877610316560780e-01
1.760049592124220408e-01
-2.450924150401470325e-01
-1.030505411303251316e-02
-1.263040398215777294e-01
-5.441931960687927949e-01
3.763718833851067425e-01
4.165240643740722448e-02
1.160773067768342270e-01
-1.918580167921412338e-01
-2.380756357882279628e-01
-1.411301579744448087e-01
-4.532684636411956625e-01
-8.556796595269794414e-02
-4.206750936167246158e-01
8.698725363209144912e-02
-3.232929943737706813e-01
-4.320461956573812823e-01
3.727880370280624578e-01
4.304371831063382725e-01
2.787916122081763315e-01
-4.864271326148336683e-01
-1.493609951132159330e-01
5.110922979927906562e-02
3.646661589654858759e-01
1.258341239864994021e-01
-5.298003376676883036e-01
6.312052816173342740e-02
5.877036707843598107e-01
2.432050124484926024e-01
-4.880758515947442588e-01
4.930846170039720339e-02
-2.075107966883306398e-01
4.273303047121632670e-01
1.119533156373503507e-01
3.105333741577363527e-01
2.853033167947063853e-01
-5.325052867351194319e-01
3.099818849191681713e-01
6.366892299733404315e-01
3.088455816967570697e-02
3.325866298658654019e-01
3.834116555762724921e-01
2.850036765732624211e-01
4.902246251735474514e-02
5.008130637824992348e-01
-8.540037502729352914e-01
-6.167994742581798251e-01
3.816596363397562475e-01
-1.197674096933391968e-01
-6.235408902738873715e-01
-4.508384193505086679e-01
-2.421374151959891641e-01
-2.291293795064688055e-01
4.130940242051201472e-01
-2.268958804126253448e-01
-1.351232221883350570e-01
9.376998032411895112e-01
-1.397035021708257219e-01
2.416392675724710615e-01
-1.026128199849712583e-03
3.468783996447085127e-01
-4.633749970894022324e-02
-6.344338729769516405e-02
3.778355210794061003e-01
5.745841650969671921e-01
1.767227150687739889e-01
5.512352808419323374e-02
-4.389767965648617987e-02
-4.955773147522902211e-01
3.302030719776761214e-01
-1.695137677507629614e-01
-1.799576251704624319e-01
5.036234303793941658e-01
-3.519625101636804643e-01
-2.276082268888474092e-01
-4.858308456542978493e-02
4.273983373410605857e-01
-7.150418092735039144e-02
-2.783513457706087713e-01
1.540645650846043380e-01
-1.910351548907565644e-01
5.817417843816569817e-02
-1.365290930960335603e-01
5.798049546808308613e-02
-4.006433725287466552e-01
1.246448744861387986e-01
2.057597444040593915e-01
6.998606360131758020e-02
1.524126339487760773e-01
5.396880337271206529e-02
-1.120794305683384950e-01
1.120388905681156816e-01
-3.497583258144517093e-01
-6.612080722638423447e-02
5.329350854962032757e-01
-7.541447413963257851e-02
5.854377719567643856e-02
1.498009481371283258e-01
7.919291522468915323e-01
1.039650602130763324e-01
1.312455398066404710e-02
8.011680128380356536e-02
1.719985773444854260e-01
3.286357060264787078e-02
-4.830989901566900072e-03
-2.979580798350933146e-01
8.611902169835941590e-02
2.499516962382371255e-01
1.807351979517926865e-01
-2.745715984686954991e-01
-1.330263826908001379e-01
-2.460966533135470480e-01
2.765466203407859758e-01
-2.701670535114232274e-01
-4.574616412656999365e-01
3.712514616658460498e-02
-1.844254726428919688e-01
5.599263884699823279e-01
-1.163246686999618723e-01
2.091920187186852298e-01
5.727753314021714198e-02
9.002744136474581937e-01
2.605048924900779106e-01
-2.747664972806816985e-01
6.324952265443949395e-01
5.396079666354874904e-01
-2.256727735985921985e-03
-5.297304936620542692e-01
-4.195779851881369371e-01
-1.511069777854345819e+00
1.483808699914852536e-01
-5.915095687097450261e-01
1.008496194066994534e+00
-8.527522687256090528e-01
-2.013255056320701342e-01
-2.321872032370519978e-01
-1.861993530495982263e-01
-1.123393482560567508e-01
-2.294708195295358799e-01
4.465714272368635496e-01
-2.209736778841532856e-01
-1.122540001193461645e-01
9.701673135967661676e-02
-8.944367818031770390e-02
3.888228561245560821e-01
-2.419922919076612777e-02
-4.953751047951237413e-02
2.627879128524542862e-01
1.616998102400020731e-01
-3.605908150614837299e-02
-2.690630393368788065e-01
-4.185576270457024017e-02
-4.080158391690967834e-01
2.755662221352565000e-01
6.207561640381692447e-02
-3.443442214965685144e-01
-2.714372155276309484e-01
1.860498694434193079e-01
3.762094284837202290e-02
-4.693376937424046519e-02
-1.412374441688759308e-01
-1.944750616839032997e-01
-2.204790800390370176e-01
8.716192401250053012e-02
-3.208269434574145262e-01
-5.401565923373272682e-01
1.992269450768358041e-01
-4.571982944787642000e-02
2.951671287009787203e-01
1.616412262308077608e-01
3.577922674086090327e-01
-1.010886563275440186e-01
-2.299146252568506910e-01
7.157493085722612669e-01
3.705317910158440475e-01
1.400961198327295598e+00
-4.591247680407461451e-01
2.863677882760582438e-01
6.703175479467543552e-02
8.532179669541318789e-01
3.654286055112813680e-01
2.270350869474058175e-01
-1.720590998032656693e-01
6.749868423277165241e-02
1.089701147102783318e+00
5.386460745888590473e-01
-2.068158010737009833e-01
8.516944671806336853e-02
1.965374302449744981e-01
7.084127417505277080e-01
-2.047322596598933064e-01
4.410241447959972194e-01
1.935508801772895249e-01
4.833624322342372492e-01
3.551770848674589698e-01
2.478581762214732420e-01
1.609575669581627122e-01
1.441577132868109880e-02
-2.571879602748816662e-01
3.426053768447276937e-01
-6.275021964231846106e-01
1.922664656483403234e-01
3.964394163762969825e-01
5.153165209626400789e-02
-4.970430166320528587e-01
-2.665779295614233158e-02
1.356707142850792636e-01
2.997164749116036642e-02
3.921549547854465412e-01
1.225236319878947600e-01
9.754391251041424904e-02
-1.783605340359623037e-01
4.341733596845889775e-01
2.143654659909497717e-01
2.684221571917965177e-01
-2.114240799829650852e-01
1.032748491075171499e-01
-5.431681286027718603e-01
8.040004246378622266e-02
-6.104674297219807588e-01
-5.288928478463560123e-02
-6.573279412474593020e-01
-5.330760036709825123e-01
2.416713179584599469e-02
8.662754397986689447e-01
-1.187061838529675645e-01
7.996218560431388178e-02
-4.586381884213815430e-01
7.774342441168843321e-01
-3.794762294101623051e-02
-4.200968808443555219e-02
3.052310995454479703e-01
-3.464405685191612738e-01
2.189705235969801600e-01
1.124059321499740527e+00
-3.060459008366775077e-02
-2.210045198177443548e-01
-3.870022190245381855e-01
-2.188135437257676952e-01
6.184634939866965990e-03
6.200477850628691723e-01
3.191061920919147088e-01
-1.149678489851058832e-01
9.996267582329365631e-02
7.450392450745202400e-01
3.956240779404620045e-01
8.183047650065342071e-02
-8.582167676520906507e-01
-2.059667127072482840e-01
-4.943089831200537382e-02
2.267265490801640138e-01
1.476553592530895354e-01
-7.391501425746851428e-01
-2.283437118581135850e-01
-5.433433277552424112e-01
-4.034136209095910419e-01
5.042973676211000983e-02
1.303824503011177804e-01
1.112819406914476207e-02
-1.291429768155466853e-02
4.092577201566965223e-02
-2.221885775318885869e-01
6.730249314566487673e-01
-1.847523012765248662e-01
-1.097962519885423704e-01
-1.645150133990072594e-01
-3.671461862189009939e-02
5.438538411658383476e-01
-2.686295214609733528e-01
-1.660727056089580655e-01
4.697272056606750790e-02
-2.773533489946921615e-01
1.663863896624879490e-01
5.526491248188640792e-01
-2.889173774252732918e-01
1.846315227956026317e-01
-2.723272253222397410e-01
3.046468888004322806e-01
1.339660286515056420e-01
2.629134545768900266e-01
-4.307024350650822120e-01
9.256613594024565295e-01
6.070882205129426445e-01
-4.749961639530762558e-01
-6.873671397699618879e-01
3.796893287628714253e-01
1.627239133206590249e-01
5.532340445027783549e-01
-9.168808817679252599e-01
2.513558330614125147e-01
1.211799187673319039e-01
3.396435402916334612e-01
2.002537499946525357e-01
1.171356402435592414e-01
3.733749913384338259e-01
-1.472749178522705579e-02
-1.902610377258871499e-01
-3.700515289058672330e-01
-3.892142771416602365e-01
-1.885373518632492418e-01
8.097700613187391872e-02
1.482893457083029887e-01
2.838417398099926103e-01
-3.071534118953652137e-01
3.167704289741141155e-01
-9.669446602519826683e-02
2.497019769392814503e-01
2.362249899854952095e-01
-4.730509922210184848e-01
-5.716592755914918778e-01
-3.745599661894956633e-01
-6.457089417724840574e-01
4.338309721071156172e-02
1.920735519242167400e-01
-4.190623859728309641e-01
2.932953325405081649e-02
2.180808716911621006e-03
2.409950166042225117e-01
4.894470774713176320e-02
-8.266500149952971110e-02
-2.998640699076214333e-01
3.874787721871931212e-01
2.833001034076286229e-01
-5.557060209866178102e-01
2.685747697462185779e-01
-1.389356256240892318e-01
3.398607592013388468e-01
3.905778725004391827e-01
-2.329721741237445187e-01
9.086232195414807589e-02
-2.485132003193790406e-01
2.182060768628787256e-02
9.517931645698587961e-02
3.155198054154363385e-01
-1.252434365962949159e-01
-1.886165816440757426e-01
-2.724691512658583559e-01
-7.371038746100015693e-02
4.113114473639351010e-01
3.255054649487787617e-03
-6.866068112053280714e-01
2.462834210594742890e-01
6.655729241376495686e-01
-4.136039647957548415e-01
-2.403778237016660213e-01
-2.191686846617564022e-01
1.860019440610910513e-01
-2.861413304970853930e-02
-4.968209418686965750e-01
1.953222656099239118e-01
-3.057663142152851066e-01
-2.313966014388852133e-01
-1.815213373541400832e-01
-1.059587712710138574e-01
1.307369610942376581e-01
-1.067474895564789611e-01
-4.865308287057109049e-01
-2.372404353748900629e-01
1.088011212596865646e-01
-5.387752855490205439e-01
1.302444189577847411e-01
-7.721730814299215817e-02
-8.168465315526224693e-03
-4.516573389230617575e-01
-8.457713821397448706e-03
1.298006819716780377e-02
1.238523926540004011e-01
-2.091574710144798177e-01
-5.219333668549037686e-01
-1.099876068747413227e-01
-6.219712925246790453e-02
-5.435645059197607293e-02
2.293320072628439732e-01
6.612427112990311440e-02
-8.507489682414738630e-02
-2.914518867908994504e-01
-1.189483035448816728e-01
2.282818283493885311e-02
2.244091324160088774e-01
-2.693223938817123075e-01
3.612944888855773584e-01
1.645360004336018922e-01
-9.175336719066073954e-02
-2.784029686721599117e-01
-1.015759618481499177e-01
-1.900784411064024848e-01
-3.270105155390499729e-01
2.467756310744497958e-02
-3.141501847248799884e-01
1.057096532728480226e-01
3.410213980268724798e-01
2.576355676158695873e-01
4.661763711155710310e-01
-1.059920972185050686e-01
-1.362544557194544648e-01
6.915253838489009153e-02
1.433003799545098100e-01
1.380964839147686141e-01
4.868301261223106358e-01
6.419801574349849327e-01
-1.079058809171509203e-01
1.075708595641396315e+00
-4.452277954466768994e-01
4.459926003885957696e-02
1.065404161639305070e-02
4.060874947803333468e-01
-2.563823842824453636e-01
9.435105213032882188e-02
-1.356030568555787741e-01
7.703754914903095941e-01
2.349239812735210708e-01
-8.134588421303559636e-02
-7.584082734484807187e-01
2.986548539196982044e-01
-2.368257351607762073e-01
-1.512542406060888578e-01
-1.886576283031357049e-01
-2.786896818358169936e-01
7.064269152107206795e-02
3.081895074851483465e-02
-2.520681683558552710e-01
1.483023735602433668e-01
1.138792907007367822e-01
-1.263907379675955622e-01
2.677779245819625897e-01
-5.543594216361346083e-01
2.827242586799492141e-01
1.405126883014927441e-01
-2.662595807499403278e-01
-4.806999600431800107e-02
-3.379483409614070233e-01
-9.898263279134252024e-02
-3.958973339696296723e-01
1.547654154555272166e-01
4.821282710924945092e-01
4.631973498944698397e-02
-3.126514193033711475e-01
1.458829592405440079e-01
-5.701219476623174687e-02
-1.914239721080707168e-01
1.639642003350742783e-01
-3.272850916990036607e-01
6.182634092056205066e-02
7.341093251854291513e-02
4.487374641973631562e-01
2.258974249647983934e-01
1.094910839016835502e-01
-2.541966923776876053e-01
-2.088646568086252042e-01
-4.385331050586119273e-01
-1.051097275404970499e-01
1.683141954176870791e-01
1.012472386434196681e-01
-2.486591308602825456e-01
-3.379528575303825111e-01
1.831146247047870518e-02
9.204997839165394991e-02
5.205151632539347650e-01
3.821309930385499709e-01
1.480699559503907414e-01
-4.711797921432706593e-01
1.899291948778467631e-01
1.008123537002037162e+00
-2.490645890821298059e-01
-2.750489162466471932e-02
1.416844564350843994e-01
-1.903421744935328008e-01
1.389458141581771389e-01
-8.387042630967010970e-01
3.218951720419502283e-01
-1.215751466821715226e-01
-2.008879773474084585e-01
9.813011370812381451e-02
2.307197574231082959e-01
-1.480390540626159990e-01
1.380833439693889275e-01
3.254365699188689343e-01
3.589545235786283928e-01
-3.454439355902655384e-02
1.280373025676249943e-01
3.041717199870927479e-01
-1.384294083081965832e-01
-2.272681039219141552e-01
2.549816563375731926e-01
-2.248683781031201798e-02
2.700536314834813267e-01
-3.209654736240645234e-01
1.624686640118335745e-01
1.501258855876014264e-01
4.903308082457372846e-03
2.652507215687237019e-01
-8.027723601640186779e-02
5.271443224846712461e-01
2.218321515557975243e-01
-1.534331993737812483e-01
5.198401800799763439e-01
-1.759547374457108015e-01
9.359406395692203284e-02
-1.152623802319107695e-02
2.227265978126654333e-01
1.539575579455806920e-01
-1.068821505288421320e-01
-1.097245217027651876e+00
4.829683748563688983e-01
8.308906780400602266e-01
3.044480393198402135e-01
-4.356520350631064020e-01
-1.296813347361019109e-01
2.959244840655806397e-01
2.027068564699058967e-02
-3.222884059619104402e-01
4.846005167929005597e-01
-2.963632962577448238e-01
1.205212500298020184e-01
1.975483809852208172e-01
-3.202991244107675911e-02
1.956591373234038700e-01
-4.488894778556347109e-01
-4.537921076989446245e-01
-2.188800437149832079e-01
4.391214533128957043e-01
-7.124358766330559645e-01
4.436911115548899248e-02
-2.412891049573583635e-01
7.153691029151936220e-01
-6.513510419727791545e-01
1.592096755302775390e-01
-3.495447393491128013e-02
-1.315723823797111114e-01
-8.559036398065482387e-02
1.918871572687696481e-01
6.907838795751003458e-02
-3.563961501164270018e-02
6.448398085809854685e-02
1.815724341409279685e-01
2.538193614486040639e-01
1.836530876517544486e-01
3.625807136610458836e-01
5.245745490309419029e-02
4.226831044484613553e-01
-3.921758838547374504e-01
2.767865514774028868e-01
-3.813916984729606718e-01
-2.372468171347323629e-01
2.609870208478824449e-01
-6.312785349307527272e-02
3.107783188462747148e-01
2.128843312899156015e-01
3.319319093129919351e-01
1.551233442059082313e-01
4.161460129092422466e-01
-3.666913265492036805e-02
2.494982720249831754e-01
-9.436743690346757751e-02
-9.709979418441171128e-02
-1.686170581734394713e-01
-4.175838213339940763e-01
-3.301697466550085891e-01
-9.447865763673951589e-02
-5.608179743694154951e-01
1.471264375097926513e-01
5.923602039733443236e-01
3.887475743214276469e-01
-3.598429589412503460e-01
1.225501568314630418e+00
-7.174193034256209911e-02
2.999812439582050239e-01
1.022536933143858434e-01
1.633713904004616968e-01
7.396687147150106389e-02
-3.210730791564244124e-01
-8.905386100269579996e-01
-5.434878086809287190e-01
-2.026491412355133359e-01
-4.037969457077384416e-01
2.647296891759782778e-01
4.428210257123748606e-01
6.760904137494938571e-01
1.040982619726029540e-01
2.201863787213761969e-01
-1.387186826633277636e-01
2.698072008677060082e-02
6.226717782279742597e-01
-1.243001445037673902e-01
-4.426623332134432265e-01
8.996286664804577227e-02
-9.416783740857324891e-02
4.071557594751252229e-01
-8.530407124464356450e-01
8.688305319956066142e-02
2.400097048291963964e-01
1.110820978171082607e-01
-1.391821108252054018e-01
-3.847548421836235327e-02
-2.606517302450297446e-01
-3.803014841346721744e-04
1.938035764986757170e-01
2.428802109621626681e-01
-5.442286498430505270e-01
3.100833127237024867e-01
-3.426388755482039361e-01
9.131744787233356808e-01
3.026168205440459835e-01
3.521473790676170335e-02
-4.239556344228815887e-01
3.019989444258738831e-01
1.737735709001402007e-01
7.460630921214520539e-01
-9.549156233459177301e-02
3.815635459333656110e-01
9.935426184480342093e-02
1.435340775236370325e-01
-2.932805598242084824e-02
2.586767735959942249e-01
-8.658782628191240560e-01
-3.815410597805453108e-01
-1.533333207671398225e-02
2.017837836916021657e-02
-9.535457504919366001e-02
1.785283793671985364e-01
2.429853901920095149e-01
-1.879889398512238075e-01
3.021360162998673049e-01
-2.739488941675007894e-01
-4.773557487905514263e-01
-1.466159981697160719e-01
2.298183893745905926e-02
8.138543847324765379e-02
-1.430782422386448760e-01
-4.737512566697008043e-02
-9.760455874208325000e-02
1.460973735201352708e-01
-1.226636759935594290e-01
-1.229305738723302927e-01
-3.185665235198507084e-01
-2.199947273877839449e-01
8.846460185424037670e-02
-4.990172176481024735e-01
2.367634378132398854e-01
4.229744695983528313e-02
-3.373896038337860781e-01
-2.186653277422318242e-01
-1.874344139046613678e-01
8.906984810037013589e-02
7.709313616038986072e-02
1.312203838636203379e-01
-6.076025011929857278e-02
-2.042022785689527331e-01
-4.370869474672860189e-02
-1.793121248601377005e-01
-1.779637287903829135e-01
-2.500869849807933476e-01
1.351361254235761145e-01
3.985514262106686773e-02
2.021881649195374220e-02
-3.155841777314974950e-01
6.325042781530623714e-02
-1.167282472739716997e-01
-2.548558315944434161e-01
-2.690981264221518066e-01
-4.194388207555176940e-01
2.683786444965358120e-02
-1.355724803048667104e-01
-2.785994429679222728e-02
7.276753764867352481e-02
-3.404819839955164351e-01
2.895237186340436364e-01
-1.492474172573788338e-01
9.080835962395396310e-02
-2.156138698051359159e-01
1.893817659377687868e-01
-3.517086887783214544e-01
-1.434547467380350161e-01
2.647888102783428899e-01
4.772574124792695882e-02
-3.132400947007189518e-01
1.779180754984666102e-01
-4.426911732718357695e-01
8.503974278099540873e-02
-2.909516308956302741e-02
-6.997949459433261410e-01
4.781841913534697341e-01
-2.637943428630295517e-01
-7.168202478555427137e-02
3.216120099954504485e-02
2.700278421599935363e-01
-2.276273819588610359e-01
6.730252676553812041e-02
3.340685605148620285e-02
-4.589889453555958676e-01
3.809924730946979143e-01
-5.135637453961412469e-01
2.499668531427014784e-01
4.594343373124761265e-01
6.036924349236899578e-01
9.126317126122540646e-02
-3.988456656103845366e-01
-5.237593751644708390e-02
-1.007391827508664628e-01
-3.553480381722816106e-01
1.070368449237931244e-02
5.110212093264130395e-01
-1.699399406579223670e-01
2.433926139979949443e-01
-3.152813141640201100e-01
2.623204196886470552e-01
2.545831113061052253e-01
8.301995871617078027e-02
2.899606673485379260e-01
-5.050904257308551637e-01
1.924726811699841444e-01
-4.876744313910024164e-01
3.624672523204165997e-01
5.816011898396867830e-01
2.000155312981236333e-01
-3.165523734384526056e-01
8.541987031295492083e-02
-9.597385536658965691e-04
1.593498300457260042e-01
-5.890151848483993202e-01
-5.649308514688117233e-01
2.596273947335807630e-01
-7.339018736845952517e-01
-9.112147523864139176e-02
-1.232918081145850525e-01
-3.969528853955052727e-01
4.587522851772069532e-01
6.653064775600120440e-02
-3.661859697716835504e-01
-1.667526590408601739e-01
-5.571718807176281353e-03
-2.103090906693967643e-02
4.265123221291078903e-01
2.492394941497270977e-01
-3.348296661980443290e-01
4.850422045700603646e-01
-1.995996286862610769e-01
1.427693813815878454e-01
-2.845199053622999436e-02
2.272181547466619600e-01
1.449215691716559118e-01
-3.284580521754680849e-01
-2.758438289297989177e-01
1.091279885011400413e-01
-1.516179121819181408e-01
3.375373061883348014e-02
-5.263086141580369803e-01
7.934639517344346457e-03
-4.488436063868530557e-01
3.908951920894911392e-01
-1.269149187862243511e-01
-2.210454974012591722e-01
-1.417065013683463659e-01
-4.321096156144976774e-01
-1.657817372702398775e-02
2.207975198387436833e-01
7.054170747073216230e-01
1.108096122065197753e-01
3.616418774097098221e-01
-8.965488019531193675e-01
7.988446001436845245e-01
6.808508346587542892e-01
5.404014071419507848e-02
5.650975617159571529e-01
-7.586383645282902544e-01
4.147618443807042921e-01
3.472060533524041204e-01
-6.350532278293188337e-01
1.806538502996015427e-01
3.482860773477398642e-01
-4.884246772511146029e-01
-5.934695015790465433e-01
-5.802348517612149204e-01
3.337999731842600792e-01
1.138072572759309953e+00
-2.730456265838904772e-01
-2.818963258204622013e-01
4.048047287833551056e-01
-6.097910509821077296e-01
2.785778712126585899e-01
-1.043385128384050953e+00
7.257524346930087356e-02
-4.488260979513988280e-01
1.864244549149590147e-01
3.353981986506033297e-01
6.638182829762796777e-02
-9.845808994107439760e-02
-5.989439397144622791e-03
2.101301503782640745e-01
-7.115566214949173851e-01
4.392845077028665890e-01
2.011804957745449429e-01
2.724052035626953194e-01
4.324661055745718241e-02
-5.626980526892571000e-01
2.442528598112841676e-01
-1.475409115906310339e-02
-1.442181124081034771e-01
1.021672484065509340e-01
-1.295422729637946829e-02
5.438081151700016047e-01
8.236132470299907526e-02
-1.544049135194722026e-02
-2.255748978998285970e-01
-1.146898144791174551e-01
-4.504646915716958300e-01
-3.843190617333635400e-02
8.973353030682425235e-02
8.650451631448560774e-02
8.075137015034702381e-01
-1.369820320397576729e-01
-2.410001218340675766e-01
-4.491115669546041356e-01
2.133098065197265858e-01
-1.936002947500138904e-01
6.255744526540098216e-02
-6.531004795068700020e-01
3.403735296960300749e-01
5.745444072135172942e-01
4.506424522319344983e-01
3.244626148601436610e-01
-8.329044941187612183e-01
9.990014253192350258e-02
5.550879396277765693e-02
-4.803514716264021822e-01
2.791006938872089491e-02
-3.598627734261315991e-01
2.452443970927699335e-01
-1.386299711969742610e-01
3.479604768689787408e-01
-2.794960551732991738e-01
7.007054317162411117e-01
-7.380036767731137926e-02
-1.233750694537858739e-01
-4.605253629850473707e-01
-3.305603652143304649e-02
-3.543528354454561491e-01
-3.264322373846005321e-01
4.996911928401233105e-01
3.148923594036850404e-01
2.280642510109242016e-01
7.042922417937710899e-02
2.047488842292323474e-01
2.692877286157793759e-01
-3.888726317332196758e-01
-8.235337601174828881e-02
-5.173911847798692287e-01
1.081998841302410225e-01
1.051894905765025784e-01
2.073699333570414027e-02
-5.998490291680231845e-01
-1.615929669102095789e-01
-1.411426377497827511e-01
-2.340028649073575828e-01
5.307380064036125444e-02
-1.915590346595423543e-01
-1.600380615372712645e-01
-2.550952668828893044e-01
9.272267712690940300e-02
4.312539562796746107e-01
1.506953525410877348e-01
-2.824330596375721480e-01
2.950914748827597744e-01
-2.217622405608308395e-02
8.821097212492844120e-02
-2.630115822805446577e-02
1.846962834582039081e-01
1.412977562623736472e-01
-1.195175370473340777e-02
-3.206696611000692809e-01
-5.135770480446231329e-02
1.794804307970995216e-01
6.538248213730191161e-02
-4.615462095999824377e-01
2.307276300105381289e-02
-1.199180937316598194e-01
1.284852020638978520e-01
-1.862325106759935012e-01
-2.944871867535847065e-01
-9.482209569380993519e-02
-6.746017396996066839e-01
4.806550056853196168e-02
-1.179089992389037722e-01
-5.624356276341967859e-02
3.322185380399708676e-01
1.241378133842041681e-01
-4.295056892823583827e-01
-5.300353084009549152e-03
-1.242769699329180355e-01
2.051492836168569700e-02
1.948456883344022450e-01
-1.179590600633487751e-01
9.717439095985090647e-02
1.436563946527875113e-01
-1.110055782063834817e+00
4.105237646588393852e-01
8.469417546223759752e-01
-4.030216165168402920e-02
1.779421586743199779e-01
-4.033943709855008497e-01
8.009044407945221655e-01
-1.514684516492078303e-01
1.046197032718162029e-01
2.860450692666399175e-01
-6.623882814365751326e-01
-7.136065941641259180e-02
1.909696173606274805e-02
-6.453448702549439142e-01
-4.153848789915359219e-01
2.594803694043049669e-01
-4.278227201056881146e-01
-2.487972330845948932e-01
-2.478506748345585819e-01
-1.787990400522438683e-01
6.557535033043161710e-02
-3.500488055566687573e-02
2.374928987691739546e-01
8.184399201505312971e-02
8.869820492925285793e-02
8.247632627050217879e-02
5.752886393122436798e-02
4.566182845225221776e-01
-5.241412593294972888e-01
1.296470552049737990e-01
-3.445604400715724380e-01
3.824419895851414175e-01
4.708777394059895371e-01
-9.373365524509497115e-02
4.435289308709244316e-01
1.716091640999193035e-01
2.849403001949166181e-01
-1.193734440876618140e-02
-3.650726434402629811e-02
-1.476961395538181065e-01
-1.702290657218506476e-01
-4.455246837404951421e-01
1.879576316342853048e-01
1.450673468100589503e-01
-1.045588089072428811e-01
-4.014747272746314044e-01
5.385686931439474107e-02
3.431617676738400458e-01
-3.640646102594201627e-01
-1.810874587617373327e-02
-2.860226506115778888e-01
-3.009614038060977603e-01
-8.662724375488864426e-02
-3.004397664288868119e-01
-1.496624299315875151e-01
1.488913949059061936e-01
-4.336848805262568524e-02
2.641931593041749182e-01
2.128965602455638595e-01
9.806589056916711900e-02
-5.828266823640165795e-01
2.269591797298024793e-01
-4.280689649142161747e-03
-3.654220624386979033e-01
-9.617627365825137664e-02
-7.309561860312710491e-02
-2.699184748311488358e-01
4.598009673920379070e-01
-2.506492774939595991e-01
-2.225136510170570153e-02
4.835938036336798196e-01
-1.272167550968547334e-01
-2.259637824704603948e-01
-2.442418732615951604e-01
-2.360024782396702714e-01
5.004055308420768400e-01
1.009657985469971098e-01
2.120713734322355049e-01
-2.697524778006569202e-01
-2.277547889056079078e-01
-2.636432596683559448e-01
-1.631281326443210708e-02
4.405379257221445077e-02
1.447026893856878382e-01
1.555164879243679452e-02
-1.728938364669388716e-01
-1.394017186881384152e-01
9.038541611369725615e-02
5.888028262058787876e-02
-5.894936237021759506e-01
2.927907524982218956e-01
2.233038247374751484e-01
9.666660431462999192e-02
-1.374006597417330722e-01
2.976395254734309215e-01
-2.419882724110815619e-01
4.984527446943513851e-02
1.440436387100758608e-01
-7.595902175934088341e-02
-3.027693746515828788e-01
6.130095030720731364e-01
-2.159466461102652335e-01
1.464892600121404098e-01
-7.422218891872039981e-02
7.119095873219769000e-02
-2.651107786169122904e-01
2.691294299961401529e-02
-2.867477236548605923e-02
2.138577522558430810e-01
-1.367013795052342273e-01
7.767388793325008534e-02
3.413770774053053181e-01
7.803869876313999920e-02
-2.676810186639614897e-01
3.228893082120390945e-01
-2.350694191424466395e-01
6.083928538968327304e-01
1.946929803818400195e-01
1.154800713801882317e-01
-1.261723066879286703e-01
4.674395443447859066e-01
-1.169234167853513973e-01
3.875270907217041039e-01
-3.985704560184792633e-02
-4.092586456855469845e-01
-1.468959095711470930e-01
-2.597033395082262164e-01
-1.105387389910012230e-01
-1.377383567605925119e-01
5.417986371262905054e-01
-1.707800175561500489e-01
9.963653926147154893e-02
1.940998746506507056e-01
-4.572623845792326280e-01
2.900406263446212440e-01
-5.032974328267927344e-01
6.847159051807983898e-01
3.797945360269151804e-02
-1.970084403855216215e-01
2.423944670151922387e-01
-5.378593090535299659e-01
-8.159778266246848766e-01
-5.822560624239893068e-01
-2.535959712161738877e-01
-7.425123830399351643e-01
6.815429081107271525e-01
-1.341913858167962381e-01
2.312412668796805515e-01
-5.793038125251184084e-02
-1.069333225157252376e-01
-5.732684533936639459e-01
3.304467241877688255e-01
5.603583209438285362e-01
-1.242272053565759288e-01
-5.126070547589585136e-01
1.342233775390416217e-01
-4.890601604581579220e-01
-5.791329612708674413e-01
-2.832742137982285913e-02
5.659316969650309836e-01
2.610654896953965021e-01
1.509082372442931419e-01
6.212042656755280973e-02
-1.600616049196535162e-01
3.856865531643431377e-01
-6.225733884529641715e-01
1.411448891535298233e-01
-1.814377701704444901e-01
2.510413677392779319e-01
1.360952931154721102e-01
4.103368323151953545e-01
-5.213942906465974803e-01
-3.125919307348219434e-01
1.984092381996069021e-01
6.385960836441493260e-01
-4.864097154134833234e-02
6.084509449693852323e-01
-9.989156211296416898e-02
-3.516866750369805894e-01
3.054839852743668760e-01
-5.200678824260580174e-03
-1.483562147418584776e-01
-9.158896961168348783e-02
-1.064651127393090877e-03
4.157952811979789831e-01
9.306629391546313024e-02
2.481915471875943968e-01
7.673125813465232758e-02
1.989191225643597294e-01
5.861537841996590226e-01
-4.274786914799618039e-03
8.891956614142892262e-03
-1.024379549458167074e-02
1.177153870805350694e-01
2.129142103179385848e-01
-1.278973240689399993e-01
7.753048589727427053e-01
-5.867500369904948831e-01
1.069198167311709441e-01
1.465513031761884744e-01
3.663329557153016669e-02
-1.080578848809368442e-01
-4.950199714733118789e-02
-5.005815577817357420e-01
-2.154852118041142850e-01
-2.555850026060862978e-01
-1.717279773076538507e-01
-3.355116942183491435e-01
3.117893367169405350e-01
-7.665753596076096965e-02
2.422441942180862395e-01
-1.859176459072450771e-01
-7.828630828862323532e-02
4.285880714138078779e-02
-2.025399899264108960e-02
-1.261200444284843458e-01
-2.035779949270818262e-02
1.345117842493112337e-01
2.799755074332674343e-01
-1.384064125736264861e-01
2.394686480409688196e-03
3.232666002883561873e-01
-3.493415466868817210e-01
-3.395382589211691504e-02
9.898301140808368412e-03
-3.644194279630212918e-01
-2.691366670536269878e-01
7.523663538965555397e-02
-2.594924651196728882e-01
-4.490381092490981496e-01
-1.642566908205214948e-01
1.974945827663493192e-01
-6.160063324453561584e-02
5.868002298002830686e-02
5.413673309008493195e-01
-9.356771228260991891e-02
-2.148365089033057451e-01
2.241542840746800214e-01
4.070469415846880712e-02
-3.405431443334520081e-01
-4.861879489630267087e-02
1.313282260319227901e-01
-1.275944459324654390e-01
6.356707005980208880e-01
-2.092891536558421084e-01
2.654148462290037425e-01
-5.100239673067352708e-01
-2.844141494396276032e-02
1.558646541881706926e-01
-5.589194192096783587e-01
1.848151322952414077e-01
1.458279917256929681e-01
2.197778365634728004e-01
-4.436701316191975497e-01
1.162098151212899444e-01
1.133337743122310448e-01
-5.657239093571446720e-01
8.514554005931935787e-01
-5.012732880124817214e-01
-1.326737428447372913e-01
1.955123305778509735e-01
3.522320200446246163e-01
8.145637413754559797e-02
-4.110477046400139445e-01
4.912233912279433956e-01
-5.147314005261567349e-01
6.777605038540599480e-01
2.381251578037637817e-01
-1.397965122439400742e-01
3.920504301450341567e-01
1.780028115517706677e-01
-3.583942711165723494e-01
-3.906604665391320563e-01
-1.837781115254885633e-01
5.233287869880692833e-01
-1.293890227326281554e-02
4.013708905992176001e-01
3.273585908932589716e-01
5.851389994764992497e-02
1.018216261943524492e-01
-2.723214601398381562e-01
2.009581942172595226e-01
3.377779629954634766e-01
-6.259386340863672960e-01
2.342496777072719527e-01
-1.773752728921529354e-01
-1.506974044729352535e-01
1.146116883620675597e-01
-2.220343600006908225e-01
1.272909029203174169e-01
2.901072870953738669e-01
2.154169514636728455e-01
-3.375014072907547846e-02
5.200856998461803604e-01
-1.551877630886428772e-01
7.033810245552572782e-02
5.764285430004716382e-01
-8.221206883436006363e-01
4.616322245288874693e-01
4.952684057568679243e-01
2.975067839706382333e-01
2.216737198213691584e-01
-8.937033990546575796e-03
1.331182834681357841e-01
5.374751009453123674e-01
-2.771195269589364907e-01
2.961607928140063128e-01
2.008329766264772831e-01
1.901941999716026122e-01
-2.619766188725701772e-01
3.931513332113917847e-01
-4.526362590088198190e-01
-5.336161216634840443e-01
-2.000125630155513423e-01
1.486450763284061782e-01
-1.034777159796617385e-01
2.398370974916722020e-01
-3.131259154194849237e-01
9.108438124980486328e-02
4.115828147632646927e-02
4.821804814175360832e-02
5.451747891296627735e-01
3.299860149949326860e-01
-8.022236942250489111e-01
-9.652768370020613220e-02
1.965061127054978651e-01
-1.683327234714952214e-01
4.903243687845681986e-02
5.132447979752220724e-02
-1.038138626800747671e-01
1.622678472196041055e-01
-1.228849231096600103e-01
-3.132361767917807849e-01
3.579037003745260126e-01
8.359971402615494485e-02
3.507354425029412526e-01
6.551103513623217633e-01
-1.913005241625823916e-01
2.590823224041052253e-01
-1.336320088748682230e-02
-2.440382869273893529e-01
-4.622846856162166618e-01
-2.267525235922847604e-01
5.100486780548901811e-01
-4.935406654477749733e-01
2.800762147170976490e-01
-1.575887914047336136e-01
2.342605109698316646e-01
7.961252118812545131e-02
-1.471878868929946405e-01
-1.424128557771659476e-01
1.966492272965106314e-01
4.024800605560027722e-01
-2.666788118141744657e-01
-2.338885236060079253e-01
-3.399306958125990208e-02
1.054145413553130364e-02
5.028992939601389933e-01
-4.585177000827553306e-01
3.426773134140270183e-01
3.266286890755903394e-01
4.938851597482487449e-02
-2.854550165714778709e-01
-5.437639206821603954e-01
3.001914687875126275e-01
-5.253589721688431587e-03
2.383273196542448971e-02
-4.217408147193756340e-01
-5.013323447575068065e-02
7.413135399683463966e-02
-7.532512892412808470e-02
3.216645530515647999e-02
3.469526372937448838e-02
-3.221759427532572828e-01
-2.279309188647814510e-01
-2.038431512697723991e-01
1.458409681416664994e-01
-3.799893940443374030e-01
4.086402499782421649e-01
1.566490598674718515e-01
-2.398013550648469827e-01
-1.751258357007548158e-02
-2.518256344975938199e-01
-4.519051879754410472e-01
3.679739410411191347e-01
4.111232799250389980e-01
-2.236477623963193107e-01
4.014485741754599268e-01
2.681271777758464925e-01
3.073411180004726462e-01
-5.713280446348879826e-02
3.784594283664180492e-01
-1.335553965873358395e-01
2.238766761656718618e-01
-4.994161470373843503e-01
3.818963072378355611e-02
4.653439525958687727e-03
-5.958942907946471745e-01
3.012913797256010495e-01
-1.882323468870857330e-01
4.279605877022615162e-02
-2.104620004876217865e-01
-2.442353041755984389e-01
-7.916969303186570731e-03
2.458702667686793464e-01
-1.180811083541893070e-01
-8.103014974725064601e-02
4.531844780553850316e-01
1.049816489936840069e-01
-2.303850079530919415e-01
1.811675552382525922e-01
3.728544907410548115e-01
-1.842975058428851509e-01
1.614761603474030027e-01
-3.857352873552960526e-01
-2.517288962120257934e-02
-3.006470016938778134e-01
2.120569618659852162e-01
-4.431568454614494557e-01
3.407271948718903348e-02
-5.194407995393492961e-01
3.732807642035700368e-01
-2.069521410837434350e-01
-1.963773257045418885e-01
6.318173302307479589e-02
-6.415318382791818097e-02
-5.683261014560398589e-02
9.581024734989737612e-02
1.209038684302618932e-01
1.632959083831838631e-01
-2.228798000145494340e-01
-3.179513432458800498e-02
1.818720408579349024e-01
2.731044361585339142e-01
-2.161966258646015049e-01
-1.017695623190153220e-01
5.941316020835870626e-01
-4.703283709738984575e-01
1.370149000088016419e-02
-1.123630325478744141e-01
2.609533741789922257e-01
2.341257229012846663e-01
1.472047380297153707e-01
2.076407427577890985e-01
4.091677991456404428e-01
-1.878590417647569288e-01
5.253746779216420526e-01
-8.587426935079292556e-02
-1.361050129578596501e-01
-7.596614174203574106e-03
4.146415791417151775e-01
-5.310485760217940193e-02
-2.326897046612640685e-01
2.091590627885963061e-01
3.486641039338742032e-01
3.355499070396498196e-01
9.591785870735049235e-02
1.243626521826872167e-01
2.611344011737692927e-02
-8.254880722146841487e-03
-4.853864013261339760e-01
-1.693967491207384601e-01
4.256779526201714958e-01
9.354058844583304499e-02
1.094620340192141578e-01
4.482343744402633723e-01
4.412233947802501888e-02
-8.482725902091949044e-02
-7.602201944505931897e-02
1.871887485353115332e-01
-2.555048061511672741e-01
1.871854460257020569e-01
2.315745167765903278e-01
-3.584906697641357942e-01
-2.247114156466777923e-01
2.105759927606664916e-01
1.352625916643906134e-01
-2.943207059060644060e-01
-6.583582904757558085e-02
-5.085896226652898700e-02
-8.828257815536574848e-02
-9.657651366443545382e-02
-7.917753527174718753e-02
7.349429542462726506e-02
-3.042765923515227885e-02
-1.698584032035618807e-01
4.794518142857663590e-02
-2.069800224789358212e-01
2.756036727608511816e-01
-4.853882937695679911e-01
2.739313294682212407e-01
-4.757424404806352980e-01
4.687695041823988773e-01
-2.395050847114831849e-01
2.791860329202788260e-01
-1.612325355074203936e-01
-5.165031517429325980e-01
1.862376308447743212e-01
2.618123855444918213e-01
2.123992477169274196e-01
-3.872261912078258650e-01
-1.202927231369526895e-01
1.910788418973576319e-01
-4.206614360105303541e-01
-1.900875365023759617e-02
1.740857785484439535e-01
2.008461447397155430e-01
3.152521768264591739e-01
4.199101546001236113e-02
-2.852609752305234614e-01
-3.742365506674265596e-01
1.558325614297202122e-01
6.489219910360767285e-01
1.497475142000935233e-01
-1.016996139948548039e-01
3.068272264777867006e-02
-3.825655294653720895e-01
-1.952154920878503008e-01
2.830039795154155047e-01
1.988747452854180975e-01
-4.451868208886204381e-01
-3.820267616276740719e-01
-7.743214376847168401e-02
-4.149495384445604507e-01
-4.621229973347931730e-01
6.799064366618390309e-02
1.405318248862994501e-01
-2.950987579809591921e-01
-2.000295141665423826e-01
5.034448076675684947e-01
-2.275782404963470618e-01
2.452725533436151684e-01
2.007703240564436276e-01
1.726269832151778871e-01
-5.691745543656008266e-01
3.884288161614165014e-01
1.870727288788350262e-01
-1.553442704577157052e-01
-8.626475549268518284e-02
4.672403363740938453e-01
-1.100371504960707125e-01
-4.397877486789762980e-01
1.386130983478420231e-02
-7.266161059943286871e-01
1.198939572609958731e-01
4.382750295119332562e-01
-4.782509238707795540e-01
2.061767820541130988e-02
-4.829815525100579765e-01
-2.474804555229551395e-01
-3.267625723245196068e-02
-1.272690794840206363e-01
5.832910812842853066e-01
-3.740703673780352290e-01
-4.944477572015687494e-01
5.555433836432660533e-01
2.797110587047671806e-02
4.094410167449752391e-01
-7.672690041112413539e-02
3.641682975528623412e-01
5.555648844048325374e-01
3.928489195763877895e-01
5.747655056067390023e-01
2.453941935897783755e-01
2.069129094998110041e-01
-4.468481432974341638e-01
-5.138518137262559904e-01
-1.266965202209694927e-02
-3.654278021847430780e-01
-7.274723216994632979e-01
7.963539230108215849e-02
3.434133423537433227e-02
9.213923172536847561e-02
-3.238102539062486240e-01
-1.311559165036015329e-01
6.482583226632893103e-01
-1.616903295043752853e-01
7.656280987275199124e-02
2.384082202040392340e-01
-4.444064784781021071e-01
1.072392480162059764e-01
-1.627014444911487889e-01
1.641346811129535954e-01
1.356524210532786823e-01
4.629764324307041323e-01
-1.276692894015780955e-01
-2.284439670787704879e-01
8.503854710261377070e-02
-2.173899689523328127e-01
-5.125193437020555409e-01
5.088397454469910652e-01
-2.441632284512812723e-01
3.156771093818665913e-02
-8.670827388725800555e-02
3.298855858187232926e-02
8.513613916421615135e-01
-1.268610573634038341e-01
2.335307157825344815e-01
-2.789581621387749455e-01
-2.715978574583229888e-01
2.308784571612619296e-01
1.413475826936554103e-01
5.692389940649074213e-03
-1.718632548483360889e-01
1.490242057431293843e-01
-5.204459731117008076e-02
-4.524582566817826890e-01
1.088648938655105980e-01
1.918978977379338924e-01
-9.312436131592933056e-03
3.514720723732953078e-02
3.481083131511523293e-02
3.150247598854933329e-01
3.502507251997233895e-01
2.230214252032423627e-01
4.868604984378748779e-01
-7.080830169119570194e-02
-3.778678733734027739e-01
-1.059354209703158717e-01
1.702359083104863086e-02
-3.104954976862562832e-01
-7.431801827810204930e-01
-7.503538594274237195e-01
-3.503203531154767958e-02
-5.688300673609334446e-01
1.634602543559937615e-01
6.044794994929627574e-01
1.209392510500912482e-01
2.261352480014162947e-01
3.605132032002758002e-01
-3.668025359416959841e-01
-5.627243906219687730e-01
-4.752832628609968690e-01
-5.053150603587676093e-01
-5.375704337622436851e-02
-6.966599350533336787e-01
1.435002045323556130e+00
-5.012940405743813166e-01
6.294621679336894760e-01
3.774504832329979576e-01
3.959162678197118979e-01
1.836466186061383177e-01
5.977743841332482100e-02
3.974223822333196043e-01
3.236570704771083995e-01
-1.660028579706435484e-02
-3.487018862394459240e-01
-1.209426198066993197e-01
2.194781563200408903e-01
-4.294503001930836672e-01
2.470191005508987347e-01
-1.474752346090396106e-02
-2.628725367055019246e-01
7.578061251688482380e-02
-4.630595891317293433e-01
4.474767524180758294e-01
9.500746833289627769e-02
1.258214909978226381e-01
-2.154874496995592414e-01
-6.058818929969198575e-01
-2.818910493063384592e-01
-1.783414976232862714e-01
-5.112435992946867680e-01
-3.641169757566057319e-01
4.755585619400415180e-03
9.195446906097985706e-02
4.900039685958881841e-01
-9.368084093835185588e-02
-4.251329019729472303e-01
4.532221691575736844e-01
-3.375777525273668256e-01
-5.007010360158474782e-01
-9.598272796652942973e-02
1.070838015982266272e-01
8.683384858905107695e-02
-1.287235117123999739e+00
-4.425053513471122885e-02
-1.550982270232032778e-01
2.347690226337052766e-01
2.511368839344489401e-01
2.598761853075662320e-01
3.285559017107828050e-01
1.189113061236237306e-01
9.049941750052384326e-02
-1.459595234717110668e-01
-2.946388571576137247e-02
-3.376680737889772299e-01
3.155020488638288906e-02
2.704090243254194115e-01
-4.902148570779306103e-01
-9.137347307755530612e-02
-1.371201919040656303e-01
6.711142714953194366e-02
9.390745641502178109e-02
1.606979975032895025e-01
1.238830673858958287e-01
3.111742510076753732e-01
1.424825575363717067e-01
7.286792413599853420e-03
-1.472722161889114811e-01
-8.387600190061457461e-02
1.134660597944880944e-01
-4.170467972812078733e-02
9.100018664091752418e-02
-2.430229524010700526e-02
-2.506362455533483469e-01
-2.706840940908721849e-01
-3.094042275325843694e-03
-2.264699809366105959e-02
-2.619739678928330595e-01
3.508106913407710858e-01
2.027810724435679390e-01
-4.105073109584834318e-02
5.099365396575052944e-01
-1.586142490771476343e-01
-2.032447032303224266e-01
-3.600436644676801023e-01
4.164551552437255333e-02
-1.729084564530569135e-01
-5.021204965389544084e-01
-8.766734311352279707e-02
3.281703831423785633e-01
-4.773834471642194321e-01
-1.919334676258269978e-01
6.425539600756441372e-02
-4.577446408837854697e-01
2.676434387843492149e-02
3.626676143572957894e-02
-2.897130754169830250e-02
-6.054242458907121982e-01
7.200247215571203840e-02
2.766301285551749367e-01
-1.257016859462420089e-01
-1.618280568674504982e-01
1.948546118016655504e-01
-8.927572036612582695e-02
-2.424073135862100659e-01
9.340258631605750927e-03
5.472861511296975290e-02
-1.306955508506956187e-01
-2.553322951309703881e-01
1.101727724075167447e-01
1.264384145770926227e-01
-2.272288270994342763e-03
3.422255865794909813e-01
9.421899768369310091e-02
1.276259968713183701e-01
-1.914885858360527437e-01
-9.533097691772164650e-02
-3.714471556240034888e-01
1.646148330638458057e-01
1.473321821007574084e-01
-1.278554054761846526e-01
3.831501788928844410e-01
-7.158295780154315391e-02
2.398721119197176344e-01
-1.070810176384598827e-01
5.313811222989360816e-01
-2.375382780588563836e-01
-1.902882651976417205e-01
3.154664113174282525e-01
6.604056636785284040e-02
5.285550630035818626e-02
3.555156391378532788e-01
3.728048686224964131e-02
-1.756102150724600242e-01
5.443537288388067275e-02
-2.136191250879508896e-01
1.010641978398542362e-01
-5.877257472709470632e-01
7.048194858533017859e-01
1.728108231046646404e-01
4.080766456093172512e-02
1.647279743855506740e-01
1.195805670442625923e-01
9.021324967592034838e-01
-3.812772287855343833e-01
7.860266969723495034e-02
3.054925067656015236e-01
-3.521124458224159093e-01
-3.424477964199177382e-01
4.830402553414094857e-01
-3.821720003709205837e-02
-2.903557876478495281e-01
-4.881148070389263460e-01
9.394577509428608808e-02
3.865129712122839512e-01
1.592183938917459199e-02
-9.444450393331754734e-02
3.465326968283200526e-01
-3.062940185892915612e-01
-2.594930887391762586e-01
-1.280467793229125295e-01
-2.445837016624571036e-01
6.963344693035475319e-02
-6.881590341035070946e-01
5.165659699273187494e-02
-7.156170718524035301e-02
-9.441913143666523511e-02
-5.018642882585057363e-03
-5.994760205817879495e-01
5.778764388930339446e-02
-3.516255692747384254e-01
1.124675932437749631e-01
-1.271297625157856992e-01
-2.453679090828853049e-01
1.232139465634800590e-01
-1.988741465296771371e-02
3.434759798103087514e-01
4.982705773149591622e-01
1.551365194199012809e-01
-1.310982462693024708e-01
-5.918013480423399697e-01
2.574544500095736835e-02
2.373583242513833125e-01
-4.592872913933271906e-01
2.782627890635779311e-01
2.164131999539217477e-01
-2.098704223285448589e-01
4.313147681873729655e-01
1.910054874313927287e-01
4.716857845263754956e-01
-1.734121832844169042e-01
-1.600244523269712116e-01
4.109286466770658564e-01
-1.015896090032347189e-02
-2.341817933603636270e-01
-4.871107698902069766e-02
6.251981161503433748e-02
1.308199933749489563e-01
-3.372946695726632971e-01
2.662785914494935069e-01
-7.243327224841472622e-02
-2.113432910331310491e-02
-4.166020247427203449e-01
1.649938231952660928e-01
-1.532789076795265937e-01
3.416203917515279742e-01
-5.134330796249824552e-02
-2.065283723901104596e-01
-8.820131230062976113e-02
2.010670547664311358e-01
2.552384345300295343e-01
6.583010256751754552e-01
-1.155384663117321048e-01
-3.158145489398937467e-01
-4.464349095918945243e-01
1.934869481302847194e-01
-2.050461291057337765e-01
-6.343001690979257479e-01
5.457675135580110082e-01
-3.066892391169597221e-01
2.428764809492378607e-01
3.256825535067493504e-01
4.883635884956987194e-01
4.107672644472741830e-01
-2.874994309899419620e-01
-1.467643762530021212e-01
-1.610491202121059340e-01
-5.039996581301005030e-01
3.864794728067701413e-01
3.927501027567574798e-01
5.174862882974934353e-01
2.901552182312753247e-01
3.560747202350304508e-01
-6.514544628400004145e-02
-1.224147666680639179e-01
-3.661676240347621486e-02
2.748097734216100041e-01
3.172805641757622808e-01
-9.535402257707913110e-02
5.084822118270125868e-01
4.411340221252781774e-02
7.899570686156834332e-02
1.261468304993472109e-02
-5.045675032565362095e-01
-5.124821471871745526e-01
3.410037920646231124e-01
-2.609728452133148191e-01
-1.072841379665805256e-01
-6.358894026320290049e-02
4.531237555767982927e-01
-5.283530769729455345e-03
-6.780751772586361692e-02
7.092721283071458105e-01
-1.244590837629662300e-01
-9.655882889637959834e-03
1.115909799975920019e-01
-5.429618972490274365e-02
1.667632505581281843e-02
4.483548547522646643e-01
4.853972016429268788e-01
6.071023511451572041e-01
2.161602956935799180e-01
-8.731429036534893440e-02
-2.160287651075651627e-01
-3.184191183521883350e-01
5.151630031901851536e-01
-1.403567213224000410e-01
-6.346173821575137874e-02
-1.854326405754594398e-02
-4.737800661140156855e-01
-3.828573930665682967e-01
-2.215702280633192328e-02
-2.929535995048788699e-01
2.726425157979942560e-01
3.545750985709318903e-01
-3.073582101753795370e-02
1.844875244423607175e-01
7.107606097156887737e-02
-1.805765105587004982e-01
-5.608994165601527415e-01
-6.829276662692587152e-01
-3.664822124941507497e-01
7.320181093899189029e-02
-3.820955680468444138e-01
9.703966863391255693e-01
-4.196375243459101734e-01
4.346004786257571251e-01
3.937459901261576856e-01
4.364960096750546831e-02
2.067535564392745384e-01
-2.024066313477899393e-01
1.957592185344513291e-01
4.381121058345540109e-01
2.810357850462510965e-02
3.264929542636728077e-01
-9.675998288321109586e-02
-6.919377023574546821e-03
1.642846399252862952e-02
2.401700958982213863e-01
1.086677495323721404e-01
-6.638740010858088479e-03
1.437114792822725973e-01
1.375362166589127189e-01
2.316210284484111481e-01
-5.770896385261914396e-01
-6.949882850789496080e-02
-3.218103344009085043e-01
-2.181635350527146577e-01
1.173752772361916219e-01
-2.952984684475438645e-03
5.197552303288456299e-01
1.676337247538546849e-01
3.604522765347619173e-01
-4.013864287305165396e-02
-1.323212331355001214e-01
1.298051456814684479e-01
2.042202732074304694e-01
3.781174900004679595e-01
7.702354921844409286e-02
8.227821435906476077e-01
-2.116487334598994574e-01
-2.374895548885138929e-01
-8.577148453112838633e-02
1.147143914286478245e-01
1.456526170473436757e-02
3.563787327233002844e-01
-1.010179599216802365e-01
3.620216023934070271e-01
-3.491474359050703025e-01
1.468440316003639078e-02
1.553820771486490449e-01
1.135271952297974007e-02
1.587332974910315164e-01
-6.938730735761947099e-02
1.234204161275310602e-01
-1.641114475717438403e-01
-6.603741959028226749e-02
8.070283680735009790e-01
-3.152600519892999054e-01
-2.837229054263708528e-01
5.887190998336076786e-02
2.258783083059731356e-01
7.258413924720259584e-03
-5.211636033195525819e-01
2.554177337316239638e-01
3.803022769003559789e-02
2.210401983040706231e-01
2.422288847841595205e-01
2.210806898095269979e-01
6.508825091161584142e-01
1.072724175879699926e+00
1.009071479618842027e+00
1.029764688747593748e+00
-3.843465868573842648e-01
-4.383646008453329079e-01
-2.109740589749622419e-01
-3.789872673021738581e-01
-2.059321987058313930e+00
1.132663388054883313e+00
2.544246226392772314e+00
5.840821676035521381e-01
1.766985504047360322e-01
5.918076630956697892e-02
2.176937922659345048e+00
-2.823021900287391528e+00
1.389551675219089955e+00
-1.129622146542386130e+00
-1.622139345456635073e+00
-1.971623079164508408e-02
