5.198549241406408283e-01
-2.775934318458010974e-01
2.514443182975804603e-01
-1.979028936158815088e-01
-3.966820336997604196e-02
-7.784083326696816796e-02
4.045846307844881418e-01
-5.690061273786253260e-01
5.922208903834097482e-02
-5.394743430843711440e-01
1.596124495340688898e-01
-8.878562964577434158e-02
3.899932956155396924e-02
-2.401971598159101939e-01
-2.972792367948104419e-02
-4.136154386639326330e-01
-6.118497923081379630e-01
-5.769985732439009141e-02
-5.874382409932409344e-01
4.515270430052427397e-02
3.512151012284266405e-01
1.329238865991423102e-01
2.264476475651089893e-01
3.485982059075272144e-01
-4.556645575306866869e-01
-4.034028861455654091e-01
1.399068231293309483e-01
2.389388688290565721e-01
-1.556317689559551243e-01
1.345338292842047090e-01
2.314733388336262243e-01
-1.892391126372932608e-01
-3.971067609130515819e-01
1.593627314758957469e+00
3.163392647723010098e-01
4.324170820910856472e-01
2.981259102539722816e-01
4.044229765949574062e-01
-1.140287602305933429e-01
-9.372503303783992212e-01
7.748975938600541000e-03
1.618604106904588669e-01
3.758688689955062834e-02
7.793892461993019716e-02
1.499676207592890442e-01
2.925793872337960344e-02
-2.018699547853334067e-02
-6.866055808995892573e-02
-7.745607221196167125e-02
-5.632589699258366833e-02
5.326025235213766029e-02
6.992709422541416864e-02
1.241615572035893386e-02
-6.892755927682156503e-02
-1.109793968334844283e-01
-1.089590169629470889e-01
-8.143372128153326950e-02
1.273599743562400521e-01
-7.382901923660428745e-02
1.228873348165899874e-02
3.394180741740309565e-02
-1.312188585719919198e-01
-5.101041908285301740e-02
5.088852928144951132e-02
-1.924594914799071799e-01
-8.589516462062803115e-02
-4.861234196042583944e-02
-8.060403328517613819e-02
-1.357834311393847082e-01
-1.561554138327583428e-04
-9.155625824555076175e-02
-2.370014658396011817e-02
1.447611035389883283e-01
5.171768577509133075e-02
-7.924324639041971374e-02
-1.374710640657346161e-01
1.652342762911256785e-02
-1.272838572925673595e-01
-1.588219804466731166e-02
-3.481556618417300936e-02
-3.717880391689108999e-01
1.424600749430175173e-01
-2.304456581570481499e-01
1.031129487844293785e-01
2.103172059321357368e-01
-4.873807680282871840e-02
-1.567551600716754201e-01
2.535703342650017511e-01
-1.475840087966769944e-02
9.086993144206066686e-02
8.025137451876995787e-02
7.933096269725473104e-02
7.217093881742860095e-03
5.521366115306577949e-02
-1.826765727126329897e-01
1.697194003361595926e-01
1.793742015793731437e-01
-7.916904495950616294e-02
1.258590730532787028e-01
6.711869473884621295e-02
-2.219576853821552120e-01
-3.543375111217368645e-02
-1.505921946770669151e-01
-4.698041654259226679e-02
-7.467647623606504803e-02
6.146273234949255898e-02
-4.418059365962886259e-02
2.457029552323096878e-03
-6.310686691161806854e-03
-2.458647399033550562e-02
-1.751245913134820073e-02
-3.170737806971251835e-04
2.441318789016412583e-01
-1.151537486791331943e+00
-2.001929414460776879e-01
-1.438646025076881219e-01
5.983279811858077495e-03
-8.973986430779382073e-02
-2.144232570528139398e-02
-5.978729578556350732e-02
-1.237147970744765929e-01
-3.171016124176312956e-01
5.440679729238292496e-03
1.658974942482427384e-01
2.325180257998960831e-01
7.461203409574929113e-02
-1.728461634669117841e-01
3.788818326261535474e-01
-6.582325110228421927e-01
-2.450761469033596873e-01
-2.206542758759188691e-02
-2.487406274580641063e-01
-1.469785713713923220e-02
7.486677495440885975e-03
-1.170158106746390370e-01
-1.343714719444950301e-01
-3.545872967724870983e-02
1.724083788910298065e-01
2.174313431059474722e-01
1.529616109433866167e-01
-7.144764330346357883e-02
9.162912875064760376e-02
3.268456122638479511e-01
-2.379715955110445202e-02
1.061812946532604690e-01
2.268110376015738672e-01
-4.990578168994260627e-02
-2.385208677118088594e-01
-2.587184362674913585e-01
1.409151485086571343e-01
1.109568137242657182e-02
-5.533503586399372842e-02
4.854435240251403667e-03
-5.026580993630233030e-01
-1.957339978873489650e-01
6.483614835702032619e-02
3.773509792269120339e-02
-7.339991960562824991e-02
6.706189538355497581e-02
-4.449040875003694162e-01
5.320843321086385913e-01
-1.434273003365565957e-01
-1.094137302512670357e-01
-2.405005434726798785e-01
-1.871884482553736462e-01
-3.882537007103818993e-01
-9.197854438401577293e-02
2.900367712806538600e-01
-1.298410005422769194e-02
-2.974135237067372373e-01
-9.205682311488416758e-02
-2.721633171631527848e-01
-1.069015892532034807e-02
-5.482158391641060724e-02
-2.035193027307724833e-01
-1.180042156261102981e-01
6.232921929317031262e-02
1.168477002564917155e-01
1.272360273704234435e-01
5.413371092279382901e-02
-4.013524943253390931e-02
-7.700927386235831285e-02
3.151488132913921048e-01
-2.103157390877078980e-01
4.967607464201073686e-02
3.268202818217284811e-02
-2.950267410310436489e-01
-2.236644782423923561e-01
-1.089244055074172456e-02
1.429276301921323100e-01
2.273170343489478926e-02
-2.127631149354698437e-01
8.491600624884376725e-02
7.185310155085398998e-02
-8.851700258752891182e-02
1.416336919572093733e-01
1.865536216739554498e-01
-1.953131700927642767e-01
6.275382679039095968e-02
-1.446306137830038197e-01
1.781660516123007854e-01
1.064547715925537492e-02
-3.149222677359270195e-02
1.654195424541856640e-01
1.099164769618050791e-01
1.579867855177315428e-01
-2.159801573623612858e-01
-1.662638047451305834e-01
8.828548077587834719e-02
3.578406361522682433e-01
-9.104375884951745879e-02
-1.605267282842562926e-01
-7.977047113455350280e-02
4.743200425445136259e-02
2.013489723615409857e-02
6.795430068784528987e-02
-6.120920008372889715e-02
-2.188996975735015699e-03
5.201025886133307102e-02
1.895346128604068758e-01
9.025481730758762658e-03
2.582176761063055825e-01
-2.175294441575801596e-01
-1.613698169092832035e-01
-5.570883105876475727e-02
5.192556086426009659e-02
3.309553299274555216e-01
1.812429490551701605e-01
1.116158890340913784e-01
2.551054803300283058e-02
5.855022658452107599e-03
-1.810754053144049136e-01
-7.165141235157955479e-02
1.024910240613000068e-01
-2.815229888972528571e-01
-3.165883749767086641e-01
-4.622568777469877599e-01
-8.750955484052090616e-02
-2.789091908073915715e-01
2.759645845031192257e-01
1.849908304332390507e-01
5.857282874463631828e-01
-6.131053410234696410e-02
-1.007145281620956123e-01
-1.284308813678052552e-01
-7.318473230053726408e-02
1.327623449072043438e-01
-2.754635887913881032e-01
-2.104426597133977617e-01
-3.204752112119025886e-01
9.572441544658596979e-02
-1.303492386400882663e-01
-1.660115075447410882e-01
2.543864228889311518e-02
-1.226272882224376387e-01
-2.731472650563906979e-01
-2.174102037937324094e-01
-1.164594491639472096e-01
-1.693251857617711874e-03
-4.011107169740540934e-01
1.896165480349198129e-01
5.193896441517804018e-03
8.289469368245616990e-03
-3.466752957078963332e-02
2.772409085785324315e-02
1.907659408321140532e-02
-1.574901666233118336e-01
1.766177120118296306e-01
-1.517294060100128454e-02
1.967625528736273444e-01
-3.460219182118377812e-02
-1.762186195367195507e-01
-3.749147101285425082e-02
2.986714442166609751e-01
5.597156133401221673e-02
-3.076746096257162652e-02
-1.935818519550789873e-01
-6.507252542385490168e-02
2.925558377858403225e-02
4.420996356675773592e-02
-1.124486360158068743e-01
-5.343886525096718659e-02
2.640048185474613285e-01
-2.287512216579344615e-02
1.984529459826232800e-01
-4.692155534989758681e-02
-9.426832525328171508e-02
1.237323969141900237e-01
-5.042226332768909997e-02
-6.587775972115179901e-02
-1.548301797219065468e-01
-2.198737114164402151e-01
5.748113273506404858e-02
2.558730399041359571e-01
-7.646982232090522580e-02
1.096365252861362244e-01
-1.163378515970545229e-01
1.419562072569140188e-01
3.590045026909127052e-02
1.271050366157583933e-01
1.504575790585679362e-01
8.666814243667639306e-02
-8.307053031864947146e-02
-3.906087399923515724e-01
4.696924532307847344e-02
-1.848738994604967600e-01
-2.547491877833883422e-01
3.601235068426084651e-01
-3.764239004933879196e-01
8.013515999187541261e-02
-3.701537549244286462e-01
4.781650827073399140e-02
2.544910230549885313e-02
3.761780755433754425e-02
-2.074815178370223098e-02
1.540765848509826619e-01
-2.594119869401644851e-01
1.185858283418300407e-01
4.022906165633396459e-03
-2.453895672987307583e-02
8.761734222797369631e-02
-2.225980614259265578e-01
5.649231023574803612e-02
1.774545493202080160e-01
-1.058580114176861514e-01
2.870491150193542687e-02
1.766597959507505144e-01
-1.124005148663978076e-01
-1.176793673751157926e-01
-2.554118971900743579e-02
1.532921985659968858e-02
4.287108729539745172e-02
-1.580100767757068314e-01
1.423534548176818293e-01
1.007710214429066164e-01
3.024288622024115525e-01
3.670970880427797955e-01
4.196695556897806628e-02
-1.977268586788931068e-02
-1.209054823686386143e-01
4.521639080301463002e-04
-4.175807185522586312e-02
-6.005397576912720886e-02
1.061522940782373692e-01
1.020091940448431406e-01
-2.166034337025230794e-01
4.684930619703085025e-02
2.536492441707022261e-01
-1.145830027209009810e-02
2.184318846730979799e-02
8.312267866051079035e-02
5.062764317284938753e-02
-1.906060872313674326e-01
4.559892784769370433e-01
4.655840112078254295e-02
-9.388994430335938224e-02
-1.506440638006746047e-01
9.164288535374029432e-02
4.873531502940860183e-02
-2.677126818315739842e-01
1.110297693551598186e-01
2.809162715367173324e-01
4.313875539793312619e-01
-3.998302742379389318e-02
1.529547710575578090e-01
-1.456927731442859419e-01
8.742805102667001614e-04
-2.353717050589680115e-01
5.070073940250252598e-02
7.200573680180816227e-02
-1.634268094337200938e-01
-1.762198996941711504e-01
-3.617848914484671219e-02
4.082345252871695251e-01
-2.456454806379078093e-01
-1.454727628913516924e-01
9.636827346297924257e-02
2.117735675536871476e-01
-3.045958907917133140e-02
1.613899032428339486e-01
1.510987242992563595e-01
5.374556741354189621e-02
-2.478133888601682933e-01
2.086816210564199914e-01
-2.074869104484758642e-01
-2.117087911867484296e-01
1.555186781599258161e-01
6.474681887475022823e-02
-9.092625092294363831e-02
-3.002952953435517741e-03
-1.085084521301647592e-01
-8.560544322435061082e-02
-2.769206000689928837e-01
1.775835993087900369e-02
2.205851449309074175e-01
2.373426271664856035e-01
3.806072044300361501e-01
-6.569453958116568126e-02
1.582346902810940759e-01
8.159862805340183101e-02
-1.999367024528659331e-01
3.670045979628469568e-02
-1.278815358640995881e-01
1.050543244326161696e-01
3.910937673834290473e-01
4.297459784270819122e-02
8.805116391228257067e-02
8.917141954056236053e-02
2.424089437189639110e-02
1.296478127311708750e-01
3.892570783116473115e-02
-3.004096037498890093e-01
-2.823267357295848323e-01
6.965640550166117551e-02
1.259195525835947738e-01
1.982209560260185521e-01
5.800891635610286312e-02
3.696172787808367499e-02
2.639138239578452949e-01
-1.898478665161858481e-01
-5.662923126187010409e-02
1.314030616339365576e-01
-5.586999051365936636e-02
1.123629596794153834e-01
-8.156627860115247750e-03
-2.486456524028205217e-01
-1.051078869381848052e-01
4.692843288152595549e-02
-2.831924754240791597e-01
-1.582557073768667000e-01
-3.867265495387702812e-01
8.406056667365792434e-02
7.452316362441788189e-02
-9.175353165215029139e-02
-6.728643132925402059e-02
7.339141003367680161e-02
-3.716263981791160381e-02
2.419159488698570115e-01
-1.416395528946422788e-01
7.377371338125091049e-02
1.075735119633820930e-01
-9.048491423752234863e-02
-1.975478314587624240e-01
1.824495225599365444e-01
2.109338753013609014e-01
-1.731197504172373239e-02
3.867734485886212825e-01
-5.228127416302869729e-02
-2.031190190644337548e-02
2.483951139856278856e-01
9.239737714523571510e-02
6.419664711874124852e-02
1.113668276939182855e-01
1.930816637485520681e-01
2.176179318129295159e-01
-1.786487153617132839e-01
-3.097137080538865939e-01
-3.431522834044842818e-01
5.138818006725878740e-02
-3.023457173075650983e-01
-3.949686639257999482e-02
1.093287543465506911e-01
-3.869465034846065188e-01
5.216575073387429845e-02
-6.052402855879675941e-02
-1.813173915451602586e-02
-2.239944773774238951e-01
1.150541696463915492e-01
8.628872061138850857e-02
-7.510026000807649982e-02
3.641353976262829417e-01
-1.166822289137405128e-01
1.300535183912509551e-01
1.215715317883620666e-01
-2.304697683162164057e-01
7.470663736750805112e-03
-3.124794396763688059e-03
-2.008186165738475581e-01
-2.113975427526497142e-01
-6.140112893031947350e-02
-5.083994690769302882e-02
1.070737004098521600e-01
-8.286578592044760438e-02
-6.160910091943337663e-02
7.216973345264236783e-02
-7.064000491814967364e-02
-9.556622156202459681e-03
1.390549701611848710e-01
-5.994891724303101632e-02
1.480174530731208082e-01
-2.086495962174340080e-01
-1.607215318491561351e-01
1.702749992382986410e-01
2.402511109316375626e-01
3.029548308786393640e-02
1.705766295303670355e-01
2.539727584086679535e-01
-1.458234533623123386e-01
1.094062820247249240e-01
-1.261464721248551635e-01
3.992162873171557769e-02
-5.766570563758426082e-02
-4.625683642048938893e-02
1.120439365848213131e-01
-1.061905225338439229e-01
5.554791070278414060e-03
-4.810399828077328854e-03
1.162791340739268015e-01
-1.015474017944437840e-01
3.141439445691586174e-01
1.053679553413420511e-01
1.305203829594095422e-02
8.365223094303297913e-02
7.997687170583371585e-02
3.134488034388607791e-01
2.029065136429141769e-01
3.495130015594646866e-01
-2.363240384789753179e-01
3.623613585431332274e-01
5.641510684003832495e-03
2.962106304019336833e-01
1.938481726039071673e-03
-1.201878419996913888e-01
-3.421988832176369594e-02
-1.264803420022836411e-01
-1.964046602286372012e-01
2.186199277764156179e-01
-9.263608786401446304e-02
-3.289825036084606524e-02
-1.869091258755908522e-02
5.486867749660041121e-02
7.818898844255900427e-02
-2.109526124683904214e-01
9.998152828671014181e-02
9.207980614138843237e-03
-1.441074491699649018e-01
2.944267022054414817e-01
2.151670901445122408e-01
1.297245563769022503e-01
-2.599265151716834699e-01
3.247100886466222636e-01
2.011097483682672271e-02
-1.356261532487001431e-01
3.510354437045527104e-02
2.376579534671671989e-01
-3.718177237671904754e-04
3.358102622379190161e-02
-1.087978576007030407e-01
-1.457403430619760576e-01
9.181099952387809793e-02
9.035158837920970404e-04
-9.385483835554278564e-02
-9.494109032698756778e-02
1.314679927788990899e-01
-9.493211331564792299e-02
1.005518497828035429e-02
5.519852937539126286e-02
1.440545187165227226e-01
-1.355080382828819652e-01
-9.753413351676971932e-02
1.239246544646441656e-01
-5.008942259213801373e-02
-8.989549876216303137e-02
3.566143423442830890e-02
3.080654248895835501e-01
-1.069142460016330870e-01
6.102993797610816069e-03
1.471269458491842319e-01
-8.885679488105585611e-02
2.918463404652045790e-01
8.817573191066206684e-02
1.157293427699283422e-01
-1.132437665000119408e-02
-1.900504837552289272e-01
-3.019848277909539247e-01
9.773300702290654840e-02
2.805707419316960105e-01
-3.343847756158383477e-01
3.411657589648653399e-01
2.870733511236207569e-01
2.666056202691962640e-01
1.605344100367183391e-01
3.813269552525218927e-03
2.024181318887103773e-02
1.319073127058365547e-01
-1.275599289299291506e-01
-1.008968737108248415e-01
1.374022359035252314e-02
1.494932795962127248e-01
1.098473357166941389e-01
1.390347999101620713e-01
-7.054233148493355143e-02
2.241705826952296032e-01
5.680474793225173680e-02
2.278849301766428664e-02
-1.058927211483605274e-01
-7.532901273161449196e-02
3.288929166671248489e-02
-5.399592102776089655e-03
1.310959161596839673e-01
-7.652364106820094825e-02
1.235214048093074835e-01
1.496079718504534639e-01
-1.170599516039050880e-01
-2.524981977010826856e-02
-8.189960175535089537e-02
2.894886465440660306e-01
-2.520685505159744877e-02
3.084700554322775123e-01
2.008003936191250088e-02
-2.368275910742491108e-01
3.116825082872002328e-01
-2.819697416089971265e-01
-5.516388495728997976e-02
1.672215946755055138e-01
6.866377707549458156e-03
-1.248736250906963552e-01
-2.234430340264019210e-01
-1.312963906536448178e-01
4.192257786621707283e-02
-2.350175400574996132e-01
-2.170490771535746322e-01
-2.970702088907339333e-01
2.010695551111819357e-01
-3.630747804446476934e-02
-1.334645574493751874e-01
5.546946293284847618e-02
3.389893271955796150e-01
3.123286178783549194e-01
-1.903659082120923163e-01
-4.888974416200405626e-01
-6.179357318778003899e-02
1.513577610673745022e-01
-1.771838996350548479e-01
-1.632433391849825166e-01
-3.104371894331257181e-02
4.017976166707780683e-01
-3.189021155433419130e-01
-1.733490674397222264e-01
6.015890397082879204e-02
-1.541217964816801178e-01
2.599921712430116050e-01
-7.533282562801428550e-02
1.037235248999912873e-01
-9.650432190927020482e-02
-1.021385300220593595e-01
-1.404230047392676650e-01
1.681434658432336970e-01
7.139062024215930835e-02
5.127773457866990209e-02
1.618784365026437744e-01
1.804099366918931330e-02
-7.320619635648717427e-02
2.697835347458673455e-02
-1.355364960510059280e-01
1.563912821008125453e-01
-2.735952275253171195e-01
3.708609879336273452e-02
-4.676199972211323441e-01
-1.659101758528581938e-01
1.143898617679721119e-01
4.391785746060381523e-01
-3.915988129580013494e-02
-1.795556660310712316e-01
-2.362163568460993457e-01
-8.128106463303141904e-02
2.391475447564349044e-01
2.043482777639680711e-02
2.078381256438650293e-01
3.102712447799961526e-02
3.206130037321190951e-01
1.294552903310275394e-01
-2.900212380654953459e-01
-1.481749582252459285e-01
-2.343108434309209426e-02
-1.187958376577659542e-01
-8.880757530665285560e-02
1.928421057875396305e-01
-5.134043264367527809e-02
-3.908360979559799553e-01
5.078304703801910236e-01
-1.895600837234935332e-01
-9.944035968859403496e-02
1.366224015074880005e-01
1.309452042481207557e-01
-4.864902596484812353e-02
-1.181943311138865943e-01
-7.572152962776118601e-02
1.585403266520965804e-01
1.426049493590816064e-01
-2.076951370561920876e-02
-5.848284928756051354e-02
3.450558976543159906e-01
2.253090978012889101e-01
-2.314501672879148431e-01
-5.101229694989507790e-02
2.605069429656922675e-01
-3.280480631186048074e-02
-7.169380746819502270e-02
8.941948470114033376e-02
9.525063649292425660e-02
2.304430808097078787e-01
-1.212900586533249489e-02
4.746132156141397856e-02
-7.591613214214593640e-03
2.627856545369161023e-01
2.144328639278963444e-01
-4.265486733911038469e-03
-2.110786760128151585e-01
-1.152025518947227996e-02
-6.240390774824042947e-02
1.029598155839326346e-01
-2.108272307898467202e-01
-3.482480478875947527e-02
-1.319446483335728025e-02
4.195565900329126935e-02
8.347143334148270089e-02
-2.079989702629453097e-01
1.066548687963729536e-01
1.271153753530045449e-01
-4.407464527143940304e-03
4.700364598908405786e-03
2.231280333403257987e-01
-2.371041036527440637e-01
2.904985558619876396e-01
-1.199705574918986523e-01
-2.490397841517381083e-01
2.443972438142918632e-02
-1.200943921517064333e-01
-2.647277123057276138e-02
-9.069275702048051890e-02
-7.829681499626851837e-02
3.503802808871121499e-01
-1.693693956842299841e-01
-3.017074593026921048e-01
-1.787306346143531510e-01
-3.060237885493544696e-01
2.368685256799500927e-01
5.235507661584441752e-02
1.292110829256787607e-01
2.739653275899432971e-01
1.575758477196294582e-01
2.469449916050459742e-02
-2.750883793273263822e-01
-1.859471189264726709e-01
-1.107460728895564954e-02
-2.192073250392758549e-02
-1.270864539305463503e-01
2.759963315459824651e-01
-9.717871781948118903e-02
-1.234657276112012952e-01
1.342451496016249524e-01
-2.287680862804128412e-01
1.837409207021784840e-01
-6.961010755484561829e-02
-4.739619799045848708e-02
-1.873188485992229868e-01
1.955552417485169614e-01
9.284503604527719056e-03
-2.126409610435399666e-01
-1.768514730777405730e-01
4.844869493037662345e-02
1.313260004399559033e-01
-1.789398764282786880e-01
8.758517453356984284e-02
7.081525546249983760e-02
-2.016558685943971030e-01
2.502873906650572855e-01
5.685897971830793096e-02
3.491755449357769603e-01
3.916372971534937825e-02
-1.355272450591647748e-01
-1.879527255153961018e-01
-4.129014249143569404e-01
1.664530464867723936e-01
-3.743090999747103464e-02
-3.624410817272464835e-01
-2.439068687496978582e-01
2.846784768472010625e-03
7.369025225530018153e-02
1.390461937206381206e-02
-3.510238125034450402e-02
6.802019828295328974e-02
-2.669137380347378144e-02
2.175648282261249955e-01
5.592226622014032089e-02
-3.678889436830333759e-01
-1.127245970031176547e-01
-1.942071898701454302e-01
-1.410063714347454256e-01
-3.723221374977964682e-01
2.378211414343090260e-02
1.223528252163572222e-01
2.678846911744885428e-01
-4.525088774235326051e-03
-7.206372871449709394e-02
7.124196380133950533e-03
6.193015397706196079e-02
1.548842407908178863e-02
5.089220222952318268e-03
1.734544294875077150e-02
2.695706513346231570e-01
1.230679971232934572e-01
1.680092111247125097e-02
-1.857098799905906317e-01
1.789529070357973595e-01
3.352534782494493576e-02
-2.616678138795568431e-01
4.388070621897779272e-02
2.647590553166185301e-01
1.300507754029409657e-01
-3.868623041530590556e-01
6.874560320447692385e-02
-9.316755794943475111e-02
-1.501378322348728145e-01
8.438918547644667922e-02
5.900368606047757571e-03
-1.046360046809260841e-01
-1.840566037809497901e-01
1.749394809166493481e-01
-1.813534018875548881e-01
2.104863447917416641e-01
2.365376297471399047e-01
2.189741553831316134e-01
-2.392985659708886728e-02
-5.965915694306810069e-02
1.206148164514535825e-01
2.224678460521008379e-03
2.147781739539764700e-01
1.049189591778636604e-01
-9.513527654345915047e-03
1.388259419962491626e-03
-2.237722594378982466e-02
6.378357299931897151e-02
-4.143038588284362472e-02
3.376863261258772342e-02
5.778580868787155239e-02
-1.597071096882493324e-01
-1.454901532061189384e-01
6.788085493488095999e-03
-1.827284115524765648e-02
6.528771393057043737e-02
-2.462945023639067366e-01
1.620761359366800491e-01
1.053556789535505661e-01
1.849731983961943327e-01
1.454831662224316258e-01
1.633675063867473173e-02
-7.740635661549713498e-02
-1.285624970289706848e-01
1.843547693530759590e-01
-1.406511185880205406e-01
-2.483313368480050964e-01
6.606807871739800442e-02
-1.186702858234559149e-01
-7.127654738276809065e-02
-2.600453048127388672e-02
-1.197825130109696386e-02
-3.151546773858322492e-01
8.354064054652027282e-02
6.082288827060135239e-02
-1.033409178512295634e-01
-1.310795211266215787e-01
1.379914880367187624e-01
-4.387552635653339528e-01
1.869216891870248698e-01
2.096900024022621267e-01
9.916444769322729780e-02
1.488495010435169352e-01
2.992500715715019632e-01
-1.392717471579643651e-01
1.482997787395773370e-03
-7.646532940360635522e-02
2.625019194657173260e-01
2.676493080017711690e-01
1.133409281686578451e-01
7.299782417950054225e-02
-5.639766280337350779e-02
2.521842992815487294e-01
-2.282732794388475372e-01
1.672072794093214798e-01
-6.626184856039728233e-02
-1.166318971271519400e-01
1.694198104154846229e-01
1.668782667963282507e-01
2.472922251037226737e-01
9.604635906385773636e-02
-2.634037651320125240e-01
-6.713971553380942980e-02
1.994974693362643325e-01
-4.673695186314821837e-02
1.330958527570739458e-01
6.604134793434369988e-02
2.865047915589534755e-01
1.480351580052798321e-01
7.329312140131341580e-02
-1.188048286401786890e-01
-7.083302102257028887e-02
-4.100904352469607328e-02
3.265020457704572582e-02
8.957380430738692834e-02
-1.081241727024502032e-02
-4.907536210606049804e-02
-1.925706448715329977e-01
-2.517305376266052996e-01
-2.303948676256317718e-02
-5.566439293392218962e-02
-6.834697466247384445e-02
3.860878250996421790e-02
5.239254630688948422e-02
-1.538219977114010650e-01
-1.502936441889455577e-01
-7.601570880905024474e-02
-7.637513824652216593e-03
-1.951853270572406762e-01
-1.196116322522953468e-01
6.525748442151067330e-04
-5.456916651344522612e-03
1.487494180366002172e-01
-2.632375862081515749e-01
1.872714345928982449e-01
-1.536850501237004840e-01
-4.787617542547959598e-02
-2.637018194876629140e-01
6.963593915892442310e-02
-2.966822438292812322e-02
-2.099753784802284029e-01
-2.068434993586698578e-01
-2.327986555109583244e-01
1.823545516431674118e-01
-3.760957625726654707e-02
-1.789066721125870119e-01
-2.715635803150586169e-01
-2.593138150083715843e-01
3.590104996148695687e-02
-7.769171344618586335e-03
-3.003340253067953713e-01
-1.514205635559169871e-01
-3.325720304423796514e-01
-2.745840737464455561e-02
-4.155977942932470581e-02
-9.219540259019710915e-02
7.494826147121526339e-02
2.412252061814275095e-01
2.153926619168537171e-01
1.745174158916510121e-01
5.381705714956094150e-02
1.207672264564318837e-01
-2.880487668865286399e-01
-2.509842048364623879e-01
-5.721349887801790296e-02
4.860294203821922954e-02
4.300663034210699953e-01
1.125976081217447411e-01
-1.209587048444189794e-01
-4.780474967293371624e-02
7.969022011195218969e-02
1.115361416562887092e-01
-2.524615745931547139e-01
8.168754956350876562e-02
2.900529393149715585e-01
-4.701529965029275365e-02
4.569961890530666038e-02
-1.713181779335436472e-01
-2.569538943663641217e-01
-1.744177448685084106e-02
-5.329768716009387897e-02
-7.810414097279010093e-02
9.807412323005453014e-02
4.572144739254724484e-03
1.542761298925770519e-01
-6.633713377657501908e-02
-2.099663417365621731e-01
-9.626836725163952224e-02
-1.495156270776070717e-01
-1.158742755979591116e-01
9.570269690792786166e-02
-1.772572035458691853e-01
-8.601999094054557649e-02
-1.488870977629296322e-01
1.365187317055607530e-01
3.150611485038866122e-01
1.310653444997364747e-01
-1.165703288274204108e-01
-8.592660567398638372e-02
3.362281202737266161e-02
1.936445939816935358e-01
-3.044431489309089994e-02
5.376532423984270448e-02
1.151959383047351099e-01
2.408924740652754887e-02
-2.871680793714008750e-01
-4.053088959902784172e-02
-7.590684451703019753e-02
6.226590521020820140e-02
-1.091816192872490099e-01
1.905788762702167460e-01
7.027234121437624104e-02
-1.260317113970159109e-01
6.113620777042615140e-02
-2.515528257687086322e-01
-1.981466187567791637e-02
1.068104799093163443e-01
-1.892207696462586131e-01
-1.441953491890603060e-02
-2.661984549398411781e-01
4.958393721001494447e-02
5.693797609298143630e-02
-3.110060310132902739e-01
8.676261497019285840e-02
1.527206299070519302e-01
-2.473491865366116982e-01
-1.049775399577941998e-01
2.724295988983713168e-02
-3.189925403080334232e-01
6.975575649043640192e-02
-1.780685766570247186e-01
4.589451652582852981e-02
-1.741607275324222048e-01
-6.219552286702328958e-02
-3.894335428777940394e-02
-3.896795252122185055e-02
6.028029648252204026e-02
1.649867454612263806e-01
2.863147940195308050e-01
1.648459766070712040e-01
-7.073175007672792558e-02
4.990926307844420484e-02
-5.456448570199533971e-02
2.054894975094069265e-01
2.390909193416922429e-01
5.164530232486281430e-02
2.197589855211652121e-01
4.109214282789482725e-02
-2.786594076655344865e-01
-9.900026251809251887e-02
4.028901369234289542e-01
-1.556169509784340321e-01
-3.365141960287356127e-01
8.586488601388847508e-02
-1.298815881620435653e-01
-1.859940052129275267e-01
8.585292171031626285e-02
-6.070769676951179306e-02
1.038444565623302118e-01
-1.258170801099204872e-01
-3.091859354267556537e-02
1.917873595757260685e-02
-1.950827600921326566e-01
1.304793920234202931e-01
5.103023320243327277e-01
2.300594227919614820e-01
2.503136386033832927e-01
5.016123184522395390e-02
-2.206495196374300485e-02
-2.961008096074516094e-01
-3.885202513773119287e-02
-4.906894736896941916e-02
-9.712461317712929587e-02
2.966525661622507748e-01
-1.094722966809840992e-01
1.751168911755529231e-02
-1.903797008179042849e-01
5.288707130231447284e-02
3.840213753331765678e-02
6.235288999794457148e-04
-2.356263914769035975e-02
7.836841926090758192e-02
9.789219061660801857e-02
6.932523258884382145e-02
-5.999173246381631769e-02
-4.469293782963612016e-01
-7.894311970256685795e-02
1.182554615380518731e-01
-2.253659867344391665e-01
-2.536650676757767342e-01
4.278400693454132570e-02
2.498961698243521712e-01
-6.806380712660813070e-02
-2.218075135473474707e-02
-4.172946497828087242e-01
-1.405217093535922612e-01
-1.399563278400690024e-02
6.514731792197038518e-02
1.172833989069655830e-01
1.612862622831372772e-01
1.648290808880500946e-01
-1.678952191595998178e-01
2.745208581178696372e-01
2.423585899239427514e-03
-8.839723523265749505e-02
2.979401235778414425e-01
-1.679257647093477523e-01
-2.381225378087024891e-01
2.703170755912169820e-01
2.876141690185742839e-01
-1.174300586978543372e-02
-2.552504701656701028e-02
-6.706598085546977561e-02
-1.196996856635480500e-01
-9.331360483347304891e-02
-1.907750492731934977e-01
6.971594516729281987e-02
3.376350265068954817e-03
-2.327601793321485424e-01
2.802586162069341941e-02
2.039038237471817866e-02
-8.411083999246506127e-02
3.067851875601313449e-01
2.039056304161168953e-01
-4.044734700841633446e-01
2.293742843394602771e-01
3.973925018035104895e-01
9.324306078403638010e-02
3.111918747954575126e-01
9.991975062091079662e-02
-7.671922217460581672e-01
4.382216893839067651e-01
-7.361634105350811641e-01
4.086557442700153309e-01
-4.128440978036633235e-01
-1.390031343588861157e-01
9.461632752180497430e-02
4.254375623812834406e-01
3.999700724978319522e-01
1.040518570765490841e-01
3.359556025369490051e-01
-1.473165631723839519e-01
4.836472537721697718e-01
1.960176534365423995e-01
-2.337021409771010971e-01
3.158028882362605705e-01
2.750548467619853832e-01
-4.770706131794700267e-01
1.794592831752084561e-01
1.135393252106061263e-01
-2.684769387874544333e-01
-5.240990503152344049e-01
2.256102061100581924e-01
2.226117867242791426e-01
1.190781216643507952e-02
-8.273753616061625335e-03
1.084620568610184660e-01
6.515250601527745877e-02
3.675904513919246025e-02
-1.084828183281134062e-01
-1.780604654029417089e-01
4.160313758797940520e-01
-1.510675177601195074e-01
1.845466535731529745e-02
-1.509886457201817800e-01
-3.535066693369889879e-01
-6.614411654722482381e-02
-1.131277100119214701e-01
2.606902861929564774e-01
-5.825790242135116953e-02
-3.353811696197972481e-02
2.263584754951567246e-01
1.905841066208984261e-02
7.889631308151388855e-02
3.073451411851990320e-02
-8.579701911677364845e-02
2.625513071157418721e-01
7.697894718559468441e-02
-2.062267960910012157e-03
7.843150192765989404e-02
-4.849054598874765615e-02
1.906110717800499343e-01
-2.161478658032597588e-01
-3.777705901176753311e-01
1.163925399492509727e-01
-2.250242491478974260e-01
-5.422017222730605296e-02
-9.702490248263653805e-02
-4.405157616299421597e-01
-1.008468647008108759e-01
-2.622400489841502647e-01
1.088647348560197875e-01
-4.525873920629039371e-01
-1.308871946285896370e-01
-1.513882505736410117e-02
-1.435005014979406357e-01
1.793616308380497071e-01
-7.986270536214433446e-02
4.749590413717094672e-02
1.037345183751720717e-01
1.630755254863129611e-01
4.577781752027579483e-03
1.011984003702031398e-01
-3.120593899778926206e-01
-1.965572187757467781e-01
2.832580003523043621e-01
3.528023566657866872e-01
-1.519051488070467526e-01
-4.188599909178784830e-02
9.287787461912550002e-02
-2.341089299292340442e-01
-1.466624997802288832e-01
-3.335252540445721170e-02
1.432762461828674394e-01
-1.527949453326106488e-01
-1.423214832901097959e-01
7.546099155455685339e-03
-2.157906546186778851e-01
8.725238781984912331e-03
-7.420258620067091311e-03
5.943475233447859801e-02
5.618417690903505790e-02
-1.061646206168537915e-01
-1.437699506298803775e-01
2.219516236328881661e-02
-1.711985469875265398e-01
4.595369152642517219e-02
2.071541399860138410e-01
-1.575952624692197324e-01
-4.359676289247421677e-02
-1.220488842643709521e-01
-2.686944361248813085e-01
1.244096935599732362e-01
4.589724729530835629e-02
-6.744907324046306440e-02
5.504957811851199367e-02
1.218671190661747977e-01
-7.986241002244982845e-02
-4.596999808914836727e-02
-1.196470244973427688e-01
-5.012837645222193578e-02
1.790128240417585559e-01
-2.588604756695498388e-01
1.184432304756664889e-01
-1.112952214523315331e-01
-3.523631612500421895e-01
7.559844228039500069e-02
-1.640278141419747593e-01
2.915506838455925870e-02
-3.983977922246232928e-01
-3.291965272572295320e-01
-8.258657007799583005e-02
-3.018395443616737617e-01
3.266116710393676681e-02
-6.219523813115861340e-03
2.894266726885869612e-01
2.504263334204826497e-01
-2.023799194991108552e-01
-3.554189240514227799e-01
-7.911564439702691021e-02
1.455051280905469979e-01
-7.357072111338798515e-02
-7.583329852129520356e-03
2.204367263335492710e-01
-4.763378275833605319e-02
5.175496894328943109e-02
2.306865534926355946e-02
8.256398861790875676e-02
-5.564215581317956405e-02
-1.805636844719329392e-01
-8.810473450288325292e-02
-2.157279658037365155e-01
-2.163763965741312759e-02
-6.033427875717924105e-02
1.076892358768461039e-01
-1.936688648939370594e-01
1.552364301898755128e-01
1.021919525075841717e-01
1.609146237515719224e-01
-4.000366521089144395e-02
-2.926852300406971447e-02
-3.689298914876947832e-01
3.988345967309763762e-01
-3.573388396751145391e-01
4.183939131493439878e-01
-2.070409976909571848e-01
1.293651288179802072e-01
1.238005365137209990e-01
8.518800233096280542e-04
3.923666938904769863e-02
2.344726834597617507e-02
1.648613714785520656e-01
1.396795359310163687e-01
3.284751874321645976e-02
-2.353589104237668594e-01
-7.527300863897425608e-03
-1.075567293144690656e-02
-1.061138058306068804e-01
-2.659492934109451978e-01
5.687108267771507492e-02
-8.025622249649835838e-02
-3.918761222106268982e-01
4.370099736851034561e-02
-6.149910424390716418e-02
-1.877153868128158751e-02
2.074850834042022696e-01
-3.453968707658325865e-01
3.455713715081607518e-01
-3.783946679781263756e-02
-3.050449818301889660e-01
3.972827710310755100e-01
-3.659248418332903263e-01
3.914035942599199402e-01
-1.832292701886856570e-02
-1.732441228620953261e-02
3.122132740048999544e-01
-9.652681275810530426e-02
-1.283089439103285434e-01
-4.731200777582824091e-01
1.099510498582204343e-01
-4.884111473024566052e-02
1.118209359044568252e-01
-1.890705978535718312e-01
1.478205219725697676e-02
2.640876718734949669e-02
-5.937579318210276652e-02
-1.504069803881782352e-01
-9.636827888830179489e-02
7.855374050672198072e-02
-5.371624014284421406e-02
1.038892356702043468e-01
1.320064913190055200e-01
-5.899101658447487850e-02
-2.601481133667671863e-01
-1.588762980669419511e-01
6.837082208454134391e-02
-1.227017841955573146e-01
1.209315639296020539e-01
-3.359957210359727497e-01
-8.830224710227217721e-02
3.570232817952409543e-01
-4.747253899215252843e-02
8.744750482694294003e-02
-1.228335722282866277e-01
1.320547277775341588e-01
9.388955949156063685e-02
-1.943330822821550119e-01
8.136765970371333256e-02
8.237722596722282103e-03
-2.291377617734049743e-01
1.434850569069105568e-02
1.030455355077962848e-01
-2.378064403710969388e-01
-9.492565594624509037e-03
-2.831000783187591352e-02
-1.372489423764135519e-01
-9.187791298231626300e-04
9.096013616116278844e-02
-1.313275918438603362e-01
-9.972903128301995046e-02
1.795863934854273827e-02
8.728327628907107949e-02
3.796608340313156055e-02
2.595623621404674966e-02
-4.078520419079351700e-01
-1.349822346833667586e-01
6.129863538751877811e-02
-2.120953288082003674e-01
5.412675079176306747e-01
-1.108304745020065596e-01
-1.391388831700810791e-01
-5.073239432617396294e-02
3.536144694958175405e-01
-1.347576320601797661e-01
4.284678597970194985e-02
2.899591990784627371e-01
-1.887203192285238085e-01
-1.127350821185069268e-01
1.788842122419945224e-01
2.955412650955692097e-02
-2.277027259614629318e-02
-2.613568411810124337e-01
-8.130312505891605299e-03
-3.809641275623281559e-02
2.081450335917501282e-01
2.675538734351072812e-01
-2.303926640215970267e-01
-4.343618996955656009e-01
-7.207230800511146840e-02
2.171200018570512424e-01
-3.262214056913133597e-01
-1.051579205706909409e-01
-2.845607782889640891e-01
-2.885519038324790841e-01
-1.677368781653629931e-02
3.581314299728957651e-02
-4.446984403672362141e-01
-1.423097561084535334e-01
3.697172526777014329e-02
-2.306390001740311890e-01
-6.311165332858172106e-02
-2.329746537804024409e-01
1.800310872406047924e-01
-1.990442221857828820e-01
1.394258188225968864e-01
-6.416581419025988442e-01
1.632628536495836225e-01
4.105651557853924327e-01
4.779627370338355996e-02
2.656556185988514021e-02
1.841144824672271696e-01
-2.536451161718253910e-01
7.437698637214898989e-01
-3.083374593650157688e-02
6.752531112741608221e-02
1.379519811753202041e-01
1.746018804202973534e-03
-1.003072516639253071e-02
1.797718079809346170e-01
8.635277698763546561e-02
2.406964820384316917e-01
1.064157239107198089e-01
2.859740047859465339e-01
2.411460539358275812e-01
1.433787896760304603e-01
2.105292565290593505e-04
-2.151528007127200548e-01
-4.198445216611911002e-02
2.053886156590531073e-02
1.212900832649821403e-01
-2.494760044414350009e-01
-1.141778252217205969e-01
-1.249463726460346563e-01
3.182796211448537527e-01
2.823761068956492370e-01
-1.099538628290779585e-01
1.568511330512583901e-01
3.562289549845554931e-02
-1.406961097844245945e-01
5.024365321018511160e-02
-1.050529443487238507e-01
1.370698425703216483e-01
3.222947874411964952e-01
-1.412676851708755815e-02
-5.322338860901349999e-01
5.083507353035134069e-02
3.523658779728229273e-01
8.620162616734851346e-02
-3.753999839963106239e-02
-9.047811178789978703e-02
-1.631806970425380976e-01
-8.432865116304181022e-03
-4.141785512921719592e-01
-5.520029103930904762e-02
-1.919823894637880622e-04
5.009562043923929120e-02
1.890271787750008314e-01
-2.491206427661631917e-01
1.145674875259426045e-01
2.977729454243679963e-01
-3.219219425896172049e-02
-2.926044712226856248e-01
3.440826219791652263e-01
1.699401260659025581e-01
-1.636697267848590820e-01
-2.143343355749192242e-02
9.168083655908708385e-02
-4.857406728008220598e-02
-4.129261184767934467e-01
-3.408491044196781949e-01
-1.830326829727522697e-01
2.690896415248304058e-02
4.628129631439382302e-02
1.409588841218314681e-01
-8.529987867659870326e-02
1.226073165182000602e-01
3.830030613839121439e-02
5.321229655827533489e-02
4.519093811968592084e-02
1.317353184731031301e-01
-2.155569522628938695e-01
1.015864149531456317e-01
-6.503312379983501590e-02
1.037139789961086800e-01
-7.158472885939941299e-02
-3.748505969150479900e-02
2.844621025178011853e-01
-3.182331742412751185e-01
-3.750530462571723955e-01
-1.534866250959107947e-01
-1.158660734191135494e-01
-7.272194142185552101e-02
1.328895652605295519e+00
4.466499295591531138e-01
2.468336121023771146e-01
-2.085085302507617630e-02
-2.880769587211752247e-01
3.095515304698106540e-01
1.986089716063803301e-01
1.189554344804678587e-01
-1.946063533505835719e-01
-1.648047592113220383e-01
1.912607516064691038e-01
4.632759558558124380e-01
2.217456896441527547e-01
5.636932941362803734e-02
-4.054156352694807675e-01
-6.030372458192952839e-02
3.648845365730259416e-01
4.192883462670535799e-01
1.089496064072334736e-01
3.622727254661439189e-01
-3.217178264628249851e-01
6.006582222460355586e-03
-3.746268042868868275e-01
1.223454359372342509e-02
3.209240609937044075e-01
-1.404712829536807449e-02
-1.081293217114230737e-01
2.718552428042457225e-01
3.559417295717489105e-01
3.800329909632869929e-02
-1.046647967288030084e-01
3.159054203603394589e-02
1.290106175112776254e-01
-2.789407499097465992e-01
3.909979087867596764e-02
-4.347024650458222034e-02
-2.048995908600985960e-01
-4.526670654632909685e-02
9.679068052639043518e-02
1.529453369683304864e-01
5.308039891167536384e-01
4.119413644276863629e-01
-1.850546531619477186e-01
3.424808670008070433e-01
1.935929552776179952e-01
1.614596234663736307e-01
-4.667202849860034586e-02
-2.266062932083859338e-01
-4.628792608666747882e-02
1.220461122856440622e-01
-1.149364096693781812e-01
-1.233771023940796324e-01
-5.698114050121692864e-02
1.545842447775493400e-01
1.333705011387849027e-01
1.051575892516735250e-01
8.516422438782349918e-03
1.897268143140426466e-01
-1.096640827979677296e-01
-1.320526765951502424e-01
-4.009594903772525920e-01
-3.286530386108629798e-02
-1.563540403467687245e-01
1.113025009863611303e-01
-9.317044239751369819e-03
-2.439119948808931293e-01
5.470376468983714768e-02
3.652913803975857410e-01
-1.243822767360925202e-01
1.108093602171068698e-01
1.349534503104998784e-01
-8.134151902000993917e-03
7.498388814355607182e-03
-9.566131485152265870e-03
-6.176827377174233524e-02
2.686428303479219681e-01
-2.708704746613093128e-01
-2.989106513881580884e-01
2.593505143000138791e-01
1.685919559795709954e-01
3.855921296903552231e-01
1.415773773915225686e-01
-2.467432214278098002e-01
1.421494361167902898e-01
1.547202820237790662e-02
-1.661502352226615076e-01
-1.111639782486209538e-01
-1.591820424356071850e-01
6.528165126397150742e-02
1.729436713674651072e-01
-5.720403862895634406e-02
1.006855813689346707e-01
2.668640748551398892e-02
-7.457934915086912586e-02
2.454178237726321044e-01
3.267744070715648125e-02
1.109596234039308404e-01
-6.330258800638005612e-01
-4.303202970385762716e-01
5.586856718292092516e-01
3.834797509543713123e-01
2.158715788814797309e-01
-8.316870233609638396e-02
-3.874198006160178842e-01
-5.357737059452652439e-02
-1.504398706626798032e-01
1.310455161122351664e-01
2.106471229171411053e-01
-1.198628616076976156e-01
1.412720292117835286e-01
7.004129246616555560e-02
2.501353753830934390e-01
-1.708711159737637819e-01
1.546917881142806650e-01
-1.653460481777730695e-01
4.162595040194749102e-02
1.702457556470350353e-01
-8.975514152855068595e-02
2.983800415825239027e-01
-9.315637768267032159e-02
-1.386666138422261163e-01
-2.068523162621584421e-01
-1.790358507766236229e-02
-3.714026005956209686e-01
9.906783340332323690e-03
-6.581928670973270779e-02
8.248760802641797590e-03
1.979514714935066422e-01
1.512229928660933365e-01
-3.589375318824823691e-02
-2.720986296510325211e-02
6.630810250673434547e-01
2.696608783243845675e-01
2.361104226943410989e-01
-1.073052400684829516e-01
-1.706555964797114300e-01
1.790261919781948596e-01
7.501990934524591093e-02
-2.375949495515008447e-01
6.561301451681827990e-02
-2.927996570573085378e-01
-6.925480311051727955e-02
1.224133851420419056e-01
1.225643782368755763e-01
-1.360261730688199500e-01
-1.218399016441122085e-01
-4.095907335852309039e-01
1.005624966521968394e-01
6.977045728322012197e-02
2.033715724475937403e-01
-3.101575511231002280e-01
4.879506632209382189e-02
1.880847643730564067e-01
1.802899236804084426e-01
-6.009041296454782632e-02
-3.125756119669216293e-01
-2.439468485261736264e-01
-2.059043414720180543e-01
2.592182901528141542e-02
3.587556865678174223e-01
-3.865317712010266638e-01
-1.797292517637383569e-01
2.132944080505939644e-01
3.280731285709411194e-01
-2.004363605209799268e-02
-1.803909171342497342e-01
9.797405825609411048e-03
4.100830528932058322e-02
-1.251310580201989986e-01
-2.295520113713953869e-01
-1.053971211057239399e-01
3.105138390881728803e-03
-2.705173656955908723e-01
-1.634614519767735030e-01
-1.783824932951965925e-01
-7.413090234679506341e-02
1.247803383308556530e-01
-1.624579081625620799e-02
1.014804251425269199e-01
-1.101917193933270311e-01
-2.103575598685063774e-01
-3.862022987048626538e-02
5.671198733418151283e-01
5.357851806300109043e-01
8.507455076387998583e-02
-1.742604541045925381e-01
5.151422006151482047e-02
2.641238548323588953e-01
-2.738435231359475641e-01
3.100754748850136910e-01
2.078080886336718391e-01
2.394806495012510583e-01
-1.787932918906501301e-01
2.612311761095734153e-01
-3.243465246848810657e-01
-8.157746693917553027e-02
7.186698463233352763e-02
-1.658386865645137750e-02
2.507542392298542921e-01
1.752326397323155649e-01
-2.906579178633778016e-01
1.523839271021839026e-01
-6.448786883464802111e-02
-3.461155933079588243e-01
-7.809964293327804896e-02
-8.221488603858113919e-02
-1.101968896929183678e-01
2.722580913070772879e-01
-1.033866011313658850e-01
3.338979981900253718e-02
-1.964585039393136334e-01
3.332344420065386226e-02
-1.581121818731694717e-01
1.125274407022004847e-01
3.784806019653785270e-01
2.512004143250026189e-01
-7.960920083406942960e-02
-1.420738217230571934e-02
-2.307984676421655779e-01
1.467455186151793737e-03
3.424011349550409311e-01
2.539891442603299798e-01
-3.347080635534342430e-01
-1.017993099968218518e-01
-4.180822990044870680e-01
-4.388388235333566534e-02
-2.753429093014143070e-01
1.520293402396707960e-01
1.546877879558124502e-01
8.190559146583481498e-02
4.720786791536565191e-02
-9.192321381994535134e-02
1.698530872201373942e-01
4.941031794244581110e-02
-6.138745676334425583e-02
-1.624124831191722518e-01
-1.667733317480889210e-02
-7.988156447618166567e-02
8.926899360763509983e-02
-3.926844051433713845e-01
-4.826220109284281023e-01
-7.980898077114514932e-02
3.297432835592733480e-01
1.137130652286067432e-02
-2.859037208656917475e-02
-6.832956121181057649e-03
3.941762871387653466e-01
4.486820439593542514e-02
-1.943406931633072654e-01
-5.355569297500059056e-01
3.498889383245662454e-01
-9.372943213738078871e-02
7.535772663560012796e-02
1.224637325538616983e-01
-5.544578394330265669e-02
3.913034092982121126e-01
-1.270757930153001702e-01
-4.342207148225022545e-02
-3.326080121586604266e-01
-8.375920396597108519e-02
-2.601043893618730229e-01
-3.440625100896613220e-01
-2.961309328300881227e-01
-8.722885112603262492e-02
3.951397582815747295e-02
-2.230583885234499741e-01
-6.314488669922836694e-02
-3.416600481802843925e-01
4.108119350064926567e-01
2.000905031036409598e-01
4.539688183091348389e-02
-4.261546910127784332e-02
7.041127976843862546e-02
-2.309260023427666397e-01
-7.656088172104820455e-02
-2.888182908391114245e-01
-3.776494859132500936e-01
-6.242799515642008523e-02
1.489212322118570742e-01
-2.615714127094576069e-01
2.696393331761281487e-01
1.678681947210321906e-02
2.857238155439047467e-01
-3.680769258830445256e-01
4.528642644713386928e-02
-1.820969863873319328e-01
5.483124182622090004e-02
-2.227913528940981061e-02
6.024966344979507116e-02
2.856057129952768725e-01
-6.055290884316880812e-02
8.204211037812608742e-02
-6.619102834322476703e-02
-9.064735162466930340e-02
-2.634950983468883901e-01
-2.213952982855855456e-01
6.621734458041814153e-02
2.401404703772105353e-01
-2.847667610693714324e-01
1.847872385742675705e-01
-4.628163926124236327e-01
-7.859565947919380791e-02
-2.062923483657849166e-01
-7.889025595882676045e-02
-3.691606151586011020e-01
1.523664684330916508e-01
5.154189558459850579e-02
-2.290676553443664887e-01
1.752943051797274387e-01
-4.100918838574568182e-01
2.874363439501909090e-01
2.266353857114732084e-02
4.589632517546921725e-02
-5.579377365474711553e-02
-2.309086097473695975e-01
-2.428103753684057453e-01
1.004187261000773074e-01
1.365932772953329377e-01
-2.203489660107312287e-01
1.165672912036349179e-01
-4.490108093995960892e-01
-2.531896062685908000e-02
-1.005692879072854345e-01
-1.976035771704755251e-01
-4.679926257489963604e-02
2.950513507168778249e-01
2.851998840699831450e-01
-6.871847297913748209e-02
2.930546380928971129e-01
2.550027643500959451e-01
-2.095975979782535858e-01
3.067481676174270075e-02
-1.859500236331936840e-01
2.061803713898047730e-01
4.901925726738476374e-02
-6.691396114316709720e-02
8.015021164315146163e-02
-7.149457511371190566e-02
-4.515489547494609401e-01
7.698682276717678814e-04
-6.398595048641411709e-02
3.246525843121362831e-01
6.725688413568670088e-02
2.902755799489631361e-01
-2.445586477008997173e-01
-1.708014519147132426e-01
-6.790620594148302769e-02
-3.733699337932108175e-01
2.062682825789599605e-01
1.024090499636956253e-01
-2.870552199765746271e-01
1.210308614619509671e-01
1.658860357764768145e-01
-3.190019183982086282e-01
2.166876446285643382e-02
-2.331579682149968746e-01
-1.134530406685428233e-01
2.306891447891139812e-01
1.195127957684901099e-01
1.677959203039994518e-01
-1.069027176529120313e-02
-1.447494421628677148e-02
3.917339746922063881e-01
2.103348383636830243e-01
2.570419069476479468e-01
2.337448919903203221e-02
-3.474303127949429637e-02
1.347707878132191062e-01
-3.760214352538364391e-02
1.315674852286090879e-01
-2.159071085503647403e-01
1.884559630447926737e-01
2.505471037161349224e-01
4.611873065851593290e-02
-3.152873115400425807e-01
2.733919200441660147e-01
1.888629556219122152e-01
2.574094075247070901e-01
1.741538402915392483e-02
1.416261299164115750e-01
-2.621174626982676337e-01
-2.717129598943832103e-01
1.715927400781440751e-02
6.825351557192169127e-02
5.269740543671838084e-01
-1.321017152418884066e-01
3.952282523748921195e-01
-1.774020431443158741e-01
-2.078584692048453531e-01
-2.336119818303493412e-02
-7.682491688904372062e-02
3.482943938912343440e-01
2.179190058136571961e-01
-2.467847375985223746e-01
4.062030660346506103e-03
4.312237398119354165e-02
9.326905369361780662e-02
6.241827019424756734e-02
-2.373943323832847785e-01
-7.530359589311322321e-02
5.611209178226266303e-01
-2.036838278516387990e-01
-2.235225852252560944e-02
7.082221202789107384e-02
1.378753993401679867e-01
1.025899439328458590e-01
4.458071283365981630e-02
-1.392066512866975136e-01
-2.810713588254948880e-01
-3.030987257939939949e-01
-7.454991061658546025e-02
2.013247908365456140e-01
3.760432518381505163e-01
-8.965191916554586526e-02
1.846138963059625326e-01
-5.995099208553495568e-02
1.497670927618346137e-01
-1.034942834043414417e-01
-3.050790941545768464e-01
-1.435231329050640561e-02
5.593907079063221710e-01
-4.230903615191121403e-03
-1.465367506294050493e-01
-1.445478972788941940e-01
6.467716927758498935e-02
1.188904234893257417e-01
-2.633503289183123375e-01
-2.786044187302609276e-01
2.650356486555522917e-01
-4.529248810848308243e-02
-2.927031742463725439e-01
7.857041947277219884e-02
2.013724630718797259e-01
1.359986950213586954e-01
-3.290749253229630633e-01
9.615841031736517552e-02
-2.312069915955989319e-01
-3.489782376927333951e-01
-2.379412092931486311e-01
2.074233954364507471e-01
-1.606508500154473773e-01
-1.252716584839491110e-01
1.845800652638042438e-01
4.277000327817658820e-01
-2.475120575495624309e-01
-2.420093381406792504e-02
3.094149788728276645e-02
2.971975151290192074e-01
-2.369444188308965082e-01
1.042148764529828298e-01
3.907484471094574974e-01
-8.529682953586120719e-02
-3.379777232056831171e-02
-1.625981611115325659e-02
-2.295316015518409636e-01
-3.606536401566913866e-03
8.658005332583626479e-02
3.193534143362588423e-02
-2.908909836235141697e-02
-1.069402946964841533e-01
-5.709950748400404175e-01
-2.338381661952563806e-01
-2.069478972274596540e-01
-3.970917470003203498e-01
-2.095550284251812036e-03
1.184483124635459100e-01
7.497984480025016163e-02
-6.164567760318113987e-02
5.436833561474853360e-02
4.225843761405696508e-01
-3.923084171915363488e-02
7.936099397169778247e-02
3.624840621781462435e-02
2.445605411514213678e-01
-1.398403948538697039e-01
-2.236935342884742960e-03
-3.833991909297163308e-03
1.162056155874553916e-02
-9.474169351763894742e-02
1.048769045475748118e-01
4.420503135491906099e-01
2.469768885523497895e-02
1.442967657181476286e-02
-9.334377722190317916e-02
-4.214712849135830025e-02
1.804507989824762071e-01
-6.434398952050728038e-02
-2.484565953403237298e-02
1.303016391501040337e-02
1.641045572385776974e-01
-3.866746000298548064e-02
-1.642138850180825949e-01
-1.549031355754288963e-01
3.694563473093447348e-01
2.872137974056433729e-02
-3.065295162409627516e-01
1.169860592158028512e-01
2.757130083239494600e-01
3.741193443994438317e-01
-3.544327440716476402e-02
-2.561144497000946568e-02
-3.040042402204600758e-01
-2.078742651670584859e-03
3.964482556575146810e-02
3.244340712797127435e-01
3.962189176855034078e-02
1.435876787870586924e-01
-3.776357177456935998e-01
1.232957313910997277e-01
2.419090567032503858e-01
-7.394391994709625937e-02
-1.546237425233416840e-01
3.070290553599244188e-01
-2.618606825834588481e-01
-1.775123203905734637e-02
-2.703005505892798199e-01
-2.594186758697987760e-01
2.565296477909124739e-01
-1.501084993293764769e-01
3.196879893063542810e-01
1.399108772560784808e-01
1.690204626993545289e-01
1.547956305371027963e-01
-3.655388696693165906e-01
1.761848369198849573e-01
-4.892635679664641413e-01
9.153784317587916608e-02
-1.091055039457382303e-01
3.436795365051348861e-01
-4.454011534110232096e-01
-1.769227116556811724e-02
-1.950162390682423988e-02
-3.347845301049022504e-02
2.637563068532288169e-01
1.362060882053856559e-01
-3.640370222536855604e-01
3.279433071396736232e-01
2.757829874771146050e-01
-2.536130549047810878e-01
3.460367707100475698e-01
-5.561779957168623278e-01
-8.648821731124199663e-02
1.231683360227743551e-01
3.495526411576371784e-02
-7.244130926346281640e-02
3.441422824311690925e-03
-3.008939618521778991e-02
7.272995697705172957e-02
-1.404323137798249022e-01
1.702423417185379428e-01
-1.651503679814118331e-01
2.278768648391400198e-01
1.733730631092960384e-01
1.933320177255147820e-01
4.217083280855066230e-02
-2.457848423450229858e-01
-3.156714617975542869e-01
-1.802143846771443736e-01
-1.628554688680932117e-01
-1.430065629816021922e-01
-8.082689921207854289e-02
3.181761986546749466e-01
7.547666306949243897e-02
-1.733605658767328195e-01
2.530707080169835588e-01
1.138357944157973867e-01
-2.191657202851633457e-01
-2.293076517615447729e-01
3.050438039608879826e-01
2.485074422307352246e-02
9.930720954922558907e-02
-2.212415340508226413e-01
4.173032366523320852e-02
-4.354970931978662807e-01
-2.333964451339081425e-01
-4.373235426651940760e-01
-1.058637507642733455e-01
2.614184304854864083e-01
1.116307088387386154e-01
-3.928271309543154149e-02
-3.605627073759930940e-02
-5.997219675527003524e-01
2.677887070328704988e-01
3.167039231185160286e-01
7.303284668733917018e-02
-1.182820234840224229e-02
2.693869348573070255e-01
1.977017496989003781e-02
6.592729754604768067e-01
2.386339212633719342e-01
3.344713518566706095e-02
-3.243167971590590892e-01
-8.140712291651643409e-03
4.519363004473701990e-03
7.554893459722274163e-02
1.623400740195756753e-01
-1.900442675729083486e-01
-2.679872402542336773e-02
1.241045504696880880e-01
-2.827464410875459716e-02
-7.639986507974684538e-02
-2.610971998834034080e-01
1.987053132272373068e-01
-3.413606246353225737e-01
-4.129947591596558332e-02
-6.433647358626161383e-02
-3.739697761485520355e-01
8.974408824324511119e-03
-4.256655709060544468e-01
-8.552288732249574421e-02
6.740647089464027464e-02
1.766274871732117502e-01
5.907656604548180979e-02
1.262571385891261000e-01
-2.076767716957911292e-01
-2.698622462019454882e-01
-1.322246070077459923e-01
-3.353036729856932463e-01
6.692617380452491327e-01
-1.299487059434719649e-01
-1.397222073546935672e-01
6.371571969303582716e-02
7.434160459422776979e-02
3.542948798585609516e-01
-1.270299410690512165e-01
6.469759686785906405e-01
4.276172581082177127e-01
-2.561832830480721412e-01
1.275799255057031290e-01
-2.270867921914018761e-02
-1.474275733577219694e-01
1.108787000884804419e-01
1.744091181547505476e-01
2.911620826390058647e-02
2.344562644567662474e-02
-1.770696326236244067e-01
2.926686218665278116e-01
2.422132016359087037e-01
-5.579963382588232212e-02
3.610896993125646270e-01
5.039775423483368322e-02
-8.987051926222834608e-02
-2.660750371085832677e-01
6.398595554295552490e-02
1.260106576926599276e-01
2.392972326911723124e-01
6.438860428873643960e-02
1.124485929400077799e-01
1.052799564723110176e-01
2.862510576078783342e-01
8.353856122408602480e-02
-4.291882276190935319e-01
1.959621124703842809e-01
2.171491310267733565e-01
-1.756412303974298761e-01
2.831603661256646420e-01
1.437466136521987348e-01
1.683578835892204084e-01
1.337367184294467326e-01
1.539142441449957155e-01
-1.919226593263586439e-02
-3.065257159725002234e-01
-1.343933597833562310e-01
-1.936066558322991626e-01
-1.223678944918092232e-01
-4.607991454003637632e-02
3.315084866124636820e-01
-4.751345166380039342e-01
5.407685898788574530e-01
-1.449484005245084417e-01
-3.406100752730911174e-01
1.137568022433213255e-01
1.743188071631055491e-01
3.287558094514908547e-02
3.808547694742733802e-01
6.401395002697435332e-02
5.234702526567159842e-01
-3.457774049746695777e-01
3.681723034700912223e-02
1.219221561220466821e-01
3.398442198378076040e-01
-1.152555548571986277e-01
2.949210853153652612e-01
3.510627305185049646e-02
-2.079851269959134552e-01
-1.299068093675799507e-01
6.232649722077850812e-02
2.446898755515022061e-01
9.015752783655914260e-02
8.942449098507847249e-02
1.252149133719012430e-01
3.306124356255905616e-01
2.296568640769662550e-01
3.058331536056939706e-02
6.863869184178778005e-02
2.449894651743402541e-01
-5.672636620039956529e-02
-3.025577322302662117e-02
1.773160958938272552e-02
1.126965122241614103e-01
-1.940110803113389015e-01
-5.731679298537030454e-02
4.573374316792968575e-01
1.090136657800460374e-01
1.902567057984515808e-01
2.393329167708194427e-01
-2.875650856019266732e-01
9.630714990185725854e-01
-7.280420323125201820e-01
3.865039667766036469e-01
-4.404509200976469002e-02
2.661413445533286626e-02
3.860617950108404250e-01
