-3.511042602023324855e-01
-1.024857305653905926e-01
-3.969057894503633666e-01
1.133037202177492819e+00
-2.243430105452343948e-01
-2.257553755342662782e-01
-6.777867462543317456e-02
2.130717653719308713e-01
-3.249926312490533098e-01
1.259048561815521161e-01
3.467381256156099600e-01
4.511306569171554814e-01
2.493413668074650591e+00
-5.451871200154037034e-01
-8.652844571861524336e-01
2.188846001876131098e+00
6.927685913285443198e-02
-8.867529076300771640e-02
-3.456960112118429573e-01
7.848263286460729349e-01
-8.238981564617771092e-01
-3.852122007193359288e-01
1.943704756612661122e-01
-3.145876660592043517e-01
2.550024612707897376e-01
-3.506031631798378068e-01
6.550197699413823349e-01
-3.740425789376456978e-01
-2.816586146883113262e-01
1.234911361214299008e+00
1.330354577323524801e-01
1.716428427228981757e-01
8.574019289392136312e-01
2.702673893088253232e-01
2.123706924878682845e+00
-5.468559441151693568e-01
8.178701986481830277e-02
5.886860055425190419e-01
4.971480811746730732e-01
-4.392344037538304380e-01
-7.894607713791249592e-01
-4.203933139214541259e-01
-5.174769829267669152e-01
-4.028471374299625318e-01
-1.919975418045914706e-01
1.292054823246930606e-01
8.728516080980164293e-01
1.898630257951459954e-01
7.070898060089855774e-02
3.778806506018739797e-01
1.544336507102781753e-01
2.565984684104444802e-01
-1.298583050560716323e+00
-4.859230376355828662e-01
9.416174580006891892e-01
-1.074582874473989147e+00
4.606720917000068360e-01
1.942125470103422402e-01
2.545017664071398955e-01
-4.530881019874140603e-01
-6.392128862731384364e-01
3.667329005926158597e-02
-2.979387452758822108e-01
3.327674612254600817e-01
6.325321502125031969e-01
-9.311162945096868038e-01
3.276398393196338077e-01
-1.827205719344587587e-01
2.792629538431012359e-01
9.272506400166784235e-02
-6.908292171603834519e-02
-9.411101232907219671e-01
1.842644568337629407e-01
-1.493895059288067803e-02
-4.576570485232076546e-01
2.026995918230770077e-01
-3.308483728560093207e-01
1.186808458497655427e-01
-5.289195128278526697e-03
1.262860325262452343e-01
2.853163758686671700e-02
4.241834568154009832e-01
4.784291348414117934e-02
-1.650772445797871746e-01
1.487531709711343297e-01
-3.755294123508075010e-01
-3.956295896399680823e-02
1.304558329973649344e-01
-5.675692731400461266e-01
2.677012710849288601e-02
-1.742650183819087761e-01
1.434833758226604639e-01
-2.903244612438330222e-02
-2.208056202241004129e-01
1.935493000997582647e-01
-1.970875176829861922e-02
-6.108693993540350586e-01
-8.464655736613369008e-02
-1.975332098298379357e-01
3.802999115384256973e-02
-2.111553342375637465e-01
-7.920542036754686654e-02
-4.945460667595489856e-01
-2.137065747075997113e-01
-4.364802050440587666e-01
4.411247328772937570e-01
-4.794200411308388032e-01
2.703688085972161259e-01
-9.205350512231250115e-02
7.072491086837985608e-02
-9.953633221669704045e-02
2.028983714944350425e-01
2.830343555237114783e-01
1.253649706316831980e-01
4.429221609482368871e-01
5.333690759586504071e-02
2.650695803341123757e-01
-1.998046480124329172e-01
1.442843949986691854e-01
-1.692046996449106389e-01
4.347764097734441169e-01
1.644044347761226543e-01
-5.875283890384049856e-01
-4.646187992794403865e-02
1.256603301419592367e-01
1.279244866934372837e-01
-6.732025450415213275e-02
2.502125634619889460e-01
-1.267873343396226475e-02
-4.692445231064187317e-01
3.693007958016054221e-02
5.783929846301530953e-01
-7.552625286230317536e-02
-2.274615511556037639e-01
9.863463985520450061e-02
7.195201686651238326e-02
2.010724408078735093e-01
9.688186621285008182e-02
-4.510997977979013807e-01
-1.824403024052550504e-01
-1.887559625132184671e-01
2.896117679815004564e-01
-1.474084719781137975e-02
1.182993119176671548e-01
-1.014621299982681885e-01
-2.652549865503147086e-01
3.563276332794782821e-03
2.518888054828765100e-01
-7.535926149621562098e-02
-1.929436871948975174e-01
-2.023206570231444734e-01
4.257451690750725382e-01
1.388632571188828380e-01
1.134335516321236387e-01
-9.557204196270553676e-02
-1.237371258484251807e-01
-2.776408385661339184e-01
1.006944359086312663e-02
2.069756538606081775e-01
1.655512471785605122e-01
-5.013004181992708475e-01
-1.822199511738079869e-01
4.728513812847123798e-02
4.017554786099721831e-01
-4.963431235170596284e-02
-3.179752749401015821e-01
-7.149579590352837799e-02
-1.593578554399779079e-01
2.904777854272103665e-01
-1.357350985564856512e-02
-7.239201358701907729e-02
5.203195335624260891e-03
1.028371423151056840e-01
-9.109186831017225539e-02
-2.143482221768737983e-01
3.464752136631659152e-01
2.000144397676239527e-01
2.600369749388184437e-01
-1.952616387122339536e-01
3.075128465421463064e-02
-1.147414311492973432e-01
5.802523772238640624e-03
1.852961661833192608e-01
2.812267482724819523e-01
1.017212072312171506e-01
-6.643963822299419064e-01
-7.265700881340364514e-01
-5.890371134059586566e-01
4.482200237012276545e-03
-2.100163423659509310e-01
2.057631712233350674e-01
-2.025444761368820068e-01
1.243945843302742271e-01
1.381853045092074350e-01
5.075155600674062517e-02
4.991667071623554497e-01
1.666213208782328092e-01
2.617432734393517757e-01
-9.763446020344833387e-02
-3.186622348563997731e-01
3.107036241584552050e-01
1.969745455480393162e-02
8.200775010449004587e-02
1.704130983387948106e-01
6.900070047269725448e-02
-1.572928992755564803e-01
-3.816225016150981419e-02
-1.510374397000423807e-01
8.929803851564517558e-02
7.223260856728573077e-03
-1.417008087084961343e-01
-5.691612737134524314e-02
-1.388843279014967125e-01
-1.988097167778524743e-01
-4.080703094004692333e-02
-2.486817567261518092e-01
-2.821481582009350841e-01
1.046976590113369576e-01
-2.439790474681279298e-01
5.198689898661139341e-02
1.465410626189079801e-01
-1.361784134070231911e-01
2.079407149149106182e-01
-1.239304914407950847e-01
-1.756796450821362376e-01
-4.435950054724478037e-02
-6.269503180923277630e-02
-5.529948970283066201e-02
-1.138041473812201332e-01
-1.915210673503643102e-01
1.101139369717637900e-01
-2.326763262391052245e-01
5.531852334663589499e-01
-1.561850080596939860e-01
-3.990774144863057371e-01
-3.882618450008998995e-02
-1.585893427819752566e-01
-2.806285766274195237e-01
1.267121233078027098e-01
-1.389415599206426100e-01
-1.472670955492229594e-01
-1.539021730086381941e-02
-2.683696797886792051e-01
2.285097309527590048e-01
2.599333163359080490e-01
-4.088732307563679447e-01
3.285245035711206740e-01
-4.250702780412902726e-01
4.880233017206207502e-01
7.523087473152023641e-01
1.858855582985125265e-01
-4.585341570056690186e-01
2.471564829260639376e-02
5.070965345603126728e-01
6.076020482949396478e-02
-2.509542757996029994e-01
-1.460692854225861259e-01
8.102134941717260841e-02
1.422434785441401839e-01
2.800100486770872865e-01
-2.313942631690815988e-01
-1.188033613753106676e-01
-3.001678501243639774e-01
-1.677266762965538283e-01
6.080754335064111338e-01
-1.156488828789616230e+00
5.587415734956641122e-01
-8.370054600112898369e-01
1.004032643803384195e+00
1.568951976961216188e-01
-3.961384916397472922e-01
-1.206518629152477429e+00
-1.399512988241068401e-01
9.688350937190304268e-02
-4.788961808442699503e-02
1.104817615045859402e-01
-4.643139877611460742e-01
2.406442108713712225e-01
6.687051336191980611e-02
3.265786733704578171e-01
-3.269338799004834484e-01
1.041455794479527810e-02
-1.781052289525718868e-01
-3.864463269952168045e-01
4.181149305772395297e-01
-6.592678520167216671e-01
1.681018510815212308e-01
-2.716395835619461741e-01
2.939781143320939205e-01
1.396904899577766923e-01
-5.332068228586703262e-02
-1.619512314780186257e-01
-6.882818993605162028e-01
-1.140307953312420935e-01
-3.228290258995125672e-01
-1.557477090292773703e-01
-8.855850496717870834e-02
-8.036152910407579064e-02
3.824731002242172662e-01
-3.034150206935398719e-01
-1.827710224258346505e-01
3.627607012241572393e-02
-1.749696625081038404e+00
-5.986401847271973636e-02
8.948666279514920774e-01
-1.463583935233074396e+00
9.017855875854752234e-01
-5.892814608087898476e-01
2.163567823360427411e+00
7.681483777701256788e-01
-4.334196550994080521e-01
-8.392287639105759922e-01
-3.472993780033605260e-01
-7.613591035483392444e-01
-2.538172730799023724e-01
1.882460066181524672e-01
-8.767867245239928387e-02
9.955629615095112905e-02
-7.716483727517252644e-01
-7.192514494387048929e-01
1.377465124902006732e-01
-5.687797506348134940e-02
1.150228056723708453e-01
3.087489185326870444e-01
4.133854210771506499e-01
1.687505405907178957e-01
-2.613222941331547200e-01
1.016659609869841885e-01
-4.501282485127207633e-01
-4.095184095542971081e-02
-2.136464872227797629e-01
2.812304134768026653e-01
1.006000103306092935e-01
-2.797516730870571733e-01
7.261303173215416518e-02
5.677421049801337216e-02
-9.226681912325694623e-02
-7.975371144756043806e-02
-1.167215619860259013e-01
3.044620672764333236e-01
-6.254676159121960177e-01
-2.473281380301501908e-01
-1.085369033179250042e+00
1.467494261186482740e-01
5.006328069595518127e-01
-6.387954606232347787e-01
-3.440564116805966965e-01
-4.095000356998301227e-01
7.929881361972936915e-01
1.322584087119831053e-01
1.175342416569641335e-02
-9.090231243413537943e-01
2.066075521689444694e-01
-5.863428485364410303e-01
-3.176666010095685055e-01
2.293578648983770341e-01
4.973827119229458360e-02
4.728798627230731966e-02
-3.942624823524362165e-01
5.529744309951228204e-02
8.427317065189691148e-01
1.293690964098458684e-01
-1.289349049287213722e+00
6.439917693261285048e-02
1.251369648333267026e-01
3.149536492844814961e-01
-5.180112048659015755e-01
4.322543488517404109e-01
-2.888882198637808818e-01
-3.920886826272181880e-01
-3.691464248571681844e-02
4.196460571968200215e-01
-3.586744352985138384e-01
-5.142441592481596935e-01
3.729626544989527726e-01
-8.524968430531974783e-02
1.805755380315788305e-01
-3.672103154894199029e-01
-1.777105318715268278e-01
-9.294827272958557929e-01
1.060402208756039688e-01
-6.361787074738221859e-02
3.462666856126274117e-01
2.035674144196629454e-01
-1.919492722510289240e-01
1.894229396578776259e-01
-2.337786187642550695e-01
-1.418718094536242924e-01
-1.170240137123789853e-01
7.565747106559961299e-02
6.155079982351531649e-03
1.359988585495513214e-01
-2.298682800494549205e-01
-2.296827854148444370e-01
-1.196148770704601183e-01
-3.402942628625266197e-01
4.099897252277511783e-01
-2.446214015029448408e-01
2.251743594754762601e-02
4.201440222184481543e-01
-4.943955662812167806e-01
-2.955157649893668248e-01
-1.922057376223561265e-01
-1.462714159089517074e-01
2.793637035371450694e-01
-8.616994914015662088e-01
2.612580060193269715e-01
-2.603997631266061208e-01
1.731711763006922589e-01
-6.619858168638472276e-03
2.928182971753918173e-01
-4.030779327716998983e-01
-1.984769090547349180e-01
-1.137581797366291891e-01
-3.289448227212312115e-01
-4.951818292608917149e-02
-1.034244094955215909e-01
2.894990025176425244e-02
-2.355018430815142561e-01
1.928960624848026148e-02
2.648469224001266387e-01
-1.447757625282379002e-01
1.045262217679640560e-01
1.315630398624908493e-01
-9.385829782582798264e-02
-1.698454001403354174e-01
-1.443898304262431105e-02
-2.162279096976643944e-01
-8.755690233741451889e-02
9.573304227721601833e-02
-2.575203789897309581e-01
-3.469748758391731913e-01
4.270503594081612869e-02
7.907002977283833500e-02
8.769504237115285927e-02
-1.053941741641400837e-01
-3.505415014543616925e-01
1.511286949516900957e-01
-1.782709301240099908e-01
7.441752183065752924e-02
6.941843312916241571e-01
2.317047054716856250e-02
-1.962222682547083430e+00
4.637051181862966165e-01
-2.803937729365209020e-01
6.933864167923156074e-01
-2.961730171729488603e-01
4.527946440413646578e-01
4.331473143269861104e-01
-6.867520515718764096e-02
1.922392634422805113e-01
2.415267578888853628e-01
-4.320304671451837275e-01
-6.584603830573115824e-01
5.478083046384281118e-01
2.596484705316030595e-01
3.241153774150100086e-01
-6.356689986800570513e-02
-3.453229052098647500e-01
-2.644678845620663798e-01
3.151541319360091076e-01
-6.822265171461012745e-01
8.712989712175637225e-01
-1.605412936836035920e-01
-1.046295558876503939e+00
-7.829397918367624332e-01
-3.338109854932934106e-01
-8.558813703865727485e-01
3.522550072276615651e-01
1.227341897670590140e-02
2.263209686912101559e-01
1.747553092305002831e-02
-1.367386330824507557e+00
4.327040477157121368e-01
-3.833561483812190085e-01
1.517575500047096265e-02
-3.493614599162512407e-02
1.249948529635084848e-01
-1.657872649126915510e-01
2.774389413146640671e-01
-3.378623766739299178e-02
2.261300555232266807e-01
2.115396588735740102e-01
4.780672886638836494e-01
2.379080626817081656e-01
-3.106151728292433911e-01
-4.470129987460866317e-01
1.331210754484421221e-01
5.753393996428514123e-01
7.215076165846950711e-03
1.339637790833825837e-01
-2.558480828017533071e-01
-6.019433179238299625e-02
-2.556183654488952128e-01
-3.699081078562545533e-01
-8.038072802352673463e-02
4.168811299161197526e-01
7.489492432638551467e-01
-2.828604292990563041e-01
1.106358505936470893e+00
3.668449397839886328e-01
1.792310334460244792e-01
-3.354512594684259941e-02
-1.052210206561260269e-01
-1.670164323720216282e-02
-5.510661269515235161e-02
2.693593037820842806e-01
-1.653956556180024295e-01
2.307445516600470370e-01
2.248892451934604853e-01
1.464920810680467034e-01
2.589286809030789116e-01
-6.841932033230664623e-02
3.444973490858858067e-01
-1.257685093779670540e-02
-1.322302563201993020e-01
4.586979989573531334e-03
2.013278155555833435e-02
-1.449313877585983734e-02
7.270667981909921807e-01
3.494548425725428342e-01
-4.434902495302469605e-01
3.477369669679052783e-02
-1.209499961791344447e+00
2.865042458382399126e-01
4.976094506731697231e-02
-9.185668843240962778e-02
-1.826709885394896538e-01
-2.456533247649042573e-02
-4.109882573657443472e-01
-6.259971877920319366e-03
1.172058047296806876e-01
2.817652600152819597e-01
1.023647451620840476e-02
4.350158988027386098e-01
3.443099634061526637e-01
-1.170610808882175391e-01
-7.525775399472631744e-01
7.030535861834151523e-02
-1.750400217406040237e+00
-1.713423585737847421e-01
7.756712105663549073e-02
1.565747576062460067e-01
-2.995366302106200473e-01
-1.713497013521152745e-01
-3.567080127596330419e-01
1.642879794787569514e-01
-1.684565342562049095e-01
-1.068520009710517277e-01
-3.869969392651695927e-01
1.783671685137672991e-01
6.476889521575998621e-02
-2.301357469243695553e-01
-2.245878513930271714e-01
-6.454025982479716025e-03
-1.726840196871596012e-01
5.675849192168144208e-01
1.435263431232605413e-01
6.501724143339050743e-02
-4.583603693347270136e-01
4.170262258989393955e-01
6.514709349592985588e-02
-1.176322786464455844e-01
5.605681573245211435e-01
-1.343352599080540333e-01
-3.276938600543910507e-01
1.143621706097182472e-01
-2.700041353490864604e-01
5.088166421098588854e-01
2.890251465733396086e-01
2.801451901162586508e-02
2.653296360757270711e-01
1.334737847246006970e-01
-4.216137155561504313e-02
-1.416329835416569316e-01
1.039422925554361887e-01
7.659324429287767133e-02
8.470333259449706886e-02
1.497216530592549444e-01
6.973956807515110379e-01
-2.356580362572186782e-01
-2.503738692626012452e-01
-2.034084003645386385e-01
-4.574379001518109611e-01
1.257206341280954209e-01
8.743898579365298740e-02
6.242451002497712009e-01
-1.908419415886353221e-01
-5.535772269502078347e-01
-2.485748043707514815e-02
-1.539325618203313262e-01
2.745624639907460751e-01
5.189816305540126962e-01
-8.222385690849411122e-02
3.633225352859160984e-02
2.717389034362822642e-01
-3.685684301814656783e-02
-4.674059014178736371e-01
2.076085648096670788e-01
-1.054231996841842545e+00
3.176249031016529223e-01
-8.993091509263007044e-02
3.567645663517043236e-02
3.634433862182132741e-02
2.062661122061955343e-01
3.852828653442932905e-01
6.134513087675107224e-02
6.516172626576224869e-02
-2.310982432368243744e-01
-2.020731493813203161e-01
-2.515414869118175883e-02
8.689477869905417803e-03
3.710490384729395186e-01
-6.782966046530614947e-03
8.135146022625278084e-01
3.873681633515082545e-01
-4.703740962810901843e-02
-9.973006240566658631e-01
5.462694819895047571e-01
-5.297892104677313085e-01
-3.316640637186268892e-02
3.836296222893271213e-01
-2.800575551915638894e-01
1.288383428380892974e-02
1.589325990025576563e-01
-4.365824192652834612e-01
3.213907938929903008e-01
4.217900502642647487e-01
2.353655755144242745e-01
8.238887760357212209e-02
1.457807849818353874e-01
-5.289366474359779025e-01
-1.608297351131667829e-01
-5.069808924415203366e-02
8.575347372360744846e-02
-2.435398704622645794e-01
2.344375290542067003e-01
4.491455258355321334e-01
9.564807853588989939e-02
9.353755322735589628e-01
3.882484481466449977e-02
-1.454832386980980941e-01
-2.574512015772205051e-02
-4.741173213559289334e-01
-3.952576026712400353e-02
4.006638504361438313e-01
1.600113377788468239e-01
-8.868952968997806385e-02
-7.740259700383742558e-01
-3.816536409774817784e-01
-4.160986694791446450e-01
3.713709430379616427e-01
8.274265570347312249e-01
3.979422958555654533e-01
-5.647090821748877720e-02
6.539323729995563106e-01
-4.682651286962712378e-01
-6.438421056267850107e-01
2.374499990234613667e-01
-8.659361387626761664e-01
7.899354953605780549e-02
-2.681478740001466132e-01
-2.319559677505097228e-01
-2.296718408251423593e-01
5.253351934200111567e-02
2.955571442058080311e-01
-1.205849092731227368e-01
1.844465191815027605e-01
-4.294969099116845851e-02
2.459326793295472380e-01
2.881668312928269970e-01
1.688403186427778757e-01
6.058471170382645488e-01
2.421383253389941884e-02
1.032914338215632222e-01
2.747041437323866631e-01
-1.690040797931018912e-01
-5.034186172283847682e-01
4.934120572632371693e-01
-7.488301592682483632e-01
-2.723894162235341102e-02
-2.802521733558943073e-01
9.787379913260282893e-02
-2.594026562388596080e-02
-2.704922977765524331e-02
3.601428935134673437e-01
8.951656480524235182e-02
3.471177588615185217e-01
-1.680030764382957689e-02
-1.462375234611546782e-01
-6.455643867547723735e-02
5.438559663627468704e-02
-2.489441690553676756e-01
-1.679562342075335557e-01
8.799263094210871272e-02
2.580937560199874081e-01
-5.240143631013721714e-02
-1.619482340093041928e-01
2.689064065709890691e-02
-4.992852531037896280e-01
-2.508552868112154041e-02
-3.536309694089143085e-02
-3.461537445786575656e-02
-2.099927853328376337e-01
9.404844909110260387e-02
-9.097949510429909070e-02
-3.453112236795374823e-01
-3.801516675228767683e-01
-3.605826900495691101e-01
3.312836558138145815e-01
2.459459834495617281e-01
-1.898215529366265586e-01
4.863729656109749278e-01
-1.837066705592062810e-01
1.313317753852876468e-01
-2.541489774188188666e-01
-2.116529106925889581e-01
8.066257073489493390e-01
9.884588433243585159e-02
4.169870814473211063e-01
4.963527911517300745e-02
1.816032177905241851e-01
2.432529566530896789e-02
-2.616312106448391919e-02
1.282600009084581827e-01
-3.413378277525953575e-01
-1.574962969977116434e-01
3.269161329897061208e-01
3.447340860629583004e-01
2.115016571464164996e-01
3.854027997301278097e-01
3.245668552152841668e-01
-2.411195354478286590e-01
-3.765105650936876325e-01
-9.013963228042489728e-01
-3.829214105092843545e-01
7.152690994960908544e-01
6.314659519393970299e-01
2.400015766023153863e-01
7.649527323102477405e-01
-5.132441547733332388e-03
-2.091341092581162561e-02
5.709675136544888341e-01
-4.019803541724211171e-01
-1.341798201056371986e-01
-2.237104392442160888e-02
-9.911005152250811079e-02
1.873945613043354885e-01
2.348580620042080846e-01
1.372727084947651666e-01
4.188943593680595212e-01
-3.885116912618676310e-01
-4.291513799485503766e-02
3.109353157871585019e-02
-1.681123419553844922e-01
1.632143658206579029e-01
2.172801284179331494e-01
-2.458872784146634294e-01
2.914744679611501743e-01
-7.994590932265588368e-01
-6.297100288153573838e-03
2.820761957247115426e-01
-1.386553262635087935e-01
1.286251052362739622e-01
1.536512767948336189e-01
-4.540281105088849189e-01
-1.661640627777413422e-04
2.045182175193626384e-01
9.341750818572636117e-02
8.669252471514586611e-02
-1.928439418435287656e-01
-2.018309384802330908e-01
1.935244451276245392e-01
-1.005731065122577594e-01
3.619611626916355851e-01
-9.940805775177252723e-02
3.748421015065500073e-01
1.530060424357072013e-01
2.775837808393694095e-01
2.315003921708822243e-01
-1.188773046869154443e-01
3.743912380224148628e-01
-2.382707458013372595e-02
4.818889799121754691e-03
-4.057992508928676134e-02
4.142450516502864666e-01
-3.236355658116950029e-01
-1.195816048202220927e-01
-2.062367343909960460e-01
-2.636570839969595847e-01
-2.352101750243195677e-01
2.802258341929610846e-02
-3.738199542450926782e-01
6.118480320939589934e-02
-5.457369657482732256e-02
-2.492549141409394764e-01
8.245467956141146540e-03
2.914382553713885105e-01
1.514154999125249534e-01
1.734047456852177635e-02
-2.641566846682655290e-01
1.849138503552989407e-02
-1.281133879816375443e-01
-1.525090436794026075e-02
5.666639127019806182e-02
2.964559271531226267e-02
4.978562420034990388e-02
-2.818657531575405328e-01
5.306653520532684382e-02
6.429008805043508190e-02
2.349534250213635156e-01
-2.913587979666604905e-02
-1.818787611080704969e-01
6.466614667416807627e-02
-4.013628065825896041e-01
5.363858135805573690e-01
8.912287935327288524e-02
4.989413129065057087e-03
-2.896396361897774288e-02
-1.032072878364893864e-01
1.376683539925882271e-01
1.656629656298101438e-01
1.348780343568247719e-01
1.543668396600403336e-01
-9.189015198804714735e-02
2.106962573353231560e-01
-1.352489873988040915e-02
2.126517796751566935e-01
2.067854358967427530e-01
-3.546183240616525012e-01
5.925498136042774144e-02
-3.347820618720019903e-01
-1.420911651143595134e-01
9.901631212471162513e-02
9.539292471540948559e-02
-1.858003385487802875e-02
1.587687452197321103e-01
-7.642537462320968256e-02
-4.900613827113334264e-01
-3.376173923361679846e-02
1.641339506355643518e-01
2.903928023551055060e-01
2.657856221645271133e-01
-3.639436345617425017e-01
3.936656487868174514e-02
-9.424905343009773451e-02
-7.293389757203316837e-02
-7.366898780094280341e-02
5.232656645573081633e-01
3.326008372176720435e-02
4.115031437933924230e-01
-2.447853781387044139e-02
-1.680149456321202162e-01
2.917122560931193487e-01
2.211962753952352589e-01
1.170987579423692915e-01
-4.747298604782295706e-01
-2.017296892383929063e-01
8.709556076013127979e-02
-4.646185797754906477e-01
-1.197283314962228340e-01
-3.506708935392819360e-01
1.415035998539600215e-01
-2.271308171560303124e-01
3.482682586327889157e-02
-6.770559259998691903e-01
-1.496546679032642602e-01
5.437454348171070206e-01
2.880411768496060620e-01
1.883720518589833970e-01
-3.036009058989903031e-01
3.612229773172740549e-02
-4.514566039299879874e-01
2.500481764516591654e-01
-5.550792384743208352e-01
-1.994237650983390620e-01
3.611671306839279727e-01
-6.294208936915035579e-02
-3.601197742940199786e-01
-3.313254255091885314e-01
-9.225455149916083064e-01
-7.957304318492761652e-01
-1.560769746166616604e-03
1.159189154669420407e+00
-1.332408451084525991e+00
4.652481644471962441e-01
-1.221510172656215643e+00
1.006636868241097271e-01
2.264086028839126241e-01
-9.396324675061469289e-01
-8.272600875152839872e-02
-7.483723620538106358e-01
8.158710915347786585e-01
-1.324265523344292927e-01
-7.834421668003158645e-01
3.889023485808463243e-01
-6.326615504313143346e-01
2.440384214951882985e-03
-8.927873919004589154e-02
-6.942371664781283869e-01
-3.685175839639610595e-01
2.589916617172050017e-01
-6.172808435496452556e-02
6.981550795280572208e-01
2.829983506239214242e-01
-1.707691978468441063e-01
-1.527931310742859372e-01
5.780564659304715525e-01
5.589400071225676392e-01
1.845372386605028114e-01
3.402310882334138031e-01
-1.727599981952420150e-01
2.071760751145045876e-01
-1.659945184525734030e-01
-3.377469626233023936e-01
2.349964648124811262e-01
5.414306653046899731e-01
1.754868226262929765e-01
8.427479026441779542e-02
-9.977768528138009074e-02
4.743751880708389074e-02
7.837055728275003907e-02
1.271451373238215721e-01
3.159161235173911231e-01
1.485669659013332256e-01
3.837054368569058904e-01
1.666226108602486822e-01
3.115447796228443256e-01
6.144265690014861780e-01
2.259723925992448285e-02
1.219581299222186575e-02
3.470350966988641761e-01
2.640354304371269611e-01
4.280096536731206602e-02
6.380536322815781869e-01
1.276223354640703689e-01
3.367592400041439227e-01
3.065884045170964578e-01
3.460484054174161467e-02
1.531250024506119189e-01
-1.607665812850248288e-01
1.992916548466137222e-02
1.780014423677239999e-01
5.029317879402934732e-01
-8.743969841049004099e-02
3.931083353510426981e-02
1.022287075539753676e-01
1.521719635476962706e-01
-1.327332424663798562e-02
1.169265996116972961e-01
-1.000555815677358767e-01
1.682489118367053171e-01
1.443670760006038611e-01
-1.129996568829533810e-01
3.036135934086366395e-01
-3.007686073650560621e-01
3.961851785505449142e-01
-2.126808051750562201e-01
-1.072816889505587151e-01
5.133020770954215273e-01
-2.922217657176549577e-01
-2.828471315226067651e-01
-2.711632790817676830e-01
4.467520328068546043e-01
2.778972575694478309e-01
7.854488124938696636e-01
-2.814297746693689151e-01
1.779583832217074002e-01
5.554975918353142195e-01
-2.021626879736765081e-01
-4.885264595354233963e-01
-9.333364097996019182e-02
1.072689890581431271e+00
1.817973850178536133e-01
5.542857655551326757e-02
1.047969555557924648e-01
4.112154965021236896e-01
4.658699897240260457e-01
-1.729053219462034149e-02
-1.484528126324029251e-01
2.385489686508406593e-01
3.387282867538463638e-01
-2.737917362273003530e-01
-2.335660090004181288e-01
-4.622802719565599072e-01
-3.733177505462117324e-03
-9.996291690067311830e-02
-1.099844434227341822e-01
-1.246431618420670157e-01
-2.005183365722078837e-01
7.934540604481914172e-02
3.608116353559340239e-01
-3.175141375666155064e-01
-3.923781304379571067e-01
-1.053599600831833794e-01
-1.117475562355681601e-01
-1.306204637148334624e-01
1.507981516771965229e-02
-2.903702198357502318e-01
8.307781154235381604e-02
-1.337766324159017917e-01
-4.098038610056556341e-01
-1.122736555518701607e-01
-9.697165548094366372e-02
-3.247419879410348709e-01
-4.395225690421571962e-01
7.382391989332098836e-01
-4.928069746802774542e-01
-7.998423034492783135e-01
-2.173123718690042061e-01
7.922392425759730572e-02
-2.922335166707429877e-01
-4.522102427732689334e-01
2.196666112132799609e-01
-6.834347651084442254e-02
-3.539765631502611587e-01
-3.773460392816361392e-02
-2.469885791834758870e-01
8.526844898512961346e-02
-9.559902394140024073e-02
5.478890151318503987e-01
3.305337558335211257e-01
-1.756808175530510940e-01
-4.256462522029028639e-01
-2.708595317904744504e-01
3.759792324091554838e-01
3.177631203964033646e-01
-4.111918503494433330e-01
8.910456703116668986e-02
-2.121688936596351216e-01
2.359157828287047065e-01
-2.240155477288647001e-01
1.213025613718787532e-01
-1.118666860118217449e-01
-9.326352813224952909e-02
2.047190908361398373e-02
-2.085214359378289584e-01
-1.755507631919079048e-01
1.341500583812567926e-01
1.545371414146869959e-01
1.242787393544754482e-01
1.117880671931301834e-01
5.145161741872323648e-03
-5.205091979375593009e-02
-2.746267683813984339e-01
2.441848496018021730e-01
-7.407812374264887692e-04
5.073547378705076660e-01
1.347499515091442612e-01
-5.204156668417877496e-01
-1.893550998657798079e-01
-3.778374240364613945e-02
-1.520596077694741366e-01
2.695147559449642127e-01
6.304151852443946880e-02
1.561778679011515403e-01
2.165529014185006706e-01
-2.719438076389183445e-01
2.986501517276456130e-02
-7.576990118733829827e-02
-5.604129630607873613e-02
9.717214282885033860e-02
-1.962001624877900974e-01
-1.120680256654584817e-01
-2.489633109441149322e-02
-4.926046574719591398e-01
8.287687196874488071e-02
-4.665590601056241460e-01
-2.908330530869484010e-01
-7.994234785750044259e-02
-5.337765192897937772e-02
-1.154294630002280359e-01
-5.955146770243261445e-01
-1.445069606093663805e-01
-4.558091419330714822e-02
-3.417281884747618292e-01
2.932625865380092400e-01
2.188775622451810676e-01
-1.398693881441333553e-01
2.343763208842613854e-01
-8.492957915459843632e-02
2.773589963506431499e-01
-1.015024621308081854e-01
5.866729997772173189e-01
9.708508329985474639e-01
-1.078748201537524515e-01
6.051636658046854328e-02
2.847459832505903621e-01
1.294190891211067784e+00
-9.584336234311331693e-02
-5.089034280727959825e-01
1.673037725091932326e-01
6.531953942854660244e-01
1.679471178956110783e-02
2.330039827095141958e-01
6.906883394842108226e-01
4.081023247456677661e-01
5.106242266589927636e-01
6.105660081776439346e-02
2.127562816077166186e-01
-1.960975878253175819e-01
1.451238569889863085e-02
-2.673106616106200595e-01
7.147163081276626251e-01
2.892685782753909307e-02
-9.791245301027104442e-02
-7.236550182645107299e-02
-2.897189695740668217e-02
-3.996048340570684115e-02
-1.717265565462895993e-01
4.947622008146174699e-01
2.742295845808274124e-01
-2.039694784454842286e-02
2.861125287914313420e-01
1.467424914962375260e-01
5.865117006713722880e-02
2.353761879805132129e-01
1.333346978100998226e-01
1.916321066052111555e-01
-5.215662103651634851e-01
2.467970614415887498e-01
3.127035539949697962e-01
-6.269378360122759841e-02
-1.022824886685757689e-01
3.441107633459260934e-02
-6.061351156187396588e-02
1.568220702132154254e-01
-1.909004870630758022e-02
3.359284877322790130e-01
-3.801737386413839848e-01
-4.771636441777976634e-01
2.823232837326500322e-02
1.587554754480586527e-01
7.484588538388953216e-02
-5.930527487965084887e-01
-1.181674685719352226e-02
8.818920132663551903e-02
1.290345177303176827e-01
1.044199532135684227e-01
1.407971890670690340e-01
3.010261984175685579e-01
-8.057691731828270365e-01
2.978557892184485745e-01
-1.932231344648554228e-01
-5.104143912592106203e-01
-4.419275095806136089e-01
4.472478941122681045e-02
-1.299855007428315778e-01
-2.694960135287901570e-01
-5.419715756454578370e-01
1.104378581134112663e-01
2.043800457184945796e-01
-6.862365930876537234e-01
-2.997525423605704731e-01
-2.444565219125094946e-01
-5.673310904589423664e-01
-8.144850229379790862e-01
-2.739131137241380270e-02
-4.749540331340948440e-02
-1.441580368014345331e-02
-1.805149184931775785e-01
1.972231405103614665e-01
-5.459683395916806181e-03
-4.667651972476933447e-02
4.705715129198903002e-01
3.783086233303292051e-02
7.100378776020094262e-02
2.537675492445776171e-01
-2.133621138363186454e-01
9.568419976371894675e-02
-3.009268831878095796e-01
-1.528660079450331055e-01
1.612347439868762888e-01
5.520542001068801802e-02
-1.333038939223398778e-01
-2.608518815199100671e-01
-2.392839845234513013e-02
-5.005199310933304835e-01
2.867522579947708872e-01
2.776374172052393022e-02
-2.878680816899981676e-01
4.627709396605824144e-01
-1.913434434240765536e-01
-1.847399430980287416e-01
-3.059493622192769116e-02
-1.080170757162125655e-01
2.101059545741556372e-02
-1.677070651593897122e-01
-2.850924236345051543e-01
-9.634462333680157697e-02
2.908704427757764499e-01
-6.251865426278156723e-02
-1.142718785742710512e-02
-3.118781468679074353e-01
2.003465838977821767e-01
-1.931756890721018083e-01
6.222179060601221862e-02
3.016065246612454342e-01
5.320755801587696843e-02
-1.782737159632854021e-02
-7.062731316652999525e-02
-1.775944746313392608e-01
4.963202683141799132e-01
-2.919091358431297190e-02
-4.049391832109089928e-01
4.243052057999792681e-01
-2.152973175326830524e-01
7.220015341562391331e-02
-9.638982673943138901e-02
-3.284712088134071339e-01
2.482991224642198402e-01
-2.355208658145441225e-01
-4.355577498688962268e-01
5.322388151227280817e-01
1.949786320048343680e-01
-4.963427528884250400e-02
6.767959111327158384e-02
-8.083403161354765776e-02
-5.010251557311712345e-01
3.327076993802529636e-01
2.818099617813713334e-02
2.604614048813315152e-01
1.606601759657448891e-01
4.697859165889512606e-02
-3.073484257193368277e-02
-1.937550964532121500e-01
-7.511837362739527679e-02
-3.305927629376982924e-01
-4.099277185904031673e-01
-2.824083170146738930e-01
-5.661999004246125455e-01
-4.183646930701578337e-01
-1.035064698479239015e-01
-1.206472356152751280e-01
1.152131978906646356e-02
3.678957897857355053e-01
-1.699326506755227950e-01
-1.941709507263299495e-01
4.309456846037413302e-01
-3.918702878615283602e-02
3.134419162056165664e-01
2.538623674996516311e-01
5.808516463297132004e-01
4.786085695897229209e-01
-7.242555993756932819e-02
-3.322462043376661622e-01
6.134510444871716511e-02
1.579852296392606770e-01
6.899450691255698542e-01
2.624465797841664672e-01
4.010609287002422918e-01
3.041734350038594742e-02
1.971948037600673442e-01
-4.888817256400559974e-01
1.439282302580851235e-02
1.643742216602533945e-01
-2.104397059527608471e-01
2.393955508973147628e-01
1.373570473141503823e-01
-1.263162016513128816e-01
-1.761798266642455590e-01
-1.171137220074110474e-01
6.018735526120393836e-02
-2.175515399001565209e-01
-2.067248129928564437e-01
1.754168780667097194e-01
2.499232739698078326e-02
-4.801401765030209323e-01
-1.830967091476712050e-01
-2.173247296204676438e-01
3.792313378372791366e-01
3.929825127696528475e-01
-3.463815100637842037e-01
-1.835362363479592918e-01
-2.133852266040703327e-02
-2.028486230193398965e-01
-2.288908089373984656e-01
-7.172439511771423748e-02
-1.239139319569268899e-01
-2.021254856013381118e-01
-2.615848986568409251e-01
2.075177099314687024e-01
-3.738700063070656276e-01
4.213225095286003696e-02
3.907845715461331082e-01
2.009083741851377392e-01
-1.498335874567051085e-01
5.223208775379914459e-02
1.035503416039357694e+00
-1.351124198134710797e-01
2.326269073519050268e-01
2.200188911161677086e-01
7.113559055576476053e-01
1.377946588648486792e-01
3.810668447978386442e-01
5.346113460373106419e-01
-2.885524918928237814e-01
4.433882545224578364e-01
-2.468303224429079651e-02
9.707906531507957959e-02
-8.975971104058315664e-01
-2.100532833928395515e+00
1.047596980161529467e+00
4.709062241616269739e-01
-5.762881608269828509e-02
2.129222125059876125e-01
-7.852708505560712648e-01
-2.048791559044354504e-01
2.936160268371849624e-01
1.739837259452034490e-01
-8.806512273247408817e-01
3.132082402496237927e-01
-3.391671350711926713e-01
1.145781595522830321e+00
-4.927506490966443997e-01
-2.199023907408266532e-01
3.423706886114575298e-01
2.476698596510214512e-01
2.303058411479915191e-01
-4.005237661440432806e-01
-2.263304093226906066e-01
-1.516954863325422620e-01
-4.207659377822137170e-01
5.817683701405902685e-02
-3.458525874575651415e-01
-1.089085273470776216e-01
7.916082257646896159e-02
3.566073052823343081e-01
-1.330956572042612529e-01
1.583836893889279118e-01
-2.674510714288131918e-01
1.154892365309456992e-01
4.551735566664617538e-01
1.403440452039271813e-01
-2.269140001095397430e-03
1.811803393216921965e-01
-5.299824544510119972e-01
3.146777615412700846e-01
2.419648188487827090e-01
5.501554139210348415e-01
-3.374138668624059312e-01
1.935101430396092559e-01
3.546643201396607048e-02
-5.707814270878305320e-03
2.444364967628165353e-01
2.483471151730319570e-01
-1.610250796597846312e-01
1.383564199944360418e-01
3.607823898522467543e-01
-5.350967913443124280e-01
-4.668571153586089095e-01
-1.334222463208288856e-01
-2.708237390175478598e-01
4.628404986799018461e-01
8.443201425185524467e-02
-2.114711819719552327e-02
-3.287543210053831544e-01
-8.950351400372180688e-02
-1.417480171988076409e-01
-2.070731126120551324e-01
-1.916011873412117594e-01
-5.187117262349250774e-02
1.199834772476726513e-01
1.091878930606671183e-01
-8.201243776936240071e-02
-7.022389846262783175e-02
-4.374327082590548366e-01
1.596641694917009802e-01
-7.012765927100359509e-01
3.074896799282694215e-01
8.652411265278876773e-02
-4.330273707169332020e-01
-2.516656007920742844e-01
-5.025073746001083030e-01
-3.553242354422269100e-01
-7.428173927872189219e-02
-5.414288466813170775e-01
5.677208377903595338e-01
-9.476359216993152090e-02
6.714399716291246101e-01
2.674989615419096425e-02
-4.629473467311865931e-01
-3.010158817730802516e-01
2.471920366024030757e-01
3.902402290990562156e-02
2.871099339900464731e-01
9.388011896839401627e-02
3.467618864488498653e-01
6.403276565924702346e-02
-1.203298999156436067e-01
7.476561122220850251e-03
3.311627158334689014e-01
9.537346903204328707e-02
4.985640395246403178e-02
2.671454828331817910e-02
2.255332249198207240e-01
2.810992520355109492e-01
-4.437682497143708993e-01
-4.141485802077548434e-02
1.896934260101664771e-01
-3.106418569686477116e-01
-3.492531794699479386e-01
1.501831795999908695e-02
-2.512386053190989177e-01
1.177074401771904394e-01
1.361426743971868858e-01
2.175019487764376647e-01
-1.735567315561384882e-01
3.063469020672497656e-02
-2.525521867245422714e-01
-4.348341030455889038e-03
-1.532648634013882016e-01
-4.101289436147535494e-01
2.362654543760911441e-01
1.494394309266832421e-01
1.555265507574672135e-01
5.348736129330170508e-01
-1.564748335168509585e-01
-1.952385451478372003e-01
9.945044663281268904e-02
6.055746019159200660e-02
6.006960531468492903e-02
2.284789141756828346e-01
-7.305201241407291435e-02
2.520545776370066160e-01
1.869822442099621645e-02
1.527984798513965792e-01
-2.404478601222292955e-01
9.365306207685616946e-02
1.926430850503855485e-01
4.559644343235277342e-01
-2.567176863605265535e-01
-1.669303812840948822e-02
1.022661620373411240e-01
-3.245115210745395107e-01
1.130016147302051882e-01
1.036722879878769099e+00
-7.370327362785934755e-02
2.017618915653729764e-02
-7.414338944459455960e-02
1.592496257968629148e-01
-1.421310213643250386e-01
-7.633796798778286208e-02
-2.013836433853081753e-01
1.086851803049513759e-01
-4.035289671147917478e-01
3.990174388751638879e-01
-1.038893513714134603e-01
8.587847709514197236e-02
3.700868118213495039e-01
3.874648978790544152e-01
3.752296100538547452e-01
-2.817959946105998426e-01
2.303579280552827679e-01
1.800611959258348327e-01
-2.180913528536869688e-03
2.930456470208258613e-01
1.610223404544824932e-01
-1.045055183655219239e-01
-4.916042818438012135e-02
3.204656334193200506e-01
-2.093171587497171249e-01
-2.183383463013516268e-01
-2.238057348275015457e-01
2.963625272090171792e-01
2.808946260947813856e-01
5.099317823558764395e-01
3.518911728327841354e-02
1.279291983187045567e-01
-2.342552626428155149e-01
-4.499378974127415248e-02
1.921936632714036641e-01
-2.413071939446191916e-01
1.197616600019580091e-01
-1.838527721858993283e-02
2.457519155268864386e-01
2.025295500998571807e-01
-8.953487442621975434e-02
-2.251275878984235479e-01
-2.123047536302789529e-01
4.520666532461449227e-01
-1.259163706956333562e-01
1.593102850610558507e-01
4.841240100748540054e-01
1.394534036747705763e-01
-1.106138298976637735e-01
1.377483412179050619e-02
-4.443506838347938137e-02
3.292988823082036998e-01
1.891868988053885814e-01
3.959860411951968695e-01
5.422443758481097255e-03
-2.458726231519205441e-01
1.143550062835131248e-01
-7.941629777403291790e-02
-9.708251680156769481e-02
4.887508893974230606e-01
-6.529388007104769409e-02
-3.437032431633716550e-02
-5.543903750809657804e-01
5.034911887742506142e-02
5.433748699921361718e-04
-5.256507840865846937e-02
1.520216474144838181e-01
4.233525441918021270e-01
2.968166341793524454e-01
-2.357134360981394741e-02
-1.017532552905626025e-01
1.292043865374506439e-01
4.818956212223077240e-02
-4.634856584807522245e-02
-1.609653205242382867e-01
1.557973203740591339e-01
-1.232980255582850210e-01
3.862089712685217724e-01
-4.744133533629899674e-02
-8.100926641336930745e-02
2.711416151135441141e-02
-2.501480224548423004e-01
-3.271235512544834641e-03
1.364312972649440736e-01
-5.116869945510715834e-01
-2.007129042947615113e-02
-9.978521490638343761e-02
3.648352118914612724e-02
2.519273855754137204e-01
3.456078219300545706e-02
1.169635882133133152e-02
-8.816999950067300196e-02
-3.549939985544023902e-01
-4.036493518803898652e-03
-1.494911423510504045e-01
4.312819604067692492e-01
1.078908753714395430e-01
2.168212104992779665e-01
-1.434185092428499619e-01
8.051317483588808777e-02
-1.851793970091835106e-01
2.250279429912001306e-01
-3.790847857323692560e-01
-6.985505671354615143e-02
-2.404076103151932819e-01
3.765265006960651362e-01
8.059940211994449932e-02
-3.674847782610017877e-01
2.048107474072599354e-01
1.077360693813392001e-01
1.464329461077122640e-02
-4.889254607021607107e-02
3.417615755202336736e-01
1.868308358741447295e-01
4.787644139090975470e-02
1.948100662481291323e-01
-9.208969808064776386e-02
-1.037196782048308008e-01
1.538699226165101686e-01
2.953708217934229996e-01
-1.243875991670419651e-01
3.542976529497977173e-02
-1.234664668742016108e-01
-2.563683241810157942e-01
-1.370553279062559360e-01
1.620563023120339674e-01
-2.464080646846176711e-02
-4.471986083142220209e-02
5.932807484045444363e-03
3.167634137314364051e-01
-6.404487436498613739e-01
-1.922979210373808312e-01
-5.706187880945682300e-01
9.077885214394880442e-02
-1.007008061616018468e-01
1.114372369078493220e-02
1.131529964723874959e-01
1.005706587641022332e-01
1.347300089712675786e-01
8.695633713561761180e-01
-4.479451676477325117e-01
-2.245869140632275052e-01
-7.056745739145706686e-01
1.605846124824906740e-01
5.420967910304114179e-01
7.168321575934029355e-02
-2.222996462293292952e-01
-1.942175242656501433e-01
6.387733678606798138e-02
-1.103374347902350561e-01
9.096705268877670891e-02
-1.855672907406392680e-01
1.496498102581810680e-02
1.901280612452387331e-01
1.372141579520379517e-01
2.537276708723991137e-01
-1.039787145826898129e-01
-4.066591305595229078e-01
3.913914178135960431e-01
-2.048108959764815551e-01
1.029795312830929649e-01
3.471318953426276721e-01
4.879054684356654015e-01
-2.719070884343535721e-01
-1.429428500742438990e-01
3.324786884497439587e-02
3.648823653418137303e-01
2.558854222422779490e-01
4.163256544068926757e-01
6.394488457111625612e-01
-2.258792509652807479e-01
-2.593690205599671339e-01
7.337176197267401834e-02
6.027468408553702250e-01
-3.064076122455343110e-01
3.682452631251450365e-02
-1.127732609431653932e-01
1.137033657910146642e-02
1.971083934711380936e-01
3.477968817354368802e-01
6.003301132981840593e-02
4.772908495684828611e-02
-1.693631691060923650e-01
-5.427231673482287716e-02
-2.063297136047586855e-01
-4.573027466119983231e-01
1.088263427179916344e-02
-4.611609052261296804e-01
-7.983531511720380613e-02
-5.333216195940831961e-02
3.201469583597714164e-01
-1.239972775833246693e-01
3.054882059967154451e-01
-2.332261571293458846e-01
-1.305319048607516200e-02
-3.133530488355233401e-01
-2.935473346279648399e-01
6.214467110153733959e-02
1.794558673382093961e-01
-3.721593831188276247e-01
1.243031570031785799e-01
2.028937545796401509e-01
3.288498992525022979e-01
-1.307556004352899703e-01
3.509217535979894387e-02
1.497377671668048138e-01
-2.372571100109048259e-01
-1.247816884587883979e-01
6.713646804353354258e-02
5.731908652603460996e-02
7.114885340648474665e-02
-1.503363645955678174e-01
1.056953637975413807e-01
-3.381909179745252181e-01
-2.903908844870648626e-02
-2.641262163922428186e-01
1.501515138750505740e-01
6.293155551469167830e-02
5.629514695094612470e-02
1.187621875300882840e-01
-3.218336533187095977e-02
-1.801812270647004388e-01
-2.700613582607561125e-01
3.145540223863225737e-01
1.461996039256639734e-01
2.405206491392152257e-01
2.027186663942578959e-01
-3.449588242208475597e-01
7.344724030599078524e-02
3.728305149808761598e-01
-3.435882804719334049e-02
4.782620931639174899e-01
-1.420309009043911608e-01
1.180001603047152459e-01
3.117333361909078171e-01
1.004557247956485988e-01
4.746656883470278809e-01
1.321005332973387014e-01
-2.198161452938811877e-01
1.544913875646564960e-01
-1.485203847150446399e-01
4.147058091690983828e-01
-4.558887382703178393e-01
-9.255994135707995563e-02
-3.236703211721420059e-01
2.105674131397870449e-02
1.750319284784097318e-01
-1.233201035466835460e-01
-1.204866116377204532e-01
-4.641016760646354267e-01
4.889234152510953946e-01
6.127532330370761837e-01
3.373747654414788744e-01
3.325974710894012976e-01
-2.110337114295076366e-01
-2.247652454504006359e-01
-6.606781699517040585e-02
6.490390307868122710e-02
-1.265655063486780529e-01
-1.812918756384359897e-01
1.348230336325243195e-01
-2.121985820739098472e-01
1.426305102222984733e-01
-3.200178387370801736e-01
5.569265394277564396e-02
5.467658189854316397e-01
-2.471416999542402071e-01
6.989890853999976283e-02
4.467446873961127690e-02
5.930379040945827906e-01
4.118141784909684633e-02
2.777374779576913602e-02
9.941294462706629087e-02
-3.063044076584903741e-01
2.033187972797362575e-01
-1.391331151615136652e-01
4.541693416108789905e-02
-3.039842150217721972e-01
-4.334424728155563539e-02
2.399062325344475943e-01
-1.479348463802627189e-01
-2.201997512055626771e-01
-8.320763609934822558e-02
1.357566470051449370e+00
8.746427048537163129e-01
8.491507304203036455e-01
7.550362687244760451e-01
-1.039802341800836416e+00
-4.028012346812148009e-02
6.289526633157017932e-02
5.247838257880019786e-01
-4.808967589489062666e-01
3.708276178401261058e-02
1.157073138758391018e+00
-5.269627200510496740e-02
-1.045590221651895302e+00
-7.503062295414588689e-01
-1.763930360205928638e-01
-3.187580223253423939e-01
9.056346419849816698e-01
-1.010053063318940625e+00
1.590066149023687814e-01
8.956761324019728576e-01
-8.656432087550541832e-03
3.032024157289917726e-02
-7.874852731317684429e-02
1.581361708556813517e-01
-3.869526159596896331e-02
-2.550019091094029577e-01
3.769657017075226380e-01
-5.082041077112114946e-01
1.813168253735527036e-01
-9.333201728928652852e-02
1.539196318825694076e-01
5.480808440453486252e-01
-4.950082050628495066e-03
3.918222517571355867e-01
-2.588922179112587707e-01
1.684366680360547819e-01
3.930384483274489416e-01
2.480224390593540051e-01
8.330303079653073040e-03
7.630086110133138533e-02
2.821486170852450792e-01
-1.865785214882924314e-01
-3.268754356804442346e-02
-2.994983560886175789e-01
4.236720770925947455e-02
-1.642416833957620614e-01
-4.121987744886723148e-01
-2.324003319578355278e-02
-6.235021998102049240e-02
6.344405730453155090e-02
-3.993726583842695244e-02
2.675772224833429802e-01
3.833010168914653959e-01
9.124698565816649620e-02
-1.034532238730312241e-02
-1.312880174181380311e-01
1.224838929507164054e-01
1.069506776210714522e-01
3.069654622869955607e-01
3.418892113608198446e-01
-1.995349199668489670e-01
-2.696821543747272565e-01
-2.049268914810613573e-01
2.676145777634197365e-01
1.317615541121579074e-02
-1.459974573369574036e-01
-7.696429417453379274e-02
1.387933578453283412e-01
-1.609691350477064076e-01
-1.421681246610605534e-02
4.241583875010155325e-01
1.450713946744278948e-01
-4.930971418777451570e-02
-3.479507132143789261e-01
-7.304177387593338566e-02
-3.714778349962561538e-02
1.024804277918400265e-02
3.534928920738946156e-01
-2.718790320418996709e-01
5.403688794573066057e-01
-1.687292345103355573e-02
2.350703307878969084e-01
-1.148874895938635926e-01
8.362797001611015080e-02
2.849140875312948240e-01
-3.275117080199393960e-02
3.006009540992845563e-01
-1.878253842171430932e-01
2.131579969675528041e-01
-8.353831450540545600e-02
2.191914424400267791e-01
5.846409328452828458e-01
5.574557147175226990e-02
6.188930641171108693e-02
4.784675313287505005e-02
-3.887416628933947765e-02
1.581859407900058564e-02
2.150247597521142418e-01
1.291837907396666540e-01
6.979102712094501504e-01
-2.725296183573211461e-01
-3.640993117330822426e-01
5.509075670758857568e-02
1.899138215911968519e-01
-1.138809336010613571e-01
1.202143640597450325e-01
-2.635282247738372496e-01
2.297295484047608694e-01
-2.475305763235750856e-01
-3.117953308184944206e-01
4.109582205428155555e-01
-1.331474644051077738e-01
-2.442413117381708743e-01
-2.960770174285117795e-01
-4.053680174752159471e-01
2.589491747108759734e-01
-1.557310918777728426e-01
-2.380694880613120137e-02
-5.779337210456957363e-01
-1.663280750932842889e-01
-1.090877418860983564e-02
-8.001058103481292760e-02
-2.379257686899381163e-01
-1.366290990009873252e-01
-1.381212451583449172e-02
-1.953766140411871202e-02
3.258270528986477732e-01
5.519089917687561297e-02
3.940507782178541141e-01
-3.933378567140198290e-01
1.170191175109175225e-01
5.802996393622850135e-01
-3.254785710639791774e-02
1.154274403914654495e-01
-2.187756507772717907e-01
3.126759030830660868e-01
-8.121884725815773157e-03
2.275857505836903234e-03
9.336192919495506226e-02
-6.463142610452536629e-02
-1.988845439281710925e-01
-3.648645229533760137e-01
4.330692800089098737e-01
2.006548328273498050e-01
-3.812523468157048567e-01
-4.565320707101525044e-02
1.383854096570883152e-01
-3.924640501322789604e-02
-1.226405768386483602e-01
1.926623884995775637e-01
2.321359798308116618e-01
1.024254827539978346e-01
2.401195268513351966e-01
1.148853222210503289e-01
1.125066197075821894e-01
3.048503582041252047e-01
-1.910170232894701503e-01
-1.164751227526959754e-01
1.670925909238326346e-01
-6.024777178886832341e-02
2.000228888092559498e-01
3.024972517451371412e-01
1.464899739079126018e-01
-7.821764994931318382e-02
2.233937111737064052e-01
1.479289095989668457e-01
2.575201062973324073e-01
1.397025157964484066e-01
3.572732766856008269e-01
3.648232418156245882e-01
3.426608404940410524e-01
1.645877608896489930e-01
2.167145802818133127e-01
4.078200793271995472e-01
1.879057860014196335e-01
-9.621782598281903853e-01
-3.822528082638804170e-01
-6.572778135904798480e-02
-1.171602324201471562e-01
-2.583461266699972891e-01
-2.830943515132396948e-01
4.437884702222086308e-02
1.872391098503477236e-01
9.225073834793207084e-02
-6.314210206526707503e-02
-2.588984166202699666e-01
1.034844971752143378e-01
1.968154940758303217e-01
1.729018939987736481e-01
-2.468936138797609703e-01
-2.911128233040942686e-03
-2.604310516260184838e-01
4.945685705612993255e-01
3.618219646805304751e-02
-2.919731301664629242e-01
4.738591750578926010e-01
-2.820642363905259131e-01
-6.621278028281511741e-02
-1.595319507070820930e-01
2.093099288283608306e-01
9.245330635244185247e-02
1.379383836425769894e-01
1.304226275955319980e-01
1.767012176255386702e-01
-5.626781077593886321e-02
-5.295010792975098912e-01
3.240516142770004104e-01
1.799061640010314322e-01
-8.597767708581177670e-02
-1.470740634374357592e-01
-1.672068577902569575e-01
6.916024753628277622e-02
-3.931721182389086300e-02
-1.499887159548120852e-01
-4.684873956079380064e-01
1.076456901000441141e-01
2.544906053446020777e-02
5.775121783399916192e-02
-8.331970760736527593e-02
-1.844475173372532584e-01
8.495888690520857212e-02
-4.880676664585563707e-01
9.651381374293685478e-02
2.060956008101119119e-01
-2.246419516151614698e-02
-2.422747006185023144e-01
1.186636500986383153e-01
-1.402243416948432131e-01
1.202012788329437226e-01
3.347076884097680005e-01
-7.636883269891589499e-02
-2.042995648682332521e-01
2.655481236786297328e-01
-1.616273584147827000e-02
-1.521085760708352497e-01
-2.400772573576762103e-02
1.169867201413761493e-01
9.732390826745766776e-02
1.886963199637416155e-01
5.318502769751564108e-01
3.495771606420441380e-01
-4.088493194692931487e-01
1.834414043651696191e-01
6.748127850179476417e-02
-2.778091562748853938e-01
-4.294298856170478823e-02
-6.694425054606646837e-03
2.546063483073526465e-02
3.368086371047566141e-01
8.679227772019784681e-02
4.867220743282545947e-01
7.526011495225211345e-02
2.558654443919570198e-01
1.079580614079527282e-02
-9.503521754128271826e-02
2.866025521177975946e-02
-4.222701419818317842e-02
-1.742064788674890230e-01
-3.454179257880048426e-01
1.870122057077630573e-01
-4.349687946351118301e-02
-4.395528282152336152e-01
-1.110981514528063818e-01
2.109947988510395001e-01
-6.333404956569994582e-01
-4.442694124447429949e-02
9.792125755170140444e-02
4.600185808377555974e-01
-8.905160236559704623e-02
-3.598840037431889211e-02
1.640152125720591159e-01
-8.402168885369853957e-02
-5.745209265075289229e-02
-1.782432120007185483e-01
4.934959392438264397e-02
5.522507772356637368e-01
4.927199843960204384e-01
-5.604416979412705363e-02
2.945401339117553197e-01
-3.158933239929453962e-03
-4.226046882375635860e-01
2.292456753895007540e-02
-1.911272790582847769e-01
1.781392705803112597e-01
3.433080993164394634e-01
3.627738221080616804e-02
1.529759323964057505e-01
8.810632783437287452e-02
2.364460577937013350e-02
1.187172159044844882e-02
-5.386425456689039604e-02
5.687474704763709199e-02
-1.736398442203002102e-01
1.493210599264006566e-01
-5.387191482493601802e-01
3.377930005428371185e-01
4.225548991110147923e-01
-3.061807108365790508e-01
-1.049512243101268505e-01
-3.643975020274751175e-01
4.606087943872321233e-01
-3.033287010645313586e-01
-1.944114007102671834e-02
6.733580455222701322e-02
6.831990920796469913e-02
1.507735779794722730e-01
1.823958780216353992e-01
1.313912160440587062e-01
2.974028802654002934e-01
-1.837069366739360610e-01
-2.131476202151740273e-01
4.407492299731336494e-01
-1.839668796457628597e-01
4.924763631831757249e-01
-1.670998328742183958e-01
3.485366308461296803e-01
-4.173857146871595702e-01
2.115910905549183707e-01
-3.469522241661428530e-01
2.013528078463940052e-01
-9.534489745084270829e-02
1.439320288472416276e-01
-1.139564085285674350e-01
1.357431065147202479e-02
1.162438661339725982e-01
3.110551623899944773e-01
2.973099497830165028e-01
1.246834403506936612e-01
-1.079993293176491169e-02
-2.199424390794524342e-01
1.466472783814892489e-01
-4.373434595280780712e-01
-6.597971477947316143e-02
3.553167461731070453e-01
-2.197808816814895150e-01
-4.735370936755191051e-01
3.183177709234069619e-03
-2.850444664296280517e-01
2.227746965052805617e-01
3.923577247649567834e-02
1.982624068835797948e-01
-5.238657465803623348e-01
-2.535143214291625535e-02
-9.308737489691072675e-02
-2.203359169406761131e-01
-3.496018069301344566e-02
-2.063795568929937541e-01
2.522388367581301361e-01
-3.143910406113602507e-01
-3.409740283586278897e-01
5.227690340467299190e-01
2.104917024380041357e-01
-2.629219661688668094e-02
-4.931559139002710812e-01
-5.028162534606984702e-01
5.229081530010710743e-01
4.291088854795798713e-01
3.322540547676017253e-01
4.125261482252812750e-01
6.318000629371746391e-02
9.375556059347868454e-02
-2.768523733270252807e-01
-5.269512322052125053e-02
-5.629480120819542188e-01
3.977223097846103728e-01
3.313924870419468482e-01
-3.469590825434069048e-01
-1.065816544558122192e-01
-3.384073398400165300e-01
-3.352160923727691144e-01
1.289737090629261562e-01
-3.832456941378898918e-01
-4.213982124212541924e-01
-2.169425399129204859e-02
-1.222430384227445183e-01
-3.922707167472531953e-02
2.704342437256557763e-01
1.984230909272734489e-01
-7.992718473161092296e-02
3.328512808401667411e-01
-1.003687629869643161e-01
9.609985104583529392e-02
1.867248733211359091e-01
6.470839621941343323e-01
1.666279588474365303e-01
-2.075059256265762361e-02
6.617668632515567861e-02
1.349613173850693626e-01
5.513217406987271779e-02
-3.984601143182063820e-01
1.271483910485891600e-01
3.780459358416054516e-01
4.085484413511433210e-01
-6.914374032582523699e-02
1.982771279572814460e-01
6.167013172331828330e-02
-1.822926284848675610e-02
-4.685535157560628550e-01
3.403315827271395366e-01
-1.336701127073107800e-02
-6.725292522958942198e-02
1.225080798126377685e-01
-2.738155620766848878e-03
-2.245208625137651570e-01
1.639514572706473466e-02
1.201752568396258075e-01
-2.844088201140772265e-02
-4.058562497486329357e-01
-3.149388684821884943e-01
-6.741793247917510223e-02
-2.858899671889845173e-01
4.416346906057446592e-02
3.552632818482116539e-01
1.123382342703312525e-01
-1.687020807128035982e-01
-5.524104635190975054e-01
-3.890254200938610407e-01
-2.529765488689230124e-01
5.738809485543550776e-02
-1.668401330593481113e-01
-1.204004421454897694e-01
-3.092385014846966707e-01
-1.580173946192941353e-02
2.344789177269872571e-01
7.299949725898430275e-02
-6.684398665594086797e-01
2.439188998996262014e-01
-7.342993876229808592e-01
4.935226749899086773e-02
6.916057552279322174e-01
1.059370513335767816e-01
8.637256555504783107e-01
7.446412713122396720e-01
2.849532452933390969e-01
-9.483137696779227188e-03
-7.623779446210833255e-01
2.740200271615128025e-01
5.734071157530884477e-01
6.153524340045631869e-01
6.794156923596417208e-01
3.578512856709374357e-01
-1.266805567256565623e-01
-1.636031000309107197e-01
-9.622964356565165411e-02
-2.065145016038295589e-01
-9.671631866675262090e-02
-1.343005941609908549e-01
-5.546790437616259950e-02
-3.501302716477308064e-01
-3.885673686905145585e-01
1.839951248597756495e-01
4.626753055015878080e-03
3.915250254950003277e-03
-9.018452297861114797e-01
-3.249469930661511574e-01
3.601039805044055075e-01
7.573219914726626589e-01
3.389736069302681232e-01
3.890424616173395189e-01
5.314011152761667356e-01
-5.894660063415589901e-01
