2.894298653255631404e-01
-7.175194038787245654e-02
-4.836872964525445462e-01
3.504018328779459623e-01
-7.425451197325408925e-01
-3.040203476830979912e-02
2.184159511972708426e-02
7.787445737867119133e-01
-5.504250211818710603e-02
8.896066886167447799e-03
4.511648839205184558e-01
9.090477847633636477e-02
-7.515159836590228348e-01
-4.064630914421684671e-01
8.625723010775737665e-01
6.292640338771409159e-01
8.130279341228106027e-01
5.380320635618677239e-01
-5.373369764585408381e-01
-2.003252367373808684e-01
-8.734092091302695371e-01
4.169490111046286751e-01
-3.082285458739963957e-01
1.167628861696376197e-01
1.591166619203273624e-01
-3.441580919903429181e-01
8.526493029067175877e-01
-5.559750816788553429e-01
-7.476564647306306322e-01
-6.020933308983079657e-01
-1.252728313045229497e-02
-3.945420745491600156e-01
-1.514387618329448904e+00
-1.294213890208125939e+00
-5.679506693008320450e-01
-2.127172009057100022e-01
9.740432784184810400e-01
-3.683422199140519715e-01
-5.434609979709773553e-01
4.743167629137309133e-02
-2.890632753104413477e-01
-2.842627513608582679e-01
-4.709454934130961890e-03
-1.143986802914982448e-01
5.265265776519814089e-01
-7.385849797141308404e-01
-1.855317171802133014e-01
-3.331809418387196020e-01
2.689099346245816813e-01
-4.638771029425660559e-03
3.904733589524073123e-02
4.651724594278795477e-01
6.881772258544311960e-01
-8.771131554792798157e-01
-4.356518297450734378e-02
5.809398434986732251e-01
-1.246424888355533445e-01
3.978011321475899420e-01
-1.122267179557181888e-01
-2.936552704243336476e-01
9.147871447282652779e-01
-1.298209128064984619e-01
9.784452119843013440e-01
1.036428656164814166e+00
-3.119124243637310112e-01
-2.166262512224010062e-01
4.136893235963021165e-01
1.413590789232026079e+00
-3.650311423902101726e-01
8.032680746313688447e-01
4.754338000103520978e-02
3.061919745775413815e-01
-2.958328211343704273e-01
3.354536303025752453e-01
2.096819348241897238e-02
6.813453791168268270e-02
3.808074700548227248e-02
-1.593577286682548999e-01
2.881038734173786975e-01
8.059587374520290615e-01
5.978206724143709377e-02
-1.549446166318148299e-01
2.452727128077656360e-01
-2.467943393397300789e-01
8.583234688783328292e-02
-2.852810606610317046e-01
-2.001574475894449812e-01
-1.720388958383373690e-01
1.142507392326863255e-02
5.931482635005359133e-03
-1.419765665291040646e-01
-3.228038440778345508e-02
4.062424222196793777e-01
-1.068728828441174727e-01
-7.769925111860195299e-01
5.855799400867226501e-01
-3.368594256314728641e-01
-2.071986605306804508e-01
5.702895977353693129e-03
1.087763453251618939e-01
9.393335211155003917e-01
1.801437121298413990e-01
8.712274785869363047e-02
1.274378963358378247e-01
-4.197345445790003349e-01
-2.407738605339492660e-02
-1.570638958934140669e-02
1.363780210071213195e-01
5.795770833598165028e-01
7.269585910808238349e-01
1.660215351294188901e-01
4.007161419257606050e-01
-5.681490952901181446e-01
7.198890211454805899e-02
5.668981359054799940e-01
6.193821842130798894e-01
-8.389010166538754532e-02
5.501058812630091888e-01
-1.971723946220061557e-02
3.371248181659289300e-01
3.835168525168049149e-03
1.066422640997316262e-01
-2.298032178655677604e-01
-2.740906782476106307e-01
3.801432736177955130e-02
2.083892106928448840e-01
1.002422982375124755e-01
-3.586528255265489795e-01
-8.346449510273031003e-02
1.559191582980143653e-01
1.935363394788852665e-01
2.042220984110897086e-02
-3.416703515534457725e-01
-8.717548792574299210e-02
-1.289916103683754756e-01
-7.973648774296750175e-02
1.455334527913960674e-01
2.393408141354478880e-01
1.306285103470475606e-01
1.220492088789212892e-01
2.739664475627600140e-02
4.300751555253883897e-03
1.690517942306295485e-01
2.289045488186739752e-01
2.233060023682557349e-01
6.823048569732280411e-02
-3.122484871564795705e-01
-1.378962069120718836e-01
6.857490646657865216e-03
-9.653226472260191537e-02
8.278456633352393457e-02
7.697361852643538893e-02
3.866241731076320437e-02
4.055929660784025892e-02
1.846242752386869912e-01
-1.154604858868681638e-01
2.637725095213103721e-01
-1.050008138469128161e-01
1.310277756172774921e-01
2.637781312854962645e-01
-1.185719561706364555e-01
1.077376604182678395e-02
-2.691217881009930202e-01
-6.431289764942206555e-02
-7.036479524144238773e-02
-1.076868784110414758e-03
1.664817272315106608e-02
1.503672608301652447e-01
2.065859481322858127e-01
-9.121611453545538928e-02
8.181906990213648478e-02
-1.539606767941875398e-01
1.273136139979339221e-01
5.349294809006722995e-02
-5.175762691070352750e-02
1.699286254337618041e-01
-4.031332369929351289e-01
-4.652167836511528209e-02
-1.692187785774771636e-01
2.819895159048382838e-01
1.783383260361066092e-01
-2.790422514386428979e-02
-3.525534352467066951e-02
-4.349375528504296345e-02
7.475920432515072156e-02
-3.347404236246773745e-01
-2.464813593679072157e-01
2.126262429650890851e-01
1.979724170789693150e-01
-1.517612530311620300e-01
1.123836523862325881e-01
-2.467296338522076971e-01
1.358931970260887911e-01
6.805231845537912383e-02
1.399153982586608669e-01
-1.909328907693352284e-01
1.674409023492449411e-01
-1.593180035903581093e-01
-3.229632489614121804e-02
2.650473280888106936e-02
-2.048895310845511367e-02
5.206150135820271363e-02
6.212749752508450046e-02
1.526326950262731352e-01
1.205583436586527973e-01
1.080185601865547018e-01
1.935537581651300687e-01
-1.882424378345310678e-01
9.408727929136059820e-02
-3.404801979911014076e-01
-1.164050446073225387e-01
9.783595385733266647e-02
-2.093735254499445864e-01
2.390650343694857571e-01
1.430655835574862200e-01
2.183351796539630685e-01
3.259743359674156099e-02
2.450014093632389353e-02
-3.966868932066763276e-01
3.514558653641891572e-01
2.313525155764090402e-01
-1.484098295100831078e-01
6.669479786581336000e-01
1.243582038717722937e-01
2.421294213377992721e-01
-2.252084388795227154e-01
-1.938406320416971307e-01
1.410398060646723961e-02
-2.870533497285876479e-01
3.318892263989592362e-01
-1.309030137241811165e-01
1.194984079695805973e-01
3.633794384860201954e-02
-2.092170669683437179e-01
-2.265830186539622149e-01
-1.775048727299990692e-01
6.207389115010654157e-01
1.153912568929503328e-02
1.496258203138244036e-01
-5.047029125615595108e-02
-1.421099316641862564e-01
2.995942172728896513e-01
4.405732966395441985e-01
7.870057028018682954e-02
3.442783857147096449e-01
-1.399859441182576270e-01
-1.323201488456800523e-01
-3.152892659781191820e-01
-8.614319860548969032e-02
-6.443897464619423310e-02
1.904377097602642233e-01
-2.401575052658188603e-01
3.022856949473628485e-01
8.683488449667513265e-02
4.183791591918120112e-01
2.016525057033344837e-01
-3.515267185258173499e-01
-1.262863981042196826e-01
1.018744660001843182e-02
5.877701074118010238e-01
-1.945677752681208295e-01
2.071701582264237271e-02
-3.700900108471981420e-02
1.175216786947556741e-01
-2.109166220991540719e-01
-1.330642295341340764e-01
2.408598660345630527e-01
-1.480026858010436153e-01
6.294968868382258553e-02
-1.604200030464513760e-01
1.800092942986589173e-01
4.678077020635824229e-02
6.224136712842220920e-02
-1.536733849746772518e-01
-4.500740239099257356e-02
-5.999239074461065052e-02
-5.789882793100807612e-02
1.803813785643866019e-01
3.121106181930777268e-01
3.355115516819769106e-02
-8.065184283206419669e-02
-2.793645086153082914e-03
-6.169201396030703499e-01
-4.050546731486302093e-02
-2.432231339002430270e-02
-1.967332518950075937e-01
2.189909817574558493e-01
-2.661811719565241631e-03
1.579093716529595681e-01
-1.491709196549187155e-01
-1.972719752544765948e-01
1.529604355966929230e-01
-1.452343089710326496e-01
1.524261533969123672e-05
4.528243116740097163e-01
2.448384386776309915e-02
-3.283207353453608257e-01
1.945330993671462727e-01
-2.436543055414818471e-01
1.183857421008275845e-01
3.442825916850034140e-01
5.785094430223499534e-02
-3.019736317855736818e-01
6.840008376931992762e-02
3.501837147797984967e-02
2.633042005954344678e-01
-4.237495298180195963e-02
-3.689192690213455067e-04
-1.900231225729037965e-01
-9.540958834345142359e-02
1.265610421378027955e-02
-1.059590078062056379e-01
-1.070481290590076240e-01
4.080292922594590255e-02
-4.611089720468640463e-02
-2.741280487320743239e-02
-7.591267677612825726e-02
-2.259570744561987664e-04
2.165161079555807666e-01
5.569792652118641524e-02
2.614091668345479638e-02
-1.520514914455687316e-01
-1.645469404176186368e-01
3.200004386765754050e-01
4.552072135109638817e-01
3.906924774329001426e-01
-1.303897155702268551e-01
-7.691905822929950842e-02
-1.690226881801311365e-01
1.071151761533598729e-01
8.254688011950811477e-02
-4.684090918274845805e-01
2.019715909394024234e-01
9.915588281800963300e-02
1.053696818907172844e-01
-5.882068932153808327e-02
2.067331430093108380e-02
-5.037594294866546411e-05
-4.752707334365266489e-01
-3.407320913090093606e-02
8.430470022231192906e-02
1.583534597709360947e-01
2.512700497478493333e-01
-5.969634778262709190e-02
1.147479334770197118e-01
7.872678036289765258e-02
-5.131044490228564570e-01
1.861289433108967994e-01
1.806079722658984754e-01
1.155308550892673730e-01
-7.769964319507162431e-02
-1.237517498885868095e-01
-1.093256243826972451e-01
2.429292426747556022e-01
-4.766754174690949752e-01
-1.822192512233613004e-01
-7.294814840480992602e-02
1.043576949057708342e-01
-1.845164173952018039e-01
4.391285559934281907e-02
1.778347048649265849e-01
-2.521496822358014755e-01
-1.239638600487990155e-01
4.051018722401920069e-01
-1.313753858768535732e-01
-2.526332730184531195e-01
8.798040207134087687e-02
1.853758581466465327e-01
-1.550264747365630857e-01
-2.370344192727408608e-02
5.403269524716709793e-02
-1.207030919366563204e-01
2.426327988827488291e-01
-2.293486597139181293e-01
2.950604071495477876e-01
-9.742563937675723096e-02
-4.187899332010303066e-02
1.956525229710033287e-01
-2.705002029054472956e-01
-7.696561208434007928e-02
4.874780431368267580e-02
-1.998668054986638409e-01
1.770111084269140878e-01
-1.374138062453465203e-01
-3.849729802781877708e-01
2.729553939432795458e-03
3.136055613586668511e-01
-4.495138606517896755e-03
9.893071365042147014e-02
-4.903594387400078691e-02
-1.003550036514435917e-01
-1.716026384367268509e-01
-9.335363616347558402e-02
1.826365202057427528e-01
1.307244171933885923e-01
9.842211383172363992e-02
8.177736177432962106e-03
-1.656764002100008862e-02
1.854224683898613446e-01
-3.382311060274069414e-02
-3.317386941515539922e-01
-4.534806054232084355e-02
1.341123961863680270e-01
-3.574812153387602054e-01
-1.800824524361699375e-02
-8.128331199496802162e-02
5.032122355473262615e-02
-1.897881255932150624e-01
-1.137300910372028052e-02
-1.051870590696843827e-01
5.809630391007465644e-02
-2.554842282879035698e-01
1.284895898021130856e-01
-3.258857833575579122e-02
3.620773895206790827e-01
2.043417886356991564e-01
4.026201272453748814e-01
2.441572862788708997e-01
6.425115964493655421e-03
1.405506524604487051e-01
-4.290393297125709438e-02
-1.453791418677317371e-01
-3.577239778587422703e-01
-2.398473926102889092e-02
3.429617979456929533e-02
-2.739958248830644538e-01
5.664575073597453297e-02
-3.209318275395457998e-01
-4.427183917577785510e-01
-1.113548109404933761e-01
-8.880179698424375823e-02
2.312935279146981771e-01
2.127033070076115862e-01
-1.400413364560805785e-01
-3.338013863490582600e-01
2.650012937356794815e-02
6.148369113117854376e-03
1.461178781182240760e-01
4.942353253231171473e-02
1.832490792630690479e-01
-4.423963415518199493e-01
-1.860826603088932274e-01
-2.230721876445001806e-01
2.391555545463443233e-02
-4.233363968895043072e-01
1.662895310799277979e-02
3.258999827731546284e-01
1.164596410497724388e-01
-2.454228315750722408e-02
-8.803849969424189237e-02
1.613839510723855813e-02
7.288471840962736092e-02
1.407542099360030441e-01
-1.754629150894433942e-01
1.849636841043113544e-01
2.167493825864982571e-01
-1.256508827407598061e-01
1.313820808883638634e-02
-1.412678444306200987e-01
1.798572402225716294e-01
2.871340878274982744e-01
-2.104573762106135837e-01
6.345503401726624304e-01
5.684887821603163555e-02
3.055721222850887875e-01
-2.431207270325557446e-01
-7.371043535700878835e-02
-6.819603718930741798e-02
-2.065484965844380932e-02
1.873831159556047510e-01
-1.304701426737448211e-01
-1.744841750951012238e-01
1.190646486971939505e-01
3.424024934737242565e-01
-3.387645860425054223e-01
-3.994178368982603256e-01
1.885250665571812645e-01
-1.427198783836934950e-02
1.081678132829795719e-01
-1.776487996997733465e-01
-7.742328802682636735e-02
1.889558223388844715e-01
3.656484410181161104e-01
-2.863502061766312959e-02
4.205481105470608716e-01
2.493631192931273013e-02
-4.418584967446998468e-01
1.048292041157939253e-01
1.521051299150289748e-01
4.102375775869512853e-02
-3.006615001601978254e-02
-2.298622280160247666e-01
1.911155694832570584e-01
2.312921478143658283e-01
3.044846605574616158e-02
-1.209623537621206703e-02
5.178801879041015216e-02
2.248611258712326227e-02
-2.975390139847300386e-01
2.544064898891009174e-01
-5.846897715524781436e-01
9.827710561102785680e-02
-8.514894443206547092e-02
-3.015290445072567604e-01
-6.045442886426749540e-03
-2.723672972329801434e-01
2.480794963738803260e-01
1.023456261869716971e-01
2.488849910169433077e-01
1.439802821505762297e-02
2.031033524399189494e-01
-2.714042102501855458e-02
-9.974031239611012845e-02
-1.114626123060238477e-01
3.457854986307582479e-01
-6.860741269897309424e-02
-3.573070501885433070e-01
9.062334521728915293e-02
4.338744143973731482e-02
-2.449678064612850759e-01
2.786438752119463347e-01
4.243262508793079618e-02
1.524983848753544702e-01
1.399634887079587442e-01
1.552705027175946273e-01
-1.877288226545980876e-01
-2.568050851728427477e-03
-3.892471962750430614e-01
-5.995987771681827311e-02
5.380628660378544703e-01
-8.457223581022439707e-02
2.547493639064231027e-02
8.775982313945393520e-02
2.703362779188857590e-01
-6.424852834773275671e-03
5.683549189541289154e-02
-5.981561751435880009e-02
-9.494457106906928345e-02
-2.341744909470707958e-01
-2.275695299466118371e-01
1.636053983147736993e-02
-2.255963675309283212e-01
-4.584985126988811444e-01
1.498555376107482129e-01
-3.707784917883918396e-01
1.352009358679717721e-01
2.502324495422991735e-01
-1.926643101650032663e-01
-5.231377713834209908e-01
1.890645561393505814e-01
2.581126177351465989e-01
-2.351778600639587158e-01
2.738736966927695152e-02
-1.510279430786481691e-01
-4.043459693399306110e-01
2.522618802073172128e-01
-1.833146544726030613e-01
1.537234583146819267e-01
2.438472623315094956e-01
2.334112265605901015e-01
3.488305711613493565e-01
-1.755970382691763587e-01
-5.101777368666063350e-02
5.645289212559642111e-01
-6.909370313186217194e-01
-6.341922339858163671e-02
1.132542931791398894e-01
2.350076440020305024e-01
-3.628469898498055124e-01
4.099282270342314433e-02
9.576012986487281164e-02
-2.832618751670468865e-02
1.643476169215938587e-01
-8.041024543641880906e-02
-2.898730536525966905e-01
5.171975513940068048e-01
1.898593690665919820e-01
1.492664047993884358e-01
6.165911471351885609e-02
1.835294146818449920e-02
-5.632185382945041618e-02
1.187500292420322085e-03
-1.133438821867545354e-01
-7.434498348906166953e-02
-4.506024133350333694e-01
2.331707423038616861e-02
2.406386878713968197e-02
3.560561918487330502e-01
-2.842520934279417211e-01
-3.497403106029896985e-02
1.529959629499975937e-01
2.203272139978327271e-01
-2.179682479934731132e-01
3.000098570585824770e-03
4.194506686576719434e-01
2.778972525863693810e-01
-4.324791994523221467e-02
6.298984292817577657e-02
-2.303286921407999566e-01
3.783002248601533002e-01
5.759618834340753113e-02
-1.106467803827745899e-01
1.696243791414279445e-01
1.120858721594457375e-01
-8.747108146373933080e-02
2.990287219481040440e-02
9.605705161357322441e-02
-2.886908363854641668e-01
-3.587392320997435657e-01
1.377676645741809924e-01
3.601035432303712619e-02
-3.074324904987113700e-03
1.890155624327198580e-01
-1.401195801782212369e-01
1.688747902878831308e-01
-5.247267856610082770e-01
1.003675859685412147e-01
4.048603369568277988e-02
4.616570729801888207e-01
3.053323436008601455e-01
7.780741976202908312e-03
-2.061802878716011977e-01
1.741098613904664139e-01
2.843881501651051094e-02
-2.827526581043466880e-01
-6.931870175111690471e-03
-1.006919359511667111e-01
-1.778551338096977241e-01
-2.830289264436323116e-01
-2.304513720000720411e-01
2.604424522361581743e-02
-2.704549700581786453e-01
1.357569964384900130e-01
-2.205831108314519062e-01
-9.593447725037002050e-02
2.046729304623517987e-01
1.135758573969045115e-01
8.572208077895449030e-02
3.757124263279522369e-02
2.671819210023329005e-01
-1.540359078239130486e-01
-4.413751365560851514e-02
-2.006502139617243607e-01
-2.418043415465628843e-01
-5.533998524332773838e-01
1.987229068637275109e-01
8.536714572546238999e-02
1.749124493990777962e-01
-5.209727353279376694e-02
-2.066647933787101321e-01
3.452165780531835093e-01
1.535442889009416834e-01
-1.790961266811120778e-01
2.759455682397260814e-02
-3.350165417970451531e-01
-7.164244759927737571e-02
-1.814136540211417070e-01
-8.168283834738541971e-02
-2.092473556072206031e-01
-5.068732518914900731e-02
2.368515035063481211e-01
4.648689961365825435e-02
1.293838478580652540e-01
-5.433178801015746406e-02
1.756446201620255262e-02
1.645577756399061453e-01
6.410617257391964044e-03
-5.319273997604424126e-02
6.631977073434475178e-02
-4.463682811356947666e-02
4.461407038545046194e-02
1.160066547326728120e-01
-1.584646108835294498e-01
-3.883189257668955702e-02
5.644150699538961341e-02
1.129608505260439322e-01
1.731854909583515900e-01
-1.316727948981062102e-01
1.570234458165286062e-01
-5.645916947653801393e-02
1.031581371546696213e-01
3.635288597591027071e-02
-1.402174999086233942e-01
-8.654091426759007166e-02
6.611134699618096411e-01
-2.441003939866177863e-01
4.044574833701144317e-02
2.409771739740809993e-01
-5.488041987322243159e-02
1.332264059573704251e-01
-5.777422026902922364e-02
-6.426914534602408413e-02
2.363043385423109835e-02
-2.342254425901810766e-01
-2.825432859662876939e-01
-1.328356290971251519e-01
4.213979314575316132e-02
-2.755002246365013674e-01
-4.554550160118260756e-03
-2.447689929945283116e-01
-2.140122718680618485e-01
-2.485917370373721125e-01
4.202343084225066416e-01
4.117044961671309511e-02
1.937940916904667965e-01
-1.258456930440825239e-01
1.648010201358654780e-01
2.165582326632838062e-01
9.665980633269347089e-02
7.833692304124378197e-03
1.007118792833361920e-01
-2.707689163345121386e-03
-1.401931154229973941e-01
-7.654865118703178426e-04
-1.138555325573328281e-01
1.155023247488234095e-01
1.708189751738507789e-01
-7.785980718122913202e-02
-1.083757933247603139e-01
-1.804833398838517622e-01
-1.181030704208581028e-01
-5.236576818097059272e-02
5.956211618011145736e-01
-1.526847288706023424e-02
5.426379333805829708e-01
1.233574207897028679e-01
-3.676474422982521362e-01
2.133759004647128588e-01
4.977724253668341925e-02
-6.492284684319517274e-02
1.420525612491480849e-01
-3.316873676033879614e-01
2.757971779691419378e-01
-1.519063415312655631e-02
4.772546161304476176e-01
1.063757464062137920e-01
-2.282687717739007305e-01
-1.102103397899692749e-01
-2.496674167812722445e-01
9.398408636864673260e-02
-1.223451961050792125e-01
-2.654250942786010592e-01
-9.909232108903685832e-02
-8.726075071824790363e-02
5.962825137732045283e-02
-1.535442638270224404e-02
6.423999225003503843e-01
1.812477010716624926e-01
5.226376799211949198e-01
-3.437129214360847840e-01
4.375841783011562292e-02
-2.369306233897079395e-01
1.624970250374122849e-01
-3.538313938569349199e-02
-1.812284059110145229e-01
-4.821537498905111019e-02
2.235428824225183519e-01
-1.612718308919478261e-01
-2.576673252022905203e-01
-5.474000712593790618e-02
2.162725453706547396e-02
2.938043419371362264e-01
-3.890494843082345500e-01
-3.886223366243731214e-01
-3.340854845017651176e-01
-1.328477775076515044e-01
1.380268308341291161e-01
5.049480794635783504e-02
-1.712523985977686125e-01
-1.356908368350054350e-01
2.027828325619121796e-01
3.795856944442696501e-01
-1.687719597695930551e-01
1.442891650087241573e-01
1.901814606525004669e-01
4.161950745607271851e-01
-3.620142196332761797e-01
-9.808810312649916818e-02
-1.898234269530180707e-01
3.347485187482724944e-01
1.024719798735032605e-01
-1.976657919426041132e-01
1.768981043210816062e-01
4.605366697738734472e-02
-2.190161754365839153e-01
-6.856753925988591514e-02
2.711470827878742496e-01
4.951069197821360290e-02
-2.950888755143520892e-01
-3.592169671630198180e-01
8.234864934521921032e-02
-3.002185270853821586e-01
2.937092868404772017e-01
1.624334018347558251e-01
-8.095859376025782428e-02
1.866979694500588982e-01
-1.019808645056326929e-01
-4.651706079158609008e-01
-9.297029874271454941e-02
5.077169577951441415e-01
3.874411774905381963e-03
5.969685266775134891e-02
5.369357732651847126e-02
2.436406345524821382e-01
6.083962190588150520e-02
-2.654232016780209147e-01
9.720379434750960057e-02
1.009629597008802060e-01
1.681626354570130433e-01
-3.068205017917831068e-01
-1.583347253849720082e-01
-3.668849690129373509e-02
1.247700993837238259e-01
3.149439024156567846e-01
-9.859447886584433995e-02
1.738780200495057549e-02
-1.213908877861500230e-01
-1.686788549847599294e-01
-6.273246776191044871e-01
-1.189484863636830134e-02
-7.622546794289329630e-02
4.211997762746277352e-01
1.930133001739186283e-01
1.186700925707053211e-01
1.879950416463112839e-01
-3.296372161914812304e-01
-1.026940109724794742e-01
6.557971940022853941e-02
-1.170728332656411630e-01
2.107217641788056983e-01
6.344401832561648302e-02
1.230803967708117425e-01
-1.892424628424114463e-01
2.431680543682651907e-01
-1.858465504116882938e-01
-2.002948322382633317e-01
2.941824456219327422e-01
-2.654844693245985224e-02
1.460540691738869690e-01
-6.326425891664511081e-02
-9.908543386056783975e-02
-1.369691667304529792e-01
-1.421682948298051141e-01
-1.435125889342150907e-01
7.944687924400657686e-02
-5.670430621906848850e-02
2.258327398690518906e-01
-7.771849853848625256e-02
-4.821705701730185645e-01
-1.279201946941949386e-01
3.814726099854185981e-01
2.084679772079628957e-01
3.572586255298276781e-01
-1.015101611224588501e-01
-2.080640500691066999e-02
-5.012062651574478861e-02
-3.691558331045644015e-01
2.159114501277973330e-01
-1.151019234709258210e-01
2.787762733284056549e-01
8.700868539384759570e-02
-1.968716861816553199e-01
2.888764515393659749e-01
1.022271562142497009e-01
-9.467046043668384536e-01
-3.264418919143616260e-01
2.679164302220763960e-01
3.078764825283310524e-01
-3.115893153628428447e-01
1.649743141250354372e-01
1.037798772060103403e-01
2.393314059703177676e-01
7.800990808483686256e-02
-7.805829112055241714e-02
-1.769471325268824613e-01
-1.391811313744552026e-01
3.738990713664062104e-01
-2.751244128851561277e-02
3.475702693445343328e-01
-1.989934256249861755e-02
-8.407587147774274461e-02
2.353247896668055894e-01
3.831296913812249488e-02
-1.657817860033018731e-01
-6.773310251725002396e-02
-2.024039897347548744e-01
2.690208737602438685e-02
-1.181608835192766993e-01
1.179617018586606031e-01
-1.444424987723270416e-02
6.652369049537004697e-02
1.281866796716985279e-01
2.477581949762941993e-01
5.487731615932631840e-02
7.601959253396318728e-01
7.603057913327235240e-02
3.011029913947756431e-01
-3.131844883517641981e-02
-6.135910046541938334e-02
5.710919587875018695e-03
-4.843001362080812805e-02
4.588191071279761751e-03
3.387474299448856724e-02
-7.851639234460848493e-02
-1.044451263352387110e-01
-5.738773788589849462e-02
-7.981914755883923185e-02
-1.582292141559664411e-01
-1.798547068948820049e-01
1.203275277281422861e-01
3.199807803648511140e-01
-1.293740190059534945e-01
3.247336096611403433e-01
2.416231764418418637e-01
4.728828297559037330e-02
-7.255649050850056236e-02
-1.270645908949715464e-01
8.625886984140568314e-02
-2.236909241434607565e-01
2.308373996635437464e-01
-8.616227248324953569e-02
-2.139493246421103612e-01
3.439091703224166352e-01
1.140515823297369724e-01
-7.063043952217878951e-01
-1.182761812236995669e-01
1.758215188088460557e-01
-1.113847812858602959e-01
2.390368315810854349e-01
7.569491378312800944e-02
4.613110981746130351e-02
-1.177397950844498720e-01
-1.325252905397619058e-02
-1.292640282124703499e-01
1.755463883242495970e-01
-1.149013235140660810e-01
-3.227009745121098838e-01
2.125202436203798562e-01
-1.605381394623049407e-01
-5.278242462153768244e-01
3.419869891308022214e-01
7.490591345250192934e-02
3.908576338889258039e-01
-1.382911231828133358e-01
2.583803584014265353e-01
6.662307822260268853e-02
-1.438386977616982754e-01
-1.738698111052281725e-01
1.024535901353796352e-01
3.904089843887086908e-01
-2.294623574164822988e-01
-1.146116256896436841e-01
2.273387050092745554e-01
1.295700008827744831e-01
-1.016166472850018737e-01
1.116271056508370135e-01
-2.156031325180777503e-01
2.023797513555225178e-02
2.158285209418018269e-01
-1.295036955054894579e-01
1.111931624989167672e-01
-9.400125356225186996e-03
1.403351049643841164e-01
-5.824560600428674989e-02
1.247215303258022573e-01
1.394227921986974372e-01
2.364283387003764947e-01
-7.195143316852117658e-03
5.632381309055015661e-01
-2.916122409841272467e-01
5.748012687199245407e-01
-2.741871586695882601e-01
2.427590574081398556e-01
4.017401347398746880e-01
-3.780381712440670366e-02
-5.732954082577972066e-02
-4.395192967211511981e-01
-1.162543269204110857e-01
-5.657289744176950338e-03
-7.942658215171029268e-02
-3.316864088378948527e-01
-2.735815524666486420e-02
2.596198487112204578e-01
4.875522497100483188e-02
1.704446696654691173e-01
-3.919164751652504664e-01
4.122014449094398292e-01
-7.772453266033851893e-02
3.010412649370515226e-01
-5.754098585499400204e-02
-1.103954691097756152e-01
-1.153039418227709001e-01
-1.290197795792214219e-01
-5.423952961453234328e-02
3.217670052870850728e-01
1.565023040173664781e-01
-1.243066111961766418e-01
-1.450465332292504295e-01
-6.382525143496584194e-04
1.752154593218476220e-01
-2.284648685652675981e-01
-5.470014098146356446e-02
-1.865703034842275676e-01
-1.674290293306132660e-01
-2.655289614481539662e-01
2.437961827908146639e-01
-2.887325460733350044e-02
2.917069027788450342e-01
1.346011884908918377e-01
-2.805858685495091209e-01
2.655816045025299887e-01
-6.720073086696757431e-03
-1.470655886340261342e-01
1.006836246965062825e-01
-3.876302703428427532e-02
2.438022346033385246e-01
-8.635330804408108962e-02
-2.813862219828535682e-01
3.480028720971712342e-01
3.981943171495053169e-01
-7.980718651716819934e-02
1.789613847411817005e-01
1.612060564301069088e-01
-2.526412279420764406e-01
4.208414159558933054e-01
-2.635550701054196199e-01
-2.300174678592462607e-01
1.032677870038576362e-01
8.771208228005049692e-03
-5.292117753688871939e-01
-1.097328559394995517e-01
1.757577407144923082e-02
3.551865324608606267e-01
-1.778604246662875144e-02
1.755775992407689057e-01
4.818581630700510821e-02
2.016898578623350091e-01
2.614852361708067466e-02
3.645177001623385316e-01
-1.413008197760934163e-02
-3.051634579195761088e-01
-1.474513894940631953e-01
2.195621184773425827e-01
-1.191518224358246031e-01
2.676509134366797382e-01
-1.198975693976473411e-01
5.773400088237370942e-02
-4.501035588366048001e-02
-1.987493534028555719e-01
-1.093618102862468355e-01
1.102878864622858918e-01
-1.304913117523704980e-01
3.269203273660018505e-01
-4.945517172536868789e-02
2.824548236606061469e-01
-7.171659852401460547e-03
-2.808776139314577702e-01
1.281553621327033987e-01
-2.012656831675652125e-01
-1.212601224833621677e-01
1.335568932378973506e-01
-2.103618746965527087e-01
1.946658980922171545e-01
2.123340449884474068e-01
4.337296622332252327e-01
1.412810685413155680e-02
-3.718745230030533113e-03
-6.440361065671992846e-02
-1.911539497545682031e-01
3.147700215036272620e-01
-2.837776188554439472e-01
-7.506986056833424292e-02
2.265148303942688957e-01
-2.214299512247939195e-01
-1.011413554448557378e-01
-1.813725478028706262e-01
4.160452440898701476e-01
-2.278142445678755512e-01
1.197048905306267869e-01
-1.222718330459270954e-02
-8.932285225711372734e-02
-5.882225908998225949e-02
1.569914523732775791e-01
1.699727715548091100e-01
-3.879400075258119807e-01
9.874450046546177917e-02
-8.628621688444836069e-02
9.426859525033114140e-02
-4.019495720630756885e-01
2.775785531378064941e-01
-1.460235707442985309e-01
4.857504448759116661e-02
2.333234289268804884e-01
-2.936395746089243836e-02
2.782457151691457020e-01
8.690944820303718454e-02
-2.431123578818576714e-01
6.768669626665489991e-01
-1.622829119170706436e-01
-1.462175827852965626e-01
2.164142396176064187e-01
-1.371301220672755672e-01
-2.427401642427084449e-01
3.982909443332143667e-02
-6.426721890388169545e-01
7.501589855097845483e-02
-8.357902896169600027e-02
2.250240673881477860e-01
-5.482537938169181058e-02
5.536771215877386160e-02
7.342094584634901999e-02
-1.056883650509540806e-02
1.880710502385966043e-01
8.513413201373259270e-03
-1.836173232779937103e-01
1.346168965439654974e-01
1.172932565431105811e-03
2.632068115838313849e-02
6.522416128984704908e-01
-1.439626680666207803e-01
-2.071601718882299936e-01
-2.456522026501477274e-01
-2.823937926489878958e-01
8.555001811343408702e-02
-1.688872685113877448e-01
2.484441089326830387e-01
2.035892944672172966e-01
2.911713321898103460e-02
-6.199501877013777196e-02
-2.793778976706184913e-01
1.951437949864584520e-01
1.438724397993976778e-01
9.373027867539196478e-02
1.018508999696412232e-01
4.271748946242400757e-01
-6.588461517372548593e-02
9.171077682343359294e-02
1.399770529229208971e-01
-7.138666197068782582e-02
-7.627425076437129026e-02
-1.687620895703609292e-01
2.947861144600472660e-01
3.994078383421461043e-01
-2.193397553197886079e-03
3.441118304789667626e-01
-1.962743613771567586e-01
-2.948279779017058955e-01
3.566262234787683227e-01
3.688510245591546388e-01
-2.476350269048214203e-01
-5.760423540621287947e-03
-1.214116677564405083e-01
9.889114552242190409e-03
1.048897911970456398e-01
3.238055306603559308e-02
-1.500271839642576266e-01
-2.311587922262655637e-01
-2.025640786279044314e-01
-1.343404594256704110e-01
-1.509884723909014036e-02
1.651935521781514038e-01
-3.309663448544751269e-03
4.112169211794488438e-02
3.522709745584716445e-02
8.029789982918786317e-02
8.627263499661969037e-02
1.070096099604745804e-01
6.999448266432438392e-02
4.817236804356216928e-01
2.415837958115727487e-03
-2.055153284469964370e-01
3.644207118367341902e-01
2.598386404779353676e-01
-2.731274272130640446e-02
2.478323961867409386e-01
-7.164560353395041381e-02
-1.213726144748966396e-01
1.526495705184002794e-01
4.500264733850772858e-02
-3.774484731010028793e-01
3.479297787576636769e-01
-4.294538635372347479e-01
-8.797840878933768649e-02
1.901724477916968969e-01
2.475835241985603064e-01
-1.626253843609496708e-01
-1.593126119585696332e-01
-2.294963482090956186e-01
3.359354683576832885e-03
1.035049826116378607e-01
1.772202123072809943e-01
-1.523327598121506365e-01
3.724295953150123101e-02
7.362756127184952315e-02
-2.115529460359261427e-01
-9.689226619481516867e-02
1.758359804370805690e-01
-1.800734858777575109e-01
3.951970483455480854e-01
1.615961896415472610e-01
2.398503852232845013e-01
-4.759329069510066512e-01
2.649494541928816560e-02
-8.387650305732626682e-03
-1.530704786507517956e-01
-1.577595276133316737e-01
1.552338072575860928e-01
-1.753343592758885572e-01
-6.359049714069605619e-01
-7.373856515832451219e-02
-7.538249542186774288e-02
1.236817064875982697e-01
-2.337406152985784524e-01
-2.448040472638969220e-02
-2.267000893591625266e-01
4.208095180284215225e-02
1.780185911200199422e-01
-6.499910848196761848e-02
5.003134276212403697e-02
2.565797030122183298e-01
3.983956074897270772e-01
-1.100633167939022022e-01
-1.762866628509371023e-02
1.637010235540078407e-01
-4.868902003563471137e-01
-1.184847098172476104e-01
-1.335322832517951419e-01
2.967574817351360528e-01
1.097126587329065317e-01
-4.394213049359837510e-03
1.111421676119949270e-01
-1.863147679596385484e-02
-1.155599114711668429e-01
4.813456340545452933e-02
5.530012917032732789e-01
5.855895085625757723e-02
-2.994419983354137393e-01
-2.025382215467793068e-01
-1.859191447479543458e-01
2.474087514821004807e-01
2.124082235939926677e-02
-1.347038656896633324e-01
2.902451530113146494e-01
-1.616184878606630876e-02
1.230555603252742741e-01
-8.860477604128605411e-02
7.727027231640802574e-02
-4.942793994610521491e-01
9.291551278942709532e-03
3.378113741937767145e-01
-1.038543456059107806e-01
4.305408049059315789e-03
3.289538899830405372e-01
1.313348527621099326e-01
5.270168740855873946e-02
-2.057084391545006552e-01
3.853219717507185837e-01
1.237943062560685759e-01
1.467093089609894097e-01
1.386959944844840496e-02
-3.883997507709977502e-03
-1.937663309222711905e-01
-5.802530148010770494e-02
-4.738249398677465973e-01
8.255777309848286172e-02
3.016069431007387114e-02
-7.832149722225499600e-02
-1.839015977858342032e-01
1.583374108073941633e-01
-7.022604618455238756e-02
-1.731069832769763783e-01
1.925644650579082240e-01
-8.991966513533071470e-02
4.178253396903496703e-02
-1.854190867517174768e-01
-2.068313926599078256e-01
3.099924493949500828e-02
-9.939297081886690199e-02
3.320630154449890625e-01
2.361210086134600625e-03
-1.803663352636945827e-01
1.941488701936923134e-01
-1.337788396050315631e-01
-2.090928526072210469e-01
4.338680503893060925e-01
-1.073006484654492367e-02
-1.769356810775668809e-01
1.287881728407761772e-01
2.992866437147796363e-02
1.084666463242475731e-01
-1.227073858806600332e-01
-7.553135680017021569e-02
-1.565897914658874734e-01
-4.249088022767501943e-02
4.408707176841643316e-02
-1.296034856061615281e-01
-3.260947023166788639e-01
-2.782957377539893029e-01
-3.772779611116608423e-01
1.049092174111288522e-01
1.680046473302234111e-01
-2.855381694008057303e-01
1.185261834542250536e-01
3.297190783680467585e-01
-7.728151414039612088e-02
1.842539213623033412e-01
-3.222653234881696360e-02
2.626824294332820164e-01
-1.817442789071387343e-01
-5.036964760748150610e-02
-3.055029556153194409e-02
-9.151846649772016340e-02
1.107627575830107819e-01
-2.786343669919175148e-01
-4.682321853742685835e-01
-6.158842515150478869e-01
2.293627080977752586e-01
-8.141539548152599420e-03
3.359641658925107688e-01
1.023525935219773003e-01
-1.343053063494165644e-01
2.658585941346712500e-02
3.091501772949068472e-01
-9.862149146926608989e-02
4.272118037466454687e-01
1.273276004635132685e-01
-9.693315133338717415e-02
3.534210666547559776e-01
-7.400133104745113335e-03
-3.005741862972354239e-01
3.316251328863454792e-03
-3.171710730949900969e-01
1.570359517632654300e-01
4.621922814562370169e-02
1.275558458251037641e-01
-4.818171493705730030e-02
9.363093322132245988e-02
-4.578314420120385697e-02
-1.677218877138437758e-01
-1.453459268915480718e-01
-9.665626850220872257e-02
-9.161217213102647305e-02
1.923182444726817542e-02
-1.054534412221563300e-01
2.379733012342846732e-01
-1.687799865486656337e-01
2.244419812111810297e-01
-2.337471150982091683e-01
7.761427925116808346e-01
-1.623543136251310026e-01
6.124426477513645883e-01
-2.467818042763152420e-01
-2.782956613052068318e-01
-3.427632509005729133e-01
-3.589320350603965037e-01
1.428698014575183195e-01
2.319820674122145820e-01
-1.143767252635576048e-01
-3.719045930474292883e-01
-2.383134228401920796e-01
-6.206735581533501245e-02
3.422489455196411900e-01
-2.370113511430399222e-01
2.769059312395319439e-01
8.954148393741692691e-02
2.242052022173795234e-01
2.360379699289058206e-02
-3.901222917447025318e-02
4.010030731792024183e-01
1.284002898691418149e-01
4.781355305483201562e-02
8.239589624126548995e-02
5.847300570215268473e-02
-4.676531985730830732e-01
-1.976962422044630519e-01
-4.485306227978004823e-01
6.269574580417733300e-02
-3.331749583177526786e-01
-5.276670548850428272e-02
2.445704363992682595e-01
3.251245018568002521e-02
1.613486849012984656e-02
-1.944977449003002234e-01
-1.991189610542793698e-01
-1.622272991744382886e-01
2.607998268674267539e-01
2.019449781997250948e-01
1.735750410220433457e-02
-4.098618009535455464e-02
2.782100484028831588e-01
3.781453473378799113e-01
1.984040348633311912e-01
2.329862057173485435e-01
-8.861375350877383206e-02
-2.802396461523151139e-01
-3.239108106166638801e-01
3.618824601050833756e-02
-2.572500765204280837e-01
-5.242747204747185696e-01
-3.719837558752851076e-02
6.798655367234594793e-02
-1.222695694469074362e-01
-3.370125211769289808e-01
1.394429977141367349e-01
2.145162280403999921e-01
1.657062691391094633e-01
1.379734292639057947e-01
-4.841639682984153620e-02
3.504623243716943615e-02
-2.061842297383714162e-01
2.506339736257943152e-01
-4.283701474845388324e-01
-1.335255831885289735e-01
2.427553875078546919e-01
7.929187978408601400e-02
-8.999818375636881029e-02
-1.944820754186677714e-01
-3.549241139252446581e-02
1.755005364270356694e-01
2.002072278370871650e-01
-2.757567725906110434e-01
4.964187693778956967e-02
5.908035311855837357e-02
1.200285603764197490e-01
-5.940958843647045629e-02
2.509121601817976277e-01
-2.867622882722009048e-01
-2.204617719613732318e-01
-2.215322728062043278e-01
-1.038359180026399292e-01
-2.185240576798769818e-01
2.156286167818217692e-01
3.338739275015854824e-02
-1.488120761079311793e-01
-2.640362506890875927e-01
7.241306272623120044e-02
1.258024601518488994e-01
-3.841427236218669106e-01
-3.426570919198807519e-01
-2.950918942900785172e-02
2.428112842589039422e-01
-1.176970559820035706e-01
-3.168866032502963836e-01
3.701278177993655438e-01
-1.755045617917029843e-01
1.034548944570794493e-01
2.068074446191490723e-01
-3.807723345932757103e-02
-5.525959606461612328e-01
-3.680065101034995512e-01
1.863603744185935163e-01
-5.838952604250589040e-01
-1.666035711908205041e-01
3.427421838140919386e-01
2.211265209648392849e-02
-4.317665208474256167e-01
2.607344325730369672e-01
3.907146835054504663e-01
3.658923866792289648e-01
4.386736542057670385e-01
3.473574720274065497e-02
1.904525074420904476e-02
3.510070411141091307e-01
3.465365008906824418e-01
1.819679642320222168e-01
-3.111849656155323274e-01
-8.408359224149217215e-02
-3.045624016955652547e-01
2.331945288853903009e-01
1.709369022235086022e-01
-2.171647952845353335e-01
-1.435018107275069232e-01
-1.021169117971829250e-02
3.915138904639129391e-01
2.124379868687969186e-01
6.146818640309875681e-01
1.339340343400552066e-02
2.019032922963880927e-01
2.792705581512339719e-01
5.352583678466289047e-02
-4.004326409534710030e-02
-2.642464439589776726e-01
2.536705501105135929e-01
-1.017914763397398531e-01
1.485851383839009165e-01
3.742017575464839929e-01
-1.157273872862644160e-01
3.926540787121360898e-01
2.472256339812154702e-01
3.055021240687022521e-01
-4.480945669351924648e-02
-2.218759265538142091e-03
-1.060324076366716967e-01
-6.072811297138680856e-03
1.278394715438616880e-01
-5.063408519622776272e-01
1.644212758262584562e-01
-5.580320582712627875e-02
-1.255923782536222666e-01
1.176887640686158365e-01
3.296719441220409275e-01
-2.344426485520241521e-01
-1.553426776646763541e-01
2.541265730625879432e-02
-6.147997977314205442e-02
-1.686109418750629529e-01
-7.276287890854939155e-02
1.845494801876420843e-01
-2.717836655238601296e-01
1.540835859278321951e-01
3.397429718230971507e-01
2.228405385435656694e-01
-3.067294648225453706e-03
-2.325449409674198720e-01
-1.246802881842647148e-02
-7.984180573891589416e-01
-1.804152152894784034e-01
-3.119030940702025023e-01
-1.129007002952804942e-02
-1.898358211573531740e-01
7.654768666928872534e-02
2.320616432753356828e-01
-2.661218815522411463e-01
-1.692976677671455821e-01
1.216772612802741460e-01
-1.835576339366380427e-01
-9.223830993963788583e-04
4.041901794593139030e-01
-2.292676919738452501e-01
-8.864392511792277413e-04
-8.311354798681433453e-02
-1.939723761182119977e-01
2.701850965767934043e-01
4.875377328330977172e-02
3.707330982438643008e-01
-3.384417528037840794e-01
-6.857173315968803640e-02
3.162271886334987459e-01
5.274564570918719442e-01
4.352685497880245391e-01
3.981786483033989549e-02
4.950224773156867708e-01
4.688850674221937687e-01
-3.859246302069650053e-02
2.167831212233496951e-01
2.490997960604951489e-01
-2.034540870826090919e-01
-6.750067822004780504e-01
-4.073666856538717962e-01
4.665287636167578939e-02
-1.952231493387098227e-01
4.533962284355401717e-01
-7.830566823102373675e-02
1.552307132341930740e-01
-1.506446679425487156e-01
3.483993237560613632e-01
2.664994812332085461e-01
-2.743209900982719329e-01
-4.289843678621775847e-01
-3.891374100018573645e-01
7.815098357124861117e-02
-1.464180654321940722e-01
-8.832569809825836782e-02
2.134057356547752193e-01
1.628489166743926977e-02
2.645955741507000775e-02
-1.076525242981776348e-01
1.496267253079030524e-01
2.414400429857979646e-02
-1.404321908424069343e-01
8.305223530321712011e-02
-3.421807264141786264e-01
5.198893008718202813e-02
-7.138772303411428100e-02
-2.127759758401948642e-01
3.134204747876950248e-01
-3.318675036379027943e-01
2.272996520573852125e-02
-1.294126815872868007e-02
2.106512231897201270e-01
-7.435848251853369867e-03
-1.423554844228558380e-01
-1.923227642700197637e-01
2.803930853680193236e-01
6.289074501985897347e-02
3.483967331935325928e-01
1.262720472273964056e-01
3.327706012292540039e-01
3.946929109591362783e-01
4.316168315823069868e-02
-1.763123778040099343e-01
7.505698726584313085e-02
-2.485486392832948477e-01
2.833765905604140878e-01
2.468747281004283201e-01
-1.099137211174353590e-01
1.184533109706070036e-01
-2.040184416479025320e-01
-2.447849422333124580e-01
1.085141495513080451e-01
-1.218544437212808612e-01
1.346840084439029639e-01
1.695472479335390359e-01
2.378317562898674131e-01
1.567501772930301462e-01
-8.021316271933541520e-02
3.071520096511154430e-01
4.724553189355137212e-02
1.429510327503901168e-01
-6.923573569365144842e-02
2.774412258527551023e-01
-5.158676734950531362e-01
5.349668259188666841e-01
4.818385196180422492e-01
1.643691984454184740e-01
-7.266703725386355339e-01
-5.039235443965314198e-01
2.011632454460088593e-01
3.189762076717378436e-01
2.294681999894211122e-01
2.145618745698660117e-03
1.907379214046073801e-01
4.226564734289984106e-04
-3.133755223282967406e-01
-1.472722793173265043e-01
1.237927581619883005e-01
-2.420046912666926064e-01
6.047513101789521277e-03
-3.537822633693121777e-01
-3.514913435716564560e-01
-4.281609528464953157e-02
3.859179543017730585e-01
2.473531435174970428e-01
2.704216143196437883e-01
-1.368182875960890499e-01
-3.998929374130677505e-01
-2.252320577286466008e-01
-1.520042742622514098e-01
-2.629267155897785369e-02
8.156674047246161019e-02
4.919689029861093466e-02
1.649153784983725668e-01
3.323693391254595175e-02
-5.776517386099101065e-02
3.453093635807746864e-01
1.597745775265657919e-01
-1.186234577511175725e-01
8.875221203037443607e-02
-1.050764552351468178e-01
1.700595057341679206e-01
2.164888614830028923e-01
5.602013044151825660e-01
6.165233233528377710e-02
2.419956180238731769e-01
-3.333176455507059210e-01
-1.673676098505451348e-01
-5.466473399595843732e-03
-8.086371225455692147e-02
-8.508357253820385269e-02
-1.933113022278001303e-01
-1.031958855378881795e-01
6.034776991303046623e-02
-1.503765512126347681e-01
4.639041475668084780e-01
2.706809819874473333e-01
-1.530906792955857021e-01
-3.670652376144813434e-01
-9.404895488130728468e-03
2.179892996682763484e-01
1.714350410889592669e-01
-1.745727551491072990e-02
-6.874337575188316229e-01
4.439863988752414392e-01
-3.046506248255783089e-01
-3.502976701559413347e-02
-6.859243249315923885e-01
-1.769696799089910122e-01
3.516691012709583508e-01
3.383494366008121257e-01
6.904805639172252318e-01
-3.596394156567689522e-03
1.652520634015976209e-01
2.646116541604069394e-01
-3.418564388722886149e-01
-8.707402327800746467e-02
9.178106234205581082e-02
-2.414076265398471532e-01
-3.634802624142037253e-01
6.423968380150476554e-01
1.930826562570028271e-01
1.234634970771713997e-01
-1.392193593985479802e-02
2.754150300918757344e-01
3.504270680758512224e-01
1.265184165966307117e-01
7.847074206365761695e-02
-6.249669785157669494e-02
-6.573548242761922955e-02
2.616311192211402403e-01
2.030801555173457895e-01
-4.261484923505317046e-01
1.392385138879390638e-01
9.246872494457668290e-02
2.114678638814605494e-01
-6.475687665982669816e-02
2.439271979958304581e-01
-3.911757819577529882e-01
-4.359752433640206593e-01
1.749657536305969652e-01
-4.615632018785448820e-01
7.299032392562065930e-02
-2.603903816315493169e-01
3.980717323246844019e-01
-5.729173184400697567e-03
3.722728443230200468e-01
2.191978136211831796e-01
-1.472359157024628606e-01
5.015046060287248197e-02
2.219641479859977770e-02
2.471051266217884623e-01
2.804376656919103095e-01
-5.077254122219909682e-01
-3.455103115842959594e-01
-3.483260817287681110e-01
1.459914519063018334e-01
7.809392545162602284e-02
-7.168913556280674670e-02
3.672243723810471039e-01
3.145155872448431311e-01
2.413562212342658941e-01
1.868278573112588659e-01
-1.140083261917453211e-01
-1.686389254636340429e-01
-9.667572339571746387e-02
1.115160708035431297e-01
1.327656715382389829e-01
1.241914059959732357e-02
3.399397209022152477e-01
-3.168799662341478252e-01
-4.711031194884345713e-02
3.149704812286581446e-02
-1.697113109046954615e-01
-1.080573139628066143e-01
-3.628451409703305486e-01
-1.162291647361349683e-01
-1.575702317073939263e-01
4.431848171912977641e-01
8.238923087349969698e-02
1.100579008079355658e-01
5.314493431835479176e-02
-2.699947475846142253e-01
6.662780689758815433e-02
-4.000409586245814442e-01
6.088231880346282182e-02
2.167325250736569509e-01
1.034414528001519062e-01
-2.045777445380234372e-01
3.052390513850827825e-01
9.630903389649526913e-02
-7.761083440800060906e-02
-3.072344682385757531e-01
1.966572912295491415e-01
3.859448073850416661e-01
-3.939339788915209306e-01
8.028682831501798844e-02
8.395101984589778410e-02
-6.855006930060260351e-02
-1.913572736110414618e-01
1.068433213740153237e-01
-4.333908110928206825e-01
-1.056152990497660343e-01
-2.939039163727001358e-01
2.547426865155792419e-01
3.951322401427952991e-01
1.368027997354218485e-03
-4.459149736594857916e-01
-4.015654390491514292e-01
-2.276328719759287619e-02
1.881672537587129324e-01
5.679365918710247430e-01
2.726706375879257849e-02
-1.370316867713598785e-01
7.953085139799336012e-02
-4.812789512639398803e-01
7.781421829963938719e-02
-9.248514131433080432e-02
-1.867251966155935861e-01
-3.517638870121690964e-01
2.761834608348243125e-01
5.165478008203069349e-01
-8.452905870886048834e-02
-9.164908195841639515e-02
-1.679916654886897120e-01
1.228361106836948491e-01
-1.941194800469913107e-01
2.553775088043960806e-01
4.544223704229210375e-02
-2.144164247770919962e-01
-3.189291020825877343e-01
-2.384897806903081563e-01
-6.898437304030499706e-02
5.644091847425912467e-02
-1.522294134413181288e-01
-2.323164721464183735e-01
6.165768837837208582e-02
2.849512792306765560e-02
2.208130935205206424e-01
3.360288691689005125e-01
1.227339534055858078e-01
2.863480905764455020e-01
-2.390540930940647235e-01
8.473638595683699593e-02
-2.344291554692710666e-01
6.995054115690593766e-02
-3.685892532578146086e-01
6.797870607759058936e-01
2.860252476024403578e-01
3.367426673472016518e-01
-4.456253576043491677e-02
-1.729979617248246226e-01
-1.339473722098999224e-02
-2.976285516752169014e-01
-2.419435258975141667e-01
-2.940119505690714369e-02
3.960726344082990957e-01
2.307720224921041563e-01
4.905075494873293446e-02
-6.086015565762270541e-02
3.098865605429720338e-01
4.004955591358312639e-02
-1.452050201169290400e-01
-7.525095004158063872e-02
3.504287277741056084e-01
-8.459633117115776535e-02
-7.801300879982528413e-02
-1.224437261248195047e-01
1.868243435985376955e-01
-7.012027764601445889e-02
-1.194687191618827304e-01
-2.031875203369280236e-01
5.894488073212847401e-02
-1.445521306786631266e-01
-5.338386215100020538e-01
-1.632646207971363006e-01
-1.043523078594746634e-01
2.503553627327043118e-01
3.609768603674299303e-01
9.632749926551434361e-02
2.300936815575393979e-02
-2.766163987907627186e-01
9.534149115059429441e-03
2.516659098238335224e-01
1.763847739755825261e-01
-3.070004028216630210e-02
-3.524217417910560091e-01
2.765035030165871599e-01
4.893821581331273540e-01
-8.801702112237334841e-02
-4.089077722105309842e-01
-1.215718222140310945e-01
-2.221952443743373251e-01
-1.015075370928824050e-01
-1.183981533550664961e-01
-4.108940101733140060e-01
-6.366795503871941486e-02
1.533965948302375981e-01
2.644638127351495172e-01
-1.900112625502768660e-01
-7.696624679183550199e-02
2.920541198742771516e-01
-2.552673998651147080e-01
1.293100090434609883e-01
-2.704431955611071303e-01
7.717000431336266952e-02
3.236133330782899747e-02
-5.605928121075975934e-01
6.986120490594950605e-02
8.921245754757478608e-02
5.817040246488828148e-04
1.672994148906112033e-01
5.567978496969548663e-02
-1.783498875745576084e-01
1.165159306539668288e-01
-3.356618047448124698e-02
-1.108232118641510194e-01
-1.360299560220571032e-02
1.560434932845814193e-01
-4.502203070458678236e-02
1.949423497173468911e-01
-1.602258832684415046e-01
1.248896113058707916e-02
-5.850370543950274005e-01
2.056035290153778450e-01
-9.763539254763427266e-02
2.111038335606948424e-01
-2.885526892623959117e-01
1.778004277804324518e-01
1.425494664830765090e-01
2.293465582070628450e-01
-1.722307280207179547e-01
-8.043087780527345965e-01
-1.245761099474385937e-02
3.108443924092509358e-01
5.495658378254349163e-02
-7.798636970984351713e-02
-6.247162422632426132e-02
-3.964318890016452768e-01
6.517023745114985944e-02
2.749237368812663430e-03
9.477800274706595085e-02
3.219321175660960765e-01
-5.017752765525730629e-02
-5.145037578627680019e-02
1.528352883924123107e-01
-3.260414947346113590e-01
-1.044840721928329996e+00
-3.777086463985581122e-01
1.007237220035036712e-01
3.293206809131608570e-01
-3.843745441524577533e-01
2.549733589263864994e-02
8.228509433340648604e-02
-2.425149995873824016e-01
-2.289345752176357440e-01
-8.271858019216316027e-03
-1.215168924355906205e-01
-1.961924601633564247e-01
1.387036247909163023e-01
-8.986592132789061882e-02
4.001895455072159158e-01
-3.056270334506204778e-01
4.659112355674444733e-02
-2.471885532040694975e-03
1.240754508132571043e-01
2.414463334771574377e-01
9.465695799070734939e-02
2.803541528518879722e-01
1.443697258006792772e-01
-1.063611145974827366e-01
-3.248719133477109139e-02
-9.673438197579420361e-02
2.768336466662878470e-01
1.727720147596974731e-01
-4.268356932482183508e-01
1.968994341832461248e-01
2.082536005571847260e-01
5.311260586460093969e-02
3.833634020247174146e-01
-1.138040411521832607e-01
-2.953322997895456714e-01
-9.765863466254418035e-02
1.030108788261492603e-01
-4.753454212416261676e-02
9.758969065048712921e-02
-1.160313488711613161e-01
-2.180797754264141020e-01
2.763226089283051246e-01
-2.423751468746365434e-01
-6.513899631519298739e-02
-3.664825685178448311e-01
2.465948585756577993e-01
1.180884815309432845e-01
-1.405361792263519656e-02
-6.535932809898703164e-03
-1.474351171207881339e-01
3.560286945759617155e-02
5.003080452946125772e-02
1.531018209717844580e-01
1.045251990430770411e-01
-1.684651725409915535e-01
2.473775616594569293e-01
4.499019550106078680e-02
3.313689024356915314e-02
-2.248221527907588169e-01
-2.543800909593394236e-02
-3.177124572988564849e-02
9.365395282572280822e-02
1.742846042393825512e-01
9.683307280537432199e-03
3.409684367537760830e-01
-6.738930585483848823e-02
4.933507452795477533e-01
-2.644287099236408145e-01
1.772224333504064941e-01
7.114521406622982269e-01
-8.228251864114577430e-02
-2.675890786469611871e-01
-2.528353372170076274e-01
-1.491978465385423724e-01
-2.026231305509537117e-01
-1.659575025618773847e-01
2.178417154241205078e-01
-3.034824210574626480e-01
-2.176219342260063694e-01
-8.831454179593635490e-02
-9.695001290039892416e-02
-3.784280578137290130e-01
2.117536893397133080e-01
1.825568152442597347e-01
2.746965900541221139e-01
-2.239437900170753726e-01
2.468697229988242592e-01
9.370772701216636968e-02
2.292173067276251017e-02
-8.331488239503202775e-02
8.650110671711359889e-02
-6.044534995308017272e-02
-3.000503780471520665e-01
-4.498550196997567752e-01
-5.321214135980953941e-01
-5.990251889953305403e-02
-3.644504292365855491e-01
2.026869360829188227e-01
-5.868471783617276033e-02
-3.350613168310045409e-01
-3.796850492079960060e-01
3.434647146208328894e-01
-5.563005723964199040e-02
-1.772246847824906490e-01
-3.384777955548538830e-02
-6.985491906165855469e-02
1.177749710212787349e-01
-6.997078432013791316e-01
2.439402715753100637e-01
8.840224671634752673e-02
-1.420319703128429534e-01
4.075477833015364593e-02
-8.800429212510427202e-02
3.178791228518139562e-03
-7.269075517485319438e-01
-1.014040404471717866e-01
-2.081622942692492872e-01
2.043153912645033488e-01
2.896893630709166945e-01
-2.887266689146132936e-01
2.031475133000394395e-01
4.065348394107566321e-01
-3.638930962049778950e-01
-1.338688247336836112e-01
-3.042200628878368174e-01
2.994680901412101748e-01
-8.151743850293208249e-02
-3.482557567530981252e-02
-1.873039247057697587e-01
5.000798073459467724e-02
-2.246777915720920282e-01
2.624701245213649781e-01
-1.043008047664961968e-01
-1.263175773379840994e-01
-2.010589284347255590e-01
-1.917460760905405348e-01
3.484150626241968030e-01
2.564475615083819729e-02
9.403767694878957528e-02
-1.572858660664818164e-01
-1.657284134033932543e-01
1.000276858816145503e-01
-2.447563245385483977e-01
2.042248276536274554e-01
-1.217304074579425993e-01
-1.724662380072476131e-01
-4.151783090951994271e-01
-1.153288534761903322e-01
1.084274405404257180e-01
-1.670068654421925092e-01
-5.935291567827445380e-01
2.523034069456031592e-01
-2.994352440078802413e-01
3.117055576654227389e-01
2.120154049852517875e-01
1.693550324363131757e-02
2.217699540273285752e-01
4.944934576075472599e-01
-1.890271906760660481e-01
-9.857329421632519961e-02
9.432487248932630575e-02
-5.418510898856016000e-01
-4.066579150142017596e-02
4.187800443968805464e-01
2.458330735954457058e-01
-9.640967214472971614e-02
6.206957013976087678e-01
1.863464422819008370e-01
2.012662046428635720e-01
1.848497056277395023e-01
3.485874658117754654e-01
2.669590952468490694e-02
1.712111243646095501e-02
2.218296652416732184e-01
-3.576447490216445591e-01
1.342184434138115612e-01
-5.179588787767913649e-01
-4.265696258114382022e-01
-2.118725903595687354e-01
-6.808136655742899057e-01
-3.144378308053937254e-01
-4.967658913130665495e-03
-1.170960847097581893e-02
-3.402423718685216314e-01
-3.903702605509587475e-01
2.978051528652530533e-01
-2.927323684868273768e-01
4.500000642546849172e-01
-7.216718852265294193e-02
6.212638243295223184e-01
-1.941164308437592634e-01
8.788810741469788024e-02
5.801468334278326970e-03
3.100952557098854978e-01
-2.100280589332015856e-03
-2.151646531823588337e-01
5.509243197513810468e-03
-1.357826055633547524e-01
-1.467186005847122554e-01
2.043966072250844868e-01
2.225396982536496579e-02
-1.372740178702017144e-01
-2.819974968536105853e-01
-1.980764018903881096e-01
-5.314892710262007769e-02
1.556484704956376808e-01
2.114427792993901212e-01
-1.516248506314170075e-01
1.804225896090011494e-02
-1.138184867246156001e-01
6.964878969708530876e-02
1.704613850088344540e-01
-4.976817501705012581e-01
-1.200684845396994271e-01
-7.296638632061894225e-02
1.782980462671888630e-02
-2.223114408837783829e-01
-4.696201762091026938e-02
-2.388266907788794413e-01
8.558202362409172981e-02
1.473106400414550760e-03
2.642800586146841213e-01
1.624494083613709505e-01
1.977273143740415073e-01
-4.084750063199828196e-02
-1.933591789814691486e-01
2.655659756583884645e-01
6.913569958467274956e-02
2.171288203621982160e-01
3.063245592333941336e-01
1.337642107531092361e-01
1.911482300793329245e-02
-2.435028379263913176e-02
5.862160104152158713e-02
3.610666485223357203e-01
5.923088513327825523e-03
3.724832445248576485e-01
5.484223104793779502e-01
2.365638233752804034e-02
-4.028176909174521203e-01
3.290659088734372295e-01
-2.064740642696136219e-01
-1.285105848962225517e-01
3.224208807568013091e-01
5.222736167977918287e-01
2.908586607079725606e-01
5.905790282063793084e-01
-1.963326139532654002e-01
1.839706456285721825e-01
3.797226784052860071e-01
-9.817480743220755035e-02
-5.707256976533965631e-02
-3.637871587593217160e-01
4.250315183643534889e-01
7.606620903729731376e-02
1.697765251238303810e-02
1.720806201085874898e-01
2.094695583089249413e-01
7.629079833119793708e-02
-7.756790158639052801e-02
3.444706973421226559e-01
-4.948689517428069701e-02
9.314402753033151905e-02
6.727586102195616535e-02
-1.314620223148636746e-01
-8.562193333129668182e-02
4.359760086927343403e-01
1.322861391039478196e-01
2.001289836643711517e-01
1.163484121987896497e-01
-5.938276457501339145e-01
-3.302137044926740095e-01
9.000484993556109869e-02
-1.143588975951118636e-01
-3.762970888351496734e-01
9.061187823577291495e-03
