-2.685108649690893134e+00
-1.398020311471799948e+00
1.805582367413168132e+00
1.473120333516041436e+00
-2.011421313601735317e-01
-1.007538103605547963e+00
-9.994295205621757106e-01
-1.617014227308139374e+00
-5.752637594784321129e-01
6.104396227561154076e-01
5.597890414644500767e-01
1.029837801332141645e+00
7.949993106686281674e-01
-2.235526087968142672e+00
1.538921267209615029e-01
-3.610672132041539140e-01
-1.369791379041568113e+00
-8.747043248077057687e-01
1.248065236543845380e+00
-3.776699346246180089e-01
-5.435931805148686013e-01
-6.489645208451534364e-01
1.322124473419578949e+00
7.357561157356953263e-01
-3.802038516344586894e-01
-2.443351468372140012e+00
-6.091069453978473769e-01
-6.580417018606675716e-01
-4.413375629149925317e+00
1.475058965290209301e+00
-3.021864400581900090e-01
2.641390445317453484e+00
3.866521227624138413e-01
3.142276519197144125e-01
-5.683764601064583699e-01
-8.684437077984793474e-01
-3.630229550351574130e-01
-4.810648834160388132e-01
-3.873360749044528761e-01
-6.546234125081019650e-01
1.622463132752276271e+00
-1.897345832058094095e-01
-6.637151682103648032e-01
-9.250354540931265968e-01
-6.260848063828474697e-01
-1.354495891035625954e+00
1.121036701844108086e+00
2.838089339373878417e+00
-6.587812724733467240e-01
2.253017606511665757e-02
-1.109353734178558648e+00
3.565985297072487570e-01
6.220266198149055903e-01
2.936738514673477018e-01
5.547547838320968649e-01
-5.421067839719645454e-01
-1.256757928750237729e+00
2.033551962579103478e-01
-7.880999617591344375e-01
-5.192802578998706453e-02
1.179085071218465702e-01
-3.578800523351727270e-01
-6.702541645987077912e-01
-2.473859468123872259e-03
-5.016258134411828440e-01
6.412730323025278567e-01
1.024809782119573964e-01
-5.590949336602681757e-02
-2.478105078049268328e-01
5.373448485262137808e-01
5.686730767214068401e-03
-6.615279283304044133e-01
2.152448602979009917e-01
2.927270633344501993e-01
-7.768934651233391775e-02
7.300052236373498482e-02
1.845913997198178266e-02
-1.292562524123973544e-01
2.356576238589135619e-01
5.030714974749024293e-01
-3.120807281634593172e-02
3.184200445539265845e-01
-1.889255887064135164e-01
3.795195790426149074e-01
-3.215669635240792634e-01
7.517916520645988587e-01
-4.448675394123707827e-02
4.338168595364107483e-01
7.993677830751554358e-01
2.314119973205750747e-01
-1.058391226848545419e-01
-8.296749828120378867e-01
-1.941795978908440190e-01
-3.365896035529824387e-02
-2.777043541316042141e-01
-7.045280334102263509e-02
-4.282226877171674967e-02
1.631757335551266563e-01
-5.874858376221451239e-01
8.046237396323220326e-01
2.785381957834271588e-02
-3.517721068220600045e-01
-6.690726571495368702e-02
-1.973931556105316953e-01
-3.441603093719298179e-01
-7.998315493323548964e-01
6.540903102334013619e-01
6.236400875975479929e-02
-2.048846506579282412e-01
-2.617977350415747750e-01
1.478423380841296653e-01
1.488106107485733243e-01
-2.564353958906185893e-01
4.128005845518097905e-01
-4.699150611908068376e-01
1.553461101917711640e-01
-2.265902024541203708e-01
3.999059203041676613e-01
4.508724160070776699e-01
-9.943966515890068081e-02
-7.691787460955987754e-01
1.512269314959603095e-01
2.889555518704283177e-01
-6.328995502757162051e-01
5.734161578163382567e-01
-4.704989860159124460e-01
-2.195679395550034080e-02
-4.776139961436799419e-01
-4.532983062959840548e-01
4.716164944981784957e-01
2.899342901388756166e-01
5.498011995645926131e-01
5.824895241486398589e-01
-2.293156580906010877e-01
2.999706123520031187e-01
2.224225392586990924e-01
1.348642487524949640e+00
-1.206035889737730182e-01
2.209149801945375025e+00
-1.522485626137571879e+00
-2.215868783957101740e-01
-4.343489828761422644e-01
-8.080914834271170077e-01
-3.316387924916012753e-01
-6.154507425461055448e-01
-9.234611454977436074e-01
3.900364461238651770e-01
-9.575435486877434399e-02
-7.208560252494298215e-01
-4.016140151168663963e-01
3.197098234298619834e-01
9.248690342323657720e-01
-6.487402042752649090e-01
-2.364652221001880827e-01
-5.992736435343758161e-02
7.693218713042228041e-01
-4.038051488122579302e-01
-9.093308732329872992e-04
3.070722137400284657e-01
-3.119903805512498907e-01
3.949660348645346875e-01
6.117717433003379002e-01
1.714161238947643495e-01
6.139054578905153714e-02
-9.533306438434110963e-02
3.191527709371368426e-01
2.917273831525932920e-04
-1.303714447070590809e-01
3.460523076153752542e-01
-3.657175018170020220e-01
1.604956611343965056e-01
2.312020612565907907e-01
-5.881644791973389408e-01
-1.199504415968211390e-01
1.836058750605152473e-02
-2.530260135100905194e-01
-8.484362706475652161e-01
1.108534592292397536e-01
-5.005187930345811331e-01
3.671988442142178899e-01
2.460825234890118562e-01
-7.310750414179355283e-02
5.187469660302781449e-01
-1.092771956324465610e-01
-2.881888841667550882e-01
3.150696707069416402e-01
-2.116929563654818686e-02
-8.458778274629535909e-02
-3.091374564082376986e-01
1.905716750469663434e-01
-1.340362648345087837e-01
-3.730532938334957804e-01
-2.131012852745677033e-01
-1.313060471204499473e-02
2.189785669022394632e-01
-1.287936959541820525e-01
4.047769444625051172e-01
2.812582009216447743e-01
-1.682653706711989827e-01
-1.436239695711266640e-01
6.042519249990292440e-01
5.113044724062548729e-01
1.714329074231551453e-01
6.183912704458758292e-01
-2.037572933070570524e-01
6.030691315828552446e-01
1.958913179325036946e-01
1.180744208833644920e-01
6.392838404361515271e-03
-2.072636102212253861e-01
9.441686911338664778e-02
-5.113857395788203863e-01
3.562017628228139055e-01
-1.195720246929607294e-01
4.050660290982595613e-01
-5.704726905351197308e-01
-2.588063743921467097e-01
-1.910618606098967165e-01
-6.661167021575296054e-01
8.786723886496371483e-01
-1.219968315115080720e-01
5.993163503509580520e-02
-1.986478534324209733e-01
3.389169131510874067e-01
1.513170981975016094e-01
1.133394864943391811e+00
3.295884636373812293e-02
4.604254341589761323e-01
3.736760700543916847e-01
-2.032730622679924382e-01
3.275597161927539247e-01
-8.567713072898369697e-02
-7.707832166223381742e-01
2.131547141894495900e-01
5.113724625840209148e-01
-7.729733158602131171e-01
-1.438363889482224156e+00
4.572914719927819727e-01
-1.095537489739637493e+00
1.503800889279485853e+00
-6.332111596575576429e-02
-1.051615541462916248e+00
2.605674725378939738e-01
-2.079828452668641137e-01
-3.050933679878939375e-01
-2.198457544760469007e-01
-1.550343167511356313e-01
-1.109113780749670097e-01
-2.934647289816531002e-01
-2.740849622932076124e-01
-2.558356170420190701e-01
-6.108860653967510546e-01
3.022974177253692218e-01
-4.161297498482715018e-01
-6.097459042971069554e-01
4.437680258378228770e-01
4.674407266478671774e-01
-1.888005548514346543e-01
6.275525602321713192e-01
-9.871081741492717665e-01
7.411172996649002809e-02
-5.536830131463499338e-01
3.448312430759762348e-01
-8.982046915190763925e-02
3.242715260144461986e-01
2.273017787476752302e-02
-1.548285363739325682e-01
2.884656696387716268e-02
-1.746333986870739208e-01
3.512336051922786972e-01
-7.448986387827612188e-02
4.167160215351924935e-01
-2.196273068354644836e-02
9.720890666874486274e-02
-6.756130187504084950e-02
1.302661608692725348e-01
-9.260768754718616547e-02
5.228473173554541997e-01
3.102908038731478357e-01
-5.060259919365296399e-01
1.398777026116592159e-01
-1.067163713429702954e-01
9.145067230496144173e-02
3.769037381132450681e-02
-6.305789289013994381e-01
-6.281463543607562761e-01
2.855792247233839842e-01
-2.008712011142633758e-01
1.360844573990886708e-01
-7.692203789461055097e-01
1.256697850805194305e-01
-1.607967151625945279e-01
-7.882384885361248816e-02
4.034126714371208400e-01
-6.858325163903348232e-01
3.997628910027551941e-01
-2.119883691171508544e-01
-4.389781672227887066e-01
3.574117818948885361e-02
-6.630567161439167023e-01
2.457068587930343606e-01
-5.965631964618709482e-01
4.599745877838059549e-01
7.063753149901161321e-02
3.715510059657176067e-01
-3.206890313497581801e-01
3.755567710685902005e-01
1.462600700842768900e-02
-5.342796338890306584e-01
-7.672353557551153495e-03
3.680814076361798026e-01
1.007337537066334415e-01
-2.767412562192271275e-01
-1.136199583906717103e-01
-3.154758991162446291e-01
2.462688026716995382e-01
-5.248224873105644672e-02
-1.726206238605693666e-01
2.159052077041664353e-01
-2.264627370221760916e-01
3.572867817619890807e-01
-4.247503796489313643e-01
-5.052512945540925671e-01
5.702771462891179644e-01
4.280678763174649432e-02
1.518179251732342916e+00
-7.241019546758964420e-02
1.113879214418107833e-01
-1.127308147005847902e-02
3.032403444207472654e-01
-4.411820486926299467e-01
-9.666321826318267085e-01
8.399427351314521228e-01
4.072226461212474224e-01
7.636809704878240457e-03
-4.847099331122924903e-01
4.244498594750021336e-01
1.652088498482003759e-02
-4.877321107651202414e-01
3.648452874687173053e-01
-3.581405598120195322e-01
-1.309248333904495520e-01
7.542018782519058773e-01
-3.216817765371240423e-01
3.626541923933737643e-01
7.694526634884888416e-01
-5.951791274647520724e-02
3.726593136265812234e-01
-1.239723855161392607e-01
2.432188262849545313e-02
-2.355270927716435203e-01
3.895252723793328486e-02
4.185706895257150506e-03
1.287958184147882656e-01
2.213666471219564308e-02
2.174916048125919155e-01
-9.021849434129464163e-02
1.798563036181727581e-01
1.981001221420176095e-01
-2.040994297232820998e-01
-5.487068435638698949e-01
-4.140684386642110026e-01
6.340128951511546374e-02
-1.000675924485293494e-01
4.140962457173301692e-01
-5.348539517821255806e-01
2.947559084663349260e-01
-5.562348105232727685e-02
-4.872225018835298349e-01
4.977126502380672252e-02
2.981610190065513491e-02
6.410398242131755131e-01
-1.478172923619098522e-01
1.042266588735667604e-01
-4.325190775625097593e-03
6.898993734642985265e-01
-1.198498607172682889e-01
2.640500796003635298e-01
6.280475603322762668e-01
-7.257116436474188303e-02
1.362903689340384805e-01
1.033345771790660367e-01
2.146054688440599267e-01
-2.199457324155828716e-02
4.610467795902601917e-01
6.719944071757198989e-01
-3.417182029925036613e-01
1.462834280778095575e-01
6.302482784466030274e-01
7.219953036068101904e-01
-5.470050279361167167e-01
-4.733191644871298509e-01
3.375053814616613690e-01
1.687248671408174971e-01
3.620244272417233455e-01
-1.651785101285657420e-01
4.779503374365964841e-01
2.273357143266198019e-02
-4.798130463407195706e-02
-7.678633149207508835e-02
5.200047781940330127e-01
6.515503900895004419e-01
6.761333343558884913e-03
3.467651644468723870e-01
-3.411821426058364581e-01
4.551582659292481292e-01
2.533702223364194261e-01
-2.021098725592652690e-01
6.220533511433047336e-01
1.682777958785152683e-01
-2.021281266090246137e-02
-1.070523837821655944e+00
1.628118300599899759e-01
1.657833034734389199e-01
2.471414329511109897e-01
-6.036980838805052763e-01
-3.196826218775434408e-02
4.704868210630707565e-02
-3.184855863451208635e-01
2.975479693505202472e-01
-6.019247082615941657e-01
-6.807480635698484051e-01
2.080149356929592019e-01
-1.327688953502418334e-01
2.698104907585260892e-01
-2.332057125408715237e-01
-5.313156830413960918e-01
9.181977964127448211e-02
-6.431576220171582037e-01
1.032657981156293175e-01
2.750733578943624913e-01
7.766629234504348611e-01
-3.578863089466614855e-02
-1.918426006129002673e-02
-6.605413382482692997e-02
6.807662653042624301e-01
5.145089017950729010e-02
3.824582959899610057e-01
2.189217544822346165e-02
-1.499141510516510123e-01
2.263501190394874574e-01
1.087434770113231419e+00
2.384938025305871068e-01
2.861851871146514625e-01
2.544965897638026830e-01
2.667054152209959172e-02
5.144102433260719920e-01
-6.531315368779214703e-01
8.973256994739606252e-02
4.046507955063252671e-01
5.655594972623616962e-02
-3.487422007769035159e-02
-4.005632134826447172e-02
-1.548476729389464679e-01
2.232720063424173118e-01
-3.979383348337775517e-01
-2.670347510780913258e-01
-3.180388675852557218e-02
-2.915059268038617257e-01
7.029984079589349788e-01
2.164787740048044751e-01
2.513115397144626284e-01
-4.586151363037652140e-01
6.457539316382459038e-01
-9.096827404463311284e-01
1.593031034080212960e+00
1.014378760612141495e+00
-1.989221430563158644e-01
-1.931048417978131315e+00
-1.114307611004323295e+00
2.242566098256968121e-01
-1.834571769952240361e+00
4.297295144957772872e-01
-2.121119670805518553e-01
5.381117184916515139e-01
-5.035688745359106350e-02
-2.615053100599177283e-01
-6.411001645859060183e-01
-4.268475102781308372e-01
6.931443247721047474e-01
-5.197162796488608016e-01
2.056415790007703193e-01
-6.622920921787305293e-01
-1.958351602411635417e-01
-2.586782984694692422e-02
-1.037245802333357086e-01
-2.545025081800181832e-01
2.863675225953572490e-01
-1.256130959381923928e-01
1.826344059870797232e-01
-3.517142801053970563e-02
-5.369269522215009555e-02
-3.214946578925567122e-01
-3.389101142899786367e-01
-6.417158974260074589e-02
2.800378938025674391e-01
6.022990645009475008e-01
-3.919199524542100743e-01
-2.848275009301147031e-03
2.012867198366928567e-01
-7.349298028188068210e-01
1.751467621027245347e-01
-9.552239157928567037e-01
4.349631716966697037e-01
2.575328539829149777e-01
-1.925315850875867485e-01
-1.913940357308062945e-01
-2.668710472795240429e-01
-8.235835750771496044e-02
6.779658365955984478e-02
5.884349520598447514e-02
-3.111887795892406827e-01
-8.922149770593940099e-02
-5.299769954695378038e-01
1.948439554805761172e-03
1.826080806156744618e-01
3.771324221232341678e-01
-3.245986744589512973e-01
2.379368115608167800e-01
1.301270062892328772e-01
2.590340242311277644e-02
-2.095603902254280504e-01
-2.717712000053817412e-01
-3.631170747242274399e-01
8.952213210172695890e-01
-5.081227974518807144e-01
1.744997105581899965e-01
4.321910093509066103e-02
2.415562740840118405e-01
2.184645410735325810e-01
1.272440428719877614e-01
1.701768262183979974e-01
-2.432581114302340974e-01
-4.285335477386256198e-01
2.740323023829079330e-01
2.083088206173772383e-01
-2.551954170503850094e-01
4.778467445881574849e-02
4.911649794108243205e-01
-2.948109697889803593e-01
-1.928343926946740061e-01
-3.245576484630542657e-02
-4.026784486996903278e-01
-3.577160776875730752e-01
-9.089987301115229346e-02
-2.647414452668799684e-02
2.513049004184019636e-02
-1.916998092280861321e-01
-4.853519441295133241e-01
-5.855775163584299170e-01
-2.959843516707730271e-01
-2.919265116438526375e-01
-1.690779107918882473e-01
2.054949826652712197e-01
7.389454539103301745e-02
2.550840892073832911e-01
1.693623519585929146e-02
-3.961422825450264806e-01
-2.660338991754850890e-01
4.906413835467118151e-02
-1.160660749291600596e-01
2.753357775261813800e-01
9.301961976767331164e-02
6.242839534569294413e-01
8.653508914183113410e-01
-4.367690613225422847e-01
6.327253048273982772e-02
-4.035096051726315136e-01
2.045274461514467457e-01
4.429528836020010241e-01
4.246991004239661915e-01
-8.965439413793732104e-01
4.875445513119472385e-01
-8.287043683100137059e-01
-5.310943459108179165e-02
-8.213759823293260987e-03
-1.045824326182380748e-01
2.797262625787383938e-01
6.080126802063959834e-01
1.029442308938926937e-01
-6.370374126392103209e-01
8.570634851308109869e-01
-8.692140068984897106e-01
-1.282955721482407663e+00
9.022661805763135812e-01
-3.919156605833621909e-01
-5.192635898097839320e-01
-2.489072710170612823e-01
-8.744584497155089009e-01
-7.636889562333384340e-01
-5.827006466071479318e-01
2.079747017994179881e-01
-3.507509682775702964e-02
-3.820655554444872815e-01
-7.692036157805519636e-01
-8.220104626478862142e-02
1.291424633291386181e-01
-1.119160577246886668e+00
-5.307824766677683437e-01
4.410228673703811553e-01
-1.562839219320006912e-01
9.822194000965207838e-02
3.786482484138511267e-02
2.232804241395721367e-01
-2.993527424139080240e-01
3.484466745836227730e-01
1.127982400052082446e-01
-1.137063159103123416e-01
-1.904757848446816948e-01
-5.925224017030934487e-01
2.925979790431472785e-02
-1.043609697355806498e-01
-3.669898848746512843e-01
-3.676568092598756499e-01
-3.645788516171091787e-01
-4.600971404968609568e-01
1.269959009766424007e-01
-3.341962730594256747e-01
-1.840498260183308088e-01
-1.197268438121965872e-01
2.054435731209758864e-01
1.866379369214496986e-01
6.851925239847030114e-02
-1.115761130277390933e-01
3.546390083930298087e-02
3.804697643185883660e-02
4.873167464304984375e-01
-1.085440613169323942e-01
3.656501475793603184e-01
8.375975288206623237e-02
9.190136663557429281e-03
-2.759454079033300533e-01
5.450991664578903606e-01
-1.948529474792977112e-01
-1.937454167946446593e-01
5.340552735528926974e-03
-1.403283421755149585e-01
-1.833333342540928099e-02
3.817748994704914800e-01
3.824317598896319614e-01
-2.269522356980940569e-01
2.693384545199347668e-01
2.509468678657097995e-02
-1.289587586471832026e-01
1.693157920483374379e-01
-7.072082297572561682e-01
-5.531626205482517156e-01
1.566007631713531023e-01
-1.809816693321725511e-01
-8.388200074937633699e-02
5.880573766391839624e-02
-5.237994262842769755e-02
-3.227696287628714633e-01
2.006376471842517550e-01
6.110916604490973514e-01
5.489875848196963393e-01
4.717031849817284600e-02
7.114020128046397717e-01
2.212931283422094608e-01
-3.187489648450835267e-01
9.903524609289456049e-02
1.147695441743441930e-01
2.072096030545104717e-01
2.893553758716488344e-01
-7.937621098153081756e-02
-2.430701896541912210e-01
3.399679879429765572e-01
2.220340300075036299e-01
2.850848885290303558e-01
2.273826663336625808e-01
2.302997731767242595e-01
-1.112559666629154287e-01
2.900572774844760726e-01
4.857953641353698337e-01
1.571581893880870107e-01
1.591443151542913746e-03
5.357680741400513980e-02
8.210916444106977630e-02
-4.683198846263061932e-01
-1.151395473485296028e-01
1.038366868790475545e-01
3.236328966404238283e-01
4.772154715654760015e-01
3.501466485572967691e-01
-1.528544810460752412e-01
2.532293560672957411e-01
4.517216134932495741e-01
7.409738178549615806e-02
-3.099462219525159767e-01
-4.788806805201219485e-01
3.040952265460226678e-01
2.612871055778426266e-02
-1.004075653719146560e-01
-2.695069311691796199e-01
5.859251275259656083e-02
-1.812871807548885883e-01
-2.539880530051615293e-01
2.511998967762450463e-01
4.505113995434505414e-01
-1.799447436728628946e-01
2.289655157499558003e-01
2.744878149745207108e-02
4.411098855077989489e-01
8.424027779688884054e-01
1.192956288366581359e-02
-6.991032924289668216e-02
1.141799700094751624e-01
1.336873569462609587e-02
4.494504206796742229e-01
4.325303416397983658e-01
-9.099456089751302434e-02
3.977116272076999109e-02
9.207660037255672725e-01
-4.724687684274972987e-01
-1.045015392992550696e-01
2.626326823866379501e-01
-3.724009954736437478e-01
6.854163834311035597e-01
5.329740430462156509e-01
4.304743401532928337e-01
-4.665412833562908035e-01
-6.146324784975065042e-02
-4.790496976442407129e-01
-4.986708849544756461e-01
-4.825077437139302372e-02
-1.757908529331191350e-01
-1.011481187617866984e-01
1.209110489964260182e-01
3.095653572158359457e-01
2.970244319909389752e-01
-3.341493787602739518e-01
1.677523430950861663e-02
3.055693920460092472e-01
-4.897248903047863311e-01
-3.616114794096551011e-01
-4.899655482763208836e-01
1.447796454342293593e-01
-1.037171456197365060e+00
-3.546805470691731244e-01
4.991243443073527519e-01
-7.455558173619740436e-02
9.147797957016946813e-02
4.873582865020589100e-02
-7.516271456302466231e-04
-3.227864722569921407e-01
-2.832505534514936363e-01
-9.507067275014288721e-02
2.944243199441791137e-01
-4.346587126046580485e-01
-1.480046842146200137e-01
-3.470041962720558093e-01
-4.900375528916423584e-01
-2.407690104181497703e-01
3.314366631888753245e-01
-2.077329110030304848e-01
3.596452705330442923e-01
2.194918326250168417e-02
-6.964406489527338873e-02
-1.091342390877045668e-02
1.816810294934123327e-01
-3.101977792164956615e-01
-2.398431085999898349e-01
-5.172910125618114252e-01
-8.475939051956425663e-02
6.417685500917362784e-01
2.415037971375790654e-02
-1.930995089659457986e-01
-4.121088650397520814e-01
-3.560086193436017843e-01
-4.331587086662923580e-01
4.922168632574572267e-02
-4.182904991642413806e-01
-1.047446306500045832e-01
-2.258804330556689888e-01
-4.383305094297668125e-01
-5.384124824680995847e-01
-2.327043020667604878e-01
-3.854994356004299433e-02
5.973740395545842352e-01
-1.554918756738703223e-01
5.050219743693850072e-01
-4.962224078745453570e-01
8.208964142075323434e-01
5.982902174267811235e-01
-2.913029099236199571e-01
3.989503575516454292e-01
6.673847618709653935e-03
2.316939438034039053e-02
3.060859050874213394e-01
4.554281547167204902e-01
-2.575768608292355877e-01
-1.945491378824926176e-01
-8.094805267912158486e-02
9.864487603193637932e-01
2.254279786559774124e-01
4.871953596955826138e-02
8.900918542725864968e-02
5.128434078973800325e-01
-1.059683333437944491e-01
-2.534289426401913903e-01
-4.751120596862583034e-01
1.944618012854569256e-01
-3.966173633900762496e-01
-7.014729410559882306e-01
3.099144132717134292e-01
-1.070248442405866418e-01
3.631682601510741737e-01
7.976380402895913990e-01
6.095497197077972551e-01
-4.373840570222160135e-02
-1.542509283208041426e-01
4.274165987775745412e-01
-5.694186846530076007e-01
4.796521737567350785e-01
3.528143606962929058e-01
2.928315218623670502e-01
3.403863551446291158e-01
-2.780305599449987564e-01
-1.920142821449726533e-01
-3.529141721919230590e-01
-3.038076701501171706e-01
6.081587753152382231e-02
1.333791905461192695e-01
9.566735583085039796e-02
1.421835035925760049e-01
3.501311414537854744e-02
3.302874832099095270e-01
-2.690516366864908679e-02
1.601449545167734911e-01
5.366039358447954877e-01
3.299612935045842521e-01
-8.770705032751555108e-02
1.725927040396099954e-01
-4.345498392410542254e-01
-4.812906240761700150e-01
-2.623778975475341002e-01
-1.003455924089836915e-01
1.931434484298980014e-01
4.031153098661288681e-01
5.189605793305090281e-02
-5.801480359069722814e-01
-1.339240280909954062e-01
-1.528178993108828543e-01
1.131701071991135649e-01
-1.676013696387724516e-01
-1.356940863512244022e-01
4.605015628394095728e-01
-4.925447823804527947e-01
6.438549780062770012e-01
6.559916814563380161e-01
-5.443558172675350137e-01
-3.603788123243542585e-01
4.339945798114015485e-01
-7.689558216401527480e-01
3.406770324908995479e-02
-7.117724622988035321e-01
-2.719555814086609957e-01
2.004412885008336614e-02
4.276338789774182803e-01
-1.668704744193715006e-02
1.805289954213714076e-01
2.961422358913916586e-01
-3.920500837324671362e-01
-7.711598930001234420e-02
8.152487668378419206e-02
4.111447408767566203e-01
-6.529234562878435399e-01
-1.596919609707013465e-01
-4.975844025218995048e-01
-1.382874749843280515e+00
-2.703257946563208391e-01
1.058400824156385950e-01
-1.429316166283623735e-01
3.871367431056449981e-01
-3.356787460438032666e-01
5.108318250701321395e-01
8.703485059700563631e-02
-5.337123668793791742e-01
-6.025527111478758968e-01
-5.954041918092261437e-02
-7.952825003121236636e-01
6.539870872983949424e-01
-9.091012924502971382e-01
-8.141914470650722935e-01
-6.868827486310624675e-02
2.721709638500817707e-01
-4.326683016647254187e-01
-7.722003908013315154e-01
-7.134612665569016743e-01
-6.747212636193862523e-02
5.459918886377284064e-01
4.756985179552144366e-02
-5.440832070288653677e-01
-1.606681403419646603e+00
6.933329820041481684e-01
-3.485561918618195754e-01
6.175580347592762864e-01
-1.083588464905584914e-01
-4.108688588160486210e-01
-1.007143926236822029e+00
-3.400388747371702602e-01
-6.324961318307189551e-01
1.338647575001200747e-02
4.071796340542452874e-01
-9.488634197436351947e-02
2.368834131964238365e-01
-4.395991825015820864e-01
9.463246856741068525e-02
1.147415126786835160e-01
8.260202102942304503e-02
-2.203799747190902658e-01
-4.090914239152426135e-01
2.687848654554683137e-01
4.524978518859386623e-01
-3.615702615331400915e-01
-8.651437296669846344e-02
-4.250204956364629916e-01
1.652129150880956021e-01
1.866246716754540458e-01
-1.617167824695065204e-01
2.844434334781586471e-01
9.256200122619916149e-02
2.110220446295077712e-01
-3.508750875749215292e-01
9.092473785445588652e-02
-1.560527679091199271e-01
-1.204618615680997165e-02
-4.679867708330742171e-01
-6.121923409003057759e-02
9.164089240668926717e-02
-8.336750069109757355e-01
2.983767687067647584e-02
6.223898085480324971e-01
-1.681690005486229100e-01
2.929690535173689603e-01
2.852952162774294309e-01
6.355059302329527093e-02
1.612964432136002046e-02
-3.199283688713538409e-01
-1.010929243043231646e-01
-2.933035146340004506e-01
-1.021151012075733222e+00
-6.735734895923606302e-02
5.603540120837301464e-01
-7.265123972670223251e-02
-6.053853278317839620e-02
1.237684803511777815e-01
4.793222722387595613e-01
4.480554055350683962e-01
-7.025889984361956275e-02
3.831311108083421124e-01
3.861551751634179075e-01
6.439860548078016333e-02
2.520184520830501262e-01
-4.517590742383115754e-01
7.101605544407636750e-02
-3.803518714941832024e-01
-2.311973292990008033e-01
5.927599991165151128e-01
3.413346089752094525e-01
-9.168545068634113004e-01
-9.237779332577867875e-01
1.115535791561850371e-01
5.002309691314733853e-02
-5.146226666610309586e-01
2.995252846953877501e-01
-4.439917517550978077e-01
2.083233939669301149e-01
-5.529022023875715952e-01
-1.604998372285536268e-02
6.893050196477272795e-01
7.051850887410261448e-01
3.311880398258172931e-01
2.319808129181228837e-04
-8.052709391998000288e-02
1.477747640096437332e-01
-2.967818417569713652e-01
9.451648753019134541e-02
1.066041607098993371e-01
2.424452202265791889e-01
5.038454771748696048e-01
4.591879210404034573e-01
1.393187867408361424e-01
-1.568800184807677967e-01
-4.006654574592646845e-01
-7.708290099576475818e-02
9.866263463233443387e-02
-2.555720854626686855e-01
-1.042218544204047248e+00
-7.000548547990118053e-02
-5.093537555418184981e-01
5.482812749679575326e-01
3.396715299951008071e-01
-2.440585053808725369e-01
-1.725730110774089873e-02
2.186818999734542746e-01
6.209912822113340392e-01
-4.836358936036918021e-01
-3.482027182604552906e-01
-2.983482061019759879e-01
-1.920834891629761773e-02
-6.171473915446493708e-01
7.004936461531580116e-02
-3.826210579513080745e-01
4.865103968735587925e-01
8.297973389794885413e-02
5.442339295538551475e-02
5.417917908175041708e-01
3.844407064143276487e-01
-3.416324449807164321e-01
-1.991115765912334634e-01
-1.022982523710584735e+00
2.884419737085521240e-01
1.749723969032350446e-01
-3.829376652366278111e-01
1.112559928132580804e-02
-3.453625225296186861e-05
1.614964351008361387e-01
1.428911585446214667e-02
-3.084994280923595844e-01
-2.784405370295389148e-01
-1.469877111385598789e-01
-5.040809363131930169e-03
4.322008701612867210e-01
3.105493128834229122e-01
-1.485801559098015590e-01
3.043994818076196582e-02
2.089265154359997156e-01
-1.029045909564194755e-01
-1.580008267067261607e-01
4.862389177937850304e-01
1.055543052262870596e-01
9.404769967050297108e-02
9.831763448859971721e-02
-2.927715227947830234e-01
1.918547054935133486e-02
-8.644155406939181274e-01
-1.205219233342334634e-01
1.455676400059543324e-02
4.318074248207506294e-01
1.600652668533679435e-01
-1.860210722879147571e-01
1.100985541423012415e-01
1.066208065353817097e-01
3.080593521779559918e-01
-7.986852272457146684e-01
-1.017752485814487490e-01
7.640743658774369444e-03
-2.832981188843763376e-01
-1.766407243997894505e-01
2.392966729201396747e-01
-3.749604493674227879e-01
2.020196967813243094e-01
2.564816944334292748e-01
3.252740784030795362e-01
1.148985256962045676e-01
-5.496399913108269697e-01
-2.474371850707172416e-01
5.776252689748385682e-01
5.038712186975454616e-02
-2.249235512468897580e-01
-1.080057347871839629e-01
-2.511670060543120808e-01
2.421420087375885100e-01
1.667754686001656217e-01
1.782408926309927422e-01
5.054521856530950208e-01
8.086447069512271435e-01
7.348196425193730397e-01
1.293405509361122974e-01
1.351440565535335647e+00
-1.548536753604388139e-01
2.879740442658395017e-01
3.329628817724005763e-01
3.467770184541969086e-02
3.207000494988916373e-01
-9.257236244160899075e-01
1.051097665347029836e-01
3.384440479270064972e-01
2.321286916381549437e-01
-3.349522149808255023e-01
-3.725162804634271074e-01
3.574039068226184113e-01
7.564062719946240687e-01
2.036458541425352209e-01
-1.227232120249355379e-01
2.350920155101683118e-01
2.549768274339968555e-01
9.982014055735798086e-02
-3.014496944001545109e-01
1.367654033035539785e+00
3.412088955520677369e-01
-2.956393988283183560e-01
1.815343115149321007e-01
-3.276938736710947042e-01
2.403847779496336989e-01
-6.125283024240160135e-01
-2.166574266532374227e-01
5.899041792475078205e-01
1.836775382903642062e-01
-3.482988206772293927e-01
-1.027887433615677221e-01
2.443393992219472788e-01
5.067333331740843105e-01
-1.066499387152200079e-01
2.238545008517458246e-01
3.955697573810205148e-01
1.364960945555752370e-01
-3.500618820663778941e-01
2.424679519347240353e-01
-4.463835220815661614e-02
6.324324180509891535e-01
2.855849034158168265e-01
2.652134154655034215e-01
1.942034221215859502e-01
2.071079603184776130e-01
-5.417494434548880688e-02
-1.054793337274002353e-02
-3.259660174630820140e-01
-1.245421298714737175e-02
3.578244855169404604e-01
5.147532588232867079e-01
-3.908667632733899278e-01
-1.232855690022464645e-01
-4.335981388949802784e-02
-4.515077274356174564e-01
1.663995470993211434e-01
-5.503513626051564911e-01
2.345908312815766505e-01
3.228025004785891466e-02
-5.691793450666498000e-01
-4.272620905219898235e-01
-1.467916410743119737e-01
2.930915137140213678e-01
-1.347846923256394713e-01
-3.354903619877994680e-01
3.433535858883017544e-02
1.545138416974674578e-01
-2.855485290550030530e-01
-1.661197917993978701e-01
-3.200741934916722098e-01
-6.743553676756384174e-01
-1.526408263936983034e-01
5.020795940853780559e-01
-5.026310386472732095e-02
-1.481540013011365883e-02
-3.313021942391185526e-01
5.482186376445024462e-02
-3.021037913974097266e-01
2.711959265660230933e-01
6.399895902039720585e-01
7.595832419463578733e-02
2.036372954829208937e-01
3.352876478511984670e-01
2.100620255684318982e-01
-2.781328388777160043e-01
6.104709338740795660e-02
7.473957916729494222e-02
3.505639342830428329e-01
4.294436812002661585e-01
-9.156091511280560480e-02
-4.680674907135153745e-02
-9.466131678437367941e-03
3.364213092817143202e-01
3.664847739895178980e-01
-2.041219613462113003e-01
1.766532038219569001e-01
3.880022622609561878e-01
1.340569034260137571e-01
-1.617530015459319181e-01
1.650593202183511798e-01
-1.957589369675474811e-01
-2.920908788196129868e-01
3.048864839226368417e-01
-1.127257109050063405e-01
-5.539649565417361643e-01
-4.388059434766832245e-01
-7.541666260262817056e-01
5.912136680442480613e-02
-7.738874407803185418e-02
-2.105333730560314254e-01
3.199898689823448272e-01
-4.622121510190028981e-02
-1.969106522946890148e-01
-3.814310883559340892e-02
4.536436612712887312e-02
3.607086020349727917e-01
-2.134674229211285801e-01
-3.084664226791618002e-01
5.442784111094628452e-01
-1.791101918842410434e-01
1.234040482821376072e-01
-3.345616460131899395e-01
-1.511255546472247691e-01
-3.605876705622007017e-01
4.336819661419506478e-01
-9.633809875451039562e-02
8.473223362321033458e-02
-1.628551570057435449e-01
7.903087310015810552e-02
8.506763948630137462e-02
5.144646712228110319e-01
5.793983056818485800e-01
1.115315204369485141e-01
3.607608673696360291e-01
3.701180147189603309e-01
5.495429131206990003e-02
1.320014557776941211e-01
2.637845378485503267e-01
-1.093950317885607898e-02
1.113822650110623258e-01
-9.743481566413743356e-02
2.843962665719065863e-01
2.469460930560223033e-01
-1.228109880512223417e-01
6.889001468363380176e-02
-2.065789809373593522e-01
-1.783965407883087995e-01
3.316330811152226055e-01
-2.735865724541827193e-01
4.404257778222873676e-01
2.553108036119369206e-01
2.113421499324110928e-02
-5.458710644476547774e-02
3.812548593070927971e-01
-3.049183098246077694e-01
4.118342535669793775e-02
3.772271816428281535e-03
-1.683889665314795558e-01
3.181087027856726590e-01
-2.045031755604481694e-01
9.555176763136387363e-02
-6.123580004085000389e-02
9.661297248794822878e-02
3.509532055961946950e-01
-4.796563695029975455e-02
1.538813453055858926e-01
6.224248751251595241e-02
-4.135015929160243409e-01
-1.363432336479663554e-01
-4.420571626051457703e-01
-4.503607159537907911e-01
4.285911629023910624e-02
4.555761491565907262e-01
-4.394898961130214859e-02
5.410558403328019628e-01
-1.379455023405387615e-02
5.955643113935703559e-01
1.152187711914553353e-01
-4.558797343933082002e-01
3.910499326345960869e-01
6.252413484507378660e-01
1.441322633002043441e-01
4.275507289930531585e-02
-1.680724317093226783e-01
-2.947739107983569085e-01
-7.018410252428333718e-02
-8.041435666511526081e-02
4.649592497425616422e-01
4.145488564815483223e-02
-3.625685882514392278e-01
1.108033113831679295e-01
4.630707700483717160e-01
3.896648613590310006e-01
-3.141815833814839976e-01
6.875881694263427102e-01
1.906768852088771005e-01
4.279560874850223962e-01
-9.287638116745303152e-02
-6.478271566345139565e-01
8.949418290823889510e-01
8.439716986992281678e-01
1.912309383751460146e-01
5.059199322238405738e-01
-1.093574881026441736e-01
4.571004587696630428e-01
-4.376294899599996735e-01
-3.172114836752317757e-01
1.090930121583810752e-01
2.915554561490932284e-01
-3.235550017757876651e-02
-4.212483600724083455e-01
2.008207788953816075e-01
5.224137920572740068e-01
6.528572034054705431e-02
-1.313833192547011856e-02
4.889868452136920257e-02
2.076893703203337993e-01
-1.745601612070955821e-01
-3.459847531648343327e-02
2.635887187828469536e-01
-7.379432905069621684e-02
4.875635584767444852e-01
-7.464186105777695368e-02
1.861160370776212547e-01
-1.836966262429796937e-01
3.413880687873650510e-01
-5.600667890983711539e-01
3.987792856588067147e-01
3.411557045538231026e-01
6.121027914252927804e-01
1.476185394889122149e+00
3.351921823607006967e-01
-2.519942969402818450e-02
2.692058051169167465e-02
1.144483891535455378e+00
7.407640169341885850e-01
-6.904807158859301019e-02
1.783124268682008406e-01
1.975441716775182543e-01
-2.202477511471894467e-01
7.926138643895992431e-01
4.982635099853467420e-01
-1.393934739613993667e-01
-4.029438913995499888e-02
1.092262373173281453e+00
3.346263284603498422e-01
4.604244963476690766e-01
1.517715373617651853e-01
9.837034661125711177e-02
3.398041109568478157e-01
-7.771552803701332890e-02
-3.733828942748356194e-01
-2.708566915052922353e-01
-6.562098371365008287e-01
-1.137783394940040937e-01
-3.150386729903191796e-01
3.068499396460791506e-01
7.127348983205882282e-01
-1.578392683507557348e-01
-5.520044559092746050e-01
4.111780600519336637e-02
-1.319587508115623378e-02
-2.261959181633952098e-01
-2.415626860753951610e-01
-3.437109134084282425e-01
1.233052539854659763e-01
2.101371988669127264e-02
6.210218241978321396e-01
7.742046753894328559e-02
9.787305506027600410e-01
1.981695283278910313e-01
3.782366530384414366e-02
-1.489933942520582366e-01
-1.467228832081801659e+00
-6.551718537356209238e-01
5.694088052300531055e-01
-5.198367027788819428e-01
-7.166659996186852677e-01
9.648321735191921211e-02
2.906830702548681700e-01
-8.046859533435983813e-01
-6.172005737078192222e-01
-2.723806489397798125e-01
1.000821985683449045e+00
1.623893912396453809e-01
3.607258673681058153e-02
1.108053983049195557e+00
-1.011350977342010821e-01
1.097905116643373147e-01
1.062513538564889393e+00
1.366402609596621409e-01
-1.017170372637058035e-01
-2.203098947659733742e-01
-4.198268120905974121e-01
1.236872590198318383e-01
5.835570004689487611e-01
-6.926181691761658099e-01
-3.425787338353732947e-01
1.530019571040794613e-01
2.627040160573830829e-01
-1.199568141937048971e+00
-3.741313464129428779e-01
-1.659785999646765930e-01
1.464625204108472301e-01
1.588337323883865504e-01
1.331979386811739663e-01
3.335068696776424257e-01
-1.066238692770724861e-01
-9.685458608418771875e-02
-7.569551550870980972e-01
-3.537243329260691405e-01
1.909918731425244431e-01
3.020067415333790306e-01
6.746941834306026120e-01
3.814731563806506021e-01
2.381115837526775678e-02
4.247111353584655524e-01
7.014762691276729134e-01
-3.164091917975846852e-02
3.430486185156494949e-01
8.341454714983338459e-01
2.166775976396969616e-01
2.439160703631355342e-01
-3.730286962437224796e-01
-3.710122166549172373e-01
1.669093572880800680e-01
-4.768539174048095353e-01
-1.776679389471142734e-01
4.036711462103715342e-01
-2.512275030878504123e-01
-3.248457915624143877e-01
-2.405454347069885812e-01
-4.125404895079434753e-01
6.916376667348714813e-01
2.727192301678224018e-01
-2.144731718486617700e-01
2.609218812303770729e-01
2.413373055882345464e-01
-3.585365487187440192e-01
6.929757508797505794e-02
-5.779902082719057949e-02
1.955216870850850497e-01
2.310483997591940564e-01
-4.269398393818886195e-01
2.050740265800021864e-03
6.111441523159562295e-02
1.906760428738488167e-01
-1.511475223995473460e-01
2.075822131878765908e-01
5.423210031268674847e-01
7.229462971968941831e-01
2.013015798284155944e-01
1.024334948105279364e-01
-3.188811732567115587e-01
7.742757323320759166e-01
-7.138701646561104730e-02
4.181638371831413598e-02
-3.205562364566853506e-01
-1.280269376487573087e-02
5.487168431907462063e-01
7.250753412350621208e-01
1.095227916805584650e-01
-1.171217285151995718e-01
4.954940064221808882e-01
6.240174091526606848e-02
-2.566699512275514086e-02
-2.745501460147911077e-01
-8.551425040609892392e-01
3.096792762740905314e-01
-3.183359903085435372e-01
6.374788237922617007e-02
5.743281672429857015e-02
2.892050642153227713e-01
-2.293171356356955501e-02
-7.333285783802998004e-02
-9.863321744145348013e-02
2.375858498064971069e-01
2.279497987407355930e-01
-5.725800181123588128e-01
2.688788401228188185e-01
3.476895919065789986e-01
1.332516455485740769e-01
1.054868926448776084e-01
-1.016282749558019699e-01
3.834058504411176627e-02
-1.386141077399559995e-01
1.534841860740359665e-01
-1.066043567765366101e-01
2.465206879287754338e-01
-9.941286745582404716e-02
-5.469769397624545809e-02
-6.713066375897527860e-02
3.042605103358166432e-02
8.318379587069864023e-01
2.801796231648777113e-01
-7.457237023623655148e-01
3.689804791451906096e-01
3.192177429524291621e-01
-2.699992498793044593e-01
7.664979749689911082e-02
6.906053428759956203e-01
5.014482928264876183e-01
-4.817018348953391316e-01
-3.685342040212139514e-01
1.780031641709322598e-01
-2.558150654551637482e-01
-4.533495930356056247e-01
-5.281467014990803843e-01
-8.711668038724930396e-02
2.314052299701842841e-01
2.171716609683191357e-01
-5.047313807005077146e-02
2.982474124698754614e-01
4.801618434242231614e-02
-3.573471764962175556e-01
-3.156494393972685275e-01
-4.930424779592865181e-01
-2.706179969394150731e-01
-1.209831921041462227e-01
-1.711702157966578375e-01
-2.502242405984370088e-01
-8.794389631749825525e-04
-9.124465712457602296e-02
-1.451059542839459593e-01
9.013879079697247054e-02
2.252343471290200669e-02
2.407746305568357059e-01
1.342013119950484779e-01
9.571365368347592439e-02
1.697630356420067044e-01
-4.662162339827821689e-02
5.672914821373663263e-02
1.262518298737889122e-01
-2.408255269833577961e-01
-1.339715895318383809e-01
1.449702045886058221e-01
-3.158446490597459633e-01
-1.875879665905369476e-02
-8.864608269618240444e-02
6.909858870105939355e-02
-7.115643826941895345e-01
-2.820024181493954174e-01
1.205907436062696736e-01
2.296384508276275715e-01
2.828638725696973610e-01
4.371006505335160996e-01
4.412715117058689240e-01
3.900316333209813413e-01
-5.886202121431710621e-02
-5.276370742593742280e-01
-1.430607643091131032e-01
2.014442764825571386e-01
4.508762892661085514e-02
1.334170131296623207e+00
7.415295416929317263e-01
-5.719186868552078584e-01
1.333235203986435025e+00
2.233633283375615619e-01
9.917103906847730965e-02
1.432980963455207923e-01
1.341579931248093827e+00
2.604226341711953219e-01
-3.530832978266496558e-01
-4.467348934526526039e-01
4.555965497938075370e-01
3.305859213583360323e-01
-2.646489293686232203e-01
-5.407759107197611659e-01
1.623436740425521774e-01
-3.675723989613475240e-01
2.178439962177951550e-01
-1.533676147418193587e-02
1.365836080064954938e-01
2.934258312186167617e-01
4.769381171655410201e-01
-3.154305054531916785e-01
7.273876520406858948e-01
2.623011466816075124e-02
-1.040916482544650551e-01
4.337804802377333568e-01
6.834178691707092357e-01
3.282390385782253950e-01
-2.466973671643619415e-01
9.611404994620427467e-02
2.434796554614535036e-01
-3.605356283450044524e-02
-1.882016880508899370e-01
-7.068048039503712632e-01
2.189140503834340057e-01
4.750669631366025714e-01
4.182080943134469653e-01
-2.213676957519208066e-01
3.350684316964830378e-01
-3.346478184148378721e-01
1.971965424295478719e-01
-9.583648014283860372e-02
-1.556776955700936715e-01
-7.482969664113021946e-02
7.536308004814490369e-02
7.085839218868164036e-01
-2.408846568739161920e-01
2.608711323653521430e-01
-1.260528098319593261e-02
4.547344021070438141e-02
1.043554537084306344e-01
-1.090869391588002307e-01
2.005658222434802962e-01
-1.200393612958286643e-01
-2.593468100925544473e-01
-2.986633364487324971e-01
-2.291486230540191738e-01
2.870645113516738789e-01
3.597562804763188016e-01
4.473628473714691411e-01
2.948956682055373646e-01
-4.761193056118025457e-01
9.365656975251272776e-02
8.574013037659010683e-01
-4.165637902160897015e-03
1.093198393121528611e-01
2.871699403240248194e-01
-2.263870376124545725e-01
2.850440407302003501e-02
-8.724372079232497468e-01
2.816829872090528472e-02
-7.546494740463553265e-03
-1.096935195615018621e-01
1.390334640849477943e-01
1.885108997570603406e-01
-2.493728282118431450e-01
2.115998595537324500e-01
8.234525600760088382e-02
2.963047041497741674e-01
-1.984310613991143724e-01
-5.215079851960427448e-02
2.000885432835443900e-01
-2.117277870095869152e-01
-2.560173487005757559e-03
1.409881332293107525e-01
-3.069868999151639799e-01
5.102472902554405776e-02
-3.034715817725515685e-01
2.820696387602629751e-01
4.553464107284749957e-02
6.275622830214053205e-02
2.165167826809269447e-01
4.403181418069253977e-02
7.691858171569903035e-01
2.215507446392120106e-01
3.739959788647484462e-02
4.390438318445867849e-01
-2.913466558458956829e-02
7.992351079597603825e-02
-7.082976642850953297e-01
-1.843396501339915894e-01
-1.152012486711511824e-01
-3.945181194626788956e-01
-8.163487079257293333e-01
3.493039928227254509e-01
4.432091156898173567e-01
-4.948387713078115091e-01
-5.523139896645135050e-01
2.497680863071348734e-01
1.186645684646522592e-01
2.146108123095812614e-01
-4.095183713891418775e-01
4.869658088185933598e-01
1.667174664952195129e-01
2.474321453406243820e-01
1.565043395145211957e-01
3.542137960074990266e-01
1.995650987472535609e-01
-2.815676791298977744e-01
-7.044198029963196772e-01
-3.985417556192725752e-01
1.404695711952344273e-01
-5.959949311299234109e-01
-6.490037994137523580e-02
-3.069905582281861611e-01
-1.278281359017714447e-01
-3.319201962402812400e-01
6.159003067629622435e-02
2.657445879182442350e-01
2.825757666998265916e-01
1.256719957460071535e-02
6.942588949505826279e-02
3.097322104339501059e-01
2.181986529104854855e-01
2.006863498767489859e-02
-7.951881198987169330e-02
-1.283346313206457923e-01
6.533551173392428135e-02
1.454810502632417624e-01
3.037503131731914552e-01
-2.239798593044394284e-02
-9.195076310974835687e-01
3.302949785925075044e-01
1.595780094959179107e-01
-4.922558007630425392e-01
-1.409024889252134538e-01
-2.013869639176209814e-01
4.959647627694888650e-01
4.285611691914898436e-01
-4.084628697552739052e-01
5.205925413002157782e-03
3.086526014505235893e-01
-6.968980289420002860e-02
8.607813269744266638e-01
2.425397791993505470e-02
3.790107969793416604e-02
-1.142479432006533041e-01
-1.854689099416182915e-02
5.555202069245356034e-02
-3.797322511472418088e-02
-3.842829444230385083e-01
-1.556571982997955739e-01
2.527837957802462343e-01
3.776350331448426363e-03
-2.914125890230691990e-02
6.357318501931842336e-01
-3.156890003279340662e-01
-8.131753329025605270e-02
2.185302698738716687e-01
-1.553170066588358822e-01
1.365958469382952227e-02
-2.443481032343047255e-01
-5.037517981507652065e-01
-2.894755905861314677e-02
-2.302033389589783485e-01
-7.255594754287489345e-02
-2.456115200398097387e-01
6.251037578869946820e-01
1.555153341540523315e-01
2.908913829050280286e-01
2.092097326205722696e-01
1.727060748439478433e-01
-5.930862084900687808e-02
2.678742905100088903e-02
2.370183815397811367e-01
-3.273845644418976741e-02
-1.024170064516684159e-01
4.823007566303323668e-02
1.495070081740611512e-01
-1.685304542737682543e-01
1.316294732904874643e-01
3.128240709683149934e-02
-1.554236977939174313e-01
-1.397379748906025787e-01
6.780065714387722986e-02
1.454600446805822123e-01
4.552550823237477284e-01
-1.628932967356869210e-01
1.880406332333835542e-02
-1.514746995617249015e+00
2.853395190310600849e-01
-1.368566339868794793e-02
3.111657630140074460e-01
1.549117033218390671e-01
-4.279122727955359529e-01
8.305210829686924257e-01
8.300800870611064752e-01
2.763936531241861783e-01
-4.465888932459334826e-01
3.473746935154409243e-01
1.252925834313231013e-01
5.264402615898274851e-01
4.537987794996860003e-01
-4.632769704270868205e-01
2.587042813501818084e-01
-5.427331272703513898e-01
-2.590426961654443416e-01
7.923032988573648627e-02
1.455520629942053668e-01
-1.891098916353634862e-01
-6.994206220779163388e-03
2.210843905784652952e-01
-1.682348330919933577e-01
1.480607699235398644e-01
-1.827496238056178224e-01
-3.721960365724765185e-01
1.799872207579381045e-01
2.403181698145353262e-01
-2.187089682019258130e-01
-2.519304076308220286e-01
2.125512365586060548e-01
-1.067112890574253153e-01
6.247877519920894823e-02
1.148996272052947160e-01
-1.196528150071032165e-01
-5.554101412652227010e-01
-3.356465476046833762e-01
3.718478784004493609e-01
-4.976598499875047321e-01
2.110337839274998017e-01
-1.699233217961564346e-01
-2.295688157622151337e-01
-3.024925847297254763e-02
-1.680194149841681694e-01
1.086901226493105360e-01
-9.975501444577475341e-02
2.052110446940632604e-01
9.411219418059052488e-02
-4.904943700145147911e-01
7.505582383370594177e-03
-2.317160645726972779e-01
-2.347477098138347762e-01
-1.735351246913419132e-01
2.417642173732362509e-01
-1.493922526437599374e-02
-1.594372705970258097e-01
-3.053669500174200913e-01
-5.392129211651877640e-02
3.966033459188977872e-02
-2.766236482508163674e-01
-1.748385764842224355e-01
-3.768558930336258217e-01
-3.184653720126692095e-02
2.139652390608468291e-01
1.273200687215326754e-01
1.323715386450265152e-01
-1.798206989058356298e-01
7.680639977949856034e-02
9.231014683955338085e-02
1.903530245558276157e-01
-4.574256805173458340e-01
2.768662887551602836e-01
-1.003577636184719152e-01
-2.194878045514463694e-01
-2.590217895586145458e-01
1.228361958380116414e-01
-4.032696017919213949e-01
1.195829452661760217e-01
-5.812547609396587767e-01
8.933990719082834930e-02
-1.736718585214787891e-01
-3.451741222464387304e-01
4.335770998241431085e-01
-9.605358420518977924e-02
7.266006433641239437e-02
-1.910265435055981398e-01
5.300705247351898686e-02
-2.746999569621926263e-01
-1.917905592174230789e-01
5.559552171152078170e-02
-4.416031121223314426e-01
1.627204321356034433e-01
-5.197464244698978275e-01
1.038450449536932607e-01
4.505887331081908642e-01
1.747651617691106107e+00
-2.678578110213266639e-01
-7.729927327810913740e-01
1.842831387279079136e-01
-1.158144201147821434e-01
-3.193445113036095240e-01
3.804274662084289882e-01
4.014893573154294515e-01
-7.166780450080964537e-02
1.707482283598832640e-01
-8.711109415741541406e-01
-5.935715133827607765e-02
8.237910582323100250e-01
-3.764314430509078935e-02
6.643771540187285440e-01
-1.074225721055941607e+00
-1.781759970418307359e-01
-6.062216035970086070e-01
6.907677910810625654e-01
1.044749372451808211e+00
8.091698290542954641e-01
-3.393148699387230072e-01
-3.444502899824353898e-02
9.120795193057829042e-02
3.292375446298302366e-01
-6.040000709445352278e-01
-9.479314614549305684e-02
2.314531107065980475e-01
-6.273746565210480686e-01
3.382576016053894241e-01
-5.097616043200348113e-01
-7.487520095118037622e-01
8.230660273834045082e-01
-3.420499002960233903e-01
-2.167034198826043589e-01
-2.095044474104560683e-01
-4.887934377618676773e-01
-2.112064220282773574e-01
4.830229045373652386e-01
2.472545776839935039e-01
-6.367190356513828808e-01
4.373930032720765859e-01
-1.976204775517678980e-01
2.802035515020668832e-01
-1.340261516410070353e-01
3.856379870111243946e-01
-7.228759388951631892e-02
-2.237794214493583622e-01
-1.148169786871714310e-01
1.662042229326086695e-01
1.270600706241635791e-01
3.373343719476017410e-01
-6.039129678633096132e-01
4.920428493422279725e-01
-5.179385302537274915e-01
3.051886551308102824e-01
2.026915164113037848e-01
-6.636264684261045099e-02
5.607497983263548536e-02
-6.317688145386607390e-01
4.537447241611077819e-01
-6.474353591009084363e-01
1.044879001732553214e-01
2.563646060467405507e-01
8.724604292909188263e-01
-9.191925822436709526e-01
8.405644044310480734e-01
8.112331367361740320e-01
-5.670199974049601188e-01
1.109846452285344176e+00
-5.181016495634946928e-01
-2.374377773832436200e-01
8.894829441163917272e-01
-7.679824886915741500e-01
6.789934434371005523e-01
-3.164654426167353152e-01
-8.146269244938868503e-01
-5.688470162050406342e-01
-7.138775300087707443e-02
6.284324891100171451e-01
5.010436118996518529e-01
-2.903158341574513801e-01
-4.957145600174076572e-01
2.718011305202059358e-01
-2.998960023275055731e-01
2.214890842376699975e-01
-1.318852747403902181e-01
5.138577529710722236e-02
-4.317134251275976387e-01
5.249571268730143236e-01
4.162597080621018852e-01
-2.802129609858334258e-01
-8.548757529551205547e-02
1.202457847216262948e-01
2.594390801911874433e-01
-4.099771208958634672e-01
-8.482274867101019522e-02
-9.892643594202887858e-02
1.057262497975855198e-01
3.649492446601699247e-01
-6.200351246970463581e-01
2.079979217766508570e-01
1.222915160476278039e-02
-1.386545880137445286e-01
-2.186729046496401485e-01
3.267735584398641646e-01
5.307751743638082498e-02
3.328977136428527134e-02
1.985162979203445310e-01
-4.459757190272318761e-01
-8.139033180711920112e-02
-1.264698061072417890e-01
-2.062147439366349422e-01
3.843276439551437940e-01
9.332313766901216556e-02
6.793170026462267419e-01
3.395271208553495290e-01
8.651556619484233879e-02
-1.355282541914461236e-01
-1.812087718220169175e-01
-5.476238281132092545e-02
-2.893425475933634194e-01
-2.258362696315831530e-01
2.972310775418192733e-02
5.087529608987418905e-01
1.272257361316814772e-01
3.339285856100764893e-01
-3.099849889476717357e-01
-1.676612971758754400e-01
-3.129329735546012570e-01
-4.139930323562007741e-01
-3.013422597922438273e-01
-9.707145874284088538e-02
-8.968186881153696055e-02
1.241576775594211979e-01
1.219937746151228825e-01
-1.119108150420979886e-01
1.609964500152316069e-01
-1.634850921043960693e-03
3.469322643888831936e-01
-4.674001130616273758e-01
1.339490095509160428e-01
1.018087424245847639e-01
-7.358264228337191293e-01
-1.781713565057159721e-01
2.361629105679850515e-01
-1.218632742548347164e-01
2.034355699420805075e-01
7.234522608873585892e-01
-4.952923242867240394e-01
-4.710186397173186656e-01
2.484931994644735687e-01
-7.254370273218543330e-01
4.494088850177369726e-02
9.428686195673892378e-02
5.322432707151841802e-01
-7.352123746129247961e-02
-2.442647812149500164e-01
-1.707068110741748745e-01
-5.403247155102988142e-01
-3.917299932034861570e-02
-9.948338872120518483e-02
2.076278327263958792e-02
-2.997662208190570721e-01
2.825990687549733149e-01
2.470787732184019925e-01
4.767245803982025354e-01
-4.609919077010831562e-02
1.751888100497522027e-01
-7.323780952634363628e-02
-2.587243132919211930e-01
-1.853234396997336386e-01
2.999809255958315601e-01
-2.512745630007625491e-02
3.601833512967419354e-02
-6.950334872124076802e-02
-2.465896667157823907e-01
-3.316179398628631980e-01
-1.823730049160662836e-02
-8.709318697957517397e-02
3.027405854860367174e-01
6.759432154984666707e-02
1.786382911629235126e-01
-1.546801617739556600e-01
-2.174133185195279983e-01
-1.158269515886033996e-01
-3.763329924280454097e-01
-1.666861002132349334e-01
8.938451140951163276e-02
9.779298572595636341e-02
2.423993072530477855e-01
3.099099053167595277e-02
-3.505729717117253563e-01
4.544930765915816684e-02
-7.187843481305912496e-02
1.057436564980647475e-01
2.589830021748858457e-01
-2.817622905751265283e-01
-1.809487789826412507e-01
4.111088503017112372e-01
-9.851699893380051476e-01
1.931182445641848600e-01
5.850810390127069160e-01
5.464256009236159728e-02
-1.021862996207708457e-01
9.365122866545348701e-02
9.447933651767718988e-02
-2.488959893319890315e-01
-1.949945673254471420e-02
-1.024532082092574625e-01
-9.920174493593035547e-02
2.194604939014376532e-01
-3.532595319507283449e-01
-3.305972653116378002e-01
-3.423212294087378815e-01
-5.038846372644205651e-01
3.478183220773237161e-01
1.296716209859486990e-01
1.227889386652480652e-01
-6.605975777387451675e-01
2.152448191639086128e-01
-1.297551038930052081e-01
1.093016758672786526e-01
8.324967078185653221e-03
-1.467165517770031673e-02
-8.325380332600969269e-02
7.226198926757390617e-02
4.147151617604941110e-01
-2.882425045688437604e-01
5.463671328521304410e-02
-4.957362769250603374e-01
3.507006106901116582e-01
5.245729680682937879e-01
-2.260271975764422125e-01
4.928886752251490644e-01
1.436599804567681611e-02
1.546234166112573638e-01
1.290507140647631779e-01
-1.345986964822643295e-01
-7.286262272132598694e-02
2.621408153079247683e-01
-4.937079747779550276e-01
1.729461965674993981e-02
1.992272629517218008e-01
-2.492664943420869195e-01
-8.706982236288791921e-02
-3.060994505147895950e-01
-2.427137873673823609e-02
-2.959128512985517712e-01
1.229127414488263327e-02
1.075995228498890649e-01
-1.727500018051746355e-01
-1.594688337867817829e-01
-3.094126441232242231e-01
-1.466182555202451832e-01
-1.168662797837014683e-01
3.562412739507371251e-01
5.773329230741163220e-01
1.856716806310028389e-01
4.970195128360162945e-02
-4.825855862341119074e-01
3.863436545442749948e-01
1.543529413237210435e-01
-2.238692578653639353e-01
-3.069166682400346069e-01
1.546868863086483387e-02
-5.103342135466798490e-01
1.504811466231899819e-01
2.224898201900661066e-01
-3.915362789685515321e-01
2.942156743130973640e-01
3.867811376011736635e-01
-4.179603476413818464e-01
-9.142654070190463222e-02
-6.025291138084292175e-01
6.493645279478210686e-01
2.472057849110531058e-01
4.642058528033889409e-01
-5.055331287006871177e-01
-2.313683531887582301e-01
-1.763549632156672931e-01
4.044664120767078874e-02
1.566558162989264147e-01
6.472734939987043190e-02
-1.686566696280585864e-01
1.167235218551891662e-01
-6.286965432037582291e-01
-2.867129469405195752e-01
7.670416785101974964e-03
-5.008517152741236433e-01
4.831002748382974832e-01
4.056892136450138686e-01
-1.777186074120440107e-01
-1.955644939913314673e-01
2.341309648888713901e-01
-1.390043789640680594e-01
7.233290545114224868e-01
5.394401772593109268e-01
-2.968202830220835198e-01
-6.442344407176095467e-02
4.983325920098442552e-01
-1.447910557651340691e-01
-3.850014427633090958e-03
-2.241020913633232688e-03
3.754970267803893202e-01
-2.589517892902297724e-01
2.220583724749825294e-01
-1.723136229923607002e-02
-2.627169097321399235e-02
5.616807471017937203e-02
-9.254515711436121436e-03
1.371887542771000890e-01
-4.971179121853846333e-02
-4.054263790501388409e-01
3.129658231587990613e-01
-2.667948079812396123e-01
3.911609115881443666e-01
1.740108068217722237e-01
-4.697713174411272119e-02
-8.565791649845645728e-02
-3.174925707835019040e-01
-7.781687556593844257e-02
-3.103708242810633844e-01
2.021143029790007577e-04
6.604477328551210391e-01
-1.226287112814004876e-02
3.560995716194993443e-01
-1.623931151087615044e-01
-4.537591541670608075e-01
5.399922838927493363e-01
-2.200220050690347706e-01
-2.322399859743247974e-01
-3.401840082013538602e-01
-3.776854708511334646e-01
-1.163127402675731836e-01
-3.470836662179412890e-01
-1.772412335524403415e-01
2.863528157522448603e-01
4.173433630911044800e-01
-4.495684854440553657e-01
-9.352716768842778139e-01
-2.492110542460987677e-01
-4.730990953517389963e-01
-5.377692346463227580e-01
-8.313468020916767731e-01
2.072323421804874999e-01
8.415267676800543273e-02
4.282079489862122834e-02
-3.018255190340697891e-01
-2.295221542505530010e-01
-5.893968455439738685e-01
-1.306114966391201115e-01
1.476118611139181670e-02
-1.821350152931033861e-02
-9.287322907479471645e-01
8.306099138416724037e-02
-2.195443208640454058e-01
-4.223983342786818418e-01
2.405809143985591370e-01
3.749371261088427776e-01
-5.668295520459679104e-03
8.390244449652303760e-02
-1.349213781200153117e-01
1.703508763672851867e-01
2.716942432910567917e-01
-4.240387933797546971e-01
-4.872945507029132622e-02
-5.289429041747722993e-02
1.173299000132244363e-01
-1.639382174703592210e-01
5.099048147668171493e-01
-7.999045594422331262e-02
1.260000373040650982e-02
2.498344612166354672e-02
3.033770924064758678e-01
-3.643056510981720342e-01
7.736721078088101833e-02
3.198749584476769936e-01
-2.395108763868997459e-01
4.154412647799212155e-01
3.313040642567890992e-01
-5.828975562817886313e-01
-6.323186174184962371e-02
-1.500267845206816053e-01
3.250963269271715528e-01
-1.327833779604864206e-01
-5.561791394379091147e-02
6.632107920022797809e-02
1.818560372945063619e-01
8.352788959862146589e-02
1.275666776330835195e-01
-1.235873885975613401e-01
4.158209211718834064e-01
-2.455978241211181634e-01
3.030845277330421542e-02
2.697227396276851707e-01
4.557704232086614432e-02
1.400227748965952868e-02
-2.613364802964338041e-01
4.711381315289349114e-01
6.818613365356188116e-02
2.007879086636638333e-01
-2.883577431970267835e-01
-4.161255795759553622e-01
-2.575956950403021639e-01
-2.845017399099186717e-01
-3.252392206768385252e-01
-1.253030794080935706e-01
-7.198584339781158997e-03
-1.245203840278747698e-01
7.620163961576133238e-02
2.088649979457067318e-01
2.916814552044615372e-01
1.234797437453516167e-01
6.508141354583922567e-02
-3.148807590268290491e-01
-4.778429429922353977e-02
1.957300363204362015e-01
9.002981315670782747e-02
-8.167182075689696785e-02
-5.371394265980525967e-02
4.552072818112377212e-02
-1.902429746107203723e-01
-3.979099043378281908e-01
-3.157832700909526391e-01
-1.992684327086160223e-01
-2.746344320099783354e-01
1.346569966096451409e-01
-1.574209838163837250e-01
-1.188545116976609944e-01
-3.864613780464880577e-01
8.472897912095583850e-02
-1.892223744681468534e-01
1.876294170389190274e-01
4.988834878217618951e-01
4.360780287131914290e-02
3.060714217849319074e-01
-3.720820403549712774e-01
-4.198509433688786714e-03
-3.125714421342952742e-01
-1.277903516634008863e-01
2.380365038553878543e-01
1.528562096842339159e-02
6.680279742013068844e-01
2.388613739375598233e-01
1.863080986628298796e-01
-1.742283321215050695e-01
-3.208989119483902641e-01
1.238200259978875645e-01
-3.124639306562223759e-02
1.905864076422915665e-01
2.810454433944127861e-01
-7.060654542233409103e-02
-2.690474168639106836e-02
3.275359238120894023e-01
-2.929761339959791044e-01
9.089052215714092664e-02
6.916290710010992993e-02
-1.495740043132903416e-02
-3.081243561118418572e-02
-1.128286683710863492e-01
2.837082086250200530e-01
1.236297748302457866e-01
-6.853570593534250577e-01
1.466850404624832349e-01
-1.757577868370646113e-01
4.767614949330489793e-01
3.281569582367667159e-01
-1.225049544705755222e-01
5.034180404562196287e-01
-1.663562658819359719e-01
-1.579954989807369203e-01
-3.531176070794147526e-01
-1.483607736610861594e-01
1.249284377464463386e-01
-3.552223788318609882e-02
6.309039304836501216e-01
-2.702013865486509181e-02
1.162918441991937918e-01
2.247108721630726724e-01
7.877959462611272556e-03
1.173447587216718130e-01
3.121547518770521612e-01
-1.723682453142485679e-02
2.091400570644766921e-01
-2.873701391415918807e-02
-1.348272795716037309e-01
2.014995903045759262e-01
1.674921079200693830e-01
-2.607988632832008644e-02
1.944689784007354316e-01
9.218755654623629961e-03
-9.063165437376270728e-02
3.348357932663794112e-01
8.010864988161423700e-03
2.174880379580255985e-01
-1.573857950676304518e-01
-6.505861889765094386e-01
1.609027416719129022e-01
1.893077828094267556e-01
6.491746638411222126e-02
7.938390953585611198e-02
-6.233214477769392220e-02
-1.418327055298599371e-01
4.363924120346435176e-01
-1.365379864457630099e-01
1.948430283933330065e-01
2.651150114057943541e-01
1.347034156337455213e-01
-8.936183172548749221e-02
2.076854240491614600e-01
-2.053651896328693716e-01
-4.589903018959944903e-01
-9.507042641619020684e-02
1.637326480680084406e-01
-2.539981692380856582e-01
1.737580150406807800e-01
-3.835657460810207309e-01
3.389587829186606616e-01
2.320319710333643703e-01
-1.080506365364101301e-01
9.070530410994129822e-01
1.796830162558372690e-01
-9.343521983179884360e-01
-3.661526431770052437e-01
1.100606117254538385e-01
-1.168472726073558482e-01
1.559061742362268521e-01
4.398235180648029513e-02
-1.057485381790120305e-01
7.961526934902675434e-02
-2.604220399212631154e-01
-3.146024028074042578e-01
3.906495790610226004e-01
-3.003886244314901699e-01
3.842343254598992730e-01
5.415101715545304062e-01
-1.060985287009757611e-01
1.031565302603713180e-01
-1.999843398512703152e-01
1.878099838007684860e-02
-6.095636294007585748e-02
-2.678338332461499549e-01
8.037071520120889767e-01
-8.253537507907351967e-02
2.839117068780449768e-02
3.601914453490184104e-02
8.697936286816516926e-02
-4.566072566758195075e-03
-1.115452673337769540e-01
-2.584751226665168988e-01
2.550681158028467732e-01
1.667211751694250982e-02
1.324596770601386975e-01
-5.702494268729365462e-02
-4.105022464922317149e-01
5.047902792293776919e-01
5.979068818386316098e-01
-1.897720800071785729e-01
2.121939124943370003e-01
4.523157694630435266e-01
1.903558458157524613e-01
-1.948485555480427567e-01
-7.955333695479741563e-01
8.364316339356600571e-02
-1.615776591381854754e-01
2.235447011953254903e-01
-3.210164282135679614e-01
1.440495552145771296e-01
1.663837159690674250e-01
8.425789509797429466e-02
1.206560198780652349e-01
-1.467630818463434572e-01
-6.069792406177924177e-02
3.750420947489058188e-01
-3.159535742665925961e-01
3.434040802364389799e-01
-5.109001569088965633e-01
4.435144052812655113e-01
-8.716755104260395792e-02
-1.375428848782101754e-01
4.087603148746705162e-01
-1.825683272266162005e-01
-6.540513055590765346e-01
3.005868789965213117e-01
3.709060934657466002e-01
-3.756374702551439348e-01
3.570262026339260375e-01
2.985951872294000387e-01
2.393321290067494111e-01
-3.933292694355136621e-02
-4.633955350233705250e-03
-3.466300931089599247e-01
2.377021957550301545e-01
-7.334451466542334375e-01
1.901940889159906556e-01
4.649051036002068149e-01
-6.109963599971922621e-01
2.857805183881806377e-01
-3.783292584902413491e-01
-1.420737436611192173e-01
1.324470652123388159e-01
-3.529931682443367968e-01
1.647530178573896886e-01
3.887507073054402018e-01
-6.019798390056464027e-02
2.982632133626332213e-02
5.356127407073105751e-01
-7.413311621547985508e-02
-1.159103083467469611e-02
5.507628226316164943e-02
4.103392609928436241e-01
-3.456758484306770574e-01
3.720127359419103108e-01
-2.097374310929052132e-01
-4.203496921668828934e-01
1.820181317722581460e-01
4.521823648504780246e-02
-2.383012889406703472e-01
1.626497518326415759e-01
-2.879033580229654055e-01
4.825417802338028417e-01
-4.610043198553775978e-02
6.631267855815206613e-02
2.421599188957999083e-01
-1.337664114529684908e-02
-7.882082756228568632e-02
1.188971706967632685e-01
4.679236529701779612e-01
1.387016817890287801e-01
-4.099339833376332010e-01
-6.078410612725676510e-02
-1.403264072865585410e-01
3.139227261307062089e-01
4.467548998840315672e-02
3.769169838899197877e-01
4.178493313967941991e-01
-6.826271432085170288e-01
3.022140602074515070e-01
-4.509445868907192012e-01
2.858851887640969647e-01
-3.928689456610843372e-02
9.191996612054184612e-02
2.309914574157799771e-01
4.540320773143565747e-01
-1.366538056090598752e-01
5.294079409177182560e-01
4.574244505580971065e-02
-1.890968463809692413e-01
1.307764080407260721e-01
6.795953614728579284e-01
1.219652957609527189e-01
-2.833330090995923520e-02
1.837087546934303983e-01
2.116076875669403376e-02
-8.855384550277933808e-02
-1.430911675337547262e-01
2.369184775777845309e-02
1.038296054479858066e-01
3.151305348768193015e-01
-1.935356700443931210e-01
-3.438710180370785907e-01
4.160896801249167609e-01
3.773928696184823961e-01
4.692599171202846420e-02
2.263463838610983159e-01
-7.676403594408172382e-02
-1.702396318478966997e-01
-2.475522007624987586e-01
-2.384241433774395014e-01
-3.257636766237543835e-01
1.746944528089141857e-01
2.911177492328030914e-01
-5.253930247341950244e-01
-1.636433952329739150e-01
3.179898972098262888e-01
-3.821820156290690051e-01
3.589359634715162395e-01
-1.993029837939383764e-01
1.424042924787647657e-01
-2.097614974577811583e-02
-3.379129966381096972e-01
4.732317093545392039e-02
1.357789982162145581e-01
1.549281790735868199e-02
-1.748511311944924984e-01
3.215588019867884201e-02
-2.133483252392223972e-01
1.885490833629647478e-01
-2.584905371990467438e-01
2.934947302822960014e-01
-2.319085798933379350e-01
5.221470439878380665e-01
-8.536971431785848885e-02
6.215540212970246392e-01
-2.440393114562107724e-01
-2.372794885562440337e-01
1.178034837781938710e-01
2.826268013587788230e-01
3.125110299950120685e-01
-6.847113851957243869e-01
2.036883147865237720e-01
8.260524509787264824e-02
-1.110542122287211830e+00
-5.223180891607720477e-01
3.199404161287456305e-01
2.637357714072106063e-01
2.907902182845961137e-01
1.285669785960945610e-01
-3.781653038764395403e-01
-2.434990726993742083e-01
-4.936235794346499617e-02
5.348584760865510157e-01
1.596105583653993631e-01
-4.088245283308649114e-01
-1.488990685906749489e-01
2.299330048843138130e-01
-2.127612229009057943e-01
5.835933121293847281e-02
-5.580754989285719586e-02
-7.455302467242330700e-01
-3.588999377780976996e-01
-7.682305587550386505e-02
-5.615388063093167403e-01
-7.673472882948284557e-01
1.813923909364199560e-01
1.432605428071914988e-01
-2.853041192430965656e-01
-2.609958495321228894e-02
1.610359004946684824e-01
-1.491480003200882642e-01
-1.602177732573667468e-01
-3.963194847344880811e-02
-4.760380294474312463e-02
-1.412457799162404770e+00
6.146069715293470681e-01
-3.922269857735345977e-01
6.055798324271100680e-02
4.660866570635072842e-02
3.715416889404768996e-01
2.221595402230308880e-01
3.403090112600454242e-01
7.710869956047369800e-02
-4.097680816519737035e-01
1.127335438017285129e-03
-1.298893886753760551e-01
2.904792742769672989e-02
3.035956738283733247e-01
-8.862408880270429556e-02
1.581487362464530366e-01
1.600867530245275380e-02
-3.917467552160010247e-02
1.649307499889270112e-01
1.495613890823603576e-02
7.589980093645691817e-01
-1.728884855800597586e-01
-3.106684118513126092e-01
2.256986540311821110e-01
-1.100706829948668447e-01
-1.923279718888943612e-01
3.154655811031731871e-01
6.576711722305559338e-01
6.666048367495707172e-01
3.694560274100938124e-01
3.991980102528414065e-02
-6.572771492464762888e-01
-3.991362264360503453e-01
-6.163701346893533939e-02
-4.410452647635356715e-01
-1.569222260327226004e-01
2.670768646278952607e-01
-3.006984511574400942e-01
2.605086773940762032e-02
-4.835202329196376936e-01
-6.041046820695173541e-02
2.979895126983872489e-01
4.905656585103722322e-02
1.479579921693718880e-01
1.647265680056112236e-01
-3.992851258216509880e-01
3.014279225182195723e-02
-1.621230380723276965e-01
1.689330834751507915e-01
-2.325023016558510139e-02
4.026977075471223633e-01
-2.429987978806116486e-02
-3.720973501909255465e-02
1.369027706878692685e-01
-2.160890260855312661e-01
-4.333400468011537887e-01
4.920634202122849965e-01
-6.576027273752615976e-02
8.383695301874985462e-02
-1.718100707137785177e-01
4.495327108058223137e-02
4.688059771211776638e-01
-2.012093517294702705e-01
2.244527949748062468e-01
-5.026885160572835964e-01
-8.173671526488087702e-01
5.844489129121221982e-02
1.501903294787505228e-01
-2.547376698792738411e-02
-7.949283155229076858e-02
7.240787922675942512e-02
-1.066093702607874005e-01
-2.574759244050969786e-01
5.717615105954257371e-02
1.139318084578582468e-01
4.999766661311765004e-02
7.595643461313800193e-02
-3.787652338915149519e-01
1.949843525791217780e-01
2.380522692200133239e-01
2.466348925906358125e-01
1.975789287215160839e-01
1.528448757319276763e-01
-3.224567033651568604e-01
-3.705298458669430833e-02
3.203922119534703405e-01
-3.050292833291874395e-01
-7.540899258894026014e-01
-7.165269182823837957e-01
8.967380340026721852e-02
-4.374700890855212632e-01
1.748183001967680283e-01
7.623962811622739810e-01
1.027263966170444826e-01
4.154352307326694693e-01
1.241242296994736094e+00
-3.524041034252367033e-01
-9.952394957407093568e-01
-5.513026086529294600e-01
-7.105647054781262240e-01
-1.559098670883764526e-01
-5.659338843884583747e-01
9.968583789751480628e-01
-2.885999992400277714e-01
8.352149469196624709e-01
1.091411202113537593e+00
4.403597542264304221e-01
5.663678562950504869e-01
4.211491018648963469e-01
5.194551354695724488e-01
3.531181760170058470e-01
-2.103304911681733447e-01
-4.828711566448141146e-01
-1.410608270073338832e-01
1.226378386823082645e-01
-4.002261391476273911e-01
6.539016013746268285e-01
-1.930947934636042806e-01
-5.621427646669820144e-02
-5.780076638332562466e-02
-3.630386750936093199e-01
4.154377123578485431e-01
-2.590369168484096818e-01
2.690712455608559872e-01
-5.171619538416207806e-01
-6.100898345065011164e-01
1.248275568117460654e-01
-9.105374415139905198e-02
-3.563523004283746243e-01
-2.346901632031722085e-01
2.307640188062252129e-01
7.614073560996818812e-02
2.037080168677985192e-01
-1.053560250936922960e-01
-4.819542091406066042e-01
-3.244106814245219517e-01
-2.250419739532107943e-01
-1.697321092860982761e-01
1.208573447777587240e-01
2.874792880703043729e-01
8.751646024320496042e-02
-4.704793909505450844e-01
-2.126593023083070411e-01
-8.082844877236947112e-02
1.053799620102849888e-01
1.403237044183701029e-02
8.138720981420138195e-04
9.694552695392220920e-02
-1.022814762397038640e-01
-2.198533488511247511e-02
-3.197636092925238427e-01
2.814958723539130042e-02
5.282388091781222567e-02
-2.403336283307368204e-02
2.538483873215430231e-01
7.229127682032200630e-02
-2.926824098387930673e-01
-1.452769517700353563e-01
-2.325661106059478955e-02
-6.603794023257703039e-02
1.293933732884989529e-01
-2.999914022457340068e-01
2.386098580287657478e-01
2.167804968173468183e-01
7.409606183938412249e-02
2.031603906077633637e-01
-1.733661052132369762e-01
-1.547016668337026224e-01
-2.450413459239155489e-01
-1.151132880597091346e-01
-2.247823206054982703e-01
-5.523524569527232114e-02
-2.305053250587393854e-02
-2.316785828913887207e-02
-2.559643094545085637e-02
-6.602245801271435788e-01
-5.767708507602610501e-02
3.016845275707964458e-01
-6.026425466413446591e-02
5.534914779210680091e-01
-1.872532219281349830e-01
-1.408080757981998998e-01
-4.737777872314478111e-01
-4.387901868249672460e-02
-1.542653228356220818e-01
-5.879545476272632909e-01
-2.655845247877904047e-02
4.224911870654282087e-01
-4.447616151056149048e-01
-2.239179553558975633e-01
7.840940776951427216e-02
-4.850908430726754150e-01
2.622254028393110337e-02
9.708618950664282821e-02
1.315775913345480254e-02
-6.301992845779640362e-01
1.950000239641657140e-01
2.239867306724132590e-01
-7.634694685654795643e-02
-1.537440895794763285e-01
8.775070303026098750e-02
-6.760332499323068456e-02
-5.454325115010815184e-01
-3.963068728602083673e-02
-1.969523346404126671e-02
-1.356859430975466407e-01
-5.195679681730763777e-01
-2.263514617029487586e-01
-3.425566229033909921e-02
-3.565792358505185528e-02
2.216569174783906970e-01
1.245707408275309874e-01
2.757164201897740474e-01
-1.802986734526729196e-01
-5.960982969260612135e-02
1.820163992633119787e-01
-8.473609696539335934e-02
-2.077224108032383124e-02
-3.434081035998957088e-01
2.967989803376617775e-01
-1.536518188561475096e-01
-2.604580235131807170e-02
-2.120876076243832231e-01
3.447187020863873852e-01
4.437239626910028170e-03
6.538145982488441366e-02
2.345524064360856864e-01
4.968692102875282290e-01
3.212532846862099500e-01
4.434402685919891507e-01
-1.307595295402250342e-02
-3.493549133199687073e-01
-4.913063587185750175e-02
-2.041132477403680701e-01
-2.080500416053423368e-02
-4.186029757723464528e-01
1.151908815428924093e+00
6.864193021986543519e-02
1.983690859060073253e-01
3.689568787390317545e-02
1.719632161759276912e-01
1.032254168745138312e+00
-5.197976432978123063e-01
2.904431245911278658e-01
2.872449878705029061e-02
-3.087700109425404738e-01
4.884221602898192877e-02
6.760668119538606469e-01
2.536686923766316992e-01
-1.889330408704442688e-01
-1.664310615630325563e-01
1.451052598114037015e-02
-6.512760654957283624e-02
1.288988203577522140e-01
3.910222143752505736e-02
9.046180759827188167e-02
3.723826020496758676e-02
-1.747829209206294976e-01
3.105850372485587096e-02
-1.956819419310815711e-01
-1.122550831116320147e-02
-8.923207988796050261e-02
-4.279534301577563038e-02
-1.544113851386240410e-01
-9.146457242555237899e-02
-5.794582577725942985e-02
-4.754521314847224844e-01
2.932893334742824876e-01
-2.237887911917926798e-01
3.689650836307344361e-01
2.676074097000653157e-02
-4.420229618109294822e-01
-1.466666369920728852e-01
-3.566791306829081992e-02
3.413211240932716439e-01
3.608769038441084764e-01
3.625136874176256851e-01
-3.062940147155918114e-01
-5.130882641554807000e-01
1.321565703638735712e-01
2.455283639391211969e-01
-9.841755185327365207e-02
6.081363231408420944e-01
1.450416960906754371e-01
2.158113234239808498e-02
4.859628787166507258e-01
2.364144109542395608e-02
1.752756587014826506e-01
-3.020920921992911734e-01
-1.652292679115553997e-01
1.606648829032713832e-01
1.424064956693480155e-01
-2.529579892402259236e-02
-9.279964908555357606e-02
-1.997971845452517145e-02
-3.626067134504949441e-01
-5.215869590695904057e-01
3.296348897577603548e-02
-1.304535148716810256e-01
-4.965392104739399515e-02
-4.245621792766636760e-01
-1.661495939830581470e-01
1.418746298977039133e-01
3.266918981975626690e-01
-1.534925661129288577e-01
-3.838769256002041441e-01
-1.168501205509952373e-01
5.541790872178238292e-01
4.257037854784282427e-01
6.454982103481957667e-01
-8.557240081619522931e-02
-5.982410342233164258e-01
-5.156679120011071760e-01
2.116243122970061508e-01
-2.282876673136599865e-01
-2.638280461118993059e-01
8.638516106310379916e-01
-1.907627706390374600e-01
2.402305308328738231e-01
2.210089725160229168e-01
5.049410545952669471e-01
3.824532523320314237e-01
-4.841553000800005724e-01
-6.994075743510329290e-02
-2.603548601488416270e-01
-2.250639135499208354e-01
1.786288554377196691e-01
-1.710978435303287803e-01
1.693670451008374433e-01
1.921854306905692589e-01
7.621031002284486822e-02
1.290708370240594427e-01
1.501774974563002962e-01
-7.464297273023466628e-02
2.634907375473990454e-01
2.027047473752625062e-01
-7.381508499589743977e-01
1.932650275707129689e-02
-2.986774831234402239e-01
1.859901639026703135e-01
1.448357322635178662e-04
-7.795989138130557938e-01
-2.171558413902554552e-01
1.627341628980330523e-01
-1.622273081604623177e-02
2.595705723581276381e-01
-2.608052156883841621e-01
1.622899250033791041e-01
-8.374635169812504054e-02
-4.372048988743446052e-02
6.490545601330123260e-01
-6.444801604026159647e-02
5.588500710196848270e-02
1.055858852030516493e-01
-8.461475347524029939e-03
2.587867284416735525e-01
1.739182142274234844e-01
4.176650387865800118e-01
4.516269003869213261e-01
2.306043448148669406e-01
-1.723420123415190797e-01
-2.721909138359246971e-01
-2.880660259127610923e-01
2.748827986978143456e-01
2.885603688614198914e-01
1.655373249193622109e-01
3.014215776632839794e-01
-2.697362896878717151e-03
-5.883239843786463447e-02
8.268732853690244355e-02
8.365805598305683932e-02
1.768209958232738188e-01
1.991701857687561972e-01
-6.789982499972444484e-03
3.426544448943429355e-01
4.707906978053635338e-01
8.539582298528862470e-02
-6.417303905208840975e-01
-3.377612054232996819e-01
-3.175570741099851824e-01
2.370849771813579154e-03
-7.198679649113776981e-03
6.434147790670651235e-01
-1.275400423613673173e-01
3.920407425185958306e-01
6.110328874855553982e-01
-1.425010882168374349e-01
-2.214290747501413692e-01
-4.605174063347330926e-01
1.231362661597997649e-01
1.916478387161175412e-01
1.478045439109895720e-01
4.990367206302834813e-01
-1.212152377172269896e-01
-6.334363441049982967e-03
-5.713425148907645690e-02
2.093089902510827244e-02
7.742003575900177625e-02
-2.144521082320636762e-01
1.242046669508440337e-01
1.807942270092028070e-01
-9.784181625977385333e-02
-6.212970392102904471e-01
-2.063516422069834044e-01
-2.303211763265287926e-01
-1.721565398513985046e-01
-1.402894687049540887e-02
-3.614178841486047622e-01
9.648765851580895503e-02
-4.679600829841263493e-02
-5.774772645143323030e-02
1.232214174090066061e-01
2.004767277593600405e-01
5.617596522071936077e-02
1.227011689574731418e-01
4.008679236341604613e-01
-4.955111131432699545e-01
1.078277630811182025e-01
-5.411660967396797473e-01
-3.614585297126655106e-01
-5.044628299771843072e-02
-3.693613450040953566e-02
3.244580486120979268e-01
2.052214701066375213e-01
9.489496237769790010e-02
4.782738322909389495e-01
-1.774808055861287204e-01
-4.715757231609105787e-02
-2.321637719401954333e-02
3.814388384485233041e-02
-2.616368121324559592e-02
-1.585573944208995278e-01
-1.379221079530641991e-01
-3.596790483289070972e-02
2.328737855717608052e-02
2.869260427685248541e-02
2.181179307770773623e-01
-5.172611146510111002e-01
-1.970010507141766176e-01
-1.314453002361870224e-02
1.330089172081589527e-02
4.535643144913622388e-02
3.895422820177990575e-01
-7.056576518038748524e-02
5.389280860223144565e-02
-3.914822356236358908e-02
1.257812784787380178e-01
1.037442643394604014e+00
8.421141002571799206e-01
1.032769023336718606e+00
-4.559974093304566267e-01
-1.268225929674750896e+00
-4.988494630473587765e-01
-3.558439374785333786e-01
-1.000703929079968191e+00
-2.115662469983026650e+00
2.207740068465559258e+00
1.529030248675563808e+00
1.732104132846951083e-01
8.134867917728776376e-01
6.187102992984175875e-01
1.783949804641805859e+00
-2.101392301284882969e+00
3.518702481429452078e-01
-6.931156534849013395e-01
-1.142262145436859555e+00
1.453113293177720096e-02
