5.124524788617533799e-01
1.156289534410070097e+00
1.499445263375094761e+00
9.202813370811094851e-01
1.107931320341922071e-01
-1.341436239344095283e+00
7.730574140637348490e-01
-4.685756213481945820e-01
1.025255747534289608e+00
-5.365688536756042792e-03
1.181441411162018174e+00
-2.140128404979854682e-01
3.234900537198395765e-01
-9.171663798646972898e-01
1.406300694876824742e-01
-1.700112474446359601e+00
-2.337952125964469496e-01
6.521972433265534885e-01
2.804194332092651565e-01
1.894937620564765446e+00
5.702135257288577508e-01
6.876474082000121335e-01
1.609525141406189797e-01
5.083662919781103406e-01
2.787205444388569098e-01
1.468240383674556948e-01
6.357378142751980432e-01
-7.374127978706758180e-01
-4.389366481905426776e-01
-2.559290398876181705e+00
-5.634830119110327828e-01
5.572912540626147049e-01
1.219786167096920115e+00
3.299744831214764140e+00
1.373859023820416247e-01
1.969549103500274623e-01
2.507889410335745417e+00
-1.165134855339617914e+00
-3.568642857658528844e-01
6.167991552994743776e-01
-4.033342026739554775e-01
2.492495050341225760e-01
2.008132233427889712e+00
7.473492603450775373e-01
5.058678972568543264e-01
2.579761239364223857e-01
-2.084910873072489679e+00
1.066201333221046404e-01
2.451515757468049894e-01
2.285193899850209431e-01
7.221187438896364830e-01
-1.649594671139493762e-01
4.257232533347614090e-01
7.677089836207583451e-01
2.710368323583668970e-01
-5.330918055361696384e-01
-3.076122227288549116e-01
-3.495604754350012389e-01
8.228312751379932011e-02
2.002363123220622931e+00
-1.737628623445312548e-01
7.294132196396584389e-01
3.812165019356552609e-01
6.340389950719257373e-01
-9.875946586038585051e-02
-4.892813548744276431e-01
-3.994829504383594632e-01
2.377917326851257673e-01
3.171389103917666707e-01
-4.183999328069272772e-01
-2.121724722120930384e-01
-4.080161427508862682e-01
1.083938265644845744e+00
2.252355349619228786e+00
-7.314207443695928124e-01
-9.670598747983226717e-01
-5.542666141431812354e-01
2.337159234487456716e-01
2.452728333257001014e-01
1.366042141269120658e-01
-1.043104143347820534e-01
-1.016610282041513047e+00
2.230224224895663576e-01
-2.169179956546398169e-01
-2.459598194196082055e-01
1.354820976063583204e-01
-5.403501884317510329e-02
-1.299832359550210370e-01
3.046901905729191076e-02
-3.428473360895694516e-02
-3.591920541368364694e-01
-4.238497619426998542e-01
-2.526711745562020273e-01
5.006125418140656980e-02
-8.649798557292924517e-02
3.959749580504816069e-01
-1.989581958527210093e-01
4.818044683243212500e-02
6.469072982553415729e-02
-1.877391239428664316e-01
-1.491787110350521750e-01
-2.974271881582216115e-01
-1.265852751749860783e-01
-2.311290812200894329e-01
-2.424167216755710175e-01
1.500185037271228594e-01
-1.724996149211458774e-01
2.190426176358170052e-01
5.312357769554303805e-02
1.535895155293070857e+00
-2.800320345587682946e-01
-8.187743354599437140e-01
-2.684462479579473593e-01
-1.312436809298104246e+00
-6.341170996372468283e-01
-1.177725233615462413e-01
-1.616305751725035655e+00
8.920171539659583759e-01
1.280906500574503504e-01
-4.142598670385870818e-01
2.127666394242772319e-01
1.996354529008978751e-01
9.512446921851192005e-02
1.123581034705600501e-01
-3.105728349362485430e-03
-8.247621483178825541e-02
2.783089615902750169e-01
-2.498476394243950849e-01
2.879504445574181948e-01
2.483289941606408036e-01
3.320627240024589394e-02
2.847750635547564579e-01
-3.373942603407435736e-02
-1.990683503191393797e-02
9.571546220925531562e-03
-5.744657471692151546e-02
1.620723815561763703e-01
3.454087003482221863e-01
-2.326856404588634464e-01
-1.615613183041415546e-01
4.675534549995692402e-01
1.278637015687157097e-01
3.147552236763279665e-01
3.712935394251210552e-01
4.563010196757174008e-01
-5.945938953997723098e-02
2.108729431906145591e-01
1.235656788448159238e-01
-8.994267586644363877e-02
1.752108860756184383e-01
-7.245858479747304369e-03
3.338153625449402639e-01
-1.270180329954713749e-01
6.938103696717230484e-01
-3.112259204571596882e-01
-2.219123115313321459e-01
-4.906229684438547234e-01
-2.051611437254978187e-01
5.149975861601630706e-02
1.212746853931347957e-01
1.833690495578554625e-01
5.284974397608963592e-01
1.909393410589589335e-01
4.100016464751657930e-01
-8.088839313542125486e-01
5.983099235671332505e-02
-6.235727928109724427e-01
-1.008854471998901908e-01
4.209599487664096307e-01
3.806936871063945071e-01
2.582794740964489133e-01
-2.702687210459243650e-01
-5.439998834673419603e-01
6.353316257328305294e-01
-8.655613027297432982e-01
-1.124677710432806066e+00
-4.382657273262970388e-01
4.097756803699309502e-01
-4.877988639447025654e-02
-1.522688743321301275e-01
-3.288399053025722885e-01
-7.355512824616676493e-02
5.698417714976731219e-01
3.022007377377638471e-01
6.920289927455375301e-02
4.125182728398411186e-02
-1.347682148586167417e+00
-4.578982291811141137e-01
1.452233406488798728e-01
-6.254887553975733150e-01
7.503153613273570721e-02
-2.958790252151494160e-01
-2.213020890607443059e-01
8.201322226891372136e-02
-4.035633155682132323e-01
-2.573838762639955036e-01
-8.439979095820887567e-01
2.531649494018037294e-01
5.584601136228726018e-03
6.403861379032213530e-02
-9.744417959140287688e-02
-2.066870294491127968e-01
-1.585795720194009828e-01
-5.807543334605570484e-01
-2.057418497794092638e-01
-4.481688220722364162e-03
-3.117703953648879867e-01
1.863953566783857763e-01
-4.489974123620181778e-01
-4.553315042056302331e-01
7.557098062090232549e-02
1.320590677899553811e-01
-1.743825295283586707e-01
1.866952298974944580e-01
1.031186863398559639e-01
1.395085888712059297e-01
8.199013313583418394e-02
6.526470961017961925e-02
-2.630646040926337692e-01
8.183735410644327191e-02
-1.134819877136159783e-01
-3.036991966811681820e-01
2.544484620381652906e-01
2.399660246325432400e-01
9.712099527484539807e-02
2.277908458580649997e-01
-4.809944372186202299e-01
-1.334704778646895497e-02
-1.049560670740845719e-01
-9.003480778132298690e-02
-1.462586693105790148e-01
-2.182506373768124119e-01
-2.837061658241746276e-01
-5.493262460282551107e-02
2.312923084115994232e-01
-6.233103534653716693e-02
-1.559291604866398506e-01
1.182046771557196917e-02
-3.229880541691018125e-01
-3.928811740802584107e-01
-2.685602944316030638e-01
4.931002859223549417e-01
-3.137144255651241331e-01
2.187526489136577823e-01
-4.821542627899855216e-02
1.819989756615940368e-01
-3.480134267686461613e-01
-3.311599826872789996e-03
-3.249217925284691444e-01
2.811528916604695838e-01
3.589262139970675336e-02
9.801791462414358169e-02
3.138681786800695712e-03
-1.613361098405151697e-02
-8.763576634211611704e-02
2.643286391568944182e-01
1.556703932963659220e-01
-8.791500457615233910e-02
6.532277942721402553e-02
3.628537586144351401e-01
1.354467263611521533e-01
-1.076054990963022651e-02
-6.538445567313416751e-02
2.934743447104953828e-02
-3.568931096107360035e-01
-3.859692788783984918e-01
-4.427712340083102549e-01
-1.551773357224642824e-01
3.477085332943835039e-01
1.067275891526949377e-01
-1.266532465428192034e-01
3.306995301997527753e-03
1.170389270322352293e-01
2.509140354008970730e-01
-1.198402910425814816e-01
-1.679362672336269791e-01
-4.434017275978115458e-01
-2.866868880858663982e-01
2.883194660322159208e-01
-3.877906731888922098e-01
-5.850334560082373625e-02
2.721067867960475298e-02
-2.170679165764126672e-01
1.566242190670681655e-01
-5.764198357949826823e-01
1.503477341674290257e-01
-9.084627189079361176e-02
1.116154458463588378e-01
-1.024876659902929921e-01
-2.689441054260272024e-02
-3.758455762244077847e-01
1.496507782254520857e-01
-1.754537294449086682e-01
-9.605446289595770404e-02
5.127508873514945165e-02
9.503097137734385635e-02
3.809382508721521898e-02
-5.455027817758531516e-02
-2.928534939598135822e-01
-3.959917508105192385e-01
2.286200329170030299e-01
5.386194603853229346e-01
-6.081209837246485117e-01
3.772424270020071080e-01
-1.359501705098608015e-01
4.956161534594026585e-02
8.365661901738359607e-02
9.731390232940206886e-02
-4.464156947700642641e-01
4.632310873462353040e-01
1.930532929402015707e-01
1.333955169128825113e-01
-7.517659871833534679e-02
2.955359910592911254e-01
-2.256262397431834099e-01
4.072825754055352521e-01
5.287502886400619051e-01
-2.399612376545879611e-01
1.213082682179914412e-01
1.046048398034918336e-02
2.662887077702042471e-01
-3.407835121921659605e-01
-1.221195912060228511e-01
1.050732377805176920e+00
-4.649059017139811623e-01
-6.097193651991502650e-01
-4.501706806440967101e-01
1.332293971720814596e-01
-3.869533562194072407e-01
1.328551181484573240e-01
-2.149398504492494033e-01
-8.854913953216075884e-02
1.075072978901137205e-01
-7.257519225381922623e-02
-3.060502856776691795e-03
8.517359819017612799e-03
-2.813298287647769680e-01
7.914634947269465204e-02
-3.753069222461897780e-01
-5.735040453445723330e-01
1.438154907766447388e-01
6.657231501568061649e-02
-6.344871202776469765e-02
-6.658179163631387787e-02
-3.157945238072024652e-01
1.326410498232262480e-01
-1.887768342451209280e-01
2.273701862658189174e-02
-2.189037680694667642e-01
1.614563819175723336e-01
-6.153989632525051767e-02
-5.019231813432593892e-02
-1.470051839062795351e-01
-4.552877343867104548e-02
8.844261917503337678e-02
1.674594720429831707e-01
3.992978456759893602e-01
1.382353788282741358e-01
-2.350458437912744392e-01
1.015497536823695007e-01
-9.471537968234318428e-02
-7.178801578092373903e-02
-9.609937149788203362e-03
-1.719279958455455504e-01
2.537329532778401231e-01
9.197451120474470221e-02
3.768301018592645768e-01
-2.614375982244186714e-02
4.500690203492211383e-01
-2.248073794021940575e-01
1.692711590140123235e-01
-3.213939556115441021e-01
-3.046327568795041407e-01
1.256098477510911859e-01
2.360567019767744745e-01
1.263550670686935939e-01
1.182400741388520693e-01
2.260306725089549218e-01
-1.303580183119639191e-01
1.476755263016786279e-01
-1.651992056045625545e-01
3.676374776305476599e-01
-2.555556097571096696e-01
-7.774317315026400832e-02
1.630550857350230309e-01
2.360952056644620711e-01
-2.851952450639743189e-02
-1.194176682374087917e-01
-1.348449536667258863e-01
1.075224144741237647e-01
-2.830897145081797683e-01
2.049782790022548484e-01
-1.170540290878176737e-01
-2.447828206186455635e-01
-1.530222017245434774e-01
1.845316038263412339e-01
-2.420649018798594343e-01
-2.934192944469540126e-02
3.878639291500426967e-01
-6.935882667891075937e-02
-1.273986864595945956e-01
-1.939028671315035368e-01
4.866965218053068837e-02
4.016935670190547453e-02
1.577272860402757076e-02
1.637996015559191332e-01
-1.973974946740163910e-02
-7.321591242908054298e-02
1.133323776474420702e-01
-1.221501439955872959e-01
4.582699075989606768e-02
1.026816604745141304e-02
4.882073576250834518e-02
4.675833810292465836e-02
5.154936760999180578e-02
4.230670092338812416e-01
2.346914317987356113e-01
-4.432611356310456330e-02
5.253645389168562496e-02
3.023780574378148178e-01
-1.356554520735352432e-01
-1.192327671199934075e-01
3.036617501199590508e-01
2.014391915776056752e-01
8.528656458559058517e-02
-1.549788487324989805e-01
-5.861825779812195325e-01
-9.482097725505220231e-02
-5.807495690631862134e-02
-4.861102099455258951e-01
2.214262842809359422e-01
-1.211642358548981474e-01
3.695714423588254693e-02
-9.225779044224430292e-02
3.676275148006626081e-02
4.155706798556426107e-01
-5.446341336615281303e-01
-8.285854616268026329e-02
1.762671428701076534e-03
2.112866113449798078e-01
-5.540377331222272328e-02
3.460769099702525053e-02
-2.095849943256693770e-01
2.620168972420988326e-02
-2.923378522396871682e-01
-2.334695961022354993e-01
9.079378488318093354e-02
4.512698884062781857e-01
-2.085941240556102860e-01
-5.014340372484673430e-02
1.382297656090720195e-01
-5.343075627448891363e-02
-3.296537868893226753e-01
-2.685863860689118379e-02
-1.006204628137187945e-01
-1.441936938819585456e-01
2.016042838231803247e-01
-9.275621944849414546e-02
6.448885786698607681e-02
2.976350034498844929e-02
-8.980411651471240098e-02
-3.475546589569719069e-01
1.726114403987428492e-01
1.660517252107144015e-01
2.653694230071562687e-01
5.396712237662622258e-02
5.812787664349938072e-02
-2.108066983789358972e-01
-2.659475086872525873e-01
-3.050650136291532255e-01
1.367150503988595611e-01
5.578374587628290304e-03
-3.424565732445884747e-02
-2.389036059219563080e-01
5.099000246326471641e-01
5.425909389446894604e-01
2.297506014464442414e-01
3.482554406848594603e-02
-3.554292823365248766e-01
-2.223098724966532103e-01
-2.187908283336993942e-01
2.125486999149436007e-01
-3.249482117648776480e-01
-7.987647175051787451e-02
1.839078509263784855e-02
-1.389455190499330473e-01
-3.601625262549315032e-01
-6.233087064512673331e-02
4.363091491219675544e-01
-5.806148617839953369e-02
2.440385013503582889e-01
-6.809545221531862480e-02
-1.617117147589847703e-01
1.630007459262129421e-01
3.620280231804208770e-01
-2.993143796190538275e-01
-2.834705590140663700e-01
7.951100758630039178e-02
1.943482177962606583e-01
-4.162379396833584821e-01
3.095763174045007560e-01
2.027729838272162854e-01
1.770855808351636251e-01
-4.992249442489679612e-02
1.957448936661562444e-01
9.567112268332217395e-02
-3.766206116329168935e-02
-4.561418652760503012e-02
-6.672561076466980712e-01
-1.159060801224212761e-01
-2.695916589846285571e-01
7.163984752467036921e-02
1.229609156123724067e-01
8.661171715308950414e-02
5.102617682970401330e-02
1.558496928184630870e-01
-6.421002838584486394e-01
-6.479930702785953178e-01
1.026467426148129497e-01
-2.714562100698277303e-01
1.672969492754211307e-01
8.070691318090683630e-02
-2.812267770860047422e-01
8.685488414666995075e-03
-6.139522008872870806e-01
1.542330942809572170e-01
-2.719061345430337506e-01
-1.969830325535980031e-01
-2.016254489924298177e-01
-2.394521798458246892e-02
-3.559305069484367534e-01
3.728889413238257733e-01
3.597493794829633718e-01
-1.333181810938015299e-02
5.072565890394718779e-02
-6.881392733726424127e-02
1.940762936202151956e-02
2.039063270480691581e-01
-1.386846893861610752e-01
-3.958907164725117833e-01
-2.976492629044537232e-03
-2.623567059462219575e-01
1.177148871062179969e-01
-1.283902655917810165e-01
4.997154374468307236e-01
1.270209831812652290e-01
-4.921476572241628156e-01
-2.528402089121281060e-01
1.109640230422297286e-01
-2.012951001367311032e-01
-8.993803639134356764e-02
-1.206247576305328889e-01
9.938375082354627965e-02
-2.485853703526894054e-02
-1.961540717546776114e-01
6.632409099829085497e-02
-3.996397728901011637e-01
-1.934831002771089659e-01
-3.744987129729321351e-01
1.353136592569584851e-01
-1.738617175047572350e-01
-3.099275675858015333e-01
2.797523827460945411e-01
-9.967548343978227532e-02
-9.262035909127114275e-02
1.376628352305604985e-01
3.848696551879381145e-02
-1.922109261895228183e-01
-1.179192540434002151e-01
-3.139869935543586066e-01
-2.158054111266083375e-01
-6.927290938461920164e-03
2.939126775193357521e-01
2.970767520742488219e-03
-1.409536794554260564e-01
-2.020726567301877052e-01
-1.026474861433414265e+00
-7.496699587909240459e-02
1.147477767068596638e-01
-6.879784344855710554e-01
3.488406376413082932e-01
5.798438454162480049e-01
1.473855278725852702e-01
2.631037351455491335e-01
-9.492950867364928769e-01
-8.310422135869235602e-03
-1.314303129237146317e+00
-6.450095443723892139e-03
3.189428634639107085e-01
1.825974476414974068e-01
3.387331214165553717e-01
-3.325983997932532299e-01
-2.503875052769544141e-01
1.811510961786717000e-01
-1.016138622050258400e+00
-1.350801796808896782e+00
-6.775529911862602228e-01
6.607465651745744184e-01
5.555140936868430135e-02
-8.708138100843709761e-01
2.779906559341537714e-02
-6.488188079348183868e-02
-4.229042485833648390e-01
3.406497480427211552e-03
-6.792983881249005894e-03
2.280501128386865917e-01
-3.762844396870506647e-01
-6.972373595845642036e-02
-2.388577372227452533e-01
-1.710966133212043216e-01
-2.450251753543686850e-01
-1.560386961419936783e-02
3.056529012157577132e-03
-1.025983825644171538e-01
-2.815987071731478331e-01
2.717577208537478861e-01
1.736972088378037349e-01
-2.885994527587679159e-01
-1.593574347288261861e-01
7.332489246391830917e-02
-1.546340036910886506e-01
-2.169041943603767786e-01
-1.658532746396531588e-01
-4.677575378541400379e-04
-3.397044530771438624e-03
-1.230783371082449507e-01
-2.853244986381276438e-01
8.920169530303968808e-02
-1.357714678877639837e-02
7.695100288142785183e-02
1.050612702928178377e-01
1.784671156331222586e-01
-5.093953719020297699e-01
1.605852330535312289e-02
-2.586109455365690965e-02
1.493435824147363311e-01
1.351468047266727313e-01
3.293664261864616694e-01
-1.240527249728598513e-02
2.379053737865414464e-01
2.443180103328597419e-02
4.817665615859256095e-02
-7.542385135489994286e-02
8.118622159881015710e-02
1.007568987435732005e-01
-1.399136968117430969e-02
2.692149438944535511e-02
2.658333309191726612e-01
3.653939416532923645e-01
-1.079882645766226390e-01
6.160250461971176206e-01
1.795912794164940540e-01
-1.621999824321624373e-01
3.654168885457023119e-01
-4.839219020688138558e-04
-2.459146791111047059e-01
-3.097370343328226250e-02
-1.468144551584419089e-01
-3.931804752143406301e-01
2.104671076204810420e-01
-1.108351182273776686e-01
2.987413356851542634e-02
-1.343459688095837989e-01
2.900750845647139253e-01
-2.595203380750444877e-01
-1.730680691924428305e-01
-1.002551479853406591e-01
2.242217871514845806e-01
1.924073824087236262e-01
3.470419179260457732e-01
5.981819857259074863e-02
-4.563290060407356741e-01
-7.652720670136546957e-03
2.688053649731679817e-01
3.475918007060611048e-01
-1.162810541227163597e-01
1.181780925088234679e-01
-4.607761342477850047e-03
1.921774213991922498e-01
-1.463797651051352011e-01
3.748703478790137433e-01
2.528020955087270094e-01
1.926871016226176792e-01
-1.148216509912454442e-01
8.802567960166648997e-02
2.213570635863852387e-01
2.205088944046823193e-02
-2.551311063657948908e-01
-1.915577873881111615e-01
3.331977639638507016e-01
5.207187665647352443e-02
-3.060691294417666741e-01
4.053762641907731612e-01
3.097152338209069877e-01
2.004381129099630510e-01
-8.677975748587254956e-02
-6.559246868292267774e-01
-8.588124140202017809e-02
1.880202477601721628e-02
-4.944185747381711349e-01
-5.810410653466829486e-03
3.190759488577355613e-02
-1.145408143060539369e-01
9.191499250367290985e-02
-9.884267044891166532e-02
2.964791728458044395e-01
-7.671207402973515554e-01
1.461185547877673907e-01
-2.457664217484607505e-01
2.615967229746666844e-01
-4.819789665822484491e-03
-2.269738123928378634e-02
-3.295237621422340002e-01
-3.196566642535354080e-02
-2.871735105324862633e-02
-5.205113522946119842e-02
-3.372699391129145297e-01
8.858749308136880385e-02
-2.204608148663074751e-01
-2.976544360234314457e-01
-2.802830995087678967e-01
2.152625650745842167e-01
-1.193904443839135660e-01
3.471295706527444125e-01
2.562504591594145786e-01
-9.345988223283246965e-02
7.756531454613799226e-02
-1.482260348455525512e-01
-1.542261213541805918e-02
3.202324202488699562e-02
1.681120574283788693e-01
-1.721411719750925440e-01
-1.665122447795386665e-02
-1.219947468745931629e-01
5.911642853433954903e-01
-3.384022402549706487e-02
1.009403784331996956e-01
-1.246216778301436623e-01
-7.954666597562071173e-02
4.209998439511859064e-02
2.439861989989675906e-01
3.155338190200505932e-02
-8.491286524913851941e-02
5.405870263538938014e-02
2.104255866980347389e-01
3.387230653216776743e-01
-4.628634656270348355e-03
-5.559731659204877330e-01
-3.086113249100470024e-01
-2.738531961759724798e-01
2.241119411513300963e-01
-1.345118266460877121e-01
1.513020970689654687e-01
8.609551667894292659e-02
-2.173334650663258372e-01
2.036365753934796588e-02
-2.995700224484245666e-01
-9.716770208283143084e-02
8.274460012365711381e-02
-2.041129872208939933e-01
2.451231369181095243e-01
1.708485854680423799e-01
-5.471507559594827874e-02
2.869460106124074317e-01
-1.583181461107409094e-01
9.144169244582563139e-02
-4.169743046918917839e-01
-6.642931588512294983e-02
-4.003501199318891257e-01
4.553735812524443288e-02
4.272991794560304646e-02
-3.493287012794694668e-01
-4.374033512359346704e-02
1.180522652532374622e-01
-5.610607209169511389e-01
-6.101099762280304262e-01
-3.379170648612671024e-01
2.127654603178585624e-01
-5.302114863096623470e-02
-1.870510024151464668e-01
3.769033728981582843e-02
-8.465328785469050654e-02
-8.411328221682459749e-02
1.415377154797699544e-01
-1.012759951036378558e-01
2.701515719399456006e-01
-1.105270954260133276e-01
-1.977120265935123078e-01
-3.371978502366910768e-01
7.185626754980779796e-02
4.515756190800965936e-02
1.805606806728540792e-01
1.895164980880313932e-01
-2.718102012197363970e-02
1.648360616477682339e-01
3.340177516138502500e-02
-1.450567266084412110e-01
1.487403105040186954e-02
5.618611093034815429e-01
9.319233473598660666e-02
-6.672748996448249481e-02
1.253402250083991143e-01
7.128311802578787826e-02
-4.559259465114448573e-02
-1.116293501174571434e-01
5.588055600757459163e-02
-2.286623264902531982e-02
3.378762195760622727e-02
1.561951062359077658e-01
-1.051001806816186934e-01
2.872408074105218395e-02
1.437825025978711480e-01
-7.141060350287925518e-02
3.075376947243629866e-01
-8.293148741403860713e-02
-2.528571507914134098e-01
-4.772274217153183590e-02
-2.564375979395813743e-01
-1.113819841580941244e-01
2.446095180461879334e-02
2.103131765028765088e-02
6.603464284925744665e-02
2.363520021746881306e-01
1.325526440573277231e-01
-1.797295048194224795e-02
1.351314637647366423e-01
-5.129990612973520103e-02
1.430085663052975756e-02
-2.052969675865804269e-02
-1.361100204374176281e-01
-4.409431443760777891e-02
-2.163257758543389586e-01
-3.231752508341907970e-01
-1.845884364461016225e-01
-1.123461014295326771e-01
-1.334059694128613971e-01
-7.477727966292169182e-02
-1.107579380841070410e-01
1.251208621550308486e-01
-2.768948023586004920e-02
3.004545418643628923e-02
-1.341110159326534268e-01
3.658983362497603836e-02
1.864981180622145851e-01
-1.970119936252795745e-01
-4.145249387854547107e-01
-9.299657542430024570e-02
1.517831294059799815e-02
-2.960771885828380467e-01
2.271958985744770149e-02
9.039743256304280661e-02
1.175312168930250506e-01
7.305690004403512378e-03
1.503128237964044059e-02
-9.717197090873280763e-02
2.041369324712300759e-01
-1.221903205781242896e-01
-1.040196045128772423e-01
-9.547399994513490473e-02
-1.293775300338362300e-01
7.967970599264805054e-02
-9.668651264768532080e-03
-1.678039296530120517e-02
2.935557788882189878e-02
-4.947526577770573475e-01
-4.076877315852124317e-01
-1.357455670422663407e-01
1.586261749433100221e-01
-1.405808228872133525e-01
-7.602201282235249158e-02
2.510563770699605901e-01
9.459216476497150916e-02
-8.135899613908083305e-02
2.601795784888275009e-02
1.010452198320637048e-03
7.938211053851768062e-02
1.841844954340955132e-01
9.975793515695620395e-02
-1.179233279938313589e-01
5.438809910471034681e-02
2.132771454732992553e-02
3.625478157377626676e-03
9.538772671188074787e-03
-3.474316766941312057e-02
2.558067566092611655e-02
-1.227096527711231747e-02
4.683576247280536731e-02
-7.992703975579786013e-02
2.639761005707621511e-01
-1.555662839667001085e-01
6.092013332588135377e-01
1.699946398399692082e-01
-1.205614419967454970e-01
2.319586480567006614e-01
-3.665534085385990792e-01
-1.789031993925216946e-01
-1.344419051728210635e-01
1.647910162101152987e-02
-1.028864042246890181e-01
1.510895725194495720e-01
-1.776020186793269007e-01
-1.072714813805139278e-01
-4.446936341295826961e-02
5.760413953478113469e-02
1.231262962579379866e-01
4.678000102682360051e-02
2.795548103434212228e-01
2.664150005893627937e-01
-2.572586053054879557e-02
-1.312194759672674071e-01
2.099280165060598558e-01
-1.672093809181832424e-01
6.651578620081667614e-02
1.594270410523983550e-01
4.199093714323520188e-01
-1.022588570391697593e-01
1.422403675892125116e-02
-1.701285584026200337e-01
-9.666851129730989756e-02
-7.983121811346459429e-02
-1.619354032642064678e-02
-3.578546433780915165e-02
2.350929652832722261e-01
2.667210592610946285e-01
6.726075626465681523e-02
6.281825243059720176e-02
-1.942491323656337365e-01
-1.591106060545636469e-01
-1.005416043497730783e-01
2.401699784537603133e-01
-3.730632742384347444e-02
-1.524400598530246398e-01
4.181613331673711409e-01
-1.944177681586604367e-01
-7.644515364143256164e-02
-3.288116682117041278e-02
-3.179469927131078899e-01
-1.139360769402928825e-01
3.862351028327825064e-01
-2.191105894154579958e-01
1.897730248741651415e-01
2.356057499649194253e-01
1.405028192168484569e-01
-1.881672091115999534e-01
-4.015432890131422905e-01
3.709039773263572148e-01
-1.118545874901193393e-01
1.926398042924974408e-01
-2.120255468142255850e-01
1.207160793576805696e-01
2.625501596356694667e-01
1.486435069176789137e-01
-8.348007461015473363e-02
-6.801106782528049122e-02
2.043513234134896207e-03
-2.847216693536419041e-01
-1.275920471223596364e-01
1.865916220554667271e-01
-1.811385412104068171e-01
-3.662233859337211683e-01
3.506850125332176826e-02
-2.495166468324926945e-01
2.322105087157078085e-01
5.786968538775970339e-02
-9.134950606101514825e-02
-1.284459604221269147e-01
-2.221307668755791165e-01
-3.167291489534622695e-01
-2.609220560839695460e-02
-2.315730615753905375e-01
1.070221664554776853e-01
-2.529530824936641054e-01
-1.136498093096793421e-01
3.059114077199583392e-01
-1.822982703800496984e-01
-1.807104646409069815e-01
4.962210571258343639e-02
-1.331663597820155476e-01
-1.289031972871210185e-01
1.259331279174454588e-01
-3.628806327868932396e-02
1.158342527617041706e-01
2.528043418127923214e-01
-2.746336125017052043e-01
-3.978137695971389332e-01
-2.141241066957423611e-01
-9.701496858403438339e-02
1.755142726966002487e-01
2.879080322697040728e-01
-3.539371080565391070e-01
-7.406213060979318641e-01
1.580738732052757167e-01
1.581199090894488124e-01
9.920734737930947400e-02
4.945693143984396939e-02
-1.340850151667661860e-01
-1.345912043092117649e+00
-4.204758867570351083e-02
9.538271818088764342e-02
-6.326225195594195050e-01
1.089551503736346100e-01
1.824242980758995422e-02
4.862650532533551728e-01
1.508681116674106815e-01
-1.363165197345536983e+00
-4.262021316312117336e-01
-1.121145413648473310e+00
-2.061578802181190592e-02
5.559927349526379015e-01
3.900423354285020849e-01
1.288924905711114621e-01
-3.419232968412907470e-01
-3.730213498330847144e-01
1.415260139953438898e-02
-8.617293180265560570e-01
-9.737852067906743736e-01
-9.685516424806893676e-01
6.109397874615326574e-01
1.595161735152351157e-01
-1.002999930676481855e+00
-4.874483613327478260e-01
-1.128774139464615994e-01
-2.458738141664201793e-02
-2.229114816302830149e-01
9.236545400373688541e-02
6.157429707094344562e-02
-6.277299948241657490e-02
7.179888198447806347e-02
4.956815817078856767e-01
-2.884338500625840962e-01
-6.941040231549472188e-03
-2.682716134298192279e-02
-1.081210208708568016e-01
7.275736229436292890e-02
2.111066572265352104e-01
9.170648118445944019e-02
2.789713660819371221e-01
4.449808122265964949e-02
-1.103123534927103779e-02
-2.677264845521091785e-01
-2.016060155925441522e-01
3.895870025011506643e-02
3.042693910447938355e-01
-3.864491211631487788e-01
4.249625046143625795e-01
5.263829969797634289e-01
3.207210237039488931e-01
-8.923253303054608232e-02
-1.683233496786888383e-01
-3.959804142921781178e-01
-1.036402333886381373e-02
2.544089197217069831e-01
-6.980452085278062713e-01
1.039053898523977226e-01
4.005796972542717826e-01
-5.027398472805370833e-02
-5.043108295319261858e-01
5.096304765726143715e-02
-4.674398591125392133e-01
2.328459667596034441e-02
1.241220971963272607e-01
5.954882237516178067e-01
-8.731568983334488110e-02
3.769268786848441466e-01
-2.359056897625127214e-01
2.298855907715042779e-01
-6.486859565952317330e-02
-4.969783072366932286e-01
-1.142303731991213128e-01
1.759027384187427101e-01
1.598472887164026912e-01
-3.794923239673353432e-01
-1.072972746915785702e-01
5.949168052223194891e-01
-2.254868893656426510e-01
-4.747866669871581013e-01
-2.829002746355233633e-01
5.909559406123108261e-01
-7.270167654576298322e-02
1.946505810827796334e-01
-1.106715068002547264e-01
-1.649005960749034272e-01
2.718910612608481658e-01
1.996274243021023409e-01
-6.448476899495160508e-02
-2.385996369032848952e-01
-4.570718751791311707e-01
-1.245988532825904604e-01
-2.572784986078573422e-01
-2.819683038318620549e-01
-1.647892138467317857e-01
-1.753586118855516851e-01
-2.964247676661392605e-02
7.682331686862509113e-02
-2.033307650803629074e-01
-1.122176679516969505e-01
-5.375140838699002943e-01
-1.143444648590044438e-01
-9.508015886054926868e-02
-1.059143337473886920e-01
5.186937290063876882e-02
-2.379194389894485340e-01
4.300821108090283063e-02
-1.056541811715295404e-02
-2.020701323163113516e-01
1.005637686656615376e-01
-1.517822873662890426e-01
1.600507118599527601e-01
-5.011522418294461073e-02
-1.220492769168990688e-01
-6.392463130659284953e-01
-3.253244071055599179e-02
3.423744726443925801e-01
3.603966487612785818e-01
-4.439207231579239687e-02
2.193839769815893737e-01
-1.281439439915863288e+00
2.945315275966278179e-01
-1.474363589216190311e-02
-1.095791268543656161e+00
-2.293433656964440626e-01
2.462798387327262417e-01
8.020027461775910971e-02
-1.568366603392505887e-01
4.789376110905893547e-01
2.153131796965452108e-02
-1.102529287771582212e+00
5.235358752443247665e-01
3.308155744840804435e-01
-1.885845877448369123e-01
-8.987904088628176358e-02
-1.148043573112364664e-02
-1.341602949583894644e-01
1.420159719235342399e-01
2.666456016069153057e-01
3.014381604822536365e-01
6.860056227286008557e-02
2.380868000140062002e-01
1.410813553943769949e-01
-7.251195651331774350e-01
-5.705685837889005324e-02
-1.312185163723746939e-01
-7.592539240468954009e-02
8.001616282454392104e-02
4.602669258639777161e-02
-2.651060277482418168e-02
1.699092605064157213e-01
2.096799991167306032e-01
3.631431022355728899e-01
2.543704391675519205e-01
1.949501652655451778e-01
6.953910169837952682e-02
-9.543155256688762300e-02
1.627386021532888083e-01
1.210132950869846624e-01
1.876603812403886129e-01
3.473166020568824175e-01
7.412357784918520431e-02
1.026416258259133796e-01
-8.151802583785111578e-02
3.506718109317934901e-02
1.941511850885320190e-01
1.367559314571318296e-01
1.373929941368163543e-01
2.532880219394837429e-01
3.035851872111309246e-01
2.624418165863825481e-01
-1.849995932452433989e-01
-2.597750885334070836e-01
-2.511409751672769031e-01
7.332413869255920147e-02
1.336098802698995336e-01
-2.383527253426572512e-01
2.828537759616592817e-01
-5.209858141298610162e-02
-2.763337286699137918e-01
6.973427089065228901e-02
-1.878843938240058464e-01
-2.044606251409037956e-01
2.322544251756527012e-01
9.752824451174196829e-02
7.678910218852412484e-02
5.151336957194675020e-02
2.346398102502266769e-01
-1.266107643843971398e-01
2.117907837284193351e-01
4.088120388368669117e-02
-5.719486427310759291e-01
-6.722797835682638515e-03
2.073874316027150833e-01
3.316585753997900593e-02
-2.152649389270557684e-02
8.606473264036640369e-02
3.556010405313592693e-01
1.201829623612901410e-01
-2.005695604165922963e-01
-2.675121000140813221e-01
1.854711299553721549e-01
-1.101572889043029579e-01
2.671211073183447082e-01
-5.092235217989861118e-01
5.971359734000427633e-01
-6.859237998462086594e-02
9.585954899219246705e-01
-2.671820566230673905e-02
1.589752627590498846e-01
2.962668263044711536e-01
4.554175125889058928e-01
4.471997545449751810e-01
4.548280384686627653e-01
1.882946663394074321e-02
2.361996967243515932e-01
-3.119957251415306221e-01
1.179165566499488504e-01
1.063090561907626130e-01
1.731720348761656980e-01
-7.235915293375965174e-01
1.942589565698451815e-01
4.061855000890434719e-01
-4.033595061026906681e-01
4.885180265059727578e-01
-2.834728628405366879e-02
-1.250755501432495587e-01
7.989612788013924494e-01
3.024318579157624365e-01
-9.218346508316628551e-02
1.611156633309371866e-01
1.292572338011465372e-01
-1.241829293977458060e-01
-1.479251682954126623e-01
-6.395836616447954093e-01
-1.740815676996235462e-01
4.245277445653281023e-01
2.547230691587505369e-01
-3.490058139587780967e-02
2.862328860081029269e-01
-1.200787273232704733e+00
-3.133207727531424069e-01
6.679819629151370064e-01
-4.005894477550091537e-01
6.468137823228234384e-02
1.216783527782133445e-01
-2.364419685467397947e-01
7.732252331933964218e-02
-9.857009018595335181e-01
2.406731110671323781e-01
-5.241671311752179596e-01
1.468130341455600556e-02
-2.309410219955900512e-01
3.262072241464714639e-01
4.761583017806945983e-02
-1.926040166766843087e-01
1.768980319555833458e-01
-1.156792898564189681e-01
-1.129844703510515386e-01
-3.417820963451846938e-01
-6.099104319298394028e-01
-2.335740654409873204e-02
-4.028693707459025108e-01
-7.716494118289346504e-01
-8.088909508012696870e-02
5.550676090382143657e-02
1.147831100022965178e-01
3.252503893972105709e-01
-4.354428131886673436e-01
-2.033900152396011241e-01
-2.537381894250220205e-01
-3.450621343377224121e-02
1.114310131882744609e-02
1.107862231586470153e-01
5.951424206836541247e-02
-1.630356344178605366e-01
3.533686900900923772e-02
-1.081519470252260418e-01
-5.496608775576532907e-02
9.688275178715057001e-02
1.372063254743784710e-01
4.835047827349854555e-02
-8.475050279450943580e-02
2.433956097140803354e-02
6.599589961618879119e-02
-2.220549851464425350e-01
-9.249882248137350493e-02
-1.133008355604441658e-01
-2.352716194440212238e-01
5.785482917109214390e-02
2.620256874149768378e-01
-1.339480731335017383e-01
-4.403902928957663387e-02
9.160082472428829337e-02
5.765578052549493598e-02
2.662514631462142289e-01
-1.639299718450934751e-01
-1.151483905392897827e-01
2.467915621232851520e-01
4.134330084853211212e-02
-2.865624438328928103e-01
3.642107396286706766e-01
3.479943101197462973e-01
1.620945195173105202e-01
-2.964449753458172493e-02
2.508972886388795009e-01
-1.641543254349898673e-01
2.446276009870151646e-01
3.228443441084458132e-01
-4.066114698964742313e-01
-8.105288011947386906e-02
4.997423118044375806e-02
-3.848760682804872046e-02
-4.009440988599218825e-01
4.092379181329290350e-01
3.239234339452522898e-02
-1.632717973235801520e-02
-9.020868295306898321e-02
-4.848181713546236005e-02
-1.261970183474552809e-01
3.990281394759011002e-01
-1.588965604662691822e-01
-5.137353892799656485e-02
-5.707358785943407453e-02
8.380145406792645357e-02
1.446247949060789628e-01
6.528527705264831615e-01
1.471962247530392009e-01
-1.926279717584819529e-01
1.431318026714015201e-01
7.496030080903199888e-01
-4.013929290087779878e-01
2.050082882353110592e-01
5.978189718450918066e-01
-3.091348172682940043e-01
-1.480610297563945132e-01
-3.419953102513095117e-02
-2.675181973647958178e-01
-4.829710127500869143e-01
-3.030347854296035481e-01
-5.482305023644300501e-01
4.312746808019123357e-01
3.315456990259088577e-01
1.563475180739788972e-01
1.577777932394101024e-01
-3.926729760914653422e-01
-3.534120426546611959e-01
-2.417912283045098865e-01
-8.241341803456615489e-01
-2.283312421956628646e-01
-4.745814689820415655e-01
3.697503990110381084e-02
7.888886401839585380e-03
3.972454058774692043e-01
1.945834639034776103e-01
-4.730016093406307909e-01
-1.048806352240225781e-01
-3.034304801182597933e-01
-3.412917073442429672e-01
3.395387145120982164e-01
-2.903431428342577725e-01
-4.558043222818049522e-01
1.044807423957531123e+00
3.606124874376293032e-02
-2.496133998993114167e-01
-1.630440068261012482e-02
4.062215518394199920e-01
-6.529604084834184086e-01
-7.886153021117492390e-02
-3.112597050319917957e-01
-3.826389086473309248e-02
5.801885858517510930e-02
2.071435379414839767e-02
4.246782749155232628e-02
2.978993734726058107e-01
2.738236567867247118e-01
2.593656573546016531e-01
-3.336114129534800687e-01
1.335833991735066728e-01
-1.352217533358234247e-01
-6.443035550303936876e-02
9.164862040329553594e-02
-2.248956096225238344e-01
-3.971761547435993106e-02
-3.792731173792779679e-04
-3.239761058524155968e-01
1.489505431222559462e-01
1.663772955155724265e-01
8.328814471557462185e-02
3.719741713338147737e-01
-2.131755099264618647e-01
2.690277939358288739e-01
-5.088620141674877334e-02
-9.177278882403630544e-02
-6.118605402729917486e-01
4.719187494603599986e-01
4.075017130523838627e-01
4.077524324966575464e-01
-1.895875667611002513e-01
-1.724668757663941621e-01
5.476709996800009639e-02
1.570605906403048091e-01
4.564464848732944779e-01
7.413844686016492214e-02
3.043539424017463468e-01
-1.186261250837045839e-01
1.184972247571666193e-01
-1.292544150073210218e+00
-3.264203133384488420e-02
-1.434131899194368842e-01
-1.591112825259261565e-01
2.779395202142545887e-02
3.202327267284986734e-01
-4.835168367212386298e-01
2.381659600850183078e-01
-7.359228593072190960e-02
-3.988759972989299740e-01
2.366695134718685145e-01
-1.842358219495282556e-01
1.129707838307284357e-01
-1.680500483002969059e-01
7.109205257809757539e-01
-1.333043838317909957e+00
1.345688571316157045e-01
2.961407077252833364e-01
-2.549511605473858133e-01
2.495743749627839791e-01
6.766773228322729879e-03
1.539636126846458120e-01
-7.951861346453742430e-02
-1.046794266452781702e-01
3.929155420725299885e-01
-1.424882857063020924e-01
-3.519900152543254390e-01
3.623415869828681274e-02
6.186411163966253068e-02
-5.379825285436398152e-01
3.015467919714239220e-01
1.027965133643279627e-01
1.011236083498353033e-01
5.828459898721845278e-02
2.613690998981423319e-01
5.917582808355655033e-02
-2.947023558293478396e-01
9.518044826834068384e-02
-3.349631632645132251e-02
-4.866943709672650331e-01
-1.612979180857414818e-01
4.587440890709419961e-01
-1.305915407457912125e-01
-1.720501136450015497e-02
-1.725161415428580758e-01
3.709056154990628684e-01
-5.985460793251484723e-02
3.427167096270092861e-01
-1.687156540294260793e-02
3.434962563998916196e-01
-8.102580782153467887e-02
2.104853656411513341e-01
-2.977862277661871837e-01
-2.495493925176716643e-01
3.278185356652287274e-01
1.473574547412263847e-01
-2.275806765701733625e-01
-7.337105814581304508e-02
1.310643894883997407e-01
-6.693876948822397033e-02
7.454011440507807285e-02
-1.139116319173386072e-01
1.299113294404407870e-01
-6.001318711625319713e-03
2.654702006835981884e-02
2.089936387806009266e-01
1.435391868572413188e-01
-8.750886763254347445e-01
4.767701736623801700e-01
-2.916187627211597744e-01
-7.434606975467546869e-03
-2.886705300685930495e-02
5.528688311423866075e-01
3.456470241709719837e-01
-4.484450237539372441e-01
1.037989350109846720e+00
-2.988840501396684002e-01
-1.870305179029151943e-01
-1.138703904715543946e-01
-2.989179525076746669e-01
-1.281894066437578861e+00
5.288899131642517126e-01
1.806666537720332810e-01
-5.525819815965552495e-01
-4.002555503268853676e-01
2.087831751801026356e-02
-2.799585568323229023e-01
4.479383328860982449e-01
-3.109200274407135645e-01
2.090773488283944048e-01
9.795484498381325233e-02
-4.603445168314683478e-02
-1.629374252746213503e-01
-1.291753569307962923e-01
1.804521510318319588e-01
-4.177112376472584820e-01
-4.914817965868993610e-02
2.976889376611403515e-01
1.998206744543877256e-01
6.211816339111288915e-02
8.020821351659450649e-01
-2.748705760113398511e-01
-4.696338585330299409e-02
2.381036716011019905e-01
-1.349302868890581153e-01
2.024029311411729704e-01
2.561913002130289385e-01
-2.196504972276952516e-01
1.049311260029104770e-01
7.364865386888311827e-01
-3.316359460991949448e-01
-1.366032850009679112e-01
-3.584590151048508422e-01
2.497145499140619451e-01
1.192799803025272193e-01
-6.565116555656969055e-01
1.405988160461794645e-01
-1.349142493913556007e-01
-4.463893130799039266e-01
2.274206897312690545e-01
-7.261259579229196737e-01
-2.849396384462671850e-01
-3.742334156917189736e-01
-5.766562539667766663e-01
6.005586821752589843e-01
-3.029286676114764099e-01
3.183892232377017462e-01
7.183262037264559474e-02
-1.994178411781158677e-01
1.933067439502605123e-01
1.813951325793366001e-02
-8.446266397426937730e-03
-1.177064189930791122e-01
1.647194574495185193e-01
-1.585264105588289341e-01
9.642942630328708020e-01
-3.032899967239576777e-01
-1.812854049371135368e-01
-1.399625739985988770e-01
3.225243430008575829e-01
-5.154370821892921839e-01
-3.091729000969973759e-02
7.753315360550823154e-01
1.040298508868546523e-02
3.907507638934242244e-01
5.149308208160877087e-02
-2.554572582248859081e-01
5.046792357777341725e-02
5.670561143245066160e-02
-2.432998734564827403e-01
3.262255504330074940e-02
7.645707896606283860e-02
-2.507553220459843302e-01
5.061418005463247383e-02
-1.514650705553617915e-01
6.750117057028306999e-02
-2.113816822859439226e-02
-7.516935364536218855e-02
1.367069096932644612e-01
-2.215473794956617504e-01
-1.269464339310898970e-01
1.454835581019182089e-01
6.479980437749957578e-02
5.671247706309220232e-02
-2.615928401819628268e-01
2.281885060286316935e-01
-1.417922423745418825e-01
3.328894014886967651e-02
-1.127068943437321002e-01
1.178158822159519614e-01
3.161462533361735217e-01
2.218733033601433813e-01
-8.429114126902466364e-02
-1.741165013165091313e-01
6.252747599110626275e-01
-7.036193209956864703e-01
2.081429264595018036e-01
5.780764888112265298e-01
2.716462234990172364e-01
-1.297382497216372776e-01
6.461144317107481161e-01
-3.505252515783268685e-01
3.054197339524708510e-01
1.238695935150322530e-01
-8.647326391464685291e-02
8.634648862052667073e-02
-6.712425719563042126e-02
2.444249905808760504e-01
1.916320414211367411e-05
-9.842388140563309781e-03
-2.803285445565346090e-01
-2.299090352318603758e-01
9.273093008478306212e-03
-6.455076865501133132e-02
1.857275382273869124e-01
-2.178892489421975498e-01
2.032874316719078256e-01
2.096575377359957346e-02
2.085018981641057183e-03
-4.470330968984780329e-01
2.931399422137186961e-01
-3.415807245740273279e-01
-4.912152985079627499e-01
5.785023795964350929e-02
-3.921444388928682634e-01
8.692171627771429210e-02
1.328207656484921007e-01
2.128997569714164151e-01
1.474082614899252519e-01
-3.049835489469764349e-01
3.580497104938523689e-02
-5.490984952867652424e-01
1.214839528115999046e-01
1.478911871794029997e-01
-2.435649697559957305e-01
6.313665675465858496e-02
4.169757059934444121e-01
-6.289524318003811287e-02
-1.233987363453004082e-01
2.702139173706149533e-01
-3.966428081852235721e-01
-4.447274030121621752e-04
5.329479961195138227e-02
-2.514254649629146243e-01
1.029888087635375260e-01
-2.737330272741060888e-01
-6.053433367316648876e-03
-1.975997699322491752e-01
3.023470050741762782e-01
-4.148397028530897424e-01
-1.474917135771164067e-01
-1.062999343852139011e-01
-2.708431595980304585e-01
-6.487583148373880781e-02
-1.051808215687524001e-01
1.116747158073212676e+00
2.052771582616309820e-01
-4.341991037481292282e-02
-4.573756622748024747e-01
1.481312690461253009e-02
3.519330990367163792e-01
1.519881233856232861e-01
-7.002225565830737519e-01
4.702390150007923486e-02
-1.350470677170147182e-01
-4.271472032938814500e-01
4.546579436123267259e-02
5.223022852474310529e-01
-2.686851044283079023e-03
-2.915646049023742567e-02
5.030492369796889518e-01
4.218079377883212633e-01
-3.532704250085837161e-02
-5.233019034071164644e-01
8.783752068699450799e-01
-4.402053352801944541e-01
6.325847635170024630e-02
5.963487544474461721e-01
2.566687221454706513e-01
-2.296865075274966694e-01
6.610537174056988485e-01
-1.705772785424482518e-01
6.799076695080042976e-01
1.160039935606898588e-02
-8.587398493622444562e-02
-5.347355628466032157e-02
1.948669267303216879e-01
-1.144899864468752609e-01
1.934477897318168382e-01
8.738714159384557423e-01
-6.996782637406036287e-02
1.330264063511144845e-01
-5.717627231630623835e-02
-5.347338233358510662e-01
7.594863723997659355e-02
-3.080975617082619133e-01
2.562122301414457848e-01
-3.539797376343705171e-01
1.790262387019495860e-01
4.583158354265506884e-01
9.451970186139350139e-01
-1.019413900158027353e+00
-2.096728045654678296e-01
2.785828798032827236e-01
6.055292725438187196e-01
-2.252491682026710323e-02
2.961115679067573003e-01
-4.967107069226236460e-01
2.543063188144656372e-01
2.008547223184066199e-01
-2.489395515048190011e-01
-2.191818914063649038e-01
-1.815671329800843670e-01
1.854553682482341370e-01
-9.547099043816564823e-02
4.094159551926490614e-02
1.607709509378268120e-01
-6.122868264630255269e-02
-2.909227480566516366e-01
2.658209831816946700e-01
-3.744763875927930030e-01
-3.461961328115556458e-01
-2.545619972789120999e-01
-2.498023558454713355e-01
1.145511893619566152e-01
1.772849447962431338e-02
-4.830405669706069327e-01
8.433754136836600634e-02
1.149118258455693459e-01
1.194134735948089721e-01
3.336616351385268686e-01
-1.630283944635594340e-01
-1.988049070803443452e-01
-1.067230085386345062e-01
2.023763855061658512e-01
-1.107530097886723630e-01
2.646906008845287261e-01
-7.230008641128807811e-01
-2.946228641912524392e-03
-1.019931740678374082e-01
-1.091104676872010348e-01
-7.825642686081846211e-02
-5.121519286731772702e-01
3.927548114108611599e-01
1.306478965593559360e-01
-4.246763596886649755e-02
-1.290645916796635262e-01
-1.589747731081338558e-03
-2.510046959502132968e-01
2.725656664763972947e-01
-5.908887667838576274e-02
-5.588361053339412771e-02
6.527966430214682085e-03
-4.644647084815800575e-01
4.450965039417484337e-02
-9.010911071207849954e-02
2.777620896668312467e-01
1.434945561065185948e-01
-1.637793568508946196e-01
-5.548166146488799910e-01
-1.010637893224359263e-01
-5.977898214137733479e-01
6.503277511958652224e-02
1.326228478765230645e-01
-2.269371894650179800e-01
2.261909350255596474e-01
2.018259659284803165e-01
7.675619583120657508e-01
2.282143528482334649e-01
3.694631886471078652e-01
1.516789826508396499e-01
3.605741814047001004e-01
-2.229279300384202633e-01
2.454878288307003054e-01
2.955207395508788193e-01
-2.055467693997407586e-01
-3.075547484069175441e-01
-1.995478901996020071e-01
1.183017704544230830e-01
1.472327419583284724e-01
3.449275065780850191e-01
-2.446636638996470825e-01
5.272227913220952633e-01
5.063111201020870089e-01
-3.395609912259094088e-02
3.700802464910781797e-01
5.227212251146726718e-01
1.106254324513490095e-01
9.208664567099605902e-02
-1.521092450494147263e-01
6.619343637271457581e-02
2.185017900893296977e-02
-3.668340661914071821e-01
1.537907375013415068e-01
-3.859090149342564446e-01
-1.894775441399172977e-01
1.746837525627286392e-01
-4.257276875208659134e-02
7.122601763038810541e-02
-6.436711465289481071e-02
6.378163826517205814e-01
-3.697764219615482517e-01
1.115877863616986931e-01
-7.022810266659981759e-02
1.591584552520221851e-01
9.636986276817915975e-02
-2.553259661894975441e-01
1.293321982184203189e-01
1.926175756451440624e-01
-2.379780365851603408e-01
1.021759285407241175e-01
1.566375521614782607e-01
-9.647671698769488824e-02
2.175353431635267398e-01
-1.349028685580701964e-02
2.291222054544266376e-02
8.485325227304453544e-02
1.364426605490578204e-01
8.301372613411298756e-03
1.308725933122981411e-01
1.037934473521858747e-01
-2.369526446156882959e-01
4.068598758819413908e-01
1.818439021903676123e-01
-3.197895662959110430e-01
-2.148594455932625880e-01
-1.291433215050667160e-01
6.679188093691297290e-01
-4.143197810228315681e-01
-1.902858596660513546e-01
2.809029754917505839e-01
3.559143584479226852e-01
-1.449158158059979384e-01
-2.728913296974182501e-01
7.780592784692043073e-01
-1.175135234137283158e+00
-4.981715929899595968e-02
4.285022079881629642e-01
1.803784666478526200e-01
-3.520039241245525030e-01
7.183903300380610757e-01
-2.066329414856688806e-01
1.765298658815490640e-01
2.405762617684717719e-01
2.926284876070522900e-01
3.586053987010434096e-01
1.492201605657345054e-01
5.006371117844973240e-01
-5.280286112394684261e-01
3.068575037424793872e-01
2.334950337668204590e-01
2.901563604859607737e-01
-1.309443366713871904e-01
6.573849881050339294e-02
4.069980509428680615e-01
2.483110905654482281e-01
-5.706435078317623200e-02
4.743790200116379530e-01
1.733286037786830880e-01
-9.972151718999636150e-02
5.049855303122092742e-01
-4.509266559063347946e-01
4.391411489183636996e-01
5.416443257201231098e-01
-8.934714594699882939e-02
-1.190920274082699903e-01
-2.900718197327813441e-01
-1.001678875528197038e-01
1.622203523763554867e-01
-1.427682003848076420e-01
1.935308099691885608e-01
1.612919797701728442e-01
-5.131203521853770766e-02
-4.641957217636663580e-02
-6.675297508479999253e-01
2.472010662899966349e-01
-5.996165920850923814e-02
-2.858367307950007707e-01
-2.178623466008903706e-02
-9.527473278723472272e-02
-3.896838593654700644e-01
2.494205700664741121e-01
-3.553095677779583572e-01
2.128775306822716928e-01
-9.719812539546356100e-02
3.208753558130135741e-01
-1.977256812623917892e-01
2.024287194543097565e-02
-3.098273692687441572e-01
2.094644458672310083e-01
1.084052292558159852e-01
1.765965175039330426e-01
-2.355384048889801185e-01
-4.671138322793573147e-03
-6.269366322113063827e-02
5.952448945983189743e-01
-3.529581662345152582e-01
-6.623930774506640862e-02
-1.322774797301381755e-01
1.315497689982672858e-01
7.597072309739547058e-02
-3.285912266417516658e-01
3.042138445740183439e-01
2.252212658160650527e-01
2.452282518350233365e-01
-1.262501524305016110e-01
1.322202545365552540e-01
-3.284843797389665476e-01
-2.661971809683803536e-01
-2.323126192762117181e-01
2.185175792179060994e-01
2.316293072982231471e-01
2.200299914381808608e-01
-2.112842760760064165e-01
1.707848334842916316e-01
7.999644524155258285e-02
-3.267941611698841897e-01
-1.409580145539351959e-01
-2.895497120374613820e-01
-1.897545534185673122e-01
-3.791586227213990523e-01
-1.597552700068999854e-01
-3.324884258322460262e-01
2.218325715175138713e-01
5.778042515205845941e-02
-2.636302185374194140e-01
-1.294803785455385936e-01
-2.748350285539185034e-01
4.227335965109624630e-03
4.575512569129128182e-01
-1.109453207492940435e-01
-4.925539933329769332e-02
1.950681349049936675e-01
-2.974946456313297127e-01
-2.078876140433593978e-01
-4.014835476063168263e-01
-6.385642050287591853e-02
-6.114751066256420009e-02
1.503456881254594257e-01
-5.033218604950066011e-01
-1.702030165267205408e-01
-2.485501565350351216e-01
-2.774915100822124003e-01
4.472770113488955257e-01
-2.679601803834712540e-03
-2.866128707279293475e-01
3.744283527957379953e-01
-2.101975166979875020e-01
-4.867403250997028308e-01
-2.787784138692199765e-01
-4.137893011350534528e-02
-3.956581178202120963e-01
-2.974594188321355026e-01
-1.918091459984049563e-01
-4.316308529721151754e-01
1.689562772201089302e+00
-3.386566980847025565e-01
2.107126512966430928e-02
1.474951563029951347e-02
7.774698516623419764e-02
-3.426252483207056221e-01
2.280206603532133613e-01
2.388682391094573698e-01
-1.787531374002931661e-01
3.476494758630349624e-02
-2.784981814724281080e-01
-1.086050996520366296e-01
4.747942132704543461e-01
-2.367508733232642770e-02
1.177094121208670519e+00
5.819932537360190256e-02
1.585244975354714592e-01
-3.301192204057057378e-01
1.888449229543374130e-01
5.914077855642522197e-01
4.643933500915724960e-02
1.875091279179031123e-01
-2.410286346871887142e-01
1.038228451260337221e-01
9.596198424198201793e-02
4.434579705696611307e-01
-9.010419712508268564e-01
-1.305100118953694266e-01
2.976916646718451576e-01
2.531718602975441615e-02
3.392251044678296079e-01
-4.618861357968581105e-01
-3.695316333445514134e-01
-1.636258053248990652e-01
-1.924387656071476216e-01
7.128978103052208137e-01
9.845587252561609215e-02
6.015869965360908234e-01
1.580602057281296213e-01
4.907939262039054951e-01
-2.908165957573475846e-01
-2.337209828379905319e-01
4.272491704236374144e-01
-3.878289381352229004e-01
2.905627875432800072e-03
-1.974777265130960302e-01
4.443066707848733476e-01
4.040554276805362610e-01
-6.575845804737696920e-02
-6.314771621921205780e-01
1.738648842501523684e-01
-2.887563170790853340e-01
2.510307335805773143e-01
-3.185640618883908148e-01
-8.274451506962090738e-03
-6.056181544656207283e-01
9.540165111721613522e-01
1.344502622038185879e-01
-8.249056821001790607e-02
-1.090701077509520639e-01
-4.472338164435142316e-01
-1.046024745764892183e-01
-2.659155873747634860e-02
1.150410451456154309e-01
-1.833125689804652181e-01
4.042618415917638708e-01
-6.294965589519925520e-02
3.260986694066145275e-01
1.714652748604899579e-01
-4.920319362683654441e-01
-7.816403961854122284e-02
-5.833133781473008594e-02
3.109644944085707130e-01
-5.163405555550873438e-02
-3.719198222507255625e-01
1.235340995055048824e-01
-3.471319765480886388e-01
-1.179632543363758612e-01
4.822797464222540187e-01
-9.859259824405590400e-02
2.002672141934933592e-01
-3.422232473288537302e-01
-1.336326165080110699e-03
-1.787604309293498173e-01
-2.656841872143675953e-01
1.642002375087752222e-02
-1.923412880503379829e-01
-1.476168511223664159e-01
2.726984902585871118e-01
-4.279692091530093445e-01
-3.836649472655170867e-02
3.442541035004608729e-01
2.938217012528308025e-01
6.501533613104086562e-02
-2.810311780024075667e-01
-1.686308787789394734e-02
9.897326574782409903e-02
1.153860087671607776e-01
-3.670229627851991361e-01
4.963229442235170263e-02
-2.152378006091545115e-01
3.523116149483710990e-01
5.863329836858158783e-01
-4.620305361471872541e-01
-3.825249463002919903e-01
2.032435779678619658e-01
-1.604374774019870775e-01
4.681501255487097168e-01
-2.316812001156347556e-01
-1.863402856675945227e-02
-3.156415140252676887e-01
-4.451199967290060400e-01
-5.103921644642670646e-02
1.422113536737190931e-01
2.041141031769198033e-01
-1.173725325475379888e+00
1.061829811597175544e-01
-4.401667505092307642e-01
1.794436404465761803e-01
2.641799102795496235e-01
1.879101067789922253e-01
1.510310142919252530e-01
-3.077315273181262592e-02
4.457416121851487945e-01
4.778298238415228383e-01
-6.647902351321008929e-01
5.333755459396449794e-01
-2.092561515526532856e-01
-1.762316086900839185e-02
5.726715188669967080e-03
1.664145266585955463e-01
3.112033949111887576e-01
-9.216799352485766095e-02
-1.155407750678882073e-01
-1.348549584421103176e-01
2.493780238945613459e-01
-1.930061622307340241e-01
2.947981756142499798e-01
9.882404500814880033e-02
1.088743764139467884e-01
-1.365997166406119484e-02
-2.056118660128269104e-01
1.216444647334014549e-02
-2.599911193120429398e-01
-1.057866257896039192e-01
-3.059781514450755080e-01
-3.755070787077843253e-01
9.871594539292201376e-02
1.350077953288589538e-01
-1.944290932672340100e-01
-2.152879786475033475e-01
1.273521924153305229e-01
7.711783845514189051e-02
5.651942284646220838e-01
9.831891713807359989e-02
-3.709455264752002934e-01
2.644250059801180330e-01
2.411713033972118225e-01
-1.098553948695555477e-01
5.019364336246736613e-01
-2.413001408303907525e-01
2.773625649448964725e-01
-3.075635353600030333e-02
-1.473751861439295263e-01
1.275912217019332662e-01
-5.102153089364728222e-01
4.718485603014594409e-01
-2.080535286723028676e-01
-5.758287127611027012e-01
9.094375002822007170e-01
5.645672101887146133e-02
-1.631487263704722579e-01
-3.463276987568613130e-01
-1.056753662975335462e-01
6.237569888594448470e-02
4.967149521133161216e-01
-2.409184174230030173e-01
-9.849168498456775667e-02
2.159399223188605277e-01
-7.981699163958791976e-01
2.369701577259122061e-01
-7.664025180495440126e-02
-1.450751523884303840e-01
-1.796598602414716805e-01
-7.812626910399205205e-01
2.850376663719794701e-01
-4.021931188402787516e-01
1.698829549259788518e-01
2.412287090427587821e-01
-2.849283687214381189e-01
3.997913432887457291e-02
1.739269745504042897e-01
1.667860967453983212e-01
-3.001385979823208427e-01
-4.266172332380384624e-01
1.232260783502157064e-01
-3.977686116015050066e-01
4.032242957411641959e-01
1.564746831437615060e-01
4.050487812910538166e-01
-8.703823282774249270e-02
-4.970108002750661669e-01
4.717839356137616402e-01
-1.057039878281932910e-01
3.003379609801880568e-01
-5.225712573644304415e-01
1.992802833495773418e-01
-8.407951962408932722e-02
-1.076291525897282580e-01
2.901218424819107522e-01
-4.326457835728018675e-01
5.945395805833980640e-01
-2.447517249818718654e-01
-2.195813917540665461e-01
2.554323291887769520e-01
3.750350491762870497e-01
5.019841239223520324e-01
7.947007981632585316e-02
-3.134141089802434110e-01
-4.674788396713950439e-02
-1.188498483476033291e-01
-1.108582645910242831e-01
1.408961367305718859e-01
1.911225159179700817e-01
-2.763573413368385912e-01
1.539596799165021679e-01
-5.583644531176616965e-01
4.828740374306191296e-01
-1.823885705162909751e-02
1.963251955062044751e-01
4.444147466804825031e-02
2.703140529182508356e-01
-8.835245398221838742e-02
-5.469551559679974861e-01
-4.384435822531516647e-01
-1.020391951694238353e-01
6.852624108214441234e-01
4.550924483343242732e-01
-4.681629708997323558e-01
3.917729670214156190e-01
-4.218071849131529438e-01
-1.484771293029185202e+00
-8.345131690126209034e-02
4.095709419686341946e-01
8.959499579456413343e-02
6.727798546702826732e-01
-7.471005990736492852e-02
4.653318512283803610e-02
6.905558774034992187e-01
-4.970933517468859586e-01
3.229555855029782596e-01
7.064573566398356375e-02
8.498956836532950421e-01
