-1.939091737259636350e+00
-1.030741774276978662e+00
1.222735849125056173e+00
2.309268705729916160e+00
3.044171835172599372e-01
-4.671928277555880554e-02
-1.330379241992934558e+00
-3.640359148413908397e+00
-5.399691296343991226e-02
1.100492530689948012e+00
1.023486901761738732e+00
1.838684824622813130e+00
-1.330761225195989939e-01
-2.526696725658366560e+00
-8.177357585273955717e-03
-1.549389128606369459e+00
6.959538897143416336e-02
6.499071981790015551e-01
8.948690801332187528e-01
2.451469715909551927e-01
1.121034548168460487e+00
2.856733395550742349e-01
2.245310264929546218e+00
-2.122615424633079173e-01
2.614336715011130186e-01
-6.323242278530181171e-01
-5.282511637045406161e-01
-8.383319505590440812e-01
1.689056644190950474e-02
-4.348070445945630969e-01
1.129155853456874192e+00
1.328341684521149535e+00
1.375296150880890023e-01
6.632039936361765475e-01
-1.806488005079040393e+00
5.748919376338391674e-01
-3.946458408240070548e-01
-3.203005536885483173e-01
1.244868578105155915e-01
-2.325245385133229981e+00
2.144549668356230399e+00
5.099549294242035069e-01
-8.226129813352255071e-02
2.341124424813092325e-02
-3.848717102510143540e-01
2.282923456668108642e-01
4.331175538856170126e-01
1.380529556963222104e+00
8.512559448267412177e-02
3.392448842837456069e-02
-1.297417177983025971e-01
1.343147121088511975e+00
5.482650319677141448e-01
-1.512534066769434804e-01
-4.598745606084020943e-01
-6.733194126364454579e-01
-4.103393054152863484e-01
1.095796083303460566e+00
-1.184038157032840211e+00
-1.218445109709952678e+00
2.048745623753105150e-01
-4.415141056881285997e-01
4.424865759985466274e-01
9.719426843629289103e-02
-5.348974674907840399e-01
3.818899203182507529e-01
2.678116098818939528e-01
1.507957236500417353e-01
-1.379298802920065903e-01
2.714989759982531781e-01
4.029339783500012206e-01
-3.867692105867064356e-01
2.512839440083859954e-01
6.905483586326896517e-02
1.487286531030325987e-01
-1.455238556757013635e-01
-8.322080552515096485e-01
-1.821280324202810422e-03
-1.370025193327434054e-01
9.848097802918039934e-01
8.851992503451742988e-02
-2.824462577954530706e-01
-3.848846987068146319e-01
6.554530708193034849e-01
-8.068887451590410764e-01
6.869799109640964963e-01
4.678836764395226389e-02
2.408510173683426070e-01
7.834120888056761434e-01
-6.146679295001484800e-01
3.674983219758919395e-01
-8.382135870272967582e-01
-1.020457541228255161e-01
-1.466642384155968371e-01
-1.200262654276841034e-01
-4.420533958542004482e-01
-3.659656500570701576e-02
1.913766964665780390e-01
-3.420250031653984113e-01
8.982159595013239350e-01
1.106923642724414458e-01
-8.541674894894423220e-01
-2.779035253479126832e-01
-4.818549653295288449e-02
-7.975974748648672064e-01
-4.166619359360617114e-01
7.299766632305630942e-01
-4.100479561993975591e-02
9.995040574953620305e-02
-2.287557514219883958e-01
7.513267215732923054e-02
4.980529237617102867e-01
-6.236855245633025069e-01
2.399151575889944266e-01
-4.812572579238971748e-01
5.176235229862878595e-02
-1.687716468056071895e-01
5.266344952563978277e-01
5.188693638676503683e-01
-4.719251686306912275e-01
-6.541034033102343104e-01
-3.159418610558232254e-01
1.327136354080548530e+00
-9.212977379768219066e-01
1.868722042485758406e-01
-3.426784481029719331e-01
-1.199800868005801990e-01
2.076987455388497605e-01
-3.264950454783303035e-01
8.313184394770304353e-01
2.088252657736461293e-01
9.696508589354934093e-01
-3.125910270587998752e-01
-4.302310346895755755e-01
-2.352377583607289102e-01
3.744447069924654037e-01
4.134886389731375345e-01
-1.971163918544440730e-01
7.914755607164783990e-01
-1.561862792345706907e+00
-2.593546278064264299e-01
-4.600868542681259554e-01
-1.142292965237409419e+00
-6.828605147511709328e-01
-3.356581155644872694e-01
-7.110902617261412040e-01
3.533800092593404329e-01
-6.325848331360722950e-03
-1.826460327670857697e-01
2.747746671185987144e-01
1.973972090741143992e-01
1.192146144513098971e+00
-6.441345806112611649e-01
-1.554681504807834957e-01
-5.278078204319286426e-01
5.744508470264029221e-01
2.297120024557868234e-01
-2.508917591090889521e-01
-2.370688304914490147e-02
-8.108001746438299184e-01
4.485381911788177134e-01
1.184745900760951320e+00
-6.085799587568876401e-01
-3.109348706508995031e-02
5.907348503313410992e-01
2.306443649408273511e-01
-1.334919824950892842e-01
-2.364134512818040212e-01
3.083811961538581725e-01
-1.587368059540805454e-01
-6.682567507266291840e-02
2.593535484403286691e-04
-1.869610728362606500e-01
1.810385462279740509e-01
-6.040363762744644510e-02
-9.025064706804948600e-02
-2.704124010143357237e-01
-5.656772359792450189e-02
4.035821315113807817e-02
-6.922964858219599060e-02
-6.858998081026417178e-03
1.495770517948763201e-01
6.640105271449691093e-01
-7.848167452620039009e-02
-1.889347181445488744e-01
4.872562653223713389e-03
-1.923734807238119127e-01
1.285581148388909370e-02
-4.105482194099877580e-01
3.902064040840559911e-01
-2.383963089627661180e-01
-3.610610395679400564e-01
-1.436009005495306745e-01
5.004389065744890147e-02
2.964727602803406969e-01
1.600105571199974819e-01
2.276424352001028273e-01
4.299794290162841093e-01
-1.003840290146776060e-01
5.635522157088785483e-02
6.791331728941641943e-01
-3.979080955197287217e-01
-4.547726048542468091e-01
1.041325027956679028e+00
-9.706587445105095968e-01
9.450461036811532711e-01
1.306350417457600444e-01
-4.312824809683395849e-02
-2.261559344378054337e-01
-1.167207485360023167e+00
3.537868008555443700e-01
-3.804679584285176053e-01
4.288707977504668811e-01
-2.088796125544667426e-01
2.778379994185063429e-01
-5.956446297007473856e-01
-3.451082004168611328e-01
2.434636699696418050e-01
-1.279057999088525632e-01
1.078894374668715184e+00
4.489290822390343966e-02
3.353519995490566452e-01
-1.075293750984321478e-01
3.489083562488518586e-01
3.405894696235181041e-01
3.022854726944970705e-01
-3.236542786489361445e-01
-3.255031473867584513e-01
5.067545032320249776e-01
6.079759916035482048e-02
-1.691187650472761317e-01
-7.755921915055942195e-01
-1.279694071993255911e-01
1.208264025450632856e-01
7.252192091691882503e-01
-9.941398013058412308e-01
1.669752741989487255e-02
-3.228196346943246753e-01
-4.147767746338696521e-02
3.552473699153395059e-01
-1.382341227567944197e-01
2.997400664886585298e-01
1.078240431018156753e-01
-6.048909922855890686e-01
6.540483341245870719e-01
-5.066774405724119301e-01
2.249600165876773361e-01
4.324006062624488611e-01
-2.876376183905069994e-01
4.918045244421798134e-01
-3.118662731176313763e-01
-3.332092469170711696e-02
4.181657956029380396e-02
-1.202478523960846257e-01
-5.539266011250307820e-01
8.917803474461709623e-01
5.376460558420084052e-02
1.732552117672092606e-01
6.746014698475454041e-02
-6.094748336019331081e-01
-1.823853589867080183e-01
-5.810315064255199280e-01
1.034024669960337928e+00
-3.045434794896167974e-01
3.653222196002801209e-02
-1.505865196221096436e-01
-1.164903782822798717e-01
3.102384272606610247e-02
-1.826382170536167138e-02
4.159384141501463183e-01
1.246425196977761080e-01
4.342408986858214415e-01
-1.132971109517863506e-01
5.938518004282223456e-02
8.709209092022673210e-03
9.914924354554092989e-02
-2.951734484491227439e-01
2.344506535303424455e-01
7.954566773971644134e-02
-7.307078304351697362e-01
1.563792137099334623e-01
-2.482982627154209365e-01
-3.994697159793255126e-01
5.902685271134106709e-02
-4.659739568420395717e-01
-1.300408431104915774e-01
3.787187765963694885e-01
-3.298386544765500306e-01
3.970897757972178810e-01
-3.980565157883507732e-01
-1.467404100329596783e-01
1.717096899062013349e-01
-2.440971786881759031e-01
4.578615125714939338e-01
-6.965980741728365899e-01
2.714126492839591398e-01
-1.211478159073817035e-01
-2.735495850627783221e-01
2.173499716758121036e-01
-9.493929108281747853e-01
1.692941776537485732e-01
-6.960573288381937118e-01
8.203696652486627272e-01
2.894397329372174876e-03
2.281768475218682035e-01
-3.411374779868692197e-01
1.905295613769051044e-01
9.092234934620946341e-02
-3.657565874654994387e-01
2.662504472807669109e-01
1.605619859267050087e-01
1.327889827270764822e-01
-4.081968562422907398e-01
-1.688002773762030395e-01
-3.867850460785661748e-01
4.034084121548628388e-01
-1.609418754762570736e-01
-1.770213197166526919e-01
-1.786776681935484112e-03
-4.468206527498263525e-01
3.093677581278534428e-01
1.140385017259448880e-01
5.604551111600842850e-01
4.068425220210656335e-01
2.870165843889211366e-01
6.347331298109654130e-01
4.851312214535463685e-01
2.793971307686434757e-01
-4.532190053845647215e-01
2.355240725179705563e-01
2.165935148265679955e-01
-5.569875142985772909e-01
8.515450839459244303e-01
-4.852073480000792388e-02
2.926393582687508710e-01
-2.550536401759099236e-01
-7.073550387232059589e-02
9.445447134710979742e-02
-4.792410158099276729e-01
7.465714831793258677e-01
-3.155867357638323933e-01
3.782692771219350325e-01
6.965588799293144229e-01
-3.043013881154266187e-01
7.223479120805013087e-01
6.231705153807391984e-01
-1.047468558617571516e-01
7.344570305844313474e-01
-5.360891879730513843e-01
1.855090200049989146e-01
-5.639940703124741717e-01
-8.628494108402393059e-02
1.570667430220851202e-02
2.639662409349745054e-01
-1.411325217623512172e-02
5.344214770207609266e-01
-1.480496311955788180e-01
3.018642410740508542e-01
-5.503523995367553406e-02
1.164893991015011343e-01
-1.056715843358667639e+00
-4.033523666460757662e-01
7.982768734233631758e-01
-4.462881251638148861e-01
4.243186653789882690e-01
-5.461480520160117980e-01
-5.303664827545504640e-02
2.722337493399226149e-01
-3.360335093888830449e-01
4.112946106688849524e-01
2.497078953252030928e-02
5.961907415369386287e-01
-3.226882044166242552e-02
-3.610970784584610627e-02
-2.525380852743283056e-01
8.619257483794883212e-01
2.145861427632650698e-01
-1.939168897592054297e-01
2.732998620153153646e-01
-1.269718557278239346e-01
-4.532451978172855056e-02
3.625581002062720493e-01
7.866404872333655485e-01
1.044170167872579408e-01
4.079689291791158134e-01
7.463904623467517707e-01
-3.592568612848841547e-01
9.837095099302541057e-02
5.101648071913973403e-01
2.699780608983078922e-01
-1.846178518580321448e-01
-6.091495355885533369e-01
4.007443824877104932e-01
6.470533515890386500e-02
6.840599394415669554e-01
-4.997227221358045979e-01
1.632415196617201802e-01
-3.451400084289694276e-02
-6.784190584182453465e-02
2.971105338358449033e-01
8.534428572293283333e-01
3.908125965285917380e-01
-8.669355830297010845e-01
5.914517538114297812e-01
-6.009778320632244153e-01
5.667542564136526240e-01
3.659914904177216100e-01
-4.123644839692066077e-01
6.358561936287415728e-01
-3.331172666784976699e-01
1.093521744733279011e-01
-9.561664492093175927e-01
5.265023164363220182e-02
3.848915545091786128e-01
1.043744974422515792e-01
-9.701450069655688235e-01
-2.766781690324965348e-01
3.911406643877184397e-01
1.061539061089767227e-01
2.130772077259449060e-01
-2.902780760339198629e-01
-5.369610553247585738e-01
4.509175145830355280e-01
-2.638512773812452528e-01
1.781813165590317993e-01
-4.433800301155146339e-01
-3.468911092002331387e-01
5.284814093339660346e-01
-7.299362860294135169e-01
2.846174845451667212e-01
1.913670149689888356e-01
7.222721906188186436e-01
-1.251041910710027349e-01
-3.581024707893864373e-02
-3.768255139811462762e-01
7.450962941434068343e-01
-5.913406495710955141e-02
3.406562617324245812e-01
-7.657083634036142561e-01
-7.562420421992941712e-03
-1.288003184515500556e-03
1.442752048106099805e+00
-2.292746344566833350e-01
3.993986043754023385e-02
1.216839359682023503e+00
-1.575665724594098593e-01
-2.931754138750990515e-02
-4.201946325260828008e-01
-1.401825036512000799e-01
6.454067053911495266e-01
-4.315891122721216555e-01
-3.169930782568039507e-01
1.629201730380180069e-01
-1.086596182315789638e-02
2.332263729724867989e-03
-4.307832365890768012e-01
5.491173470781880450e-01
-1.091193785583742942e-01
-8.725848494574677244e-04
5.485333852887500639e-01
5.712138560348922756e-01
2.009873180709464691e-01
-4.597164643229923464e-01
2.896027612714380250e-01
-4.660775306701839815e-01
1.461279337858193639e+00
6.555079544699624616e-01
-3.540890712203954849e-02
-2.583178031462570190e-01
-7.864138970024998621e-01
3.653603208395401758e-01
-4.903380134085424946e-01
-4.581831921274138186e-01
1.642202953541959665e-01
-5.642560301334339501e-01
-3.340186766448134947e-01
-5.816692556530401736e-01
1.341970997802355639e-02
-3.951348633219469719e-01
1.906988258819004300e-01
-1.927160683221822157e-01
3.259666763747289253e-01
-5.835742810327574359e-01
2.305167014188507502e-01
1.056195849279533278e-01
-1.345899699330819488e-01
-4.139704722787949653e-01
1.502978022266667490e-01
-1.806799337859822940e-01
-2.371102330164065464e-02
-8.172684132418542649e-03
-1.457386360099576228e-01
-5.294691250670131855e-02
-7.861617583397777498e-01
-3.070542581301241233e-02
5.558803774201843684e-01
4.733190852528181836e-01
-1.365896064702269985e-01
1.692705624571015366e-01
-1.325055419027974246e-01
-7.984771005006128242e-01
3.147274421330656935e-01
-1.193425373733792094e+00
9.351624084783173307e-01
-6.232885555823484969e-02
8.219783345792562590e-03
4.584416610646375179e-01
1.180637436407505902e-01
-1.154017536076719086e-01
9.950142314697228985e-01
4.122690042318142428e-02
-6.880989190307099657e-01
-4.507418779633250994e-01
-5.861736939074734844e-03
1.149960481254785338e-01
-3.789521967554764781e-01
4.987924541074684193e-01
-1.099547948354609783e+00
1.053636750953951540e-01
-3.529425126023385539e-01
2.524804881694795999e-01
-4.989252963328153490e-01
1.122613492038623262e-01
-4.276259594602183634e-01
9.704361979733509003e-01
-5.256797154235582914e-01
1.514498852055401745e-01
4.940901243112145735e-01
2.190963435516844748e-01
1.195573565450163689e-01
2.269796424180240968e-01
3.634092354853319939e-01
-6.177562235771328902e-01
7.794997888985092382e-01
4.314915302865049429e-01
2.996635116669412735e-01
7.066042835098410024e-02
3.049704222672565690e-01
-3.073204443910814154e-01
-1.802941251473981765e-01
2.217964523098870100e-01
-1.885016686962654175e-01
5.578994508793284901e-02
-3.524931380799785630e-01
-6.712013321032532509e-02
-3.954291138756255153e-02
-2.206212210977876731e-01
-8.303921879631599029e-03
-4.675600820267623026e-01
-8.389796117837498013e-01
-6.402512944930123517e-02
-1.639585119150755999e-01
1.640753952884702604e-01
2.771736244349283784e-01
6.369182004097824479e-02
5.358613244711246670e-01
1.585343013102200604e-01
1.798430604389525678e-01
-6.746264343019247045e-01
8.839564714368663978e-02
-3.394440850679532051e-01
1.469109957554272719e-02
-1.833492737007866025e-01
3.392195095592599463e-01
5.593475443480089293e-01
-5.545322615694540103e-01
3.901411369642960869e-01
-2.453782600659466795e-01
4.482710553011756693e-01
8.281136922239032971e-01
3.156435015316782500e-01
-7.549910825191888941e-01
-1.772717171077212717e-01
-4.191407410606109440e-01
1.149082307346490778e-01
-2.713202161675760116e-01
-6.322586501329308106e-02
5.851528910310074827e-02
3.453131950127670824e-01
3.594518759260465629e-02
-4.442104940717720440e-01
7.552835415359093751e-01
-6.323631532698722468e-01
-5.859580475695236323e-01
9.741975875886704772e-01
-4.718929296766224968e-02
-5.299171289975677102e-01
2.229756190238097457e-01
-1.062725670634996344e+00
-9.242420750594284584e-01
-1.955709800564232881e-01
2.792158853014101161e-01
-1.706647934558578050e-01
-3.367486204303586916e-01
-1.784569511434555833e-01
-6.570614229674860696e-02
2.588513784278733687e-01
4.838600480129782305e-02
-7.665048098892861539e-01
-2.589884004104295867e-01
-1.615650876207568032e-01
9.154050956824200114e-02
1.540786540791325432e-01
1.201995722692661556e-01
-2.259431746764702792e-02
2.193675247479541512e-02
-1.541812262708110448e-01
-1.406766590021263086e-01
-1.383290051925986086e-01
-6.063708557032071456e-01
2.479887123031638552e-01
-1.194628582664099409e-01
5.143684428576765499e-02
-9.605892798914081876e-01
-1.899662482088618487e-01
-2.511797303165693163e-01
2.057347810889642581e-01
2.168826829510622500e-01
-2.496773693027639490e-02
-3.671282066711352154e-01
1.058199928250906467e-02
9.819050200874110054e-03
-1.196288683122138791e-01
-6.680859396965259378e-02
1.718977566377670740e-01
-9.168345806019519151e-02
3.431891592544218383e-01
2.825049997225906329e-01
5.280042215253780702e-01
-1.266314853814431984e-01
2.653834827744799285e-01
-9.366501939998553294e-02
-1.718496329805203615e-01
1.671868070905914994e-01
2.179848592424294129e-01
3.653754731464166350e-02
1.644404371559700373e-01
3.809442842707237986e-01
-2.352579013732439273e-01
-7.783839869789781207e-02
-2.645184121967253388e-01
1.620070776601364726e-01
4.957872026640090107e-02
-2.871706420189923392e-01
-2.737525070294724583e-01
-4.192385820275658093e-01
-4.718887619808196376e-01
-6.614255085337908957e-01
-4.472777268120461391e-01
-2.258172053450431260e-01
-2.435018785239590478e-01
3.478181685714549359e-02
-3.847012133396998657e-02
-1.614903614901525564e-01
-1.741437850246328745e-01
3.949604335634916419e-01
-6.774301764575664242e-01
1.447742879445187147e-01
1.124908111217275630e+00
1.249258144655664288e-01
-1.841976383025825947e-01
2.391740705924020119e-02
1.713861763363795643e-02
-2.950506571632098302e-03
-1.954466837608500873e-01
-2.665423524262222621e-01
4.738588132445619716e-01
-1.584501935637309955e-01
7.224944174042122746e-01
5.255994751570550738e-01
2.441654802002296842e-01
4.751996071643034038e-03
1.724664460781846487e-01
2.391034463379610175e-01
7.659993521658314992e-03
-2.008284288138331986e-01
-3.183825225562388339e-01
-3.848709478773579273e-02
4.177781380385542712e-03
2.470336658660583495e-01
2.511979828833701411e-01
2.124902034194339207e-01
7.298344618358537650e-01
-1.472281917072761070e-01
-1.672247909527658782e-01
5.369538019004480717e-02
2.188749872126082852e-01
4.191045575288874364e-02
-6.749510166760201990e-01
-9.051865960855783877e-01
2.327294794697861713e-01
3.978019024753909894e-01
-1.997835578185449407e-02
-9.209951546551413404e-02
-1.072660459103095543e-01
2.106014963410625732e-02
-2.877843735800942881e-01
2.819693731228742339e-01
3.552254477733040455e-02
9.524689335653871436e-02
4.863460639364165783e-02
-3.334519073313186865e-01
6.697360372863498945e-01
2.713486419492973090e-01
1.050013235176255610e-01
-4.096665070208225790e-01
-3.693703510934129852e-01
2.532278203207462552e-01
7.934697212013792633e-01
3.697779531636009170e-02
3.321247271782110794e-02
3.743451948347196745e-01
2.407518425896488512e-01
-2.490187438469595449e-01
1.884348915227228582e-01
5.305832567312496195e-01
-1.891631422648645811e-01
9.116266100915041415e-01
2.828986982882939483e-01
3.027656230930387826e-01
8.322741917699737202e-02
5.107794728601747214e-02
-3.396221950715286875e-01
3.472856904601565597e-01
8.519037870521128930e-02
1.577233480855998460e-01
-6.029999815889737491e-02
3.255265216647154070e-01
-7.480385644980848403e-02
3.351618584932906236e-02
1.556736135440593971e-01
-9.164108587291656949e-02
9.559524981999645288e-02
-6.727164867042541019e-01
4.465610012854856481e-01
-2.975449565178915901e-01
4.005294495894510809e-01
-1.405358776428693723e-01
-6.109334277266295077e-01
-4.611472499540936187e-02
-9.532017146133964225e-02
1.487714336567759477e-01
-7.068290834041474069e-02
-3.091168185929951684e-01
-2.965834314104264791e-01
-2.439953206302867272e-01
-2.427700750497564508e-01
-1.763575608385493376e-01
-5.454004762773589920e-01
-8.885589049019353147e-02
-3.200586245971891869e-02
-4.334719871710040473e-01
1.350093908558350764e-01
-5.364596134793582216e-01
-2.668778475944555417e-01
3.554080305212980462e-01
-1.418503801015222054e-01
-5.391141192129209753e-02
4.138619736615216649e-01
3.810680267874205218e-01
-4.502151635500432625e-01
-3.758331415674858178e-01
-4.752797146569422981e-01
2.566192237728585901e-02
5.328037976572141954e-01
1.754702685894187764e-01
-3.272217345489505380e-01
-2.105297921864710542e-01
-2.621914966012769965e-01
-3.335869246269040356e-01
3.154751665499299085e-01
-3.937060826796745516e-01
-3.616027412771817273e-01
-4.992013559924707855e-01
-1.187716001903682365e-02
-5.497228010088018868e-01
8.211861436280913640e-02
4.905703225056093353e-01
1.920467542074999479e-01
-4.917330919027445013e-01
4.291733612287714772e-01
-5.660604168723842866e-01
8.740719356988215782e-01
4.584789701885943342e-02
-2.438773680114374454e-01
4.012039574877354631e-01
-1.228748414052050625e-01
-2.620426796125726043e-01
1.960551252278535106e-01
2.710709102850567542e-01
-2.858357973242069416e-01
-8.589659396190113538e-02
1.310424178654904792e-01
1.062884609309867834e+00
-4.745657323558128554e-02
5.605019446304919384e-03
5.336489829303400073e-02
3.997846960454230492e-01
-8.436295017683001496e-02
4.337363507845142796e-01
-2.200378071110917211e-01
5.475251795125398724e-01
-3.628439461386169240e-01
-5.806813675527809915e-01
3.201267303243550133e-01
4.332424428699880870e-01
3.132429192438944687e-01
-2.570174045945676222e-01
1.086813921229865725e-04
-3.036608569321188056e-01
5.337265583674257602e-02
2.182090631529446934e-01
2.655403192646633714e-01
-5.782666931315153525e-01
4.269188409655984978e-02
2.556854372057520419e-01
-1.508255843118312678e-01
-4.308756702350137746e-01
7.216393441563214717e-01
2.524368872506245198e-01
2.685683087505624234e-01
-1.446621256335695882e-01
3.953516780800194752e-01
5.646220971229477525e-01
5.387004992584901869e-02
1.200391604691419256e-01
8.611112071262132239e-02
-9.301964500962702984e-03
1.059773797933416389e-01
-5.716580050022254667e-02
1.423075885564083209e-01
2.132793602759490981e-01
-1.259837738382492134e-01
-8.066773900290781507e-02
-2.590082055158589580e-01
2.630861665571881391e-01
-3.267783909616840676e-02
7.523404122801079508e-01
7.036719089105583635e-02
-2.033694481703391677e-01
3.105543348073984888e-04
-1.794224861750882694e-01
4.378848507079815544e-01
1.357049151725782943e-01
1.770469062730331833e-01
-1.565571434679492724e-01
-1.274558323127982784e-01
-1.705387329651304740e-01
5.788582073440838860e-01
-3.567969170495378650e-01
-3.509565178295284693e-01
-1.068509211952901883e-01
2.197318641234360381e-01
-2.415352218824625904e-02
3.901676927527825134e-01
7.808152548572128149e-02
1.526464452536830108e-01
8.894852374240913573e-01
-2.434731043720280985e-01
-3.061591102756559546e-01
4.061594794092547867e-01
4.126906696675409353e-02
1.655028198139838480e-01
-1.007677272350061104e+00
3.645956930917273464e-01
3.004839078481348902e-01
-1.042278596193346951e+00
-1.849700589085281899e-01
-5.482357743517196624e-01
-1.355422798195225154e+00
1.772646918930809723e-01
2.832778565130940618e-01
1.423631200224061977e-01
2.714715705762902331e-01
-4.220454429105505723e-01
8.609656459888894720e-01
2.082320177572123954e-01
3.535863573693245887e-01
-7.895485880796359046e-01
5.663347722445467580e-01
1.222816547525602399e-01
1.101207082900323098e+00
-3.062817190565894632e-02
2.036628131516746432e-01
-3.434102550316917718e-02
-2.220319866465355341e-01
-4.436315530009391495e-01
-7.897089011421157823e-01
-6.753056566600755817e-01
-2.377441593889464411e-01
-2.634592314794549361e-01
1.139089452482972414e-01
-6.230522216507106831e-02
-1.184415047645877905e+00
-5.288405288529747506e-02
3.585036203912444347e-02
1.732375257517018985e-01
-5.814458109631033267e-01
7.158741305304759661e-02
2.067939130315553098e-01
-5.547048785514749891e-01
-4.136803028722086939e-01
-1.196174351880370523e-02
3.400165510744125319e-01
-1.677811221319326640e-01
2.392063085123152244e-01
-2.301936450795176448e-01
3.486134403060736076e-01
3.257458784913878080e-01
1.732231875712789138e-01
-5.734943813380973809e-01
-7.795973769615528459e-01
3.810341671783761819e-01
2.351971289323600556e-01
-3.338068359769675308e-01
-5.533272185715544245e-01
-1.825018867088358254e-01
-3.135286338102801218e-01
3.352227701694397433e-01
-4.708423574893095265e-01
-1.364153248712924038e-01
1.964004712554101306e-01
7.903922649699863801e-01
-6.296245501023385593e-02
-6.851773725582151198e-02
-5.445311376798044334e-01
7.412923943498318617e-03
-3.497207707470152971e-01
-5.195231462844298598e-01
-2.098737706137988324e-01
-1.011491085215836305e+00
1.017285763097644846e+00
4.862767450617573317e-01
-3.336111624200460146e-01
1.406673222057695793e-01
3.070653688914389834e-01
9.827845517104380479e-02
-2.540363969295522106e-01
-2.163380059496327890e-01
-4.446729702189889943e-01
-2.150178667283550171e-01
-4.181309488054329448e-01
-3.384904524479414034e-01
3.593110525926564436e-01
-4.634970698701047082e-02
2.758753199556131675e-03
3.036118006211450671e-01
8.715519167048955129e-01
5.589603276888029937e-01
1.895829666582509454e-01
5.056233474488316393e-01
-3.607994205400002485e-01
-1.562194728320251691e-01
3.100107261202363351e-01
-2.160284317578901880e-01
1.161349391482408705e-01
-3.692889852483808300e-01
-1.035806758717207621e-01
3.785275763500188240e-01
7.349571994295180932e-01
-7.504598717991292078e-01
-1.762341285488356613e-01
2.427673252470016474e-01
1.984564247051729541e-02
-3.590319735292770154e-01
7.205949021963479195e-01
-1.195615111305967510e-01
3.134145502888117107e-01
-4.719054468840059857e-01
-1.418872390968762554e-01
6.451358611156022826e-01
7.113581500467780483e-01
1.417225110687017064e-01
-6.815935263849927372e-02
-1.620222169441050686e-01
5.796774093037173614e-01
-3.358979001437470413e-01
-1.220819656670206754e-01
6.008658196840563348e-02
7.994216740681145406e-02
2.960120375588327080e-01
1.456475828798836358e-01
5.288908128434646194e-01
-1.053368666286955552e-01
-3.690896485100542135e-02
-2.742406382826851341e-01
1.610817859057605064e-02
4.428773510544851966e-02
-4.715434418304645936e-01
5.807806677346666335e-02
-6.861735653538652002e-01
-2.460830849379700147e-01
3.214058388297951208e-01
-1.904343576089641832e-01
-1.509147939482437528e-01
-2.907630663185292175e-01
3.568889578194732182e-01
-6.758380624065114528e-01
-3.612541205364479951e-02
-5.292081007141342663e-01
-9.356613618805287302e-02
-8.537509821452702319e-01
4.575539784109074887e-02
-5.094489800528347045e-02
5.644222692761850096e-02
-3.019794642753567127e-01
-2.026817640729273659e-02
5.489561732119005999e-01
-4.851114057331524787e-01
-2.044549855081518319e-01
-4.171204638809232756e-01
2.957611946951818060e-01
1.889422170903939657e-01
2.269369571463378255e-01
-1.142723999161237985e-01
1.793746293739074127e-01
4.706333087896397149e-01
3.192110843747320570e-01
2.018031538157462335e-02
-3.783031481604667290e-01
-6.238668975135285705e-02
8.965585620585017623e-02
-3.584439232397780284e-01
3.215236027333838731e-01
1.544863107064730068e-01
1.616473121348530329e-01
3.597583154992699539e-01
3.452852164048655359e-01
7.067394850346864210e-02
7.226788634060782313e-02
3.784026510313312497e-01
-1.642276319376666793e-01
1.263285629923121926e-02
1.037612436948777417e-01
-2.968554740595158448e-01
1.347381062956950482e-01
-8.599090236473748705e-01
-6.694977546283503722e-02
-1.837473823168241649e-01
3.175170150912127731e-01
2.347775095737716089e-01
1.725546206032921859e-01
-5.017210499511652599e-02
-1.194743545962174136e-01
2.165103189315728538e-01
-2.036819340523941813e-01
-5.316691664956166991e-02
-3.234912664239097402e-01
-2.080298304342504401e-01
-2.014027350858890730e-01
2.643957177885590815e-01
-6.683684380517199708e-01
1.471251624972724492e-01
2.344437227315779998e-02
4.526841741235148597e-01
4.465938256384745508e-01
-6.345590909638476607e-01
-2.764510119068214755e-01
1.416310176046856606e-01
1.903197003658090303e-01
1.230457024836767166e-01
-1.034816056425133191e+00
-1.638909081966639203e+00
1.142139554904809950e-01
-8.753483894612673621e-02
4.154019746421437342e-01
3.407497172843313993e-01
3.490891273547483409e-01
9.757334197814395704e-01
5.629000630426034268e-01
6.985161175056172622e-01
-7.703099203510488380e-01
-4.543832971444521779e-02
2.157555969532500284e-01
-5.308600198703959661e-02
-2.814379484889141247e-01
-7.318354104967496054e-01
-3.543841799380328950e-02
9.992966555740245838e-02
7.024963118034782683e-02
2.640561560263642304e-01
-2.453342048695620059e-01
-8.412247734205393623e-01
3.040518992062853920e-01
-1.190855741034122922e-01
4.950561259552103133e-01
1.927000409725354579e-01
-9.362655705531705563e-02
-1.231742591072162996e-01
-1.730510328885775106e-01
1.450068329528755973e+00
1.356016447230073974e-02
-5.039271986534559211e-01
2.880613099145345468e-01
-1.718793021105257945e-01
9.918747344287113243e-01
-7.687188854806724647e-01
2.228158540081412453e-01
-2.242631967710337348e-02
8.057347549577196233e-01
-1.242073415799089392e-01
4.495403164578632982e-01
1.459425607024481542e-01
1.217913078482022876e-01
1.694001861414999310e-01
6.792019903298742722e-01
2.625111992732457877e-01
4.711397776138948751e-02
-3.599722303449946065e-02
1.477004918536503897e-01
3.802687401238868392e-01
-1.188375541812054931e-01
3.468109842561067357e-01
2.332724323217285345e-01
1.846923042534028836e-01
6.190515386960691036e-01
-5.130071019254062170e-01
2.224430001005831825e-01
-2.663082678843771145e-01
3.228442884518334388e-01
4.184329836673088276e-02
3.343263741573705983e-01
1.812448100411500340e-01
9.772650770160079547e-02
-3.508227782016524327e-02
-5.495783303403710685e-01
2.909429749158040646e-01
-3.021126508805713762e-01
-7.214826609768137944e-02
-3.059959524888723470e-01
-5.385977988894934398e-01
2.488487469775656491e-01
5.633329532396177258e-02
2.277663940299299028e-01
-2.997344867238379562e-01
-3.785688511682274160e-01
6.535943475029172556e-02
1.295088710571366125e-02
9.306721877476106103e-03
-2.845237325829388930e-01
-3.045973274263331088e-01
-3.651806823133411095e-01
-5.111194886620180622e-01
3.271386967536725754e-01
4.987302067054758675e-02
2.460744855661783914e-01
-1.665214194009839443e-01
4.677041528500177625e-01
3.583953020064277184e-01
4.008935727388706627e-01
6.187522518728592047e-01
-7.308737593520815423e-01
2.870781024395513970e-01
4.123774382665140736e-01
1.215362662005584626e-01
-2.949384185604340125e-01
-9.323363857043875935e-02
-1.503664260774671968e-01
2.155772555521721368e-01
3.452513799265211070e-01
2.115970939035960452e-01
-7.873102907422926955e-02
-5.408921548816103542e-01
2.171215689010564109e-01
5.648472854064374715e-01
1.523856249955129194e-01
3.907475940453783436e-01
1.096840611590532977e-01
4.353833002813848330e-01
4.488471588492750491e-02
-9.077657366470268455e-03
-7.914059704530913564e-01
-5.939017357386539020e-01
1.848792267883259954e-01
-1.123150344699540004e-01
-5.643827907398863974e-01
-5.899350185448364314e-01
-7.134008258043975648e-01
-4.072168172022289645e-01
-1.203543093995578656e-01
-1.239222231993484524e-01
-6.582867134623043848e-02
2.318948513471935924e-01
-3.201035972664262319e-01
2.592744685265554461e-01
9.794801293311668211e-02
3.477603760360956642e-01
-2.808578286583193195e-01
9.699869583053949418e-02
5.185703835138402162e-01
-5.837515398704628405e-02
-3.204729091054066004e-01
-9.707801924480423394e-02
-1.752790162400569285e-01
-3.516388921094787401e-01
2.304800238255322042e-01
-2.884408998968020499e-01
-4.294991866372304540e-02
3.221801207120787713e-02
-1.674185803572883838e-02
1.273124390878907219e-01
-3.290220376270422964e-01
2.211633388257488314e-02
3.435045404451799594e-02
1.317511227363750981e-01
1.088567151864061056e-01
-3.734395362929598394e-01
-4.822940154892110809e-01
-7.270791347486106615e-02
-1.716282878114518129e-02
-3.375000647200896986e-01
1.544528791662193867e-01
6.732817235302514247e-02
-1.066468938016051915e-01
-3.103795567113103449e-01
-1.705817114157145153e-01
-9.280472615549469062e-02
-1.614862191150506221e-01
6.155987977555227308e-02
-5.130154809010617489e-01
2.927185423856550894e-01
3.040735808622440084e-01
5.615170009675621299e-02
-3.234599967718965741e-01
4.497853740215916885e-01
1.477678483566684069e-02
-2.164442221328825855e-01
-6.990335489980156747e-02
-4.006329341410722923e-03
1.591726932560486307e-01
3.980197321777533687e-02
-2.801629181344870156e-01
1.926781683795581457e-01
1.231589445178043613e-01
4.925997008346303385e-01
1.667927531255770646e-01
-1.245183094431907694e-01
4.536788074602032816e-02
-1.983408734090987002e-01
3.178177968406256659e-02
-1.991426475109160377e-01
-7.066525087117422887e-02
-1.015595095947106064e-01
4.753459123662502894e-01
1.467023123983960120e-01
5.445336431049218051e-01
2.589492151516685214e-01
7.486993168696269851e-01
4.736606099808572390e-01
-2.715185125327737592e-01
2.255364124175928409e-01
-3.307370442342305594e-01
-1.492517342965930249e-01
-1.227004646589158893e-01
-1.969521982532715376e-01
-1.005651762230714619e+00
1.451887153613876658e-01
-4.225726275355662920e-01
7.104919326516039302e-01
-4.892816312779072474e-01
3.695986839037885413e-02
-3.718469709444542914e-01
-6.621788803468686702e-01
1.816733795701281906e-01
-3.148447910596801624e-01
5.801050404101550928e-01
6.070857635427117510e-02
3.807093552645570700e-01
4.326361767132374386e-02
-3.285091495413774987e-01
7.964641295884355987e-01
3.813457642773925294e-01
-1.084578567815103617e-01
4.245386329304185469e-01
-4.148506833191320520e-01
5.816876326763817731e-03
-4.954359044718108507e-01
3.301356134398394926e-01
-4.601370806944713593e-02
3.299082593731869628e-01
-6.103592964346147426e-02
-2.894574729770108545e-01
-3.758913519808428916e-01
4.321170585688611787e-01
-1.646561687037394195e-02
9.759511086549417513e-02
2.093723887274462347e-01
2.151650550059940326e-01
-5.420324370004795389e-01
-7.151647082388289112e-02
2.457657011830403360e-01
4.713114540384638618e-01
2.217559613946195052e-01
-9.223093207689907203e-02
-2.597308381475785591e-02
1.840538111580643788e-01
2.281985978780601554e-01
-8.557498146272338180e-02
2.096703041463449935e-01
4.967326096414511616e-01
-4.697133048020968871e-01
1.966390887342286120e-01
-4.019752976275068890e-01
-4.222586165853117746e-01
-8.140807250683461671e-01
-3.327672590707786426e-01
-4.511131904360778377e-01
-6.458344181739297807e-02
1.752741836443283407e-01
3.197100063059734598e-01
-8.064124480242125248e-01
5.379536328800899048e-01
6.424958261486858613e-02
-3.012892679335775759e-01
7.401996439568787889e-02
3.804653316315451672e-01
4.814973566908104519e-01
-1.331389710298949702e-01
-1.778458214231724566e-01
3.141482417802377025e-01
3.679230685040812965e-01
-3.051177727830767794e-01
-1.706287787813047796e-01
-1.117940504419652897e-01
-2.843287131429109160e-01
2.697725962696316260e-01
-1.153760358668218071e-02
2.770507052373905391e-02
6.465544474441583533e-01
-5.036852100494067924e-02
-5.005938822998982074e-01
-7.742736447923630194e-02
1.118205135749304330e-01
-1.531664024522277345e-01
-5.093478054258571835e-02
-3.240669645161801116e-01
1.469517560078276441e-01
-2.177450973077457441e-01
7.518953733749219603e-01
-1.221028439815002309e-01
4.715965706250595524e-01
-4.494041832591217922e-01
5.137800578613391234e-02
-5.734361108313719146e-01
-7.844162862560443150e-01
-5.387492196321056470e-01
8.336231345079224697e-01
-7.408452545970222181e-01
-3.901110018138097546e-01
1.961679497713350595e-03
5.142453721302023828e-01
-1.941009900016601175e-01
-1.936579355514694845e-01
-4.936229278464278059e-01
-4.353439614241380595e-02
-6.252264943514614925e-01
1.304475312568691703e-01
5.577276007790157308e-01
-7.358587598934714091e-03
-3.562621735649512122e-01
9.063844081175617129e-01
2.599935032215277414e-02
-2.050422161658179143e-01
-6.772822555076620787e-01
-3.012660592443676122e-01
3.321414652379579557e-01
7.183163637852733041e-01
-9.801838942230989282e-01
-1.741834686508504926e-01
3.010906003213433824e-01
9.295512876469312902e-01
2.959373574636501303e-01
-2.541698830076821181e-01
-5.328002243951023287e-01
3.097295721162136861e-02
-1.070476409921725935e-01
5.707343536015500041e-01
4.199124392564861363e-01
-5.682673906192157176e-01
-3.999907384729552984e-01
-5.617797508690610675e-01
4.836868922101728724e-02
2.726788632544455693e-01
4.974285280984129254e-01
2.848713125199834884e-01
2.609283507684522982e-02
-4.139860560569710857e-01
6.543209131445056892e-01
5.522775726073714253e-01
3.931099364025674586e-02
-2.738351908512317578e-01
3.206392446323336753e-01
3.811861161984201815e-03
5.446543496080591407e-01
-1.347513118535481960e-02
9.357674880284304331e-02
7.375320675289729830e-03
-1.497533237182514798e-01
-7.684133633786765366e-03
5.955198848369491760e-01
-2.525748256974341688e-01
-2.126192127778624985e-01
-3.871919637061178032e-01
-9.508140397803795107e-02
2.130642660296442059e-01
6.097833807942000250e-01
2.849262464183924346e-03
4.318906987879336801e-01
1.337473959620613662e-01
-3.714478483705482281e-01
-2.759584823666036413e-01
3.667784642110183957e-01
3.780911534549019626e-01
3.837622090846085632e-01
-2.368816780094228913e-01
7.727175099991180629e-02
-1.333686155265943751e-01
2.052529389728620368e-01
1.975314302369806652e-01
1.286740014601397419e-01
3.715367736889516603e-01
4.505654197040344644e-01
6.594850088893294826e-02
3.098283602174629545e-02
-7.032884209228971173e-01
3.730837835047175477e-01
-5.908863188653000476e-02
4.769330219778275537e-01
8.211921990478397715e-02
-1.191554201342150815e-01
-8.977120843782532278e-02
1.597580212418096002e-01
1.804724773408678262e-01
1.939265491411512610e-01
-3.993205971270902821e-01
-1.655790352593633219e-01
-5.470977851595401065e-01
-3.106904005252889567e-01
6.127949079799834692e-02
1.492202458953626187e-01
-3.754263702193730845e-01
3.996180948470937772e-02
8.471429620921146209e-02
5.358903949814992629e-01
-2.484026503283861265e-01
1.584492783801437210e-01
-5.823193015202718370e-02
3.905067304596421818e-01
2.316711001714513996e-01
-4.910275466644383746e-01
-2.747212474687009687e-01
1.644628882158190863e-01
3.173449749792499608e-01
3.997393491379552799e-01
-4.367796096777365467e-01
-1.138695163515353742e-01
-4.749739075161346635e-01
6.014159143165614951e-02
7.109950997773795134e-01
9.501503344829757836e-02
-2.947851137478850747e-01
3.274579488074202266e-02
-2.733678061770822842e-01
2.062790406417839284e-01
7.485810693888943490e-01
-4.044047386467775757e-02
-1.153887766366049172e+00
5.069918823765325877e-01
5.493916879674921594e-01
-3.802786458260897229e-01
-5.640309043927786981e-01
4.124691659654935311e-02
3.233263398839540392e-01
-1.470187132380920136e-01
-5.634721267418959512e-01
1.510439303123581600e-01
-4.089714545248542832e-01
-4.421897590188093585e-01
3.127785040551573498e-02
1.611764604411505264e-01
1.240889206368975539e-01
2.608554555690879018e-01
-3.938294948113711946e-01
2.208948300653407748e-01
2.617663339352351015e-02
-1.932675819000261586e-01
-8.065967169488170996e-02
-3.566806120032718908e-01
4.081996888089491071e-02
-1.004137878315688459e-01
-2.219893327393441806e-01
-3.181511700539055298e-02
1.933904712065471210e-01
-1.116364750626443747e-01
-3.458192787490396714e-01
8.160847184863870285e-02
-1.427261744565489210e-01
-9.104221060686009184e-03
3.278155358334453040e-01
-7.697487908737023210e-02
-9.178557791294363055e-02
-8.731670243275380106e-02
-6.173299140682723257e-02
1.951680265040072193e-01
6.371661361901527487e-02
2.804350479684147163e-03
7.827455248897367823e-02
-1.982378284083897713e-01
1.386191970380623861e-01
-2.647379686887497696e-01
-9.116215609458727664e-02
-6.098328709407552228e-02
1.411906812576183001e-01
6.815078007514663609e-04
-3.322789108288981552e-02
2.033138091717009155e-01
1.345021771725481430e-01
2.197900013209580228e-01
5.356508655877020297e-01
1.896783258924741519e-02
-5.037057535475590875e-01
-5.294489885130911760e-02
1.404284722743184832e-01
7.693041445109398691e-01
7.802271128099729225e-01
7.919090460273924270e-01
-9.535214506607305740e-01
1.634194293181302493e+00
3.909375916214487545e-01
-1.326508426877868185e-01
-1.055286481524032816e+00
6.220822864824031573e-01
2.383488413179267462e-01
2.646855997673656091e-01
-1.793871449634918958e-01
6.446982689243677678e-01
-2.681252436780277026e-01
-4.707653446496410377e-01
1.976478054493318315e-01
4.583614208433323123e-01
-3.393114948659953223e-01
1.928600467218351544e-01
1.272189016288792218e-01
3.767427720900358157e-01
2.434405804472473678e-01
-9.202020219761229691e-02
-9.941436637059670733e-01
9.448319548482343455e-01
1.050273837006281269e-01
-3.896080335784639359e-02
-5.993739476801513977e-01
-4.430562948396818967e-01
2.014950595373530551e-01
2.842042455763126307e-01
-3.062585774569284158e-01
2.734979921171143968e-01
-2.569678587620568000e-01
-7.648092079567518804e-03
-2.498830272849504319e-01
1.969692882302909870e-02
4.824213751187527710e-01
1.142841465021726260e-01
-2.852192612832022411e-01
-6.838185300332566552e-02
-2.161688298526813767e-01
-2.464990959922705727e-01
-3.041714588804727420e-02
-2.174461587278225805e-01
-1.435113634876981903e-01
-1.990764909288669782e-01
1.228179189785269187e+00
-2.652013715953249404e-02
1.269562194988609338e-01
-4.929112627026718263e-01
3.092997428839882601e-01
9.196069610887407098e-02
4.688437908447615210e-02
2.996374608122781003e-01
-7.098367785138237629e-01
8.436008388650501066e-02
-1.561136497972404058e-01
4.413779121410264100e-02
2.661510364775026560e-01
6.069048818562861047e-01
2.432492463853700992e-01
3.118487498983177897e-01
-4.832992448808353658e-01
2.874105701734233076e-01
7.196429886687378819e-01
-3.870004421777322595e-02
-5.557012608621423322e-01
4.207632341183377700e-01
-8.372934291041499166e-02
2.829422208189925070e-01
-4.734926366344265336e-01
7.838198234408851051e-02
-2.873888821233125945e-01
-1.835610895816684740e-01
5.960322339700202532e-01
1.262749930150787181e-01
-2.462344153658345691e-01
-2.084867136980769198e-01
3.855588638695790771e-02
-1.356455733654553589e-02
-2.793252938292451956e-02
5.542692951669717961e-03
5.804838283154485357e-01
-4.490395969927408193e-01
-1.755501370506755143e-01
3.660891261828103094e-02
3.388115004930305485e-01
2.079700920504139183e-02
-3.413888325885282571e-01
-6.671930174570779581e-02
8.752249229402486730e-02
-6.961458800928857493e-02
2.550095242397301676e-01
-7.266767963203676906e-02
2.619763297545081304e-01
3.290030330580956952e-01
6.756565895783322485e-03
4.921634147395789194e-01
3.801546651974910263e-02
-7.901283970266184675e-02
-3.726053732113557837e-01
5.908337066397824078e-01
3.035855836755158577e-01
-3.551329444603069652e-01
-1.047872000362181977e+00
3.545846503024595031e-01
1.119581691496792653e+00
1.387452599937009923e-01
-6.049217203339642968e-01
-5.444959538249641295e-02
4.566889956902988046e-01
1.747313772992494796e-01
9.787485149762457926e-02
7.382306110690030065e-01
-5.174959330788647671e-01
2.482008463951282107e-01
1.776929523561466759e-02
-6.071712299268072072e-02
6.774093316281723509e-02
-2.761000301400358126e-01
-3.118893902452990474e-01
-4.441729479193916585e-01
1.291480221572989529e-01
-5.320314345421713886e-01
1.925640496371421560e-03
-2.266545961056922187e-01
8.312132924721109539e-01
-8.065465207961503014e-01
-1.933846733945326080e-01
4.140994223302235655e-02
1.019476046770824429e-01
3.107304974692827737e-01
2.293133258165241106e-01
2.354540396154677362e-01
-4.411902050040101275e-01
2.209934777446761200e-01
2.270876790537534329e-01
2.379164730838095043e-01
3.818129092380319611e-01
2.732417309701605235e-01
1.004147617081183608e-01
3.071291049186557487e-01
-6.240953744926901470e-01
6.518470475656713559e-01
-2.749202799878722736e-01
-2.321790438077611651e-01
2.571343538462836364e-01
-4.517991849984734354e-01
2.820216194306939261e-01
2.251950244323543404e-01
4.618984739224381020e-01
4.150534505563504561e-01
2.984901480907226068e-01
6.882213186378213776e-02
3.584992492572703499e-02
8.302996685510068142e-02
-3.210209954810060162e-02
2.023376514483385402e-02
-2.463894220594905482e-01
-1.931007159975239029e-01
-3.029405003510183061e-02
-4.510066326828118255e-01
4.200374373368443576e-02
2.666953593750426288e-01
1.616959817884381923e-01
-7.337325576791492443e-02
4.143977213256963554e-01
1.707833780605454710e-01
6.197143211109194805e-02
3.556863299468421835e-01
-6.054597528723478644e-02
-1.793410861120927347e-01
-1.829253250312355694e-01
-6.675650457682169581e-01
4.345308100523553874e-02
-5.272194731233926790e-01
-2.605683671980380534e-01
1.710353259081890398e-01
5.190124414036150213e-01
2.688779502567670288e-01
-2.433840452503867324e-03
3.157076079025946669e-01
-1.119707800308054613e-01
2.603160125026131033e-01
8.350635103693607175e-02
1.942440332795128954e-01
-2.855743876453853969e-01
6.212826345731369271e-01
7.643044946680123929e-03
1.016359359924783878e-01
-8.521240293245679887e-02
3.572916657399966001e-01
1.845555513277562787e-01
1.002751859171487486e-01
-3.770529731595664291e-01
2.803341523629337972e-01
2.139391373045762546e-01
2.725072956937237348e-02
-1.271049308958504577e-02
1.368045262830664410e-01
-3.380586017198894400e-01
2.273777584837456123e-01
-1.725639728135058837e-01
-7.559725268574393198e-01
-3.286767816725220115e-01
3.824067806011832715e-01
1.277681327989088900e-01
-4.700091974235866554e-01
-1.927718399879920635e-02
9.725724315028251576e-02
3.270130703079303647e-01
2.235676756897688466e-01
2.321327465671083889e-01
6.386866418187479855e-02
-4.026212292384021563e-01
-8.231721709292338929e-02
-1.753430108381929531e-01
-4.609349638551436534e-01
5.041761497855008073e-02
2.615616216476811529e-01
-4.216707597315140776e-01
2.532868925658183779e-01
-1.494533693518217965e-01
-1.307436588142108780e-01
1.053837312201511833e-01
-3.837079932524619097e-01
-7.403638737428423766e-02
3.260318902531930685e-02
6.524752148265754170e-02
5.707667550581561194e-02
-1.695420147558950597e-01
-3.207693515939235955e-03
1.842416210274556987e-01
3.712611567125522760e-01
-5.816369875982755483e-02
-1.159719264477436645e-01
-6.349453094543637821e-01
-1.978150485000638448e-01
2.799385446612268069e-01
-4.388937323057604534e-01
3.147719894890371184e-01
-1.624624736290475047e-01
-3.715735355488304914e-01
1.016837025537776079e-01
6.474000659563326765e-02
1.568747112680282108e-01
1.055616563094474436e-01
2.411555676252834790e-01
1.051188073540926665e-01
-4.967359171230967263e-01
2.185426095604864893e-01
-8.697206141049533545e-02
-2.481523333295385936e-01
-7.192940610182335659e-02
1.820095495108454697e-01
1.269821968320859473e-01
-2.518310875086809397e-01
-2.112017614471628502e-01
-8.870493762773966340e-02
-1.668926978528778929e-02
-2.438119063799402270e-02
-5.003616976392556426e-01
-1.871802121528009510e-01
3.014733529871500752e-03
1.846306484781835011e-01
1.400063225171943870e-01
-1.290804262955149995e-01
-2.865483815825780600e-01
1.961769495346618875e-01
-1.002514067086392180e-01
1.181226394033429994e-01
1.640770683627622642e-02
6.976620558060149524e-03
-3.969917695163583393e-01
-3.601176117549914069e-01
-2.117188861445927842e-02
4.468856590100032250e-02
-3.676066815401633492e-01
4.114527231249096584e-01
-5.652830119000500364e-01
8.754452202084446466e-02
-2.432723721426541530e-01
-2.811841408816370125e-01
5.225429618278168986e-01
-1.688583989452904777e-01
1.446844254103946403e-01
-2.267018457371564322e-01
3.993568376630683980e-01
-1.717084425328786468e-01
-3.934501988487874580e-01
1.931108543425954227e-01
-5.837674984443230741e-01
3.349350888130236958e-01
-7.662514848203189066e-01
1.738683778760126974e-01
4.188381995831897964e-01
9.289607495734381049e-01
-1.272948893836918505e-01
-1.558273363124527133e-01
-6.793158171683635893e-02
2.461806766993867301e-01
-7.824685680897715268e-02
2.037053427046742471e-01
4.787766656297896550e-01
-1.122007575233187893e-01
3.424745149763319674e-01
-1.093393911166125498e+00
5.639042314550717361e-01
5.249185823351717461e-01
-7.323819308545578277e-01
8.024619671645204511e-01
-7.231632656558263372e-01
2.582894195183919606e-01
-5.351743356459351952e-01
3.129548041216725363e-01
1.648068670648943801e+00
4.932448978510050597e-01
-3.894745426481124873e-01
3.542684260921333816e-01
2.322541198707962495e-01
5.910985638390815478e-01
-7.775350389469198875e-01
-1.839946893122718363e-01
2.522634705555424905e-01
-6.320313550984310025e-01
3.364030439772427439e-01
-4.788990927586199153e-01
-1.237364456743823005e-01
5.502874582946251092e-01
-6.771959403123930521e-01
-8.134511758298050565e-02
-2.450026919330733077e-01
-1.271348459538650666e-01
-1.967768816428627499e-01
1.744913999179381059e-01
4.633458208199316974e-01
-7.295554697530244326e-01
6.553200399566986301e-01
-5.538588321160912153e-01
2.998130166837382204e-01
-1.820127246011131114e-02
1.611293440060159454e-01
2.993814855197002855e-01
-2.601904795521255420e-01
-6.338258380308714468e-02
2.621295864940973996e-01
1.696662872408899181e-01
-1.374421599167600649e-01
-6.783111021846004451e-01
4.098821948407863069e-01
-7.912307412809258533e-01
6.730605733528599588e-01
-3.140691435256547925e-01
1.500546972031206461e-01
6.547617284257754855e-02
-8.847584285710374807e-01
1.151984809526544140e+00
-5.260149602195975937e-01
4.242880412159601433e-01
2.553585602818372324e-01
2.431289623801986127e-02
-2.645256658517447512e-01
-1.124713511073633654e-01
7.160924997768334244e-01
-6.177819336757593011e-02
5.075643738811171923e-01
-3.957980664637551493e-01
1.275382288466520020e+00
3.105758353375258629e-01
-7.439269774358756582e-01
6.176140095514918160e-01
-1.060274125235006748e+00
1.252474272161183122e-01
-3.156777542653678714e-01
5.090695052410153937e-02
7.024634650363836830e-01
6.586782865468348014e-01
-4.404812398783111149e-01
-4.234570105353004932e-01
2.918009292362572227e-01
-4.784227303051485913e-01
5.052175883576587312e-01
-5.987843485256679754e-01
-1.406828509716356000e-02
-4.234342649881724929e-01
2.863573251563672484e-01
1.976821707655538052e-01
1.740256165422186252e-01
-1.056439337196855149e-01
1.298248595190897303e-01
9.239836232317809317e-02
-7.569374498867045276e-01
3.229478868964368865e-01
8.746369094226298657e-02
2.152866242801021734e-01
5.476331972197119313e-01
-7.456741129370569876e-01
3.903401889349315534e-01
-2.025877625025014062e-01
-6.958092724087239223e-02
1.532379087047670563e-01
-1.569737368860185667e-01
4.860897070448914059e-01
4.576170963337927028e-02
1.780198301720539722e-01
-6.379144550109473732e-02
-1.279359022335179452e-01
-7.785761998090919844e-01
-6.706396594544077050e-02
2.831212236790727754e-01
5.659796985576965450e-02
1.018251078746112981e+00
-3.711118392577520964e-01
1.167917272802698331e-01
-1.228428021474293336e-01
-2.772338956670751253e-01
-1.588723554916339487e-01
-6.433547048554644210e-02
-1.122950781932762210e-01
1.296983080483815332e-01
3.764191377591796783e-01
-8.507879562468451118e-02
2.950118526416642406e-01
-3.072765726184263912e-01
-1.459049957218642168e-01
-2.509110091142693899e-01
-3.045371868288561101e-01
-1.479761443874401672e-01
-3.717262597926723061e-02
-9.851108718756064475e-02
3.364901291991128085e-01
3.611453048838889068e-01
-2.515583597538726957e-01
2.825320432989862351e-01
-7.198267809664719852e-02
2.020892769726564675e-01
-8.227010206354784527e-01
2.086391481310749807e-01
-1.165126250006228020e-01
-4.787118974785386505e-01
8.561036638251691144e-01
-7.743553795080231061e-02
4.046349492779299228e-01
1.327792394893887451e-01
2.668799992554461986e-01
1.797792049120314761e-01
-3.697534639534327261e-01
-5.491569064929422428e-01
-6.793453754150043933e-01
1.727146170881500575e-01
-2.646819684832708575e-01
6.474649305305764102e-01
-6.218733075012886635e-01
6.343904648910747568e-02
-8.227263544484215985e-02
-7.403875784470667076e-01
-7.535017570817661992e-02
-2.428817050021876423e-01
-4.415182977601512376e-02
-2.092889322696156740e-01
3.146348249826873000e-01
5.863903720615629700e-01
2.958760967227434535e-01
-1.813609141237693956e-01
2.381363683157859401e-01
-3.073270018832762601e-02
-2.561001110281042048e-01
1.455582853199520188e-01
3.036752578647303746e-01
1.255670359777063261e-01
2.947079723191393594e-02
-7.003200697857996093e-02
-1.156433627006456799e-01
-1.319300488655231474e-01
-2.448550845799042294e-02
9.762031101749966966e-02
-4.087375700974936188e-01
3.522570672452153828e-01
2.703742965275815480e-01
-2.490350301907263419e-01
2.618353168009416865e-01
-3.450560694199335532e-01
1.723316008054849302e-01
1.813505133054391441e-02
-4.793469913994327994e-03
3.449223825462741089e-01
-3.192637361500694770e-01
8.314172347046955291e-03
-3.452369264565037787e-01
-1.539003086421604216e-01
-2.551357812776822165e-01
5.818591778752798538e-01
-2.010719234569096625e-01
-5.751841886096646927e-01
-2.207718862305983187e-01
2.651334673846519330e-01
-1.060665118972625054e+00
3.692654244776541472e-01
2.775257724616294608e-01
1.687398023628849386e-01
1.769460657905747858e-01
-2.705248114825479222e-01
5.447301313716862436e-01
-4.842309573332489320e-02
1.676991754043841709e-01
2.110984504388825900e-01
-4.969365632581548287e-01
-1.036920541297297639e-02
-1.427609672882497738e-01
-3.018398579266750037e-01
-1.813730106799294750e-01
2.150798517604137206e-01
-3.994121206227846943e-01
-4.727819662497941694e-02
1.129461531306425737e-01
-5.371510801863034201e-01
3.360147835422619966e-01
-2.181541353741728306e-01
2.893112095800488559e-01
-1.649827487842530499e-02
8.495169511750225166e-02
7.347237736357779825e-02
1.285927088597381071e-02
4.605275352413558676e-01
-2.651140449521425246e-01
1.618236162667136546e-01
-5.291015790679669539e-01
4.244986751902123379e-01
4.059034184538789503e-01
-4.073490785402283931e-01
6.625625840636689690e-01
-1.086005426873582445e-02
2.876049606646385870e-01
-1.805702941813662823e-02
7.353382845290692971e-02
6.266907386292219773e-02
1.514191327276907806e-01
-4.322455651543113953e-01
6.217881033539891973e-03
1.991367093026484292e-01
-1.331514382366315863e-01
-2.452494272485038207e-01
1.527859697087172348e-02
1.642497270206430271e-01
-3.809673618843477660e-01
7.701177223878672568e-03
-5.828055937970037792e-02
-2.022786098674237976e-01
-1.494828013782401599e-01
-2.072578145866169896e-01
-7.790718428201949541e-02
8.893628699083054590e-02
7.966238800486699634e-02
5.596637004547357908e-01
-2.413350328838412967e-02
-1.173565046280763829e-01
-5.916163604535433773e-01
4.115973429261780003e-01
1.394240082784851120e-01
-2.550874310882400575e-01
3.829875078244199954e-02
-1.265302603710302398e-01
-3.014327072010297356e-02
3.330067464937830346e-01
-3.159438994850131271e-02
1.921629963397905594e-02
3.831155642329819311e-01
-3.424054119690097542e-01
-1.513062627518670378e-01
-4.442037672281717864e-02
-4.929311152569453847e-01
6.937119939325966378e-01
-2.128251881560605796e-01
3.044808351695342252e-01
-5.114894237174099079e-01
-4.054579351834398659e-01
-4.753720255001468997e-01
3.053217201219585175e-01
-5.472334332030888426e-02
9.183236551005888315e-02
6.487690759411304242e-01
-9.609988842579937629e-02
8.289498671094412685e-02
-1.838373566941307602e-01
3.222831329008485346e-01
-4.718183931274532172e-01
4.155841023598252221e-02
1.175814216074882457e-01
2.112592167014996081e-01
2.090134070193151727e-01
-8.083165164510801304e-02
5.234666221338201558e-02
-7.450733249335841912e-02
2.443312832858719197e-01
-1.487279954164194007e-01
-4.045939845576574934e-01
4.391918114803758932e-01
-7.774318243933779973e-03
2.528534986028471154e-01
-7.424881031450845936e-02
1.448307394106720658e-01
-4.324583381985368513e-01
1.849655063457635862e-01
7.082220245082175569e-02
1.530625997338011003e-02
7.168807914910654833e-02
-2.943118050974531229e-03
4.974511607921950351e-01
1.001336470747866969e-01
-4.926047616747530333e-01
3.711351475807289080e-01
-4.058949679506349550e-01
5.333286181587931774e-01
-2.537702684563234584e-02
-1.666841933205282303e-02
-9.594735657061197187e-02
-2.163699624333867699e-01
5.374316396565230469e-02
-1.230625125204658082e-01
-2.619237865188506209e-02
-8.760043769160830163e-02
1.871613012807993304e-01
-2.213537546683718993e-01
1.864785797520017788e-02
-2.845411766060841272e-02
-5.621694158840041811e-02
-5.234215294976096722e-01
-4.787105117397421478e-02
1.044258215598697359e-01
-1.242799346779276254e-01
5.110207111859794982e-02
-3.446512270931328253e-02
2.427727734820100403e-01
-4.166623866745971377e-02
1.074369811724429497e-01
1.377857985868710111e-01
-2.272002256240681917e-01
-5.226596861433756569e-01
-6.648997284199463786e-01
-3.973645473939984574e-01
-5.845592039135046880e-01
4.378008394987072949e-01
-3.690167869766419195e-01
2.442776324035994817e-01
-2.596538930903313225e-01
-5.765447869801625380e-01
-4.810729049328114071e-01
1.017742050924931446e-01
2.218396675878870350e-01
-3.297240337915571806e-01
-5.848623609545302582e-01
3.559524571064170972e-01
-3.485504223598946960e-01
-1.997237341376900399e-01
1.895875582372322787e-01
6.575306939273530826e-01
3.333816084902741644e-02
6.910911732651574546e-01
3.181244234189194442e-01
1.051811770672778645e-01
6.254673268187093127e-01
-6.072838212505680122e-01
2.571538457198955796e-01
-3.821384201092199034e-03
4.630828790592150246e-01
3.735554197766821627e-01
3.384709336236679800e-01
-2.350994221243501991e-01
-2.288353821105510444e-01
5.380045402740926130e-01
7.429687779437860184e-01
-4.383115994861477849e-01
4.331741949365793265e-01
-1.212825950708969203e-01
-1.362183422158546320e-01
1.541501650289677228e-01
2.572366662588036479e-01
-1.643939057731011177e-01
-3.575272273851926030e-01
7.180796749672651788e-03
3.247548206865114584e-01
-5.257523523027770457e-02
4.332901428361812107e-02
2.162716343919349749e-01
2.860153972118237853e-01
1.725702416816051465e-01
-6.452180760234972612e-02
-1.762752726764299782e-01
7.940618475904094586e-02
-7.086839023870082632e-02
1.555605451993743449e-01
2.543762634495743691e-01
2.314280813997138253e-01
-2.799860079626438902e-01
5.467520517849443901e-02
1.191866829927202692e-01
7.202053644551503764e-02
2.110331518904162706e-01
9.127306990196751291e-02
1.834033565081618147e-02
-9.451203879386363416e-02
-3.257269400049019326e-01
-2.146550281356658929e-01
-3.449844152060634883e-01
4.110715227743516609e-02
2.421646931657536056e-02
8.941153561148576512e-02
2.396205489291134694e-01
6.900239925718838763e-02
2.753052516164458119e-01
-3.936013724649319312e-01
-3.739677278097006119e-01
-1.389373175322609066e-01
3.487031359444442424e-01
2.530826986224711528e-02
1.941442300249653086e-02
-1.971636085264765192e-01
-5.099829848744635852e-02
-2.176821180899048136e-01
-4.250277747021580788e-01
-2.966011213278891279e-01
-4.069540807890271172e-01
-3.611080783961079788e-01
-2.126045314445543788e-01
-2.175783699842777641e-01
-4.055266773568091399e-01
-5.293088041662889764e-02
-1.186446638437819445e-01
-2.858000153539602683e-01
-1.583835770290156417e-02
2.450835645288209630e-01
6.835599820544881189e-02
8.680165468246254790e-01
-1.198100988278787277e-01
5.519797550872391351e-02
-3.057786471936161932e-01
-1.665031550360689672e-01
4.693659537955741090e-01
4.091817839135900026e-01
8.503318660908043558e-01
2.228068875841089092e-01
3.919098858114788975e-01
-1.781844857171993035e-01
-2.357233211342673884e-01
1.850048808051011906e-01
1.571822946857248660e-01
1.524818212216431934e-01
4.923169293089040832e-01
-7.130987897055600377e-02
-9.746002750680830135e-03
2.020104714827020143e-01
-4.486150490092212784e-01
2.773447904268261724e-02
2.166820628627414147e-01
-1.975059538652083058e-01
-3.295453312093157838e-01
-1.031006187304580463e-01
-1.891802305729714251e-01
7.165869423351095557e-02
-4.387963345440863416e-01
-1.768264322257885324e-01
-3.102059031353898155e-01
3.771324661374467757e-01
1.548094447128919304e-01
-2.889232963738411764e-01
9.452140215724674777e-02
-1.561512507359601176e-01
-1.168695997762819461e-01
-9.086850340957051270e-03
-3.922109279020916106e-01
-9.679083317989746471e-02
1.315160435398774752e-01
2.428576749436856530e-01
3.067178189640781261e-01
-1.612048536624422768e-01
5.168449337988215708e-01
-1.393708325277757398e-01
-1.169987350594095393e-01
1.427473317393539165e-01
-3.983705930254569649e-01
-2.058932335299694938e-01
1.928407340049697327e-01
-9.025049406585511358e-02
2.006820467682148834e-01
3.193977467660348846e-01
-3.319598268027852961e-01
2.260834586256938450e-01
1.485165341981732057e-01
-5.929165946330217790e-02
3.033747281496590453e-01
8.933683313003834559e-02
3.573200258738917223e-01
-3.362596919013682850e-02
-4.718767811196689088e-01
8.226702398161424290e-02
2.913412525412815701e-01
2.681467823375835099e-02
-7.773295170255076214e-02
2.069908422280003213e-01
-5.318095671162923616e-02
4.527057497685430532e-01
4.911042972650344479e-02
2.300289422181409082e-01
-4.337524718861299200e-02
3.112174923056842957e-01
-7.322998109062346661e-02
1.819002131486704699e-01
5.211299495008427096e-02
-5.153512087316066692e-01
-1.146306638306472253e-01
-5.900793587652261585e-02
-2.210677721357597048e-02
3.128817472382373066e-01
-2.740008350843339824e-01
-2.377851666376738782e-02
6.848726469432450670e-02
5.318984132579038931e-02
2.049864758209332671e-01
6.407172347467378348e-02
-7.008218218560100521e-01
-6.531980233673635450e-01
2.103574729151256317e-01
-5.170011462720359718e-01
1.042931842831711434e-02
-1.439606900238339371e-01
-7.477093124811217129e-01
9.557371909382496311e-02
-3.444860989533664042e-01
2.466104577599703002e-02
-6.481893713250101718e-02
-3.512403789859727121e-01
7.514517165154074307e-01
-6.061369548592068779e-02
1.614212962388004435e-01
-6.909832358810666375e-02
1.922324621492680075e-01
-8.496046744107059456e-02
1.716101552062213043e-02
-3.733391859780186839e-01
7.024729841147892007e-01
-1.546917975925025945e-01
4.011967130915266577e-01
5.421716491491672917e-04
3.467328777981024124e-01
1.935093545748370614e-01
-1.562250967691745651e-01
-1.422260806362772301e-01
4.017703911302458186e-01
1.241729276063959636e-01
-1.267731709807368504e-02
5.235276057832698865e-02
-1.679106300602050683e-01
1.345160128073571160e-01
6.603154718803774248e-01
-4.586644003847922257e-01
1.956809910295361499e-01
2.582112360855742250e-01
-4.315183303324887643e-01
-5.076210590073305662e-01
-2.793423872212882908e-01
-1.889747016524079282e-01
2.380868421299855986e-01
-3.967398902408262318e-01
-4.266089113094604923e-01
-1.658682762542744993e-01
-5.846602411205152894e-01
-1.233331406152351345e-01
-3.370484670214436707e-02
3.181100945601533225e-01
-7.176494542558414791e-01
-7.653609896624883335e-01
7.614341756205458833e-02
-3.485624396850657836e-01
-5.873997009021853649e-02
3.885686500507942037e-02
3.853902497893910151e-01
-2.157238146388523459e-01
-4.560500616204647417e-01
-5.454240737335793732e-01
-8.550052430404467829e-01
1.381115951008847487e-01
4.031250713644992656e-01
-7.005925621292918848e-01
5.605985489066610955e-02
-1.709674961659354564e-01
-1.404023961980580548e-01
-6.741202723409202291e-02
-1.655623384491870798e-01
-1.585034745057270211e-01
-3.447153309938054133e-01
-7.324204297018496179e-01
5.617311394449996387e-01
2.170328261259547586e-01
-3.092264758270477087e-01
3.835750935810378626e-01
7.837978622165225895e-02
-9.691380137500064940e-02
-1.132240895438148126e-01
-8.365888489834964747e-02
1.048545902029884985e-01
3.343115497960886251e-01
5.803404575644120766e-03
1.013140524548135357e-01
4.598363111932983749e-01
6.663769381612451304e-02
1.029217229718046994e-01
2.275992843078038785e-01
5.500110232675313737e-01
-1.968655384668841490e-01
3.634197467739994081e-01
-3.687711418238814320e-01
-3.021190454999714281e-01
-8.020513707909217305e-02
3.464709336555940045e-01
-5.854409964257679677e-01
7.183126507662679350e-02
-2.923847169527041823e-01
-1.171172473072198822e-01
-3.939489716523926766e-01
-3.613772168062761442e-02
-2.355402467245323872e-01
1.073209846191416905e-01
-2.184461417984857878e-01
1.676703856609452203e-01
3.759959601689418784e-01
-2.398729924952662518e-01
-3.091582358513196849e-01
-1.078676622742637524e-04
6.249622496002854577e-02
1.937538072453555762e-02
-1.506097642112914359e-01
3.207100788368980049e-01
2.505230962803373651e-01
-3.624302110211918282e-01
3.802847465631693791e-02
-9.255538179979494462e-02
9.809132773276180162e-02
2.377439514243308016e-01
2.722510210606854386e-01
-1.874982034801188358e-01
3.468833511856448393e-01
-1.524760400500397017e-01
8.477442185235378735e-01
6.477395515566006234e-02
1.867519138927686007e-01
3.491064280068614245e-01
3.840021968625485504e-01
-3.815885882230070358e-02
-1.752356665433995875e-01
4.140131054097774266e-01
6.706995874946115599e-01
6.481577182071979193e-02
-1.265063545104987419e-01
2.245112844325689722e-02
1.885984388163113729e-02
-1.803352917025482713e-02
-2.414603547269083272e-01
1.415026874357917797e-01
3.750086014031525083e-01
1.195436460081439889e-01
4.045785952717416145e-01
2.815828140471877683e-01
6.388825208413374812e-02
1.355230804249589298e-02
-3.909120994183813008e-02
1.214343671383600332e-01
-2.165136650692031928e-01
4.856687367814033901e-02
2.463030139367097110e-02
-2.163270206483195734e-01
8.667959955769673208e-02
1.936986661390206754e-01
-3.963778119065380218e-02
-8.700939496590992528e-02
1.220722352229488411e-01
-2.257718424258903234e-01
-2.056321723743470276e-01
-2.777578059852579551e-01
-6.015020769307386633e-02
9.394278373575067065e-02
-1.487143860727628275e-01
-5.742955718503523627e-02
5.086820288900676529e-02
-1.463640557097441730e-01
3.049745082553503850e-01
-4.325132533423102221e-01
2.395216377249760886e-01
-9.051169094480257526e-02
5.892495104508574943e-01
-6.823132002895222759e-02
1.600411255820886891e-01
-2.705199553763948939e-01
-5.893002493842010026e-01
2.283407122520227650e-01
7.940597227662084256e-02
3.707396203145897351e-01
-5.471747371946771299e-01
-4.381797027571865399e-01
1.988408158596338127e-01
-1.025690968821117766e+00
-2.648751967156987575e-01
1.881251474903050114e-01
-4.499231089368346814e-02
-7.482126959392841614e-02
-1.640896266678160131e-01
-5.542276105190626634e-01
-4.924626948985518782e-01
-5.992687723889303548e-03
6.264868772782243855e-01
-1.347049676535216067e-01
-3.150975153375217275e-01
1.578877909042302741e-01
4.456433803104591779e-02
-1.449593109180002948e-01
1.297189018979351405e-01
2.053630400947638324e-01
-2.829218492565263587e-01
-4.952879455888484772e-01
-3.671269970027001874e-03
-8.383185689410587171e-01
-3.128049850422913447e-02
1.272267893853659404e-01
1.542578799834464116e-02
-3.676963061938736677e-01
-2.533627344760269740e-01
2.932819983950939458e-01
-5.607058686167507577e-01
-3.142898696041089845e-01
-2.621264158647423348e-01
-6.283650772517153371e-02
-2.129176542807937056e-01
6.513213568214117899e-01
8.141931688075129125e-01
-5.736179947614172131e-02
5.731801957846206497e-01
3.747301875911580593e-01
8.859096066611700515e-02
-4.036238697015747112e-01
1.357445565554284139e-01
-2.225117062419522396e-01
3.500010611331772492e-01
-1.161325141934465288e-01
-9.741114860104921336e-02
1.612274472533670455e-01
-9.196199340325916793e-02
1.271696068192169904e-01
-2.412393042164412416e-01
1.939344497109118937e-02
1.041079154710751881e-01
8.192280429654773266e-02
2.258768309022675669e-01
3.171916465590576828e-01
-9.029572213375437473e-01
-1.842508616052716472e-02
1.935773147464190658e-01
5.233697481537232660e-02
2.427923671475179512e-01
3.009690739620451971e-01
1.642085527715819726e-01
9.758208018836117548e-02
-1.577733493469880843e-01
-3.321435167243335096e-01
-1.223923097248175024e-01
-3.211473719349305662e-03
-3.653880767409120600e-01
-4.064684584979584292e-01
-6.362170689592677730e-02
-2.607048176779307447e-01
-2.138997354832043452e-01
-4.848733451651893178e-01
-1.306072449816981229e-01
2.788602977414628703e-01
2.801271337237895565e-01
1.046686612546135903e-01
8.662754526543645084e-02
-3.309319089540986303e-01
-2.018872514243839067e-01
-2.584392882316272066e-01
-2.039975222761683249e-01
-8.955297344895821188e-02
1.418504039891288759e-01
2.235931877915975363e-02
4.509676281188194913e-02
8.033560160222523450e-02
-1.914461857579166371e-01
-7.413023480408949956e-03
2.914097140866894198e-01
-4.163317457302708191e-01
-2.017459578761286176e-01
-4.173658451494879906e-01
2.074710265557450084e-02
2.365423599208715255e-01
2.180102369905052018e-01
2.787532249248104166e-01
-3.973845321298522526e-01
-3.090150980940480907e-01
4.290904570291156905e-01
3.779541422266516348e-01
8.851401170137969399e-02
-7.900148963010394931e-02
1.186668423996781463e-01
-8.128953710103832553e-02
-5.870086941754452114e-01
9.926786551766823841e-02
2.437341256716625271e-01
-4.340469086970787371e-01
4.221954786338754095e-01
3.155867340950208599e-01
4.221138948079938280e-01
1.910587233429523191e-01
3.429980628034879353e-01
7.987047685394860208e-01
-6.614782375892151733e-02
-1.838441449372990588e-01
-2.333974239278684970e-01
-2.482141445552606407e-01
-4.981044194028320660e-01
-5.761155319782664819e-01
-9.632295447021516077e-01
2.829211496078527094e-02
-7.633244896112141298e-01
-1.130796804420035676e-02
7.789666820587636265e-01
1.457679321108462656e-01
1.054166420869791926e-01
3.648211363660346929e-01
-3.241379950331266802e-01
-1.005087943317958254e+00
-5.757762166603631604e-01
-8.321265193087550305e-01
-2.960616700845195015e-01
-6.268723975807151128e-01
8.665812964866537182e-01
-3.392823548918871279e-01
4.017203843873444202e-01
2.783588374693402590e-01
4.547071969569747574e-01
3.917504942178967053e-01
1.783187578936882844e-01
4.208264994162420058e-01
2.359350979512314928e-01
-4.208036277893326127e-02
-3.650112221728159523e-01
-1.620088128973517505e-01
2.482900031933504836e-01
-4.549506305205303081e-01
4.066108910460747849e-01
-8.933254938115263444e-02
-7.011056314488943453e-02
-7.385737140910882126e-02
-3.557072561461780413e-01
5.733406863362480177e-01
3.784731797619434596e-02
4.018580736544182797e-01
-5.181936901669602635e-01
-6.111524753128082521e-01
1.414816203816538498e-01
-4.943287884444940578e-02
-3.869126492936144496e-02
-1.606298111630780623e-01
3.264575914499385223e-01
-4.759364827602536457e-02
8.098397899471418415e-02
-1.211402899439453368e-01
-4.365629912160149395e-01
9.536895383830018558e-02
-2.522777416329361477e-01
-4.579475908461935751e-01
1.589388981898950948e-01
3.583890738827326672e-01
1.478624385342340031e-01
-8.189391547948594585e-01
-4.139178237322616583e-01
-1.684603185054372176e-01
3.079331510299417873e-01
1.720176395731898844e-01
1.330269916887569515e-01
4.402207329506144240e-01
5.204977691555050245e-02
1.113416998201780250e-01
-2.961326593866372980e-01
1.409860450168461815e-02
-2.440360855744734547e-01
-8.857426856787971314e-02
2.510335094228670627e-01
-2.603295193547843778e-01
-4.501074542009594198e-02
1.023130336350723119e-01
1.433060878518652159e-01
-4.041910645786601225e-02
2.964870710735080794e-01
1.098150884882408279e-01
2.176865585901206768e-01
4.666593680325317184e-01
-1.226959901717803447e-01
3.897636791074812757e-02
-1.851275500862104295e-01
5.951986460203051443e-02
-1.063563830963625834e-01
1.946945421288250044e-02
-2.345998473904153114e-01
-1.476687535005762331e-01
-1.386623249500924526e-01
-9.141839608034416087e-02
-2.849752748952271222e-02
-6.783757528522162128e-02
-5.921169316922255538e-02
4.493563411176285799e-02
-2.000577347947904150e-01
5.086908581246389893e-01
-1.438560218967111295e-02
-4.727866982461570999e-01
-3.345804250256634860e-01
5.876897229743975430e-03
-8.234611010903289396e-02
-1.274072487189592817e-01
5.626884550843180843e-02
4.656227082641278270e-01
-3.793637756071523981e-01
-1.656328396890550669e-01
7.435761431510595765e-02
-4.784421337881740177e-01
-2.178330889915288671e-01
1.624548025212233307e-02
-5.410829091602406028e-03
-5.060754807202220151e-01
1.788102212747999242e-01
8.280240677590132437e-02
1.570486278213395828e-02
-1.498824251046860234e-01
2.996100814909996579e-01
-2.535064158555311864e-01
-4.867653355033029206e-01
2.408834465903265248e-02
-1.871050384434152780e-01
-4.172357193448660712e-02
-2.183664755072951269e-01
1.833105822507883620e-01
1.677531366500591981e-01
1.522209084274490087e-01
2.756307134333387809e-01
4.090401207747072776e-02
3.257333410479812397e-02
-1.937660045899137484e-01
-8.188801528636309446e-02
-4.355925303278960770e-01
4.456245379424081388e-01
5.175827772275490846e-01
-8.045163500465893347e-02
1.944781540743875659e-01
-4.710459052485571185e-04
7.223781086117962991e-01
-2.506275523974625385e-01
5.987664246122923473e-01
-1.809243857716439918e-01
-5.776302400612162158e-01
-1.731556343858189351e-01
-6.748769743101931673e-02
-4.872094317525069718e-01
2.267051501093088062e-01
-4.049712715013087383e-01
-4.867348634886239228e-02
4.680123090084593040e-01
-2.414875596298654281e-01
7.747820260078983057e-02
-4.207530415416414482e-01
6.033954006548926108e-01
-1.411658343852622011e-01
-2.387093646205856179e-01
-1.511993658018618847e-01
4.117319547299278307e-03
4.434559748513972610e-01
8.080464744051883696e-02
2.966568671051040273e-01
1.460872107960707045e-01
1.767745192356270367e-01
-7.126776809755050457e-02
4.573991226600928051e-01
3.210601074029146434e-02
-1.550300033424398538e-01
-3.631247532353801821e-01
-2.464589411050799317e-02
-9.063812974607053652e-02
6.965279970705949564e-02
-8.732893379066802506e-03
-1.537791528776672779e-02
-2.022453825968680841e-01
-6.318691663547368886e-01
5.715084434504278527e-02
-2.712282848032564475e-01
4.649669765368630303e-02
-2.818571093769400848e-01
6.649171697462814834e-02
-1.290677904418864597e-01
-1.456634807106162721e-01
-1.541768198118424193e-01
-4.033148236757398419e-01
2.167054722753723184e-01
-2.603504777153937688e-01
2.534078701977940384e-01
-2.260631283497212263e-02
-2.897160789955866012e-01
-1.349327857820958321e-01
-3.592670074259884244e-02
3.765122941367650689e-01
5.402526881960446198e-02
2.196277130600145233e-03
-2.916548359323830053e-01
-5.034473110244513938e-01
1.324237878409485758e-01
2.934331344062572344e-01
-3.646761317563737004e-01
2.912305421053529852e-01
1.153397296703861652e-01
-1.560226383602593137e-01
3.785377292415538220e-01
1.343151268194789014e-02
3.543014822910143247e-01
-3.175980726574317292e-01
-7.125301322127500225e-02
2.347913744072751274e-01
2.331738277087785222e-02
-2.003075882672343266e-01
-9.463227585688674393e-02
3.071015559903579606e-02
-1.999685313268475748e-02
-2.351700178301197042e-01
1.625379742746214939e-01
-1.389081256864810043e-01
-2.159445167444058178e-01
-3.830155069894249364e-01
5.764315497708252974e-03
1.480263144756300553e-01
3.669630166573328856e-01
-9.032346116757869470e-02
-2.339463689048725814e-01
-1.490303354919426428e-02
3.952593943424408951e-01
1.052910292888093458e-01
5.306951096975716098e-01
-1.643694468437002787e-01
-2.363471540633362844e-01
-4.658959154060788310e-01
2.332207223720441369e-01
-1.013394215986846286e-01
-6.892006998235707949e-01
8.288511019581514816e-01
1.819882802636435259e-01
2.280560318399503517e-01
1.495556388231144285e-01
5.664486352755975229e-01
5.068030833227848975e-01
-4.415466700238291908e-01
6.192622041748536282e-02
-4.214028286197001871e-01
-4.477821810115811263e-01
5.871442129027697465e-01
2.903296089284069792e-01
7.657580025502579435e-01
3.689787471460640456e-01
5.041483102399075822e-01
-5.886356511462418999e-03
-3.388490164991740938e-01
-1.344324872851667026e-02
3.361847937508311568e-01
2.718511957739785934e-01
-7.975970113372876646e-02
3.147223399110758990e-01
5.564956484208434528e-02
3.692215684405222298e-01
1.544601392709550602e-01
-5.267546635270766719e-01
-5.805188562893984772e-01
1.440142340441104007e-01
-3.076771389574824850e-02
-1.556292443521560265e-01
-7.402664024074866178e-02
1.941376247304751890e-01
-2.589900403256353151e-02
9.793955344291485968e-03
5.870438018778393330e-01
-1.441924173065861348e-01
-1.941814831248582854e-02
1.479164574999195236e-01
-9.816041961320461084e-02
-3.891683595561722941e-01
5.575247600283979033e-01
4.078962976301669929e-01
8.049463381507385717e-01
1.008811215348365264e-01
-9.725272807553038412e-02
-5.433572138097715609e-02
-2.909434259052435801e-01
2.925503481817396390e-01
1.855702012417269342e-01
-2.051658554881427010e-01
4.089163970659736580e-01
2.494621963662695396e-01
-6.348944488442019585e-02
1.105673206197550495e-01
-3.870179785886350421e-02
4.892225774907064256e-02
-1.655484958578427035e-01
-5.939294738693107895e-02
2.154083750310341883e-01
1.353842617995278282e-02
2.649002808552823954e-02
-7.569314172066672342e-01
-1.599113853890551662e-01
-2.885586916631460719e-01
1.050598459053163763e-01
3.692963044891245938e-01
4.008871316158942877e-01
6.100323612587815053e-02
2.875681619159854360e-02
6.729906531217308419e-02
-1.920387648459429830e-01
-4.111907025644944702e-01
-2.666632678269827972e-01
1.450192487464144753e-01
2.901714174562828874e-01
1.582927805893167561e-01
8.293772997545276748e-01
-1.149802280286395945e-01
-3.332006921686372913e-02
1.200288606844028411e-01
7.875274335481688426e-02
2.503756581295536465e-01
-2.695936002723468006e-01
4.590118916699303248e-02
1.654213567937665719e-01
-8.969407331872968070e-02
-4.266471821804579956e-01
-2.360211434254443352e-01
3.021299776083120545e-02
5.192696097541527750e-02
5.136550461017584494e-03
-2.510231751728600469e-01
3.577615600436369614e-01
6.944239671790664037e-02
2.676216086592590471e-01
6.125564958194871373e-02
-6.214500445132469658e-02
1.409723420967152752e-01
2.017569452188351931e-01
3.774143273393259501e-01
-3.329987828581320586e-01
5.425606721595092191e-02
-5.135879419883689900e-01
-1.603369158817679052e-01
-6.096140845802282965e-02
-2.146613781538019572e-01
1.104665020734465347e-02
6.091754151224765962e-02
4.520037738586109299e-02
3.574853320447248239e-01
3.965588175723817888e-02
1.151854053524398874e-01
2.522912715421519736e-01
2.434003415635254200e-02
4.905323673960750031e-02
-4.037686244882371378e-02
1.597681326046531888e-02
2.034296514056758640e-02
4.959312297889228310e-02
1.193387368838911070e-02
2.795379511105419712e-01
2.527694910274887463e-01
-3.888724782109863054e-01
6.868273575766235817e-02
-6.738780216300191417e-02
1.725048057626307751e-01
-8.071724303124844235e-02
8.482321999335576401e-02
2.152507214603359142e-01
-1.896381843021171798e-01
4.836432172306409649e-01
1.371137809230106308e+00
1.349833583137182824e+00
4.145136031511496566e-01
1.332775283179294945e+00
3.264816991632159965e-02
-1.536482259589021293e+00
-1.913783114998153512e-01
1.389430739641519807e-01
-1.425249094960644447e+00
1.026889274569994015e+00
2.743518713518683150e+00
7.951356649930143572e-01
1.989334037068712480e+00
6.067807873533539453e-01
1.435134559058761861e+00
-2.045540375340193062e+00
8.181920104787685499e-01
-8.945658671909773041e-01
-7.877358913881412628e-01
5.410993189425256089e-01
