-9.766673003305931244e-02
7.661669749784578987e-02
1.771306203386672010e-02
-5.307767324583750890e-01
2.857820352055415181e-01
1.865153534892901310e-01
-2.697273214849906786e-01
8.950914792569036882e-01
4.545728816803785932e+00
-7.642480641385505924e-02
-2.988713830844881847e-01
-6.910881538215231726e-03
-3.511085034349800682e-01
1.180772343538211838e-01
-7.785449601230047534e-02
2.185630673639457969e-02
-2.584704534867303671e-01
1.905279806118548303e-01
1.525769145560597950e+00
1.032553031924461573e+00
-4.615634216710970406e-01
-4.688585409646048308e-01
4.115004890401728274e-03
-2.002329608014158102e-01
-1.812086813117466944e-01
3.188601332905464103e-01
-4.332890808331049670e-01
1.827141401390931785e-01
-3.901297126578563007e-02
3.220373085370233923e-01
3.777499706853187228e-02
2.410988814042092088e-01
4.268046379949905211e-02
-4.175372211355228569e-02
-3.050260650289302045e-01
-1.303074644051215036e-01
-3.041156240359708662e-01
5.585257401141567601e-02
-2.071041315347826595e-01
7.622035686330412563e-02
4.122783807796506217e-01
4.372758132278543874e-02
-1.811598723516623100e-01
-4.771070254620030093e-01
5.081320306644727947e-02
7.660649070503354474e-02
4.684416191400325030e-02
-7.522087798648594004e-02
-2.452854694170797600e+00
-4.487397211636940941e-01
-1.508059774317797863e-01
5.442098872260487524e-02
-2.946948285563701364e-01
1.116352469169441392e-01
8.096399434799622652e-02
1.424627375117217820e-01
-6.919614545377535120e-02
-5.665676554596503767e-01
-9.745223213075864255e-01
-6.476916855461459788e-01
1.860023393265466396e-01
-5.979585373963478556e-01
6.298799018372571723e-01
-4.210778864059276372e-01
-2.359867385588156896e-01
6.990556245725063622e-01
3.729381681952625427e-01
-2.380103923955365353e-01
1.210643027554643564e-01
-4.286080494172442301e-01
1.274847891163825020e-01
2.589633037266444449e-01
-8.632667075717161131e-02
-7.203939184628470327e-02
-2.602758212792243356e-02
-5.049844532811930131e-01
3.852852622203254973e-01
3.661033926353525758e-01
2.698623966638946103e-01
2.765534545889385409e-01
-1.923380615613226596e-01
1.463991177487890538e-01
-8.784731682905075889e-01
-5.133418842908414603e-02
9.838374772065677787e-02
-1.868874795664273586e-02
3.844725925648588838e-01
-1.839408040705589609e-01
3.214108628710633520e-01
1.273888271684960327e-01
3.559763354269697699e-01
-3.218700269599383823e-01
-2.972397328355246698e-02
1.091546062193343575e-01
-7.855572215922340673e-02
4.604565704106684115e-02
3.994051928791914063e-02
-3.074923084486175795e-01
9.035245206870305690e-02
-8.382208210771112389e-02
-8.161530733033263429e-02
6.050455854416048052e-01
-3.062210164396880208e-01
4.939559608165280252e-02
1.172699795973298487e-01
-3.597884280499963894e-01
-1.004434419669620743e-01
2.142428777822137642e-01
1.671024502392804145e-01
-1.923969746439407325e-01
1.010532497471623575e-01
-1.409992827140125193e-01
3.878659341317214349e-01
-4.853254618897855088e-02
2.353098454640534798e-01
4.322818864267036904e-02
-2.778041846449001429e-01
1.914468093095135215e-01
3.008742460010060960e-01
4.514428774388838383e-01
1.335799750872598557e-01
4.983476757439165433e-02
-5.747839447908574817e-01
2.572481934453074714e-01
7.823241165507817396e-02
-2.268600111585030998e-01
-8.424152500021604706e-03
-5.208980294739284922e-01
-4.473702759301654841e-01
-4.068565184632613185e-01
-2.678636019058517892e-01
-4.240617162946069829e-01
-1.105127867368610045e-01
-4.111450237882585124e-01
-1.038963887328370611e-01
-4.788289265323305566e-01
-3.877669278837197475e-01
-2.345892176138469065e-01
3.510797722374212615e-01
-1.646984481872162398e-01
-7.956387936641265424e-02
-1.396119439977211218e+00
-2.993371990859876042e-01
-3.333985165620528268e-01
4.352590130113986877e-01
-1.264390881616396678e+00
-2.071787728584947308e-01
1.537702547695490418e+00
7.023177207510200581e-01
2.028391596205116443e+00
3.144200846442672947e-01
7.451402461381257947e-01
-8.373858990679747816e-01
5.783741397799954664e-02
-1.396381303226877924e-01
-4.799191251740839159e-01
6.807899526632026077e-02
4.656314222960935001e-01
2.448823584247841467e-01
1.907142301181743160e-01
7.693317315524769717e-02
8.784739846391131923e-02
-4.514011490375626212e-01
-6.362478096951253159e-02
1.467312562941683329e-01
1.201467973212284185e-01
2.297709344475469262e-01
8.212080592975661009e-02
-2.535261020422234224e-01
-1.303528490908817672e-01
-2.928850651255057724e-02
-7.915369401761547241e-01
4.160602361854318643e-01
-6.170309034071266296e-01
-1.309967220307456381e-01
3.655813472378588447e-01
-1.241295271921938857e-02
-1.197680659882145310e-01
9.503149341409997120e-02
1.182546545538531862e-01
8.660150586505399595e-02
1.745702054151054283e-01
-1.014052185449804133e-01
-2.539365375742620445e-01
4.834088591127574941e-01
-2.255928405361361799e-01
4.083626115054146688e-02
-1.088601148413141234e-01
6.028954617571843366e-01
-4.354674145640480831e-01
1.745419217717168736e-01
1.073618890825936423e-01
-7.130783072401875207e-03
9.914270081568787862e-02
2.805202571458067506e-01
2.537519913934234150e-01
1.277231661022315834e-01
-5.335698001896836962e-01
1.635855867813486575e-01
7.069034689315510656e-02
1.310109723979550368e-02
9.025085261980149431e-02
-5.022340535140357165e-01
2.915700390758833582e-01
-2.212692767793169313e-01
-4.333103887156175386e-03
-4.244324782555525810e-01
1.662066503208156076e-01
-4.889114512750757924e-01
1.687880697808545050e-01
-7.059623911194427837e-02
-5.804173834540363869e-02
6.437421592875838261e-01
3.536954820914736675e-01
-8.939286936066940387e-03
-1.127795007222360812e-01
1.360252161151246364e-01
-3.763706682802743231e-01
3.823450976967956993e-01
3.561384768679139445e-01
-1.819225983868729968e-01
1.296130498292308586e-01
-3.048809536135145826e-01
-2.807617674003076019e-02
-1.450765045210614390e-01
-2.294416381148253192e-01
5.552225308449326713e-01
1.037672574797594144e-01
2.972468116831055163e-01
2.414827650541195303e-01
5.354029393656118962e-01
-2.728577570035495281e-01
-4.312206483447868499e-01
1.770922696043518707e-01
1.617765714840705416e-01
-5.062876713631304926e-02
-3.897298135100437100e-01
4.241196136421889439e-03
1.141035969508678721e-01
3.228089423069718245e-01
4.139652584238364547e-02
-3.962471989060639688e-01
6.321614525878210822e-02
1.298874219103524942e-02
1.428334394748669856e-01
1.667330236050994785e-01
-3.151882832031964732e-01
2.722346060233328813e-01
6.236693231313906738e-01
6.512555721918567020e-01
1.470413876742817094e-01
-7.008947197491038894e-01
-3.017228174491399240e-01
-3.983460679110437663e-01
-2.285731238811622434e-01
-6.443568198825295745e-01
-3.112593005047314398e-01
8.038491698464040880e-01
1.856442575976707254e-01
5.337715941389089558e-01
-6.932316032762405600e-01
1.016350503371321823e+00
6.056198544214778101e-01
4.179951875054431221e-01
1.994916175718692564e-01
4.957227416990755420e-01
1.234873584099737409e-01
6.985417617296487691e-01
-1.432783399595837781e-01
7.174983639414140857e-01
-2.004547606379910363e+00
7.941191612987857917e-01
-1.613385525778212592e+00
4.290423195340975493e-01
7.387379360538116613e-01
-7.605426027876276418e-01
-6.988165132387500478e-01
-1.572300576744102285e+00
8.102676933981520224e-02
8.631574138848274735e-01
9.964412321826776608e-01
