6.658311272360696309e-01
2.450842226564024229e-01
-4.678155996150078211e-02
7.214445556620950883e-01
3.893978955552924170e-01
-9.244721111473593045e-02
3.034202682997749978e+00
-5.701805285115912891e-01
4.772852306873514028e-01
-9.838458272016070705e-01
-1.019069217215888612e+00
-3.033157483092751017e-01
5.152327710525541615e-01
2.441389977067296158e-01
1.635346826722521019e-01
-5.635750671604909945e-01
-9.040529110483406239e-01
2.388173886553973668e-01
1.537990904388239155e+00
-3.176960410102724897e-01
-4.884598363605082566e-02
2.093572062417049240e-01
2.774045218503016774e-01
2.440305145706546108e-01
-9.284284427622202518e-02
1.422394021592396363e-01
-9.373552627287572853e-03
6.948635367689480480e-02
1.695344547446787364e-01
-2.823575480006119687e-01
1.339761478873022216e-01
-1.145442703167888834e-02
-5.054858063462655537e-02
3.866409607261368266e-03
3.662922341489700806e-02
9.045585343379390630e-02
4.390903652106997734e-02
-1.483494546223820265e-01
6.522299732565797759e-02
1.933906919928204127e-01
-8.022513075861739118e-01
3.261107003160333695e-02
8.658972843698261590e-01
6.585653504362215527e-01
-2.696643322812121712e-01
1.309765356459398344e-01
-1.815744928585080853e+00
2.402814145441630189e-01
-2.694088549349771267e-01
-7.721138464781851507e-01
4.098989203007935567e-01
-1.034831569080830516e+00
2.983593723316537716e-01
-2.861545359426433399e-01
-4.682521965532673858e-02
-2.743797545155909900e-01
3.404492195820870704e-01
9.545291869654137784e-01
-1.325531276222540189e+00
3.241292737353075604e-02
-1.118018352765146328e-01
7.929529992446070485e-01
1.590215046753924374e-02
6.110816859481378593e-02
1.313992295674585621e-02
1.453714452374559596e-01
-1.380282630436761304e-01
2.683554914323587059e-01
-2.387310845129480552e-01
-1.746358519846430979e-01
1.546012229117674774e-01
2.124296082490880755e-01
-2.713744624608310230e-01
-1.325229411100961076e-02
-2.728804190285043507e-01
-1.357104130260344543e-01
2.113411029338952141e-01
6.988369976375739812e-02
-2.893439512416030521e-02
1.833143207605099356e-01
2.704450155294790825e-01
-1.345690600932980818e-01
-2.608604565358080274e-03
9.914790478131293994e-02
-1.027044998190941999e-01
1.735903844048443390e-01
2.743382980242383140e-01
3.621857469057547796e-01
-2.699636488382566868e-01
1.615586738291642510e-01
-3.291252093619043140e-01
1.728364936608614288e-01
-1.048685403028377094e-01
-2.144985849598461947e-01
-2.475273344367850958e-01
2.479367055137219611e-01
-3.636617412910195246e-01
2.565255728393096013e-01
1.347627834642222411e-01
4.997695709687704352e-03
6.516714943290581596e-02
5.012490997351255473e-01
7.495197397258936967e-01
-1.387247405537948564e-01
5.111785426498678397e-01
2.706990562180103602e-02
2.671957627432792193e-01
3.290038964555301870e-01
-7.960432372210940813e-03
8.157253501587896638e-02
1.871929190981943270e-01
-5.742222143607303986e-01
-7.515519311417319104e-01
7.653001759887515520e-01
-1.770429408834639506e-01
-1.783125035650084400e-01
-5.354732680200166225e-03
-7.256493019692574764e-01
-5.706288946337135792e-01
-4.308989979539865067e-01
5.548568868735271886e-01
-3.983447940991281522e-01
-3.682694607850088286e-01
-9.943278699405956322e-01
-3.297835920912863261e-01
3.823704463059263703e-01
-1.972493617094881468e-01
-6.927724482649834092e-01
2.048705980036381533e-02
-2.393483452264202616e-01
3.479083445844997902e-02
-3.236573056159077755e-01
-1.513642933653578104e-01
1.402668977697544006e-01
-1.640118753568550747e-01
-6.954689137087595452e-02
-2.933723507083957349e-01
-1.116634487817924903e-01
-3.175301934127098824e-01
-1.340088301701135021e-01
1.516867027423097758e-01
6.024146539198133032e-01
1.766461493816456618e-01
-2.032614228613655316e-01
3.246765705635540344e-02
3.047899057913251719e-02
4.880338735950952023e-01
4.741505115619157884e-01
-4.557206176924153418e-01
4.580405844645336066e-01
1.302787220645889275e-02
-4.812000201622163575e-01
2.870786399776521503e-01
6.813164742425440457e-01
-4.095726329191718418e-01
-5.473173378969706793e-01
2.238902965060501626e-01
4.199666809470220530e-01
-2.433672560084216840e-01
5.827255983225122782e-03
-1.538231508822324178e-01
-2.922103083585410599e-01
2.007497138592931885e-01
3.403951458786331208e-01
1.393500864802561801e-02
1.416193720515533105e-01
3.032768999874290716e-01
-9.835023324582244098e-02
3.882619045553110659e-01
5.969952125287057987e-01
-2.763810701393226710e-01
1.033725341238293377e-01
2.640550954884107182e-01
2.531513597940918125e-01
3.931465527105328372e-01
4.961088230575178559e-01
3.734863541052149127e-01
-3.922644231295561307e-02
-1.410892018974537754e-01
-2.557731787294242332e-01
1.438535584463495644e-02
-1.219292035231637483e-01
-2.980755155173108184e-01
4.177541351639801337e-01
3.167374732560953587e-01
-1.632873963035579301e-01
-4.933158183931090068e-01
-4.314315031272552003e-01
-3.068336220335955433e-01
3.043510353810638946e-01
9.020548755828675103e-02
2.584126338800122880e-01
1.049785336087345894e-01
1.394499657561423245e-01
-8.733128056427041930e-02
-3.262227503391549321e-01
-5.850301117253476901e-01
1.607086868101857691e-01
-4.844015028214264107e-01
-3.914125955759409914e-01
2.773285802150574630e-01
1.435653001136643347e-01
8.686271293097735935e-02
9.973104352599836131e-02
-2.196937599360464510e-01
1.717052460187500074e-01
-3.429853920574109372e-02
3.438338145567833015e-01
-1.831902405858159633e-03
1.534857353346051334e-01
7.484597060904123189e-02
-6.770604544917007139e-01
-7.292299328302467853e-02
-6.449147326987847428e-01
4.197504573657172000e-01
-7.798481158120866841e-01
5.419490109671017825e-02
4.876916355165625445e-03
3.363746041464792946e-01
-3.006076452839067104e-01
3.915070421425900782e-01
-7.720832173972548285e-01
-2.944221401153409787e-02
3.976354688020759531e-01
2.919907442274125575e-01
-6.985835346116588129e-02
-7.131640777117245755e-02
-1.281375203913276140e-01
-8.517271527296829681e-02
-2.573845378699720077e-01
-7.964957453271445664e-02
-3.816498978123720742e-01
-1.365870819099290479e-01
-1.539696756181906656e-01
2.302905106332430452e-01
-3.034323423102172068e-01
-2.648286061959828630e-01
-1.902573277957201325e-01
3.394940801014437182e-01
4.166767375703475315e-03
9.275356309745119709e-02
1.153714815104696756e+00
-6.970374394212156544e-01
1.039873378351060806e-01
-2.770215946499267612e-01
-9.662863035436296266e-02
-3.394065409187128901e-02
3.756002706199094709e-01
1.695588042319016997e-01
-3.795084709217926289e-01
-3.792953173874092920e-01
3.537411222500512764e-01
5.742859369480045606e-01
-4.010877744372514653e-01
2.409753352754386707e-02
5.356251798571702860e-01
-2.348842007079471328e-02
1.730715723384159410e-01
-1.776809745177004574e-01
2.489675706744822470e-01
-1.989502308329880662e-02
2.845900797727324849e-01
-1.175207307424804420e-01
1.425432302722303979e-01
-1.703590488945496556e-02
3.419273025058779947e-01
-1.407876076052156367e-01
-2.541447272214505393e-01
1.587941541091765218e-01
3.594075040686310896e-01
7.873437615129512679e-01
-8.436408694845720646e-01
-1.247914665200481332e+00
4.514820959270562928e-01
-1.924285000245830601e-01
-6.059854974353672263e-01
-5.546948257457113840e-01
-1.125414296962846228e+00
-4.421624971958039718e-01
-1.024322149521135428e+00
-5.489357353082832125e-01
