-3.370984697208854741e-01
-4.849726954738918239e-01
7.017946057806939697e-01
2.191789378668547617e+00
7.083510934786474422e-01
-1.404769646162692120e-01
-7.548208025008766864e-01
-1.610962254033043051e+00
-2.222644741714713545e-01
7.645037998398950263e-01
2.069792524785942223e-01
4.048242941849024001e-01
-3.500158911803549766e-01
-2.101424661599422983e+00
-1.339187466044607699e+00
2.812318271141475146e-01
9.715427987335613358e-02
-8.198223737706650249e-02
-1.139812469821550461e-01
1.167897575264723736e-01
3.110598996484329692e+00
2.289325307348976934e-01
-5.730376413079735914e-02
8.161819052817486098e-01
-3.504543882688064826e-01
-1.530106056934230407e+00
-7.443537614597711335e-03
-4.155894721626848254e-01
1.501376793482062100e-01
8.606321456378826507e-02
3.286521411179940677e-01
-4.808171914328001617e-01
-2.422935113298498866e-01
2.287350525559815329e-01
6.078323090273165391e-02
2.528759472546466824e-01
-1.068164551544868862e-01
-2.661774074937392487e-01
7.616360803955590786e-01
-1.197595917990333492e+00
9.072873620056911559e-01
5.670795481686973227e-01
4.814570413980644448e-01
2.062725925893667545e-01
-1.136878815176024932e-01
-8.014567868531258243e-01
3.414577336892244408e-01
1.939312436624201608e+00
-6.297981783415539103e-02
1.037082856531792219e+00
-7.139078435345619367e-01
1.026889984111534343e-01
3.383887688283860884e-01
-8.346052995940765884e-01
-5.865407711689325509e-01
-2.282606593684124996e-01
-8.919920086795046776e-01
8.294106157739796759e-01
9.296446883348033485e-02
-8.468302564703616975e-02
1.282643641678587743e-01
1.442826458553451430e-01
-2.693552316501591215e-01
-2.816440396943900235e-02
-8.085596204845008073e-01
1.063447643083586192e+00
-1.791523231816604944e-01
3.391390976848588923e-01
-3.123319701569780005e-01
6.612040979245398242e-01
-1.879026128674215479e-01
-2.018254863158648604e-01
-7.438187855393314785e-02
2.314292017415839897e-01
2.530808982896650128e-01
-3.602352952437850586e-01
-1.848422522258384104e+00
-1.446209137240880571e-01
-3.415900662168026847e-02
5.010940682666018553e-01
-1.234547892554157672e-01
-2.481610052361019753e-02
3.930227715183532422e-01
1.508998724115865331e-01
-3.497097851688257264e-01
5.441144233336424607e-01
5.275164250817079500e-03
3.508873450751704981e-01
4.447737263396079332e-01
-2.599886472873852994e-01
1.882727394396098430e-01
-3.888914200086034945e-01
-1.164792254425180279e-01
-6.750663458590946964e-02
-3.570793428231913147e-01
-1.862196500400560284e-01
1.897144838501600150e-01
5.776740290609468087e-02
-3.129233689793788908e-01
4.314321323841875389e-01
-8.345092077345059312e-02
-4.707553467152518767e-01
2.800456657880425193e-01
-1.115672172023797065e-01
2.881651164230603079e-01
-6.773247373603760169e-01
3.880737476364468086e-01
-6.940724568756435724e-03
5.536122373569426353e-02
-3.476126547916575521e-02
6.786423189741761994e-03
1.825394258421363103e-02
-2.793235329194670435e-01
2.636397797273213328e-01
-9.195587485775220948e-02
1.579382737995303765e-01
4.076654098082285183e-01
6.396180183909875305e-01
3.800425794823075187e-01
4.154519410007571911e-02
-9.869709888726425906e-02
-3.873135262086028867e-03
7.556430983243915822e-01
1.240869685154747104e-01
2.391311563794719930e-01
-9.595982809946373288e-03
-8.340962455571251377e-01
4.331718070162081102e-01
-6.295083881405285631e-01
1.513869022710763734e-01
-5.770438432741910040e-01
-6.862880015932831812e-01
1.860071820069344739e-01
-5.301870670528797264e-02
4.659059477680521644e-01
-4.825263640585000791e-01
-1.101991835255091257e+00
3.065982717780639868e-02
4.964118027874755423e-01
-2.847380269393566810e-01
-2.456437532999954376e-01
-2.069371418446596944e-01
-8.055561353563999161e-01
-3.252841925008721491e-01
2.377677183479342538e-01
-8.469592188690916457e-01
-5.737322330413904131e-02
2.972825942047144406e-03
1.336087943296754010e-01
2.658319155276315793e-01
1.068436328832752247e-01
3.769398031692132722e-01
-3.613035011138531760e-01
-3.854674708724768056e-02
2.348695131859579732e-01
4.367245869482996312e-01
-3.793027294827213021e-03
2.462907688407147550e-02
-2.322555662938745602e-01
-5.006712130517766701e-02
1.957194427969102535e-01
1.672578620574643737e-01
3.755746193958458545e-01
-3.159890042020737089e-01
4.380759078480085944e-01
-1.102792943259174541e+00
1.752509723276565456e-01
-2.668228990309043369e-01
5.383902268652268619e-01
-7.090792235040535019e-01
5.869865800664905153e-01
1.225790021865518498e-01
-4.007972609824969612e-01
-2.642827286707265522e-01
-1.032534817213858619e-01
1.045053210240583508e-01
9.099233275395600673e-01
1.554080946750448222e-01
-2.033001851028981566e-01
2.993414305225305938e-02
2.498071636076306112e-01
1.759058217046375328e-01
6.891970136685800219e-02
1.591493050444220750e-02
-7.884494354127794535e-01
1.795930850629572084e-01
1.643615819813535328e-01
-1.173650775922451504e-02
-1.775975637155962072e-01
3.746323830053820414e-01
-2.685037405704153723e-01
-2.579004508582494193e-01
-2.452336489798510322e-01
6.505328449293301674e-02
7.512710906618318314e-03
-1.886898876411484960e-01
8.609572208382461345e-02
2.780869159233710364e-01
-7.567502457286202910e-02
-8.521930716276487905e-02
3.808693630309433198e-01
-1.878878997029295450e-01
7.378075435407865923e-01
3.953176446784366638e-01
-5.221803434695904134e-01
3.187993538755777845e-01
7.597475417504244433e-02
1.175084240245848066e-01
-4.168951577582032386e-01
-4.514438075263521588e-01
1.721137363435671364e-01
-2.115529973917942841e-01
1.854848834375299460e-01
-1.189040559333398722e-01
1.333395018377078467e-01
-5.105151033359506263e-01
-1.682709059414549402e-01
-2.837344353248252848e-02
-3.464763270023449859e-01
2.839851497934259839e-01
-1.176691790716673375e-01
-3.976855186975841172e-01
4.865977593843189286e-01
-1.374625259606319927e-01
3.814831845559522039e-01
-2.622572422720729213e-01
1.053335036492616394e-01
2.089573948807062209e-02
1.267654744968608749e-01
-3.521858322415326037e-01
3.362539298714056213e-01
3.433098170392719778e-02
-4.221994568651307733e-01
-5.589732879439952146e-02
2.961866647738863878e-01
-2.458786369500015889e-01
5.183283179143057806e-01
-6.708327611187171746e-02
-9.395389392201496104e-02
2.031108065006348995e-01
-9.794558328248706425e-02
-5.869255939791834242e-02
-4.173223379913008207e-02
-1.373944235780284739e-01
-6.615318648185521122e-02
-1.413187955475251611e-01
-1.247738520689678499e-01
3.085533657924456261e-02
6.844351957093838812e-02
3.443992434093282040e-01
-4.808993032213409458e-01
-5.941172427958951729e-01
1.977302588232037750e-01
-2.982549128386685067e-01
-3.331391872012243183e-01
2.437598576344341683e-01
-1.706082273842616792e-01
-1.111496663574539218e-01
3.954941634751525936e-01
-4.773649139001588937e-01
1.324294612909172331e-01
-2.356300041371954535e-02
-2.006292094172841545e-01
8.620197643353623429e-02
2.649337339521193693e-04
1.779206220002503558e-01
4.107263526266734938e-03
2.027409759250369536e-01
3.408558803859294828e-02
2.581253156363604861e-01
-4.157403239578720544e-02
3.392480330562444024e-01
-3.644860346680798852e-03
1.160279442646042769e-01
6.015411488706081528e-02
-8.901153278471220232e-02
-7.308326404457035075e-01
4.993082525928408399e-01
1.182929338262101449e-01
-1.362765694571090314e-01
-7.086382753663154899e-02
-3.623566023231374889e-01
2.682496440585347419e-01
-1.524201536665633835e-02
8.913970619042564658e-02
-5.133232617948896293e-01
2.252564875841930880e-01
-2.500621633074771033e-01
4.392977024334563940e-01
-5.728894031564727429e-01
1.845744379870410401e-01
-9.501356762242766166e-03
1.523341867223630686e-02
2.103601880181271144e-01
-3.799933307258863135e-01
4.795624319570304106e-01
6.338741777720746651e-01
-1.159334729021008854e-03
8.334899619124898698e-03
-4.333269853974089925e-01
4.869880785627762054e-01
-3.611181213588173233e-01
7.035257675858191950e-02
2.652737284619676172e-01
9.689074228502518593e-02
-1.431815653163522883e-01
3.637893072215077628e-01
1.249036840513789853e-01
-2.569458424045342748e-01
1.208972686567260230e-01
1.168280057213169076e-01
-7.470313171123445228e-02
-2.940454226241849267e-01
-5.353493120728920751e-02
-4.409344900937313683e-01
2.373566152561488729e-01
-2.755886003193396272e-01
-1.029141311936050129e-01
-1.761120123908859608e-02
-1.862508915505727697e-02
4.507895553284223256e-02
1.756983724855268325e-01
7.204083226935368289e-01
3.219263690102541209e-01
3.933283390075689723e-02
1.794371462763401315e+00
6.203629054076675864e-02
-2.206318463173791433e-01
-1.018778885259014277e+00
4.439581632376196629e-01
-2.645858881817265695e-01
-2.977242964233514644e-01
4.219629078540545475e-01
2.573758904942413106e-01
-6.098818366081748543e-02
-1.775209803759063565e-01
-5.443550164790780244e-01
-4.889623150040912636e-01
-4.043760632174209224e-01
2.475531121004541368e-01
-3.040344541312277049e-01
1.152465068771272166e-01
4.546937956696533445e-01
-1.174870412905476003e-01
-2.540259218404397612e-01
1.044897307151615440e+00
1.741481233879503543e-01
3.503832930518789857e-01
-4.225028827273426546e-01
1.494963644082956122e-01
-3.937935567737932407e-01
1.355210716841367784e-02
-1.298962710458241021e-01
1.766090732278008391e-01
-2.159525355930609902e-01
2.155943419594172905e-01
-4.034014208042519534e-01
-3.667721515029469248e-02
2.120738617316944574e-01
-1.228151553530808515e-01
-5.116791470539573394e-01
-1.772000547113028734e-01
-3.572372695159192202e-01
2.950431474603631282e-02
2.278776163165043833e-01
-6.000356138300119158e-01
1.516635746548444241e-01
2.684511205846903947e-01
-7.267598523505329478e-02
1.308704553826445516e-01
-1.119167212210852719e-01
-5.356488120364117506e-02
-5.113738466161949631e-02
2.998979345582416522e-01
-5.407160799213876073e-02
5.216288807260435201e-01
-4.873724648290441164e-01
4.897833498822041359e-02
8.469395947395437496e-02
3.321369110153742921e-01
2.291171155776265123e-01
3.155853863560821315e-01
-9.458392322214069503e-02
-5.064750359233954891e-02
-7.632197752907454551e-03
7.681181881962080293e-01
-5.096749690947400407e-02
2.756752164148854045e-01
3.199898287980986189e-01
3.213705942476573207e-02
-1.442951257255233599e-01
-3.908490889081093350e-02
1.858553206483952169e-01
2.278875394069111715e-01
2.104305491259287064e-01
-2.229765499203099077e-01
-1.699190528093147412e-01
4.809051308710973055e-02
-8.172083881446072506e-02
-5.140019147061994365e-02
3.972627743947743095e-01
6.235233770387527130e-02
4.973492896277939557e-01
-2.981474052747191614e-03
-9.910001252784933490e-02
3.163937701490780463e-01
1.071568422811426530e-01
-3.674343249925723365e-01
5.004529869415820231e-01
-9.602171278416625488e-02
1.969955562138739069e-01
-4.089102550598692765e-01
1.061885794562447555e-01
7.965650217963861357e-02
-4.946417540387670203e-03
-5.147131468616227279e-01
7.062789093623670356e-01
2.515647570659118593e-01
4.164194740314935972e-02
-1.558122942174196279e-01
-2.460456106234987783e-01
-1.461166709472608571e-01
-1.621702982369729318e-01
1.956769317262466723e-01
-2.180174616625762396e-01
2.906948963510908590e-01
-5.656652503000465515e-01
2.987862965732689946e-01
-6.125436029428678042e-01
4.969691429529108917e-01
-1.766552532448490975e-01
3.146928755566613112e-01
-1.451883044518024503e-02
8.877144600812925113e-02
-1.148480546563036137e-01
2.722381287857309484e-01
-1.013304796665051688e+00
6.210525872607249726e-02
-3.082968027688446910e-01
1.286605986673821089e-01
-9.165887051690162213e-02
7.412386389952191346e-02
3.270045951106585469e-01
-2.041609264644733135e-01
5.384788753893174906e-01
-5.564599920635091568e-01
1.570251305126908470e-01
-5.548362335605279139e-01
-5.863469562121113171e-02
2.438058768486885131e-01
1.589500134590249580e-01
-6.765408557295694847e-02
-9.352128562486235197e-02
-6.981075907836442607e-02
-1.151733229908873390e-01
1.759386888425789053e-01
6.790678320185258299e-01
4.521617808628888152e-03
-2.643527167531725675e-01
1.330075756075657090e-01
-1.356172490887115611e-01
-5.796491549316725722e-01
4.986117019558421459e-01
2.846427487815901824e-01
-4.316378664307074509e-01
-5.838232804438205914e-01
-4.181023520348157163e-01
-1.876307223085131939e-02
-1.146184571511235650e-01
-4.935147604910199992e-01
-9.032323858374599612e-02
-1.144369761702529242e+00
-2.814966769816228398e-01
-3.446800449688131041e-01
3.515246705347699341e-02
-1.379997282467363973e-01
2.451781309295421873e-01
-6.147836663647600342e-02
2.283556147646898793e-01
5.153021638306103380e-01
1.678522440642324920e-01
1.080437690605458023e-01
-2.503880279369474771e-01
2.147566094215489774e-01
-3.150847434149110504e-01
1.586577280182810967e-01
-3.256332836009319665e-01
2.337904868985750950e-01
-7.573123113640499449e-02
-8.065820917354050990e-02
2.328586498735578103e-01
4.875132639404455848e-02
-1.366369232216674834e-01
2.329162997890156794e-01
1.404043055574092681e-02
5.213375466610099540e-01
5.262351838148960903e-01
-1.684469745801398244e-01
1.312829015222268803e-01
2.067876452250648200e-01
-3.605364845500138582e-01
-3.430146905023428311e-02
-9.231926191273646110e-01
6.769026065030931960e-01
-3.373541463312544897e-01
-1.193508108494806402e-01
-1.424466272243350706e-01
5.099126255829371929e-02
-2.644946128551349807e-01
-9.125753281487704316e-02
2.038585002539995972e-01
-1.622421255199203716e-01
-1.930980939490044568e-01
1.703181524677392644e-02
1.283390569736839182e-01
3.969321103792852190e-01
2.709342425174588453e-01
-7.033326478593537878e-02
-8.955958971876838703e-02
-3.640581782351927642e-01
8.298626676288541060e-02
-1.654490467909968399e-01
-1.548900056322372876e-01
-5.208515144353160764e-01
1.093565938670213233e+00
-4.528522882954451045e-01
8.750683443115502003e-02
4.603338404513492299e-01
3.621171829119532726e-01
-1.035557586086652132e-01
-1.766173662047453852e-01
2.283939859689527452e-01
-3.474350983669068360e-01
6.391151511884046732e-02
3.147484005225839598e-01
3.623804934168056713e-01
-8.414057205459359035e-02
7.353917793490215293e-02
9.877959262930104123e-02
-3.073546098191511922e-01
6.307878039638864509e-02
-1.627844556024208439e-02
-1.497710718394268670e-01
-1.602894412076387443e-01
-1.743854181950162952e-01
-9.550985991339835945e-02
-1.667300726374357570e-02
-6.099949881400682644e-02
-2.675608276490403781e-01
-4.029416810998934229e-01
-7.584202072730808486e-02
-1.992713679602755028e-01
4.912768738961292153e-02
1.233072790316224882e-01
2.158609413899211793e-01
3.811326804523425538e-01
3.346576987823881438e-02
-1.504001270735924045e-01
-1.451533019350013110e-01
-8.221695078691851344e-02
-1.288892282940824197e-01
2.885595371120702052e-02
4.193423896599750567e-01
1.734944218315853659e-01
1.041090069166139109e+00
4.165717351965977922e-02
3.204935649201295367e-01
-2.691411208563957991e-01
1.309379309681766579e-01
5.012757586961773537e-01
1.552072714071796866e-01
-9.299000525038125797e-01
7.330800888534703963e-02
-2.884384576046977178e-01
-2.021216371790786892e-01
-1.205359953305224913e-01
-5.098284639231007859e-02
1.005147461823464698e-02
2.526330982394345837e-01
4.002605571048518662e-01
-6.927487157056981537e-02
7.351805489599153587e-01
-6.411933419159498992e-01
-2.385012312831102932e-01
1.306524381202759821e+00
-8.897463875255475774e-01
-2.784805180758392340e-01
6.274157331992256115e-01
-7.758445867543802832e-01
-3.223778844640246555e-01
-3.972786503486603338e-01
4.530033028739727241e-01
-2.479408277976882791e-01
-4.413541416610266555e-01
1.468469468588287918e-01
8.164936612059776888e-02
-2.116910434673053773e-02
-2.764742997044732919e-01
-8.149011403707969725e-01
-6.757746137774549577e-01
1.807905613862527405e-01
1.871856225996782197e-01
3.367471800483721744e-01
6.390815509026567254e-01
-2.287530521738409817e-01
2.644725832503724838e-01
1.857446264773633948e-01
-8.642528661739277973e-02
-1.745168741256659384e-01
-3.860472362760914988e-01
1.525200691830447264e-01
-1.310111071690736873e-01
-3.105325568859139129e-01
-3.847893814288083081e-01
8.552283713854497149e-02
-4.364839592331105633e-01
1.454579420516265431e-01
-1.004982896537267301e-01
2.449764362595768449e-02
-3.744731572898243321e-01
-1.316418331000379915e-01
3.447273688655278640e-02
-7.063951631913081286e-01
-5.412015594883650138e-01
-6.196839115301004952e-01
-3.450252679047184357e-01
2.523640221249588977e-01
3.860690800040362247e-01
3.335943263563568850e-01
-1.767810592587850393e-01
8.879023601315340353e-02
-1.296962000727079345e-01
2.073154592393356144e-01
1.141726239029225015e-01
-3.066544533770967917e-01
5.843844649390805140e-02
1.401681733131795830e-03
-3.422573439407359391e-03
-3.163466610582260641e-01
-1.871356345850525849e-01
-4.079468798540258345e-01
2.119214369788992858e-01
3.238046113337957888e-01
1.409089948838776821e-02
3.490474861280029595e-01
-1.642871378632164148e-01
-2.225420285126243347e-01
-7.079035796866922636e-01
-2.841651136012225409e-01
-1.313507520463357003e-01
1.371502953956244830e-01
-1.379634752886274573e-01
-2.341969536415127728e-01
-1.812506599983829958e-01
3.048237065289285952e-01
1.126240840581258090e-01
-3.459440851988560550e-01
2.092413168679423674e-01
7.568606076070876210e-01
5.074444862307457838e-01
-2.502112484619712918e-01
-3.100611461920733253e-02
-1.411200033050081792e-01
4.494454734843463806e-01
-6.463237783602966413e-01
-2.588420847317809970e-01
4.175202607293452273e-01
-1.297935342789584556e-01
4.228698425560751817e-01
4.547174855217698819e-01
4.111155414189262003e-01
-3.639553007366400084e-01
5.196771737304276551e-01
9.258747257851956958e-02
-4.101004937019437913e-01
-4.922715548587676682e-01
-2.178252546430978487e-01
-8.029214017338172360e-02
7.989505174379940566e-02
1.176215431639806713e-01
8.975627921954264232e-02
1.786256568723040838e-01
4.933041752017722770e-01
-5.490010371736710193e-02
-7.846149843497697215e-03
3.702295393792568445e-01
4.116867937507968089e-01
3.522211909106943289e-02
-5.058659271290486537e-01
-4.389027153658500713e-01
1.348940612970649933e-01
1.899833500751198223e-01
-1.583997949778814529e-01
5.506828750375740780e-03
-1.461636900461519839e-01
-1.551426844787182902e-01
-1.857514307569975431e-01
1.946185926514601428e-01
3.142325488447853532e-01
1.079805206381212190e-01
1.417303774205218025e-01
-1.077923611874091331e-01
4.610570282800988823e-02
5.342436833623153136e-01
-3.107889679327783261e-01
-1.925973861358818706e-01
2.050251129873243705e-01
2.737217394064770937e-01
1.647817736185570037e-01
3.073198379838186778e-01
-3.216171800448151125e-02
5.981992547746845662e-02
5.520054692824681863e-01
-1.547185124265301470e-01
-9.997151480387489464e-02
6.816382138567415871e-02
-2.750758968511351488e-01
5.115474335385832294e-01
3.905359835517617506e-02
2.215835962560389061e-01
1.138668221592153279e-02
-2.205201212361426744e-02
-7.322287900469728328e-01
2.474630801628460719e-02
-1.310175042378751709e-01
-3.662098432319544350e-01
-6.117373671423330384e-02
4.320177014730177123e-01
-1.391838917323083014e-01
2.034808768799970524e-01
-3.178852879723394198e-02
1.493349097824547556e-01
1.846230907294008072e-01
-4.430366701022593889e-01
1.633714926605194517e-01
-2.018453778919721553e-01
3.336966893568100306e-02
-5.876045410850150308e-01
-3.955003351899891717e-01
-3.462943357274131939e-01
2.607929784300859199e-01
1.527683950501681522e-02
4.689637206278327586e-01
3.506834459391896530e-01
-4.569443537892148993e-02
-4.894196875274693659e-02
4.336185977082730736e-02
-1.956803151835114218e-01
-4.208406428935324017e-01
-9.097410509530022560e-02
3.458685748701779365e-03
-3.995769319052479007e-01
-1.664893072926262041e-01
2.000252267677068152e-01
-9.327123258679606566e-02
9.113138141386441238e-02
-1.069617109934281884e-01
1.319083366516898281e-01
3.987289502747624614e-01
3.737919478536823603e-01
-3.475086330906714815e-01
-3.401296092157187756e-01
-3.374399323781808735e-01
-7.358658246405130887e-02
3.709852491345975167e-01
-7.530966317097496964e-04
-1.110384083740117017e-01
3.800859120729322988e-03
-3.327295919585931960e-01
-1.901968808344670359e-01
1.284510386013361094e-01
-2.554411054290743333e-01
-3.900555534271613056e-01
-5.164856168370823147e-03
-2.647867334914803528e-01
-5.195227046685357841e-01
-1.711537137309883660e-01
3.481484271673840891e-01
9.949719107421423417e-03
-4.711733802777165470e-01
3.094307484192960200e-01
-3.100174435433267206e-01
8.386293825094982557e-01
6.409806766847252479e-01
-1.534945918854467017e-01
4.627460819417039128e-01
-2.307965505875539738e-02
-4.186095785871905561e-01
8.901074072557198236e-02
3.427542481855359036e-01
-3.251131125814067380e-01
-4.533692382508177077e-01
3.524048463100404871e-01
4.814268141542996093e-01
-8.405030434817969964e-02
-2.639699826178009134e-01
-8.942790297685226019e-04
5.636158112374354406e-02
1.142957310251549730e-01
3.511304962114363271e-01
3.134526696911981714e-01
6.175335226391152066e-01
7.574263938619185677e-01
4.774876606867967666e-01
1.215534830253639953e+00
5.562782092029493475e-01
5.289182989446278293e-01
-5.224778011078980988e-01
5.728388065583599892e-02
-4.856984497471340534e-01
-2.827518167743284933e-02
5.834511937483194410e-01
-3.039791329763718020e-01
-8.988800257911579161e-02
8.404849958044093849e-01
2.591481090442920854e-01
-1.408709524769242993e-01
-5.893665365927848176e-01
8.456312372668436383e-01
4.726526270633717441e-01
-1.775691425860694284e-01
8.985390355893423109e-02
-2.400286658981771459e-01
-1.029138705795373671e-01
-3.994972503067022868e-02
1.250837814211631371e-01
1.080049391303811862e-01
3.134140688378549144e-02
-1.208673573187793032e-01
2.217941557038691225e-02
1.561574667763573898e-01
2.259757018166256085e-02
-3.467922509552259780e-02
-1.530920319951034614e-02
-5.954318961738062077e-01
9.741925614790952759e-02
-9.241048342605075183e-02
-5.650807916383259605e-02
-4.791582143102252056e-02
-6.779309384672106698e-02
-2.496098321268740150e-01
5.092387544447468661e-02
-3.789592500842712819e-01
2.124989573503605761e-02
-2.666293137143164738e-01
-4.953339769927384006e-01
1.274358620831421707e-01
-1.474890708232793057e-01
3.448351705359310460e-01
1.813095887212734236e-01
-4.399842952279549024e-01
-1.942433817082480363e-01
3.188022964387124958e-01
-1.770381816877787118e-01
2.773611385554747288e-01
-1.904852309102920138e-01
2.726946983653556755e-02
5.275095951819849110e-02
-3.638473207514114072e-01
-6.125083266800990245e-01
2.832442561186243046e-01
1.189562655405418945e-01
4.357207257813192763e-02
1.305279495195303119e-01
-7.144153224108845679e-02
4.008907635927001500e-01
-3.995237617878311109e-01
1.018769480003386546e-01
-1.261795566927707835e-01
-4.052387757813820657e-01
-3.238195265147380542e-01
3.475036863003075349e-02
-8.702268015462089057e-02
5.332228940452810040e-01
-2.206676608072297707e-01
2.090830948385251631e-01
-2.754576002829163886e-02
1.379138523703365149e-01
8.486753923264461937e-04
-1.266625297480637735e-01
-3.380255274579936908e-01
8.240572668558425462e-02
5.900043821486936763e-02
-1.292407879992645059e+00
1.361108781288601910e-01
1.141458001177644427e-01
-4.395609933270728242e-01
-5.819856655354768149e-01
2.980955189746870015e-01
-4.748515004251447902e-01
1.590657870986398048e-01
3.140566940783541261e-01
-2.596028336898090205e-01
7.401696570919200080e-02
-2.843208891320621046e-01
3.025925472045906117e-01
-1.378003024048367609e-01
-5.819546941964780923e-02
-7.461133176074806472e-02
2.080354113585949627e-01
-1.070802538451302438e-01
-3.381386531422082009e-01
-2.393163354916607102e-02
1.791641333246379308e-01
-5.770215578866220996e-02
2.248272501324692640e-01
-5.075089504604882729e-01
2.052265802665931838e-01
4.564197701151980618e-02
8.056604764445357558e-02
-3.310620728801323964e-01
-3.693716938823984886e-01
1.218853236926156214e-01
2.150396553456202509e-01
-2.600274923033230601e-01
4.448256124843935622e-02
-3.738409439427071712e-01
1.328045243398383590e-01
-2.717668121385390448e-02
-1.642714810282829563e-01
-1.645365149731889964e-01
-1.554270398369642092e-01
5.832236917342236149e-01
-1.712450324937389926e-02
-1.364481933561299820e-01
-2.981312748050479744e-01
-1.744613237379046833e-01
-6.560273453008858002e-01
-2.801517491421031125e-01
-9.825499774728020663e-02
-5.101757020520064634e-01
-7.230517538559044777e-02
4.097861039945239203e-01
-2.654224307736567923e-01
-5.339315161361615075e-02
5.177288054372535253e-01
-3.306617923564140749e-01
-3.513797234130380809e-01
-4.549640979148870112e-01
-2.108357292403881256e-01
-1.127975934165473121e-01
-9.206570441220234269e-01
-5.996899788288131278e-02
3.146646088382515360e-01
-1.845983078847587555e-01
-1.566308029494195286e-01
2.566313154188814005e-01
6.180473730847646507e-01
1.833534542063320061e-01
3.339401874848276219e-01
-8.855498141364760711e-02
4.270562028496415197e-01
3.839982975171561674e-02
-1.299336441522870762e-02
-4.734044529632944198e-01
9.594008331138663415e-02
-8.105354043730828364e-03
-1.963804340121034220e-01
7.778477625837046383e-02
6.226248873441397880e-01
-8.192413343871758347e-01
-7.776636355831550995e-01
2.611306031351185442e-01
7.476094215514307584e-02
-2.502983222552224163e-01
4.870884937797069214e-01
-3.800535907749110764e-01
-1.148505807958949756e-02
-1.742590172592645426e-01
1.095580784812052871e-01
5.277246455493822541e-01
-2.928776073862585649e-01
1.552247056443325224e-01
9.218345284039705656e-02
-1.883856550025392318e-01
1.970003550374959667e-01
-5.944851157192685420e-01
4.603781526764756382e-01
1.226757167490009730e-02
3.128972372773411448e-01
4.105331243116312478e-01
5.801899237988260571e-01
3.087237549874921605e-01
1.014979139064624558e-01
-4.828887481705883555e-01
-2.713970943188059315e-01
-1.073577552612448582e-01
5.302852892932266582e-02
-9.298506117961309325e-01
-2.354977415489083459e-01
-5.607621510077321902e-01
2.592549012583485191e-02
3.335637372920230992e-01
-5.248592500097064573e-01
-3.317704829814702161e-01
4.936827951029340578e-01
1.858128572518182864e-01
-1.049242879666271167e+00
1.935538765216318347e-01
-4.178945844056113357e-01
-1.755079761655476966e-01
-1.156820333906215081e+00
-6.303727046131057943e-02
-7.588076426443466499e-03
1.829322015032476545e-01
-1.188623212259588141e-01
8.348243898656505790e-02
7.920193073517756144e-01
-1.174119447707265146e-01
-1.232781832415187906e-01
-2.343514300579136456e-01
-4.094826553572870620e-01
4.328579909504999823e-01
-2.916328755258112276e-02
-3.649831396451805321e-01
-7.866866434078369219e-02
3.885307912776341799e-01
1.390690132827484410e-02
-1.461852592866600131e-01
-2.422999150529216716e-01
-1.284868933160059901e-01
-2.548127705841399804e-01
-1.805222178201380256e-01
2.782664643019137629e-01
5.818430118702450082e-02
-2.892465197846499914e-01
1.666656489261531537e-01
-9.647299711961199176e-02
-3.424155673476991790e-01
6.950435796183282444e-02
1.391683446106286026e-01
1.797051043778175039e-02
1.056471433659597198e-01
-2.631912796224195744e-02
-2.181821937965123803e-01
-1.854693530759433384e-01
-5.036269298414051132e-01
2.736579645779645964e-01
-4.275971180537952443e-01
1.944036965214500090e-01
3.589133442358085069e-01
-3.005333716358168233e-02
-8.437859807400055479e-02
-4.990729731956662640e-02
2.991883679187647971e-01
-2.660401059615944419e-01
-2.786374783187256510e-02
-7.103076007201590825e-01
-3.275501005597492021e-01
-3.770937209721204608e-01
4.193107721279191319e-02
-5.414984866484003900e-01
-4.630082213598832319e-02
3.891568912537491376e-01
4.474124733605984727e-01
7.604600518329099335e-02
-5.502854230099136768e-01
7.046708235597144709e-02
5.099589464593177190e-01
-2.485931660997773018e-01
-1.652513757453100418e-01
-8.840593227445689983e-01
-9.776186403738403863e-01
-7.890083024333523209e-02
-5.961979483533243196e-02
4.577604258007709689e-03
4.615664280924981488e-01
5.097989977392312078e-01
3.104791147008178487e-01
5.309929470310861266e-01
4.279042806371701202e-01
2.892550471390441524e-01
1.459462972777003376e-01
5.801902248334621370e-02
3.136056026562486498e-01
-4.214453886646269964e-01
8.377495190376083381e-03
7.826436250309191933e-02
-3.940098017255720952e-01
1.226346515118375419e-01
7.751896444629957292e-03
-6.500458734003329297e-01
-8.363062113485981997e-02
4.178858027286693755e-01
-6.888205305583162963e-02
7.974765116428324252e-02
4.290989306656332047e-01
-2.193042640394732012e-01
-3.035126134309306112e-01
6.764345329514495631e-02
7.523992648327006982e-01
1.475165569805264032e-01
-3.853403049177745454e-01
3.791558643241516036e-01
2.541988641575367372e-02
-8.920998502427721077e-02
5.652665927984453637e-02
4.201928197274827914e-01
-1.608474301367995019e-01
3.941706717278903871e-01
-3.077384111398877298e-02
3.395866498531363575e-01
8.748362964669398334e-02
3.090883721595228950e-01
1.743951838229700346e-01
4.638859004511008410e-01
3.597778243940484844e-01
2.522702288162452788e-01
3.479532934232124064e-02
2.988800350369972270e-01
-1.136044576511434229e-01
1.738198243983337110e-01
4.100903579225511630e-01
1.313979385019238000e-01
1.947384630254121451e-01
1.420356677843553628e-01
-9.943151945834292904e-02
1.749172412441643010e-01
-1.042533662711873227e-01
1.983572637133249397e-02
1.229061899107716238e-01
8.697514197612012943e-01
2.576014382064975572e-02
7.180390845386072640e-02
-2.683911282280413979e-01
-3.918570797214886992e-01
2.458129023390865503e-02
-2.519605781211314843e-01
3.385468816066414255e-01
-3.781495169968821513e-01
-4.672840553840034716e-01
4.400650522251640939e-02
3.499347945119402753e-02
1.107635456818272385e-01
-4.615287133005562259e-01
1.274989427560335176e-01
-3.816925594123790622e-01
-4.170651144013466927e-01
1.131633436903161649e-01
-3.092449872110432652e-01
-2.167433310386950029e-01
-4.438383978113862871e-01
-1.615431381424016488e-01
4.213487217512839611e-01
3.716559871244501378e-02
-2.987152702777988791e-02
-1.044091097206683166e-01
-1.659961792696099114e-01
-2.839042608162786197e-01
3.717140150837594526e-01
5.186987741163278098e-01
4.420493333352184563e-03
2.699042283192651936e-01
3.740555111616692963e-01
4.927593437008796484e-01
-3.165868984057438329e-01
2.798560043116493090e-01
2.163399158610116169e-01
-5.587825894250548348e-02
5.371998093557011078e-01
1.553369396358745824e-01
2.694639035410819616e-01
-4.232618237027217512e-01
2.289589303338349785e-02
6.352491552734790270e-01
8.273769628980622015e-02
2.804623693806235218e-01
3.060828918771511531e-01
1.831793223418060335e-01
-4.605345540101159207e-02
-1.868720530774916344e-01
-3.322036248688559068e-01
-4.577412777426601020e-01
3.255969796526145821e-01
3.744295060185534596e-02
-6.701798015856095247e-01
-2.402526099249938096e-01
-2.991743063833093852e-01
-2.423167785554004028e-01
-4.613305161441301483e-02
-4.566652628951983761e-01
2.438315999955636693e-01
4.407880905450494713e-01
-2.018474557124947388e-01
-1.050094705334121414e-01
-4.400556852773996469e-02
2.771805574709960140e-01
-3.795358842294495605e-01
1.111975218877348098e-01
4.297243324857505375e-01
-7.595569989516380571e-02
-2.222595091087767039e-01
-2.314085431261494671e-02
-1.273017502716099481e-01
-5.268359757963364531e-01
5.623489864104831426e-01
-3.922523720266694602e-01
-9.235003799638821786e-02
2.446041654050358505e-01
7.691225675716023384e-03
1.625038519209538457e-01
-1.537209769377129338e-02
2.198374967368798005e-01
-1.251521486188966747e-02
1.635757190270084593e-01
1.235973246627857652e-01
-7.249331093052345520e-02
3.762313973587607663e-01
1.821566380043551300e-02
-1.511739655612899247e-01
-4.515154978487146975e-01
5.494689370567131803e-01
1.858271336439340227e-01
-2.630396716681526054e-02
-2.794795131268493216e-01
-5.015784467266570096e-02
8.057392397100604162e-03
-3.554710499411463109e-01
-9.002574637669186197e-02
-6.005439190168884167e-01
2.442010458454134947e-01
1.457827118083553641e-01
-1.023113688431606660e-02
-1.747990763237714518e-01
3.773152824242780312e-01
1.133542087428491829e-01
-9.059505909861173545e-02
-1.715784564980417370e-01
3.124941732107480719e-01
1.794270464830743095e-01
-2.382475710225384347e-01
-6.017202172853507447e-01
1.302931161862256881e-01
3.361969881870001120e-01
2.499654004663982854e-01
-2.697376750322450292e-02
-1.540166034589238453e-01
-4.641335388013254071e-02
4.889685865772707557e-02
-2.485372889300347388e-01
1.023818903263360169e-01
2.054716140437825855e-01
-4.878386828343998088e-02
2.477027308284918405e-01
3.357227054275438993e-01
4.499349196301834497e-01
4.878243495007342223e-02
8.434842017319570395e-01
2.070316394237787239e-01
-2.158934504643743313e-01
3.847563211844894360e-01
3.783503753556672899e-01
-1.222914574030959101e-01
-1.725520485161478185e-02
6.342480969635680421e-02
-4.374846160084512325e-01
5.100201387056066404e-02
-1.778696131069148686e-02
4.418767883167293853e-01
1.950976115896130847e-01
-7.318522142754137205e-02
-5.567521915131139476e-01
-2.608776612519520532e-01
6.886198040824936806e-02
-1.304121989895498657e-01
7.037390917712638139e-01
2.140997152263693082e-01
9.633699175030817630e-01
-1.013305415080242577e-01
-9.017913725542990588e-02
3.539688231420010101e-01
1.054152141193886782e+00
2.996392074559635632e-01
3.428460405845629166e-01
-3.757739788240354595e-01
-2.741238729633949101e-01
2.078216335885046118e-01
2.357657164614239131e-01
-5.081988378088642122e-01
4.691727654763025446e-01
-1.520170299095790767e-01
-7.348332656196011614e-01
1.449117312211654386e-02
4.582600162787717757e-01
-4.878437256726664284e-02
-1.492796012447762111e-01
1.857737750463681059e-01
2.969210410065174499e-01
-4.974704622982588642e-01
1.266162059660679573e-01
-1.833997435333873383e-01
2.465619048911625866e-01
4.484446942317780183e-01
-1.664395027205941013e-01
-1.100864460990388649e-01
-2.683414747346918316e-01
6.994440877311609572e-01
-2.085091843249461951e-01
-3.185669948966660669e-01
4.075300450075686198e-01
2.582416081032607932e-02
2.943848723071660345e-01
-9.622418848194880248e-01
-6.558562356128593007e-02
-7.373464576746924237e-02
1.597053701937674874e-01
2.069988319330502979e-01
2.695891808617202345e-01
2.563163379746410397e-01
2.587710577402081435e-01
-6.498825698599263179e-01
5.469536551233614707e-01
2.599184863251745026e-01
-3.041608001617303603e-01
8.482359669956703041e-02
-3.210384044693525563e-01
3.965465717004600932e-01
-5.342484052420573559e-02
2.829727237811851537e-01
-5.018068830318790363e-01
4.942198556699921030e-01
3.556087053238640716e-02
-1.252414453508078340e-01
-3.746356280001329475e-01
-4.466263960106071074e-01
-5.173662808783229677e-02
-1.650065403887439330e-01
2.362953929178788492e-01
3.950805651903889215e-01
5.875445142059831233e-02
-1.572541128828319201e-01
-1.342627634950417370e-01
-3.537243579442178598e-02
-4.348917392943289495e-01
1.364371851648113199e-01
-2.284896542928716578e-01
1.058914956183320127e-01
-1.435445413214204435e-01
1.936061911180443351e-01
3.026889408974177062e-03
1.997797008212157110e-01
-5.416597706897010754e-04
-1.947214287528028498e-01
-8.965805495719397777e-01
-1.168165929698893768e+00
1.390034524917535541e-01
-2.271598315651118805e-01
3.556040433373606202e-01
-3.159976747250160534e-01
1.619041283525853858e-01
4.080976845407635056e-01
7.715191508565569789e-01
-3.196280291491254005e-02
-1.047552644724779158e+00
2.723441066109194564e-01
4.281553814503658573e-01
4.358013467542195540e-01
6.922042313824360305e-01
-5.990484586783212384e-01
2.120745247070102701e-01
5.537084738001313289e-01
-1.485189577410344353e-01
-3.036324177742271702e-01
-5.332726109360515915e-02
-3.848381408610656584e-01
1.723371239794145027e-01
2.906651755580108576e-01
-8.696128984882500745e-02
1.415602970468058663e-01
5.542759981309904882e-01
5.177614185583853668e-02
4.574735087648492682e-01
-1.486791119998084887e-01
-1.508584349787368273e-01
-2.404365351464669565e-01
-1.223065457762514963e-01
1.802665080791303054e-01
4.999452613657920375e-01
9.688203300322615133e-03
-3.374933644114836984e-01
-1.668699374372855648e-01
-5.162505287347941146e-02
3.134756466356728999e-01
1.008957461728175603e-01
1.075294459850781592e-01
2.163739078314506348e-01
2.952270843581844204e-02
-3.701845950484590475e-02
2.825025287009721997e-01
-2.654522361758425708e-01
5.537235304250227585e-01
-5.641031159736023537e-02
8.787688905591611865e-02
5.544186239267757249e-02
2.527285282072912476e-01
2.619737298847087809e-02
3.567756933273108499e-01
-2.572189033734372798e-01
-2.778613956824761977e-01
5.753527320122624467e-01
-7.749323003344149585e-02
-6.530454311701140713e-02
-2.153308922248089174e-01
5.753454386602597885e-03
3.821340692595907862e-02
5.954885594168058960e-01
-5.908725347997344224e-02
3.324698799835115737e-01
3.308819478967164190e-02
-3.810048440800553049e-01
1.801694705552918732e-02
-3.428590946041566723e-02
4.185265497905012871e-02
2.947049505318805607e-01
-2.238964138836790352e-01
2.748618267264457682e-01
-5.371370590322990107e-02
4.895849211614287655e-01
6.807139516248027211e-02
1.872690380370249374e-01
3.025279695038092798e-01
3.256677407946738101e-01
4.807318668838935632e-02
2.552238940622527860e-02
-5.154978242888262896e-01
3.795058656791683305e-01
-5.619944109641763497e-01
3.913154321167560679e-01
-7.951980071202268893e-03
-3.892643019083372180e-01
-2.228376115691849124e-03
2.491571493661478842e-01
4.595288420707183130e-01
1.400209703768588165e-01
-3.312356454019051433e-01
-5.495787643186267335e-02
-2.429524710279600541e-01
-4.569196412268348717e-01
2.416113040920093991e-01
3.312422557611319762e-01
-1.818974675230150828e-01
1.558392786426246734e-01
5.514804226288085032e-02
2.847712746462681688e-01
-2.996449960641606874e-02
-1.442728663834028924e-01
-1.787199039456956740e-01
7.259215150302704422e-02
4.650117592292448213e-03
-5.115605139216956587e-01
5.923491994876983746e-01
2.784583641836408871e-02
1.827530461825645214e-01
1.756805448661467317e-01
5.518842318129426380e-04
-5.154968038576189515e-02
1.389943893841315021e-03
1.382100183808801508e-01
-1.459303309786040004e-01
1.172282882566773043e-01
4.725856859050679183e-03
5.034223387839737579e-02
-2.447776966160316314e-01
1.103878127374347956e-01
3.840357162553055259e-01
1.360420880849947389e-01
-1.058453403236129686e+00
-4.586058964652268283e-02
4.185886473136868902e-01
-7.812391232192157364e-01
-2.398867882448668665e-01
-2.338489383593992665e-01
5.920496718865886354e-01
-2.383780429876194984e-01
-4.464819701607282698e-01
2.385528587758784236e-01
-2.467200340942264369e-01
-3.466363972525671189e-01
7.784584327320505370e-02
6.419581029070686728e-02
2.485594581224670127e-02
1.103254382729084160e-01
-3.127412840379303338e-01
2.442176627101551034e-01
2.578843787586130865e-01
-4.200149113874155904e-01
-3.440344492588471859e-01
-1.329407003331488091e-01
-1.485835490140572090e-01
-2.574953349093477284e-01
-4.777663736650332171e-01
1.950077376627575299e-01
1.864216182472832606e-01
-2.555821180297736944e-02
-4.938762614386661975e-01
-3.756553346987422798e-02
-1.261031332477987044e-01
8.373818955912780415e-02
3.662654530232173911e-01
1.426972988127218900e-02
-5.621655440593076314e-02
-3.222896883767489840e-02
-1.120342466294022149e-01
3.117619865411948576e-01
2.055815258697551717e-01
-1.027444461981889406e-01
4.598121496886918291e-01
-1.934212063220333289e-01
1.281606102065113439e-01
-8.032066304309203042e-02
6.527012338910487266e-02
-1.416332159175729688e-01
-4.890432930858187865e-02
4.020628178503962008e-02
1.100742549630572553e-01
1.399147816668210309e-01
3.886868980681167929e-01
3.048591061137305713e-01
1.631198848868828377e-01
-1.502151319128359752e-01
8.486248740283225400e-03
1.604780579656851502e-01
2.707984364744394634e-01
5.308530591956848177e-01
5.741317641372271074e-01
1.217204947613448995e+00
-1.746788277515341076e-02
6.635584200004462918e-01
-4.526069409003541377e-02
-1.184027605627886309e-01
2.458522374821920861e-02
-1.886338081553799728e-01
2.375061114494537648e-02
7.504211762205396929e-02
3.413098452642054914e-01
5.521981989531440371e-01
3.921259014914674768e-01
-1.502265619828323795e-01
3.237416478976218315e-02
3.197278371717520717e-01
-8.425932990264323186e-02
-5.067768974414689487e-02
-2.694380120686841809e-02
-8.678404254991475830e-02
1.604939420938965577e-01
2.035003517237744530e-01
-4.801113894949523009e-01
1.960774832404248991e-01
-1.578187328887062923e-01
-2.960380003071395594e-01
5.340952265418185130e-01
-3.593147253664628060e-01
3.558809192878910621e-01
-3.120263341928019019e-01
2.631239050078451255e-02
5.239203897736460780e-01
-4.694324233045225198e-02
-3.171412018766245899e-01
-4.427381677482949973e-01
3.110013245430240381e-01
3.517287450457731168e-01
1.039037225252539970e-01
-3.256123075073712458e-01
8.513842589356382384e-02
1.031267806916561364e-01
-3.010822452981058994e-01
-1.611582520663591145e-01
-2.374130082797372976e-01
1.422976539207836955e-01
-5.220483749444876538e-03
5.414991728302613883e-01
1.254022239215556861e-02
3.565120065213236988e-01
-9.518756464264295503e-02
6.800673692523212521e-02
-2.414294538198002160e-01
-1.722061747170704205e-01
1.309194430654055941e-01
-4.846436059932784923e-02
-1.835429736645382004e-01
1.909609633927692612e-04
-6.036995775319116408e-02
3.400624983414706204e-01
4.063150799655349532e-01
9.247169595947811460e-02
5.165184645764929749e-01
-4.018004263420534850e-01
-3.350232366632855535e-02
6.035485464211863826e-01
-2.275470392683491827e-01
1.195595446738525192e-01
1.834631838468260834e-01
-2.038370625818799464e-01
5.075145080219376631e-02
-3.638465339134892562e-01
2.373847100619583261e-01
-5.584785353315145466e-03
-1.727916427958246792e-01
1.308861729366738447e-01
2.510943622339033565e-01
-3.520858289682705089e-01
-1.166051630196861394e-01
2.187046333986395197e-01
5.825650195175338109e-01
2.458117072751120624e-01
3.307825181579921447e-01
6.066340278026647326e-01
-2.638071931633307818e-02
-4.946890926045816733e-02
2.074781131308248427e-01
-3.161525544764979823e-01
1.386471491946286438e-01
-4.154719454846501625e-01
4.514199052581551741e-01
-2.571364078012116638e-01
2.256901181232056075e-01
-1.149016098657383300e-01
-1.798822847020719318e-01
2.547092531924656789e-01
2.000820319667220293e-01
-2.005379805110920899e-01
2.898057154821633841e-01
-1.601256661222475730e-01
3.637531822404519583e-02
-5.563738445487000951e-03
-8.033149679606872706e-02
2.503073954099022669e-01
-8.690612523818992685e-02
-6.085340532106880973e-01
6.764506117495071580e-01
5.165529577773948500e-01
3.296041926980552428e-01
-5.462794032796568500e-01
2.337720231102594359e-01
1.371776457334685229e-01
-1.298363611524394612e-01
-3.464761733683115463e-01
5.243368364237492862e-01
-2.251236902823664510e-01
-1.310006726222931184e-01
-1.097311160210908687e-01
1.125295986242430268e-01
2.842990089291252964e-01
-2.905753087721237304e-01
-3.077654094869086698e-01
-5.464402633704817935e-01
2.245170696617180550e-01
-3.073589962274508314e-01
7.305713500978060215e-02
-2.702082471240298545e-01
3.352247507413630423e-01
-3.454121623859316981e-01
2.337987453910017333e-01
2.022634018495160224e-01
1.350244481052542689e-01
1.768338531063960439e-01
1.078411964864748468e-01
-2.160034259247648747e-01
-1.430333668461812591e-01
1.371886328600629978e-01
1.987563431832788108e-01
-3.888420281766509067e-03
2.094083286294103341e-01
6.129164902026488226e-01
4.650084151479716987e-01
3.222622783645442412e-01
-2.783742403327812975e-01
4.899557911908851149e-01
-2.091758022685786533e-01
-5.386046878073627031e-01
-2.281071585353199316e-01
-3.639991194485612813e-01
5.490196676740128900e-01
6.314170459223281684e-01
4.690808866654373049e-02
1.079555914953506252e-01
-2.599509908205639014e-02
-2.239060163394142045e-01
7.924512450416753007e-01
5.824970650023581636e-02
-6.203952701032037359e-02
-2.512123005831279343e-01
-2.128606555176155435e-01
-1.463679285522978026e-02
-1.864292681909003879e-01
-3.347269602763552898e-01
-1.079303670148129418e-01
6.950446921370119213e-01
1.064327259235132994e-01
-3.064400846589235630e-02
5.974301158183282778e-01
4.389119236183329775e-01
-1.630142501705536262e-01
1.945101438085308776e-01
-7.952419278680829262e-02
1.012937497742716630e-01
-1.261513492427016325e-01
-3.020153614498526928e-01
-1.423955857127338631e-01
-2.044540151670629080e-01
-1.479416813693604782e-01
-4.016761259679146878e-02
4.147311251415403133e-01
7.510601911496653793e-01
1.750423821357209864e-01
4.951354170819174949e-01
1.800660647618754495e-01
-4.235384475083328604e-02
2.665348539828327756e-01
1.187003598349765099e-01
2.504315344216482761e-02
-8.850298106963911185e-03
-7.184066135415451138e-02
3.357163732585872751e-01
-1.955162313963992871e-01
1.136811532975735284e-01
3.797463357184915900e-01
1.379497040768609406e-01
-2.183039186452551128e-01
1.270239395108464509e-01
-1.816318387804297108e-01
-1.447313648914127227e-01
-2.872311975906192139e-01
-2.041548758161846056e-01
-1.850200600116304883e-01
-1.026935501627252445e-01
-4.942141971052020633e-02
-9.660274485254119470e-02
-4.985941344635242550e-02
-2.059408585800039382e-01
2.346382082742844710e-01
-2.073779315541118828e-01
2.071517093522142194e-01
-1.720661266908095691e-02
1.641034168701435703e-02
1.248290186645831801e-01
-1.800935313092495993e-01
-2.985859154460182574e-01
3.021957904990765220e-01
2.815495955845181419e-01
-2.441783540757601623e-01
-2.938647305258319520e-01
1.153099301932037635e-01
1.150916860729465363e-01
-3.005843107658835445e-01
1.788958665274194004e-01
9.486054127387959223e-02
-1.053603056241862734e-01
1.810790890589410174e-01
-9.229042932693674872e-02
-3.223658788858665969e-01
-9.967474490849592694e-02
1.931009093707160562e-01
-2.971333934514359676e-01
-7.236267173364933913e-02
-2.638598926388927013e-01
2.780284823975688324e-01
8.010239575107842847e-02
2.177620591247354520e-01
-2.677902400002264982e-01
-3.283524694876515659e-01
-3.814220283402584011e-01
1.931419459577440045e-01
-4.442024807786678076e-01
1.695858199863444771e-01
-5.646361301098323793e-02
-2.426207688277431385e-01
-1.350144573056497738e-02
-1.967488406437380710e-01
1.699397516993173818e-01
5.281267786373302492e-02
7.298455923581041727e-02
2.005623675087129243e-01
-2.970641015155682241e-01
1.235268989744635615e-01
-3.075437257053914020e-01
-2.295813320149976688e-01
-5.127053572257762593e-01
3.531696751382968347e-01
-2.194346456622575658e-02
-2.734684796801589157e-01
-1.251708597572364912e-01
1.172607827717275786e-01
-1.196789569696902200e-01
5.312807114657005364e-03
-4.766653170379031579e-01
-1.929947119075103856e-01
9.165061564936727301e-02
7.914953257362986050e-02
-1.340613944323124779e-02
1.118854173819818464e-02
-1.063511165575288381e-01
1.362789710833180457e-01
-2.494687248317183359e-01
5.064120095654186908e-03
7.388170032129545706e-02
2.740073138660193558e-02
-1.271963453574655699e-02
-3.649495525279328190e-01
8.595291149260360711e-03
-1.915582637387094334e-01
-3.306526531419709536e-01
2.699998592506131501e-01
-7.666482164121904974e-01
9.452024446794211887e-02
-3.571652705107859482e-01
-5.340634229432483782e-01
4.049916723802131080e-01
-6.924136081843751400e-02
-9.929285362187602326e-02
-1.028735174508313144e-01
5.373129714863921214e-01
-3.473850942847669931e-01
-2.955337630581791886e-01
9.095326501218672921e-02
-2.935568704105294136e-01
4.479436347502210869e-01
-5.006103312956806661e-01
1.871274280917137878e-01
3.872479914386160460e-01
5.472695959434379365e-01
1.492266896648235253e-01
-3.623903645370225024e-01
-4.048155400182573138e-01
-6.738126036781753869e-02
-6.208640476929372376e-01
-1.181960071663227113e-01
2.232927464541878959e-01
9.992863942452083481e-02
6.976884067519246307e-03
-5.674905828118135265e-01
3.277528246386366417e-01
2.263410956098074189e-01
-4.477395966985643627e-02
3.831935754244325532e-01
-2.746616461688491384e-01
1.280561829153718245e-01
-5.398137835870573387e-01
1.827141164857592481e-01
9.695409131532948255e-01
2.994441703130997640e-02
-1.146401381108110712e-01
3.081954364375371624e-01
1.923233885350590366e-01
2.912814738580151719e-01
-8.598649202666726055e-01
-2.351065591276844391e-01
-5.018631024451866013e-02
-7.695566498581348780e-01
-1.140289051563052325e-01
-2.271480965184944079e-01
-3.485355886045767293e-01
6.426135033894126991e-01
-1.733147226713173117e-01
-4.328743879033941089e-01
1.275096641914336415e-01
-1.133576978583036299e-01
-2.477637279374032275e-01
1.052869252833444347e-01
3.374288368246988745e-02
-3.652296648088770858e-01
5.426234314995346253e-01
-4.041442790129653462e-01
2.771487385192469843e-01
-6.187526789434080743e-02
1.057708386523714961e-01
6.503195876998625613e-02
-2.822580402082981998e-01
-3.131724787573305635e-01
3.059541566614786823e-01
-1.559784684217404849e-01
-2.414285586848007384e-02
-6.936844037339690017e-01
4.340847385155080507e-01
-5.617611321081368292e-01
6.974171317657803515e-01
-2.090022658489604224e-01
-1.337915299776404332e-01
-9.815401463017867090e-02
-2.885722710564511684e-01
5.447127117812140540e-01
-3.215431981358424784e-01
3.748438214260604306e-01
1.636402125661404749e-01
2.172263795679405529e-01
-6.577420285646076170e-01
1.772675466972438441e-02
4.300113860919849151e-01
2.642427859992905748e-01
2.243771642166275393e-01
-4.789106351366818615e-01
5.568542201812414216e-01
2.232992910280386933e-01
-1.486737315982567531e-01
3.052241689686371884e-01
-2.179006882719605742e-01
5.478496105569337360e-02
-1.922984882094354031e-01
-5.400892087723983132e-02
-1.565433329391715533e-01
4.438436679618215641e-01
-2.275319298717577432e-01
-3.106570530101320227e-01
1.545856130485642466e-01
-1.284088283098022143e-01
2.296722820315865443e-01
-1.602900328403389363e-01
2.468970669923860051e-01
-4.289404980769853104e-01
4.097228471694391860e-01
-1.813468931120826994e-02
-6.783590696432324763e-02
8.264250540559250902e-02
2.230654453459214315e-01
7.177954534850722323e-02
-4.074651514635136973e-01
-9.203452608923584632e-02
7.321003508001414084e-02
2.871522863991120000e-01
-4.554662318725853122e-03
-6.245432344526890001e-01
2.731162599079398068e-01
-1.405567708807189398e-01
4.115146843557957596e-02
-4.511367677472047921e-01
9.406670107491033050e-02
3.142594469406688185e-01
-5.843768855960707748e-02
4.111905774216557258e-02
-2.542189343062040141e-01
-7.077757442899444175e-03
-4.414019930246996792e-01
-2.872348209901475768e-01
2.308226850732538471e-01
7.999515083287056516e-02
8.897337630419264176e-01
4.400597759311986046e-02
7.492261204950106945e-02
-4.930734546778183791e-01
3.199097707221011389e-01
-1.027594713968725815e-01
-1.592082871606665395e-01
-4.246072855430758630e-01
2.656106442787793398e-01
4.299763257340533662e-01
3.490702258936987934e-01
4.078742184151242789e-01
-1.881757813387282818e-01
-8.500753704876283512e-02
-1.123901225738318244e-01
-6.795446382895674597e-01
-1.450779424646702620e-01
-5.440675014983683416e-02
1.226506601491143683e-01
-3.507522139647685500e-02
8.570922827218339923e-02
-1.910514189789865036e-01
2.001488657078650257e-01
1.250785826797675970e-01
3.145748537386796467e-02
-4.969510101067375341e-01
1.864223709445673571e-03
2.662247692577756619e-01
-3.557946964574223991e-01
8.000186746964400852e-02
6.604696005054053187e-02
2.137300593475177091e-01
6.311606564482578896e-02
2.338093444691297373e-01
3.054230678544842537e-01
-3.444982451984971439e-01
-9.545729829722006399e-02
-8.138507873601351639e-01
-2.571184756202486432e-01
2.628383042731682884e-01
-9.346005112362248957e-02
-1.979064074498547710e-01
-1.841320943388338391e-02
-3.937669727044438295e-01
1.305185170583435805e-01
2.771822432540193074e-02
-2.882459150263728120e-01
-9.353832193828021113e-02
-3.976063038389782700e-01
2.375786228108602294e-01
3.504042529188026167e-01
1.699490193822463524e-01
3.981859035020509502e-02
2.428194762595641543e-01
4.952328700053988675e-02
-1.444146128754743123e-02
-5.826650012571498588e-02
3.166117655918353480e-01
2.821201247171510329e-01
1.875483303363461446e-02
-7.120680130301990651e-01
-5.427469259047846412e-02
-3.204165236115014692e-01
4.189344817411877475e-02
-2.551186988685926194e-01
-7.278953340166907128e-03
1.516639183076022857e-01
3.087877444097022472e-01
-4.562366454120041492e-01
-2.002242857625155803e-01
-1.036057964696885519e-01
-6.767271696948949922e-01
-3.577357426243040622e-02
1.329302066362380574e-01
-1.002756940306328559e-01
6.061946209398118290e-02
3.932385154320487963e-01
-4.676225228983445503e-01
9.045994090354411710e-02
-1.677222722024326595e-01
2.166937673854370805e-01
4.518532981392078818e-01
-2.528676163787234588e-01
-2.932741288305179550e-01
4.144800017557700444e-01
-8.043809629314221388e-01
3.689302535504128677e-01
3.837597647378002130e-01
1.107070444171892321e-01
3.906437239752050955e-02
1.327637871737231134e-01
2.442773560452533022e-01
-1.369955563428898460e-01
2.080486106427863469e-01
1.988618854219343091e-01
-4.451816538807090717e-01
1.478844729314803264e-01
-1.477648143228328381e-01
-5.554862525841851584e-01
-3.432731266493652678e-01
-1.853557073195636618e-01
-8.135020034830679758e-02
1.976073101387624820e-01
4.678143445711941545e-02
-3.489390156882823946e-01
1.017808111028888490e-01
-2.470303057850073425e-02
3.557490763786963495e-01
2.948939534068963433e-02
4.892063450470263836e-02
-5.409627634294945919e-02
2.027275319054050798e-02
3.653044582864652390e-01
-4.593039475189266141e-01
-6.470333350461332511e-02
-5.147706481383071964e-01
5.431450339132510852e-01
1.880120002931588707e-01
-2.165595603231894317e-02
4.762596768203480879e-01
1.638964114898962821e-01
2.601799694724395429e-01
8.973419787180177132e-02
-2.634488567481407251e-01
-6.255555249963644371e-02
2.648811396091064335e-02
-2.350661471941941638e-01
2.037713636285280738e-01
8.001429391538542046e-02
-6.834946719688250738e-02
-2.491565081408259053e-01
-1.036486169646245459e-01
1.047399788923759900e-01
-3.092348385008881206e-01
-4.574475775591179544e-02
-1.868297259949866507e-01
-8.200709399231495556e-02
-2.442791891315985731e-01
-1.492187151708757875e-01
-2.191534686492801198e-01
2.666093195777067826e-01
1.979714763863813509e-01
6.340605425954900509e-01
1.439230962848497275e-01
4.325649796686384385e-02
-6.716028195211862784e-01
4.976325870898211656e-01
1.250422391550696233e-01
-2.407327363117602870e-01
-2.958232313627747190e-01
-4.531995332240181668e-02
-2.363739538090191272e-01
1.418478405858847602e-01
-5.088825151569312255e-02
-8.347838787845737740e-02
5.065505846853161076e-01
-1.737673061097826377e-01
-4.010199255049555767e-01
-4.484610983637642434e-01
-3.108104487770871893e-01
4.999715442298778845e-01
1.281704312549310776e-01
4.446817938268251558e-01
-5.967403439316897318e-01
1.229005192586363621e-01
1.100281520922698625e-01
6.702475788666380219e-02
3.339469819571387887e-01
-9.570938915470462993e-02
-2.826753101601715557e-01
6.626749039396950813e-02
-5.952416604939162470e-01
-3.664511627655350767e-01
1.239736205421026610e-01
-5.515099579219303605e-01
2.439958065973415746e-01
3.247719481239797479e-01
-1.955248821796695124e-01
3.638702937281210192e-01
2.802709190893413749e-01
-3.352675873428331288e-01
4.887238935071960833e-01
1.353936401516525334e-01
-3.961452913097536777e-01
-6.876706116920382195e-02
4.131248364991440547e-01
-2.696389219205746479e-01
1.287755724024484683e-01
4.406275669775063658e-02
5.674443647257781942e-01
-3.324332075470415870e-01
3.538342482421927837e-01
6.510452374709700674e-02
6.577942863745628310e-02
5.102173482637718110e-02
-2.567470856102643806e-01
3.239961201713779104e-01
9.697960464881195952e-02
-1.616882049508368002e-01
2.139572265492367953e-01
7.552019353061900642e-02
1.462948127543773069e-01
4.225890425892502716e-02
1.235318833979706515e-01
-2.199806748960169422e-01
4.957967830065726500e-01
1.137804170556208777e-01
-1.243363300688584555e-02
5.878002010046266823e-02
2.389123859839071828e-01
2.041917548806676808e-01
1.173562611246120463e-01
1.271484763507151339e-01
4.497002570477279249e-02
-8.833644402078612290e-02
-3.416933667788107365e-01
2.563520672916055343e-01
7.812655026550791026e-02
1.666881599522981655e-03
-1.114514345179625082e-01
-1.890857813418017619e-01
6.873569275487806385e-02
1.223703733678283556e-01
1.880822614951127014e-01
-1.566150906852302460e-01
-1.342132521903779130e-01
-1.320843698183074566e-01
-4.278799761507103838e-01
-4.629005052831203781e-01
-3.094627200133293621e-01
3.857975261747785822e-01
3.178674749468748256e-02
3.022920256026941366e-01
3.754882022749431170e-02
-2.842434462172056531e-01
-4.999102534951538335e-01
2.153011562495612541e-01
-2.444230214092319720e-01
-1.068298134107780184e-01
-2.416182237712483083e-01
-6.259149361204811857e-02
-1.900292287530530588e-01
-4.340638047963070456e-02
1.258371114598723361e-01
3.041051668981774592e-01
2.446890997467432161e-01
1.790122726166439304e-01
-1.578257776039514726e-01
4.879361629469060047e-01
6.406242566627594615e-01
-5.086074186975392264e-01
1.144140385183787800e-01
-7.472626539771208554e-02
4.126916815841306652e-01
2.100436673602761317e-01
1.683438547547845276e-01
-3.651234262154302163e-02
-6.430651981883477031e-02
4.365051593977867239e-01
2.860338604486835079e-01
-1.285669155113660679e-02
2.224768992914641363e-01
6.047405699902074286e-03
2.413746876901256069e-02
2.394937408831154801e-01
2.282840444148988845e-01
-4.598827231252536896e-01
-2.591683383497268012e-01
1.285591826433047924e-01
3.421339988139042720e-01
-1.261766135881124684e-02
-7.217801810088515790e-02
3.351030135771343454e-02
-5.574407979035778116e-02
9.923397096300813625e-02
-2.081383098563726886e-01
1.072409656161095043e-01
8.435045548254532788e-02
-2.928580814328600734e-01
1.453083022818186798e-01
4.143076839340802953e-01
2.535274129088763706e-01
8.070858029290499391e-02
-8.337229921673430799e-02
4.827753469931468366e-01
2.352944763086505520e-01
6.691640621680468026e-01
-6.686446101092081984e-02
-3.586995278980123492e-01
-2.670386992809655954e-02
-2.243668129233445940e-01
-2.320514554806802354e-01
-3.275433265064035537e-01
1.831738266367585466e-01
2.212358578763470307e-01
1.767358865244667565e-01
1.989595000143001557e-01
1.735743222927537133e-01
3.177695155113883230e-01
-1.963928027157010869e-02
-4.583921807831334294e-01
-1.273106267471069142e-01
3.985816405903945536e-02
1.169436296930844305e-01
-1.149614965957793528e-01
-1.255000993955969757e-01
1.810281167552696691e-01
-1.743473527505948750e-01
-4.534949478352918173e-01
-5.381242603154612336e-01
-1.144677731176604180e-01
-3.331688165324345752e-01
9.296465433661356415e-02
-2.077437169942270012e-01
-2.712804177625025570e-01
-7.415993564994563525e-02
1.743167315302011078e-01
-2.719462402778505816e-01
-5.928173900301755839e-02
3.648292741934369143e-01
-2.950084200481352670e-01
2.262466487321014227e-02
-1.743423072455335954e-01
-7.814062078512558351e-02
-2.600264884853900060e-01
-1.985382783684571106e-01
3.694325306855012481e-01
3.872513998302689470e-02
8.808541126326267789e-02
-2.724692022369537558e-03
4.632230633537606224e-01
-4.804655381576085071e-01
2.675094996579509624e-02
2.866334991273505883e-01
-3.953981271778631013e-01
1.192235242019574620e-01
1.182377033173998560e-01
3.187171726579063891e-01
-4.429405994906666644e-01
-9.793695830012186243e-02
-1.190560419263967801e-01
-1.957670297032228224e-01
9.601645537751229975e-02
-4.220355093740603136e-01
-3.176439078854231823e-01
-8.259385933832551208e-02
3.614261872484217375e-01
1.103037910087858314e-01
-6.129550313789388083e-01
9.390511016406057065e-02
-1.384561581340442160e-01
4.036640032578828752e-01
3.652209028701834947e-01
-1.602137281852630823e-01
4.232593681267382557e-01
-2.162199240720505400e-02
-9.129055813634720518e-02
-2.414587989120715039e-01
-1.844598967979725890e-01
1.253926284081272879e-01
-2.707601586340817046e-01
3.424806853086028169e-01
1.728247572334915827e-01
2.760061861060018190e-02
1.822959003978343595e-01
-1.468677442942305789e-01
-1.813240700994485921e-01
1.686631386718701886e-01
-7.199629010831704035e-02
4.798994642117990726e-03
-2.251323504374124207e-01
-1.836435511963813438e-01
-9.384332446491421009e-02
-1.047032781697343762e-01
-2.923722299985860862e-01
2.644537387116874250e-01
-4.557798470489524828e-02
1.769095810439147987e-01
-2.143443838977824797e-03
7.625259283059275528e-02
1.351355713819974158e-01
-5.430957223591366401e-02
-3.431507471605214077e-01
2.901349008936609519e-01
5.900966233875742928e-01
7.898549283935095422e-03
-1.520792588342648466e-01
-9.641893661845862828e-02
2.775312139320121330e-01
6.701107958456445357e-02
4.270092926600791566e-02
3.974049942112246880e-02
4.174188450296005826e-01
2.278153246719867298e-01
-3.936685579098838095e-01
3.097138974313450865e-01
-4.138504389296516206e-01
-4.426372690277898814e-01
-3.833800029194539549e-01
-2.519156964088457018e-01
-3.777248740793020393e-02
-1.270455515397121149e-01
-4.000567845350255780e-01
-1.210771960904182161e-02
9.081926905519535631e-02
2.485540820566805795e-02
3.772957898493585760e-01
2.173619378838994309e-01
-5.895266706591828498e-01
-3.956653649733312683e-01
1.732993788461597851e-01
-3.465748980237534083e-01
8.074744529348064359e-02
6.181949255319550696e-02
-3.303624234921611613e-01
2.402898020360048070e-01
-3.123296276353239587e-01
-3.572128798886857193e-01
7.475670918067048309e-02
7.701932628176667850e-02
2.869740725787200963e-01
-7.369865422141849698e-02
5.332327708110060592e-03
1.402351338215453505e-02
1.173209003186486028e-02
-2.175916675341829642e-01
8.411875334202001397e-02
-3.380763530288374841e-01
5.689572364394837045e-01
-3.997625036015867162e-01
2.073058085854931343e-01
-7.001589249266663983e-02
1.366618576933183449e-01
2.171958261153886932e-02
-1.406337257582655487e-01
-2.289945125836935214e-01
1.685118877952092309e-01
3.574193980206451515e-01
7.369682726736053293e-04
-1.772202860272887592e-01
-6.391328100411211577e-02
4.244805699934063314e-01
6.744031405399221191e-01
-4.616906621896551544e-01
9.989231961888171696e-02
2.979132152314361570e-01
-3.284373209396571625e-01
-3.109886300037619233e-01
-3.995909806141065279e-01
-9.758482169285549734e-02
9.018942302933287414e-02
-1.082428914086776550e-01
-3.059153995416878935e-01
-8.254861831372249659e-02
-1.098186169320649330e-01
-1.509781072864253559e-01
6.867070081799615811e-02
-5.539416867332693645e-02
-5.531307793641569992e-01
-3.335337187375096990e-01
-1.490539244833555543e-01
-4.672224638914861394e-01
-3.412117876039509889e-01
2.826342497320882136e-02
2.002707881642299126e-01
-2.494252916220350280e-01
2.178307196260819562e-02
-1.712226152879672281e-01
-4.292744612513834657e-01
2.636428885261578592e-01
5.782809689016077392e-01
-3.566862542917135226e-01
4.815027154396095410e-01
2.890029460599651823e-01
-4.638011712104695566e-02
8.168352226005998890e-03
4.159077003587790394e-02
-4.719115424268798820e-01
-1.109188615525224936e-01
-2.334003332910978279e-01
2.347733818046348064e-01
-8.494565575041126970e-02
-1.620825891513209271e-01
1.321446294634415486e-01
-1.531144245487446875e-01
7.363168660632664342e-02
4.911922899983910303e-03
-3.222809202538461371e-01
3.141068939867318333e-02
3.987908836351626851e-01
-1.687197951642945282e-01
1.654001867302349049e-01
5.472148487349112189e-01
3.605482776515006038e-01
9.674220295720309393e-02
2.616499060181006753e-01
4.199834834008555617e-01
-2.288656397994490999e-01
3.713227177669476409e-01
-2.469065383988927331e-01
-2.132967156538340125e-01
-1.795757477012319137e-01
1.122853535068971398e-01
-3.512740595498188845e-01
-2.067075523842500095e-01
-3.143469202350226976e-01
-4.201945745249600905e-02
-2.218336512488105483e-01
-3.555005596171112447e-01
-1.124192116096103256e-01
7.285459212565843778e-02
-1.672313540375699181e-01
2.213048810104451813e-01
1.549683075338279259e-01
-2.695696453197656828e-01
-3.426240852253537028e-01
7.875051453983238081e-02
1.065212664375405072e-01
-4.826126177368677411e-02
-2.196131337521885218e-01
2.097466256289491626e-01
1.494263100244830889e-01
-1.812511302045168027e-02
-2.137588809226785291e-01
-2.210534329470914897e-02
1.788230918623292046e-02
3.336882590157096984e-01
1.776415478832994721e-02
7.364578444712392875e-03
6.953892686781139032e-01
-1.187531878033511179e-01
6.194002082803475862e-01
2.637826945219645322e-02
-7.622993588921973818e-02
5.625433041481007201e-01
4.483135257515372118e-01
6.566039008754238904e-02
4.329323601466621152e-02
5.162351136671619045e-01
2.249248417861003935e-01
-2.880932057773125457e-02
1.195475878090507399e-01
7.311341519914369433e-04
4.523201910324307073e-01
5.236740622859162309e-02
-2.069242233966227251e-01
-2.441559163684390299e-01
4.170219792676435611e-01
3.368060241346191308e-01
3.953664052251131822e-01
1.159972514931125187e-01
7.665422781589634194e-02
-1.133334321247730231e-01
-1.005828756255549156e-01
-5.238608730639412320e-02
-2.459430267075784493e-01
1.931053208072661120e-01
1.506262851344967457e-01
-3.518270474405850723e-01
2.610271936189130851e-02
4.860195994338928904e-01
-1.038030038624542517e-01
-1.926421739782092218e-02
4.301157867482695296e-02
-5.942582030671329091e-02
-2.363269259144726853e-01
3.506658665106519579e-01
-6.283581558448038396e-02
-1.059437911105730878e-01
1.321208945048832906e-01
6.221044675422833514e-02
-5.690385115851718384e-02
-1.140110614585733151e-01
2.247113486566514884e-01
-1.899303778083926975e-01
2.725717162798090842e-01
-1.943372881864429969e-01
6.045561003680754997e-01
1.626445796273051983e-02
2.674083128813505295e-01
-4.303345420208130045e-01
-2.944158083476552390e-01
1.287441242828760990e-01
2.195403237982120614e-01
1.463194218385933942e-01
-5.403902706552964341e-01
-6.332917821864048058e-02
2.954540417466013924e-01
-7.108650245833871839e-01
-2.522859516254704615e-01
3.752689845050392048e-01
1.296015985301055273e-01
2.795838223838577608e-01
1.380853139507597083e-01
-3.557537404583847040e-01
-4.686976504227010620e-01
2.115584387313524523e-02
3.918368199612389802e-01
2.972594265492339155e-02
-1.688987636845080131e-01
-2.075925480519602018e-01
-2.143312923120849478e-01
-2.479078537046469355e-01
2.022614533290746294e-02
1.114368209544162186e-01
-1.922792667568111180e-01
-9.644102559871200464e-01
-2.359678865645889120e-02
-1.603858900044610181e-01
-4.259691970584860155e-01
-2.667811557897888791e-02
2.316331192256489147e-01
-1.735907915572598714e-01
5.895946015390791245e-02
1.717965480520809995e-01
-3.917678243724432852e-01
-7.369631761997252895e-02
-1.849933059156002035e-01
6.212644853910721451e-03
-4.268082279628329090e-01
7.511242280859894427e-01
6.362567208087943627e-02
1.077005174801608928e-01
6.774806212892879598e-02
3.902833344153973094e-01
-2.137724179872499408e-02
2.417041165835628336e-01
1.787794396271505659e-01
-3.198079502578192179e-01
1.125492733380507454e-01
2.016517024781727674e-02
-1.458658160726045705e-01
-2.738410869084388910e-01
-6.062782270791100547e-02
5.908018789457427505e-02
1.035800629315201532e-01
-1.406299832803255788e-02
-1.921823184275191221e-02
-3.101854454016222951e-01
2.036281811627990712e-01
-3.906870210821247191e-01
-1.788315672073673979e-01
8.325568379117559425e-02
-2.036237181511270644e-01
8.611635127400145417e-02
1.360735830830695214e-01
2.265835143521174877e-01
3.764412220302989498e-01
6.360523898828776557e-02
-3.887520673751358041e-02
-2.967205980307093260e-01
-1.545916832550272013e-01
-1.717665926017109337e-02
-3.397247222033522029e-01
-3.378559207668091480e-01
-2.436236523890356054e-01
-2.435356797520295824e-01
-2.143178426749694776e-01
-5.522962881257398315e-01
-1.197712530076041754e-01
7.870890220361656531e-02
2.819370645493181060e-01
1.383713761016906463e-01
2.242593858662183526e-01
-2.945561621127132934e-01
-1.293137384981010440e-01
-2.306459252031530516e-01
-3.191720264956620645e-01
-1.027970766471689029e-01
3.582156178920938294e-01
-3.741592711346267836e-02
4.257842247628583487e-02
1.340086073261324007e-01
-1.099238355894812252e-01
-3.374787070496675367e-01
3.267880638973180152e-01
2.665889411125964559e-01
-1.432411570393474498e-01
-2.852671213010555262e-01
2.944433005731983757e-02
1.464401241071309201e-01
-3.382319947863866860e-02
2.062023211328267158e-01
-2.699505644620009415e-01
-4.023761520215975440e-01
-5.423700720846773987e-02
7.812784075040250797e-02
-1.811670942140845286e-01
-2.553247518683881001e-01
3.920195599106303212e-03
5.609917621734896061e-03
-3.339583842192900276e-01
8.092058790662856604e-02
2.077408367706502779e-01
-2.092627487965725841e-02
-1.886719274177089678e-01
-5.882233254978608966e-02
5.305980205062379995e-02
1.121628886910031736e-01
2.424137199326334702e-01
3.344514727845134261e-01
3.179877278936582563e-01
-3.272130704975971804e-01
-5.125096675231953502e-02
3.800641682289458978e-01
-2.025167771345763867e-01
-2.613057797243652502e-01
-2.938416850764664634e-01
4.899572556745977747e-02
-2.236062811797446814e-01
-2.683324924273682716e-02
1.658139788128306091e-01
1.319669036497330972e-01
2.124481214465909484e-01
2.264113929588539020e-01
-1.565525223512465314e-01
-5.032517201197008738e-01
-2.499870737849305413e-01
-4.842834314915383520e-01
-4.656315183208101227e-02
-3.216563980230431885e-01
1.032106266309407383e+00
-1.448183996748733104e-01
4.002732544787032665e-01
2.416000040233806656e-01
2.189549647792547737e-01
2.546706701985481658e-01
1.595253950884502059e-01
3.448521828291881697e-01
2.626235294156089028e-01
-7.957750862094960936e-03
-3.466673962316513258e-01
-1.755641985523221371e-01
1.811196060293552013e-01
-4.034802853599500638e-01
1.896767339856501866e-02
-3.219906504795467250e-01
-2.616961846870667352e-01
6.901585867354552428e-02
-4.535215496597281848e-01
1.725556748898472437e-01
1.838798315755989276e-03
3.934871242494339394e-01
-5.119400346021855119e-01
-4.767872477829318001e-01
1.117523426171941753e-01
-4.874943863781341230e-02
-2.569607532740125766e-01
-1.449957164896492068e-01
2.484629824740613169e-01
-6.439471840477595244e-02
9.685135656055222919e-02
-1.112084106833168551e-01
-4.664218324246876546e-01
-1.933385707151452082e-01
-8.833298234759937029e-02
-3.040038960328207349e-02
2.592821361459408114e-01
4.011250748685857848e-01
7.553838596812119388e-02
-6.784558161407480137e-01
-4.900091055641670468e-01
-2.326536047395811879e-01
1.965819162725072899e-01
1.407365443817030493e-01
1.306880748271536385e-01
3.852966353024671053e-01
6.341886462824047888e-02
7.560939760403684318e-02
-1.727920486704120628e-01
-3.391302383471340304e-02
-2.862880210074267850e-01
-2.359303318640076572e-02
2.198783859383286188e-01
-2.917425925789534080e-01
-1.026888181976319953e-01
1.429448121008609907e-01
9.777411402242802696e-02
2.450484265619880253e-02
1.766633748258871484e-01
8.996972323493147849e-02
-5.569172817341588172e-02
4.030101864382981680e-01
-2.060903495008020725e-01
-1.262967244385139742e-01
-9.859969643083074664e-02
-5.420031060333445339e-02
-2.405147146617548914e-01
4.605352512025987638e-02
-1.764243623055842813e-01
-2.134197960351622014e-01
-3.438365701097932658e-02
-1.904697740323579511e-02
-4.476720257316034457e-02
-3.790986720839594204e-01
2.633340758535473447e-01
1.372933918643865492e-01
2.962063952894225180e-02
5.522838318464742269e-01
-1.633931995981384167e-01
-9.758126405388074798e-02
-6.314182801893174490e-01
-5.475388008962511766e-02
1.068496801284435230e-03
-4.725508140224384257e-01
-1.304132663325412167e-01
3.338761625096676178e-01
-6.165386155916394717e-01
-2.183984968933246062e-01
-1.544165561588370979e-03
-4.669987425217978494e-01
2.681575184182293653e-02
3.748580394192341930e-02
-2.055528811044414136e-02
-6.375565885053802173e-01
7.164645520578509855e-03
1.705611908957349251e-02
-1.069166965103084121e-01
-1.299815861008815909e-01
1.942128576458501676e-01
-3.331647521828558500e-01
-5.446093170136807604e-01
4.678310027705492868e-02
4.939515025260578229e-02
-6.556469253983525369e-02
-4.336898491577916848e-01
-1.632868886637830683e-02
1.645483087318956039e-01
3.131021271537312578e-02
2.578681706331851786e-01
1.108400050713511109e-01
7.858767463675775389e-02
-2.048992414171694754e-01
-1.247122639558625179e-01
-1.449379622826873770e-01
-1.480109174587492318e-03
1.291720033865107267e-02
-1.780144725978860254e-01
2.509814682626469451e-01
-5.273397671272337522e-02
1.111623105520543470e-01
-2.393624375946387661e-01
4.768472166038973947e-01
-2.398060216488721030e-01
-2.300734688321548205e-01
-5.184495337990152608e-02
4.546691111661025492e-02
-1.394910503272127344e-01
2.452896549616626343e-01
-1.491592795902948188e-01
-1.004592131289759188e-01
3.662806797643155532e-01
-2.342444396421899111e-01
1.491138464089154791e-01
-2.810373087248471680e-01
5.863221103056334149e-01
-1.347311641080365108e-01
-1.964499973762148521e-01
2.078834849670994911e-02
1.294939344221781308e-01
8.394194860481873910e-01
-1.806503588028002816e-01
3.392171447380580851e-01
1.674318952387566783e-01
2.312757790761009458e-02
-7.470049852596040429e-02
5.919616551522896009e-01
1.853971602498482585e-01
-2.063250655172261527e-01
-3.237645414759300344e-01
-2.887634349718636376e-02
-5.560448198635845746e-02
1.039852204276509734e-01
-5.990413987147663599e-02
-2.854217886645103452e-01
-1.506801020347275366e-01
-4.896006935450858757e-03
1.473774928089209395e-02
-7.761123040360710934e-02
4.910122306304978007e-02
-1.571390170440657430e-01
-9.510764093098378336e-02
-1.374570751116361012e-01
-4.082157526531238895e-02
1.061621281381911917e-03
-5.186376032245219037e-01
2.121974949325169391e-01
-3.609997936198061641e-01
2.270379786937593292e-01
-8.819788135099180387e-03
-3.056598647543187219e-01
-7.130604546728666615e-02
-3.091838026447665463e-02
3.711517180013390593e-01
1.816029773522474244e-01
2.100438820335820966e-01
-1.856730159939943559e-01
-5.998660229211589812e-01
9.849542130138470852e-02
2.430272543765158444e-01
-3.244067922370556523e-01
7.142973478842071788e-01
2.100155777942520341e-01
-1.082983495681751757e-01
3.533216056564253971e-01
1.599245193907964935e-01
3.929132779213758697e-01
-1.575773734742811349e-01
-5.449239411044385500e-02
3.338479474637721101e-01
-4.658621527204025864e-02
-3.081279798718060681e-01
-1.763033826093763148e-02
4.330151085553959195e-02
-2.511956441758616543e-01
-9.129891496810300933e-02
5.894853687915487667e-02
-5.453597369369735104e-02
-1.479912719525912912e-01
-4.105866805800091890e-01
3.288882215966780764e-01
-1.853081115600317963e-01
3.440269772469261578e-01
-1.159490802708405821e-01
-3.938045406225929024e-01
-3.662020075569913380e-01
1.787048666176873635e-01
-5.253551483953247669e-02
3.981960451749617658e-01
-3.257304502761657616e-01
-1.955791925209537374e-01
-1.528190229822995461e-01
2.371599819788390018e-01
-1.107886832531766730e-01
-2.608263622802315385e-01
2.914337491034884597e-01
-5.035419577376757383e-01
-8.612946713520414077e-02
2.672993300215270596e-02
4.974747728014039527e-01
-3.566905610636788015e-01
-1.713211578408233848e-01
-4.582310399255750538e-02
-2.009844850959345286e-01
-9.447409483954463671e-02
3.758941270912526389e-01
1.860636669609454785e-01
7.092757940055340882e-01
3.182764840916706972e-01
2.561852971966478987e-01
4.080716263472932565e-02
-7.014349871296975125e-02
-3.020228233907114312e-02
2.224893245002402264e-01
6.393467898822321471e-01
-3.766600288308252220e-01
-1.839177572065221200e-01
-7.062528663088529779e-02
8.967304848496483738e-02
2.772144138898076024e-02
-5.311851394188175091e-01
-4.335642542401796362e-01
7.706110956340422868e-02
-1.068179641618348386e-01
6.158761915808742826e-02
-2.533697843647011450e-01
2.620204675195020871e-01
7.135057708167505397e-02
-9.213899283519498898e-03
5.418965064614357230e-01
-6.305395692055155987e-02
9.841392905551445136e-02
7.496689179710062934e-02
-9.033459879155912586e-02
1.993014451859414504e-01
1.441448960290780401e-01
-8.464137598518928218e-02
5.771938182654747784e-01
1.872639429077045115e-01
-7.045088647882234711e-02
-3.132259481934827616e-01
-2.693451569944604884e-01
2.524758032360131521e-01
1.235001920846040130e-01
-4.414788203354085006e-02
1.126515866655364018e-01
-6.985770699269649997e-02
-1.146376395932142134e-01
5.002997047080008723e-05
1.328933776706431313e-02
1.153775304823864423e-01
8.506062322937191222e-02
-3.535482863392712394e-02
1.929934704122618083e-01
1.022536343981004930e-01
-1.263600216470825710e-01
-6.521107818592968286e-01
-3.494971342786348800e-01
-7.547789711712001026e-02
6.758710808369325362e-02
-1.534965082646209122e-01
3.226841386339135975e-01
-6.852714454635620844e-02
3.107164299536993024e-01
3.086618978048018547e-01
7.881488152916769907e-02
1.166322731982082639e-01
-2.491016631686044924e-01
2.240220144208301956e-01
3.891692480947008259e-01
8.682316242781190629e-02
3.715161572859548289e-01
-8.967749008217930362e-02
-3.741922901725301589e-03
1.231366529731538623e-01
4.779623161470470949e-01
1.189327126243182736e-01
-1.190292584860743602e-01
2.533267703012535496e-02
1.430373316020943919e-01
1.924300690544319126e-01
-5.843257837626268936e-01
-1.642370788631036804e-01
-4.123875698841890092e-01
-2.837278669266071196e-01
7.224479621714637034e-02
-9.559914517113915489e-02
4.039507954800941048e-01
9.573332649138366346e-02
2.006687869605336128e-01
3.923545571108361107e-02
-6.556099060536835221e-02
1.004340341658539332e-01
1.983409915080188435e-01
4.346415850657964208e-01
-1.324768701734247989e-01
-1.472358203250539836e-02
-4.675062390630734810e-01
-3.056559442682297290e-01
-6.572420412192057915e-02
8.731906611982005739e-02
2.818915383517326886e-02
1.554532308444460109e-01
-6.842370548066097069e-02
1.258427879472567290e-01
1.556097571555273007e-01
1.071083816027730388e-02
-2.063567611437277377e-02
7.569999646425407125e-02
8.464083999523012991e-02
-7.375525393926497808e-02
-2.380714958177271648e-02
9.140768623030241791e-02
4.032988013050831794e-02
1.845109225976676315e-01
3.878892051543203490e-01
1.111046925325356177e-01
2.304617627076311487e-02
-7.172358065740469524e-02
-8.823694489337527078e-03
4.168294685923445431e-01
-1.179952600176396582e-01
3.416229215817655207e-02
9.621691910602633152e-03
2.281544864430945230e-01
3.428855664784912216e-01
2.982909287620210126e-01
6.099832077738798208e-01
2.010197954673384746e-01
2.959621117561841430e-01
7.908919482885125307e-02
-1.932345990282291204e-01
-2.337382229594841265e-01
8.355140844577600701e-02
-9.240268955390129602e-01
3.395180961634658434e-01
6.864319100886602243e-01
2.212170640407927213e-01
4.922019000563795377e-01
-2.096611133926051113e-02
9.062040134170492589e-01
-1.297375117514478537e+00
4.006860858660938884e-01
-5.175052164699617263e-01
-6.112644960629212143e-01
7.937313159628743564e-02
