-4.906112868468332500e-01
-4.113264005970255210e-01
-1.061249981755380878e+00
3.250585155923471081e-01
3.789628013545532914e-01
9.806266060885124869e-01
1.721759168337785584e-01
3.271419704833688352e-02
1.152144265255389127e-01
-8.905462200388325478e-01
-7.659422691443946996e-02
-3.820499043858129329e-01
9.032610842150583519e-01
8.956211624297972795e-01
-7.426286805101980359e-01
-3.886566166211443685e-01
4.038882603331120369e-01
7.191166162477536927e-01
-8.590959567201166269e-01
3.231165027604008810e-01
-1.305455417483659009e+00
6.482473436784093046e-01
1.254661151766914839e+00
-9.724411140647525320e-01
-5.032381054029253509e-01
1.844609117831771672e-01
3.044063678183269173e-01
7.095267308056163458e-01
-5.619873440857880986e-01
-1.532303499878098441e+00
-7.181685854233883504e-01
-4.372965464904486343e-01
6.436701227878881548e-01
1.067684298458308145e+00
-1.064408033706798068e-01
2.045483197304681366e-01
1.089536308688579813e-01
-1.245960021961375119e+00
7.805942095529545544e-01
-4.594524413559885473e-02
1.680612564595161396e-01
3.206835597275842220e-01
1.059460002133606693e+00
-7.806877078593514874e-01
8.777810394552923792e-03
-2.868497111740315186e-01
-3.008787352543786375e-01
8.897917948822553491e-02
7.787047370175557807e-04
5.394839110758055112e-01
6.738959612266143262e-02
-2.296237914173083691e-02
6.978255922811702483e-01
1.000913362775773252e-01
-1.143692516630763351e-01
7.265506249039001274e-02
1.553874465856923924e-02
-6.298235995461547443e-01
1.685475131356414802e-01
-8.750943512416423098e-02
-2.355696665838953874e-01
-4.422338221356587051e-01
-8.202155679651706999e-02
-9.572047204550354627e-02
6.980418034092215063e-01
3.058300946624938899e-01
2.406702093614927762e-01
5.417714402416897723e-01
3.743434871061820934e-02
6.791965821586311014e-01
1.008663742971499661e-01
-3.194379870819747391e-01
-4.831534985247540326e-01
5.446061846995394751e-01
2.069721395301237221e-01
-4.645527558786946010e-01
1.554897514914629908e-01
-1.685833824131880224e-02
-1.380758392365128151e-01
-1.799483458431003213e-01
-4.816713745367963706e-01
3.684367984518373551e-01
4.375101928161762577e-01
5.228644246253596473e-01
1.439187452290256464e-01
2.500725240990474621e-03
-1.181413851262267528e-01
1.380161173876772729e-01
-1.193694064523493498e-01
-3.148137604315137117e-01
-1.275048709270087399e-01
1.734377155289309191e-01
-2.131679175825841599e-01
-1.652605145887186266e-01
3.596999255861248190e-02
1.463126278239328393e-01
1.446643901217756212e-01
-5.920776806117377528e-02
2.506484643443817051e-01
1.262583514556760711e-01
-3.440928976273145978e-01
5.075522289264111642e-01
-1.482222987940210179e-01
6.693800949313106763e-01
1.095684480239177416e+00
5.491731563000722127e-02
2.026049962508687796e-01
2.208361297471547052e-02
-3.534241980933698624e-02
-3.486423163663231461e-01
8.821093154759918759e-03
9.017257572600348436e-02
-2.753587826400948901e-01
-9.829406710537372249e-02
2.167060950398971841e-01
1.294808094411503685e-01
-2.235419406384477892e-01
7.133285912385798344e-01
4.705908343391497217e-01
-2.700170287527555169e-01
2.253245678215786418e-01
-2.505174587256187579e-01
-2.994900383218769280e-01
-3.198205930146690301e-01
-6.852998592471353234e-01
4.489544986119644032e-01
-4.471324826119206231e-01
-2.734797604534477400e-01
1.382729603342224868e-02
3.440178320910106669e-01
-5.432918320009134661e-01
-3.830594830087911962e-02
4.048114142015487027e-01
2.018513122251006098e-01
-4.154613976939527248e-02
-3.642320104381757684e-02
-1.750379436086647589e-01
-3.251240472610512078e-01
-2.394671995251577423e-01
-2.195505335890102216e-01
2.428626242121358914e-01
-2.617254107362860793e-01
-4.124858343381931358e-01
-3.620866970726132616e-01
-2.542417150632086953e-02
-2.535903637720573478e-01
3.727392482674989904e-01
4.154650995809385239e-01
-2.287788006404861130e-01
4.899642222000253899e-01
-1.273966583011968967e-01
-5.220817234681395663e-02
-2.703788805350679225e-01
1.090975298736359539e-01
1.248001956028731152e-02
-1.240355191435007221e-01
1.739216083434473314e-01
5.389255315784424738e-01
2.130098843922452190e-01
2.698190228695329096e-01
7.786795732478177801e-01
-4.776194828749642518e-01
2.436109046076463669e-01
-1.833838951043532950e-01
-7.262428075958572427e-01
-1.758717711617232282e-01
4.170910283906897331e-01
-7.171560765167496188e-01
1.680903847860181766e-01
-7.623358772540986261e-02
2.277992941639275515e-01
-5.807972012613100456e-03
-4.728059286477995921e-02
-7.154541231326673467e-02
-2.514278736588144159e-01
1.263692178173279335e-01
-1.404689703101464626e-01
4.223321103964300938e-01
-9.633250613018158257e-03
9.442414266441170878e-02
-1.574186277713860993e-01
3.624470505341392257e-01
4.448459139061398115e-01
2.229077348365742783e-01
-3.168306517291435420e-01
5.935588350098887356e-02
2.997149269895527102e-02
-2.914124466461376906e-01
3.705175316508435568e-01
-2.241217769760882883e-01
3.911573514799033396e-02
-3.644794910717585323e-01
3.202601181628599303e-01
-6.867912121394442737e-02
1.063682795883192506e-02
3.265690295989883557e-02
-5.917780341755275036e-02
1.987737314920813222e-02
6.644828580959205588e-02
-2.006892684994120157e-01
7.273509412133625021e-03
2.524259316447411972e-01
3.746694407817731109e-01
1.616735971042128905e-01
-1.529047502340337428e-01
2.517105546620424517e-01
4.921939799696264939e-01
-2.666908929514976156e-01
-2.504846125380737476e-01
-4.224864849576899783e-01
6.583362576059111904e-01
-4.147735213877087324e-01
-1.743589127387729920e-01
1.662326220191909232e-01
-1.009952793857964159e-01
2.200283103536745111e-01
-3.086032379995609642e-02
-4.370734254062430199e-03
3.310959391690522224e-01
1.767094644230679801e-01
1.077355210208176123e-01
-3.850512648311591457e-01
-2.748743907008405762e-01
-1.798790417699009936e-01
2.826902129843597913e-02
-2.806316709026490108e-01
-2.256936594360967607e-01
2.633489973561479180e-01
2.839532639156444604e-01
4.864968343125781192e-01
-2.624830018292277356e-01
-9.156676959990839304e-02
3.051994762925753224e-01
6.214695250154838452e-02
6.298011583705880045e-02
-3.938323735215328858e-01
2.446572110609985251e-01
1.041959111300562180e-01
7.312894101351162524e-02
-1.898433910949471337e-01
-4.323025427464353143e-01
-2.107584849360325252e-01
-6.133419712647217303e-02
-4.298375846165451986e-01
9.736742379998558627e-01
-1.243333814530511450e-01
2.856828217023647462e-02
7.800282985843585148e-01
2.481903812018416977e-01
4.006018953626487855e-01
-1.816961848080361208e-01
-2.433109259096755128e-01
-2.030079166352241060e-01
-1.429321277149520238e-02
2.617649934277472279e-01
-2.227105355751202997e-01
3.481189061133659335e-01
-4.545984973795435535e-01
-2.441862147051145626e-01
2.455591114705325123e-02
-3.311373783431576651e-02
-3.177344603711822479e-01
1.923959040608480553e-01
-1.639211541176737730e-01
-1.659862367772668018e-02
-2.304369910156708612e-01
-1.574830685958137633e-01
1.566816409773962582e-01
2.484683776779386677e-01
4.289435241219544670e-01
-2.427566433754308473e-01
1.577155839784426250e-01
5.184168252538378097e-01
-6.336314145906567219e-02
4.395591676881197563e-01
-9.110170856669634609e-02
6.012052757201419295e-02
1.192666694139084445e-02
3.469582220374304304e-01
3.914184274949741860e-01
9.264109950742904082e-03
-7.867893544581540388e-02
-1.401755996976842278e-01
-1.705600510666193670e-01
2.151564298282538645e-01
7.900384876465585404e-02
-1.923201118947125698e-01
5.088168533105428271e-01
-3.263974861395153165e-02
-2.357650937320994108e-02
-3.930863708617047259e-01
-3.621983029064098497e-02
1.066288775421527085e-01
3.765080081955191615e-01
4.921668200682555866e-02
-5.989779733712119469e-01
3.895939367368380091e-01
-1.302846680829125303e-01
1.735297313507739025e-01
-3.753672623189628355e-01
-2.343739644479212181e-01
-6.610487637264379490e-01
1.262017570626161878e-01
-5.867661597180386795e-02
-1.426458227551274383e-01
2.513082578329849381e-01
1.954553116171037774e-01
-1.186130658740590510e-01
4.018612221641690990e-02
1.651877053230857983e-01
-3.172705706184280605e-01
-1.943295196032197511e-02
-1.047619461428482279e-01
9.810124657895585853e-02
-3.532813770918565854e-01
3.191801367844662729e-02
3.050808168306453488e-02
-2.736750765548989772e-01
-5.923660357784372305e-03
8.317800906196688715e-02
-6.216234330368192174e-02
-6.890457378684787526e-02
2.069777985143958499e-01
2.241332018888805011e-01
-7.293799442330232141e-01
4.924897710375610027e-02
1.110046083275501678e-03
-3.251559789817439622e-02
2.843496810404396169e-01
-6.177595508866405849e-01
-2.488122516721381211e-02
4.331862687812429447e-01
3.673253749013514202e-01
-1.217027432690052230e-01
-3.559424553442649963e-01
-1.575133885495031416e-01
-3.552684412684695703e-01
-2.869948947900883077e-02
2.749148135359705813e-01
9.007662726588622215e-02
-3.377585998776791443e-01
-2.936730227427042025e-02
-3.166696486616562001e-01
4.602231170059679077e-01
4.708988629023035943e-01
7.065884571619389376e-02
4.209791653927761335e-01
-2.109655975459487354e-02
-3.681144499038804113e-02
-3.206234711033796869e-01
2.342760995031568927e-01
6.254177016613269441e-03
1.522291335828928893e-01
-5.145434914645705821e-02
-2.810585918813335304e-01
-9.237782123350710139e-02
4.329851174641904249e-02
-4.074751123315226153e-01
-3.991695510013134052e-01
-2.400135674710552336e-01
-2.322299728541108721e-01
-1.241287659646085340e-01
-3.170350045231962177e-01
-6.593464041284266552e-02
2.452476332602069875e-01
-2.492633952118760744e-03
-1.623315948215953430e-01
-8.867397228951551247e-02
3.070898886831937014e-01
-1.524901928364731651e-01
-1.812986905389576409e-01
-1.095862749552950766e-01
1.507767150313986115e-01
1.274975557047525743e-01
-4.494163019308893003e-02
2.752985813447155969e-02
3.128663818135025698e-01
8.447097234183774395e-02
-4.061625191917090372e-01
3.008937895262201942e-02
-2.121240797136811351e-01
9.980052511949284721e-03
3.641207386968343257e-02
-2.494501449664423831e-01
-4.384211806060387406e-01
-3.298260155866487575e-01
1.591421664846152939e-01
-5.510407276856686687e-02
-8.906025366787841124e-03
-3.328864040117857082e-01
-5.701516392506817549e-02
-1.378559937577966965e-01
-7.598793269352191460e-02
2.075193682110223481e-01
-4.644482751438643309e-01
-9.751733861452570318e-02
-1.106273222936458855e-02
3.119404622216317632e-02
1.196432610821072766e-02
3.740651845047580082e-01
-7.395656197341230614e-03
-6.848554777118721626e-01
-1.159181316086594776e-01
-3.455513166879328191e-01
-8.005874672065512732e-01
3.179753814461086514e-01
-2.198834171674993732e-01
1.011102493521944500e-02
1.959184326149889244e-01
7.632215415388907687e-01
-1.681062834936620232e-01
7.624931902946548157e-02
5.214805973449812004e-01
8.561795229206795033e-02
3.702478530698783965e-01
-5.507578663972701599e-02
4.566939361250925422e-02
-2.663545300990367015e-01
6.711586888139031704e-02
-1.347901242376009778e-01
3.808761327917364325e-01
-6.015912350173857615e-01
-3.984628908519037838e-01
-2.518666660400996071e-01
2.490782580482765463e-01
-2.203421564109920849e-01
-7.479305073985860197e-01
1.799933994955257022e-01
1.082439770210372187e-01
2.388456319371914660e-01
2.461676956815898876e-01
4.253771529634565174e-01
2.932887804481492111e-01
1.598070797878286403e-02
3.328064419282367736e-01
1.331169910293742986e-01
2.881604680767077542e-01
-3.697852201697613417e-01
6.826724664850933322e-02
4.995786013222502375e-01
-2.130386863543186626e-01
-2.724729441680013298e-01
1.200942348320267333e-01
-4.298050543046680327e-02
-3.610383952550858533e-01
-2.958131364492156412e-01
-4.446481198541228919e-01
-3.408068255370398369e-01
1.506342721314187783e-01
4.196242376500284310e-01
5.627109584519448399e-02
6.009271736110176620e-01
2.785725131894152204e-02
7.346021173906837343e-02
-4.641529818700911858e-01
1.318668296970595399e-01
3.966344661977703329e-02
4.740953826670418064e-02
2.309683038175896694e-02
2.834438039835429635e-01
8.468774295355938064e-02
5.441790549594328619e-01
2.049134389456639949e-01
2.779292152656704928e-01
5.714289640269138992e-01
1.700169609439308727e-01
6.364541217836715559e-01
3.100377426977093953e-01
-1.314321097230049251e-01
-9.098145902278245711e-02
2.309992766173855350e-01
2.081260399897006189e-02
-9.115809078059128323e-02
2.544084436526599657e-01
-6.605147676676820234e-02
8.511431774226052571e-02
-4.518045742410086163e-01
4.800495004960546597e-01
5.668672252051738525e-01
2.969055861072226188e-01
8.165542622360923153e-02
-2.593453973386412037e-01
-2.459309339339266903e-02
-2.981211776382579615e-01
-1.270448119334687542e-01
4.057131447753841574e-02
4.254904563849946086e-01
1.186714402877184910e-01
5.855091083081754438e-02
3.148205903584848087e-01
7.702937880764870737e-02
-1.791971473344655674e-01
-1.700292915087876222e-01
-3.568730562322882105e-01
-3.009812481830236308e-01
8.043292582232216062e-03
-9.332927416920612507e-02
-1.901495258133899802e-01
-5.464571356395660218e-02
1.370574016665500883e-01
-3.083849317180702987e-01
-1.906505532470910425e-01
2.380723511855682428e-01
3.306282966579477400e-01
2.639790695800972031e-01
-3.136680282934304898e-01
-5.990552277911923573e-01
-3.072895361922663854e-02
2.704937483348754945e-01
-2.469112047389669315e-02
1.348900992715162950e-01
4.631999427436283567e-01
4.133353539880545435e-01
-6.338206165139637083e-01
-1.967171748196763770e-01
-1.563861112003903375e-01
4.160566683035848978e-01
-3.688457342424101282e-01
8.761403581626815706e-02
8.241110342366912700e-02
-1.627483314720030438e-01
-1.323695492710256771e-01
1.572105922820526136e-01
1.760872689593893370e-01
-3.865858429121394879e-01
3.161003394040848291e-01
3.709049686206400409e-01
3.052654350194792809e-01
-1.125992321482384081e-02
2.325604928321164666e-01
-5.269052285006571579e-02
9.702821113467266501e-02
-5.130899151804521607e-02
1.753730918747709588e-01
4.274254544039562953e-02
2.059452526455129735e-03
3.402164340702942824e-01
5.933535097143319281e-02
8.915243807872681725e-02
3.929105059343613315e-01
-3.235783091365394132e-02
2.027128423452955741e-01
3.428624769825656671e-01
1.615836067931198938e-01
-1.138648187259367894e-01
3.359326732088918077e-01
-5.237968940047097455e-01
1.198400480431049409e-01
3.071227156311021611e-01
2.429309841665531766e-01
-8.311643435297327853e-02
1.110727960718858320e-01
9.600292696828485739e-02
-2.680294003916968149e-01
1.663508613643887024e-01
2.290836995021198752e-01
2.281178336507168336e-01
-1.947803357295661564e-01
1.387311371245450176e-01
3.222016129323745370e-01
1.472996143862098095e-01
-5.262220168582601998e-01
7.990949967621057137e-01
-4.128614930922774699e-03
-5.811497266696474817e-01
-2.026291643092720599e-02
-1.041462139341942233e-01
2.677894096833612764e-02
4.361489742189971208e-01
-4.226917935092764922e-01
2.913959390395307603e-01
1.731833968044041716e-01
-2.503117532829774450e-01
6.270919669803140528e-02
-5.231464848713464066e-01
-2.470441614381888307e-01
-3.593808397004004118e-01
-9.291829977179767719e-02
-2.475821875330906363e-01
4.812046704642412021e-01
-1.128724650746866370e-01
-5.893373120604483706e-02
7.381863947624216216e-02
-1.649406667040490271e-01
-2.531444239816273423e-01
3.298482768629175110e-01
2.941753312021462841e-01
2.256593607384626277e-01
-2.047230542972634237e-01
-2.302497533685854136e-01
-4.068841114094342015e-01
3.924925090784643356e-01
4.715771060868385045e-01
1.353260212284827790e-01
4.977963822823276985e-01
-7.238227467136121307e-02
-1.946535248444828947e-01
-8.509177413634552711e-02
-1.874639750624735035e-01
-2.021177552080540007e-01
3.960414556560206689e-01
1.106705851747832592e-01
7.815057566011129886e-02
6.665468968178128728e-02
-1.070141877770308392e-01
-2.048958004525431864e-01
1.171534330159082482e-01
-5.555224491028564193e-01
3.077225259672250468e-01
1.107168090599116965e-02
1.052797282640926119e-01
2.660727985197570700e-01
-4.701026375987226724e-01
-2.158919369524602005e-01
-3.338385567006514343e-01
3.562173220503367377e-01
4.076430855031751843e-01
4.306313880400911565e-01
3.525974067231417430e-02
7.778967844924566943e-01
2.141498776073705590e-01
1.549369925480022225e-01
9.399132482282822332e-02
5.890965219012832960e-02
-8.709438107038286470e-02
-3.410885150812100197e-01
1.328946220040679860e-01
8.038011878474117522e-03
-8.119887663199627792e-02
-5.188986856490330757e-01
-3.267295209591199456e-01
-2.248053627293291057e-01
-2.274191297403923007e-01
1.623101894250452704e-01
6.116159430978890255e-01
-3.425221725997640299e-01
-6.402709797142576154e-01
2.679346707347759482e-01
-1.389126839539033542e-01
-2.136657911252336506e-01
-1.476329846227613929e-01
5.218287360281651660e-02
-1.608867613093881155e-01
-9.873518356037916388e-02
2.855383975404534036e-01
5.865787939934107714e-02
7.172418894367034448e-02
3.154891245237603226e-01
-1.169270928475951432e-01
1.149293263701568479e-01
-2.404435116479960305e-02
-2.465367885645510238e-01
-6.295592477264921188e-03
4.960802350989946818e-01
-2.604381476685246888e-01
-2.593889119645650387e-01
-2.930535049266487502e-02
6.861677016489678427e-02
-6.368499282426945962e-01
2.626972376854418423e-01
-2.788770542664411600e-01
2.977449631839306776e-01
1.112458507993785706e-01
-4.457292823059829656e-01
1.716438130559695685e-01
-3.527926941629900837e-01
4.162657236787583592e-01
1.064024508801920260e-02
-3.735304992571779614e-01
-5.726201158498043231e-01
-1.869028298512686315e-01
5.134238271539361131e-02
-3.132179846826128600e-01
7.263785240282566447e-02
1.800062523417123583e-01
-3.830653202058958429e-01
-4.076080674940792403e-01
-4.067160727984800994e-01
-2.364177043886439844e-01
4.506591634643482974e-02
2.523090057753147875e-01
-1.113605087054077430e-01
4.714510263542220914e-01
1.241467995795945828e-01
-4.054222876558547517e-01
5.625599643841572295e-02
-1.085770253070491853e-01
2.201048762326806296e-01
2.119448425138888148e-02
-1.416178746205332302e-02
3.225172677226537110e-01
3.790944502839355690e-01
-1.203635377589865746e-01
-8.207672341051935883e-02
-2.485660679076515112e-01
-2.453543858738351513e-01
3.117245160668876691e-01
-1.143763844290701798e-01
-5.543426542567968240e-02
1.201869195418875519e-01
-5.684140222947962201e-02
8.421079917234461365e-02
-2.404011328593175234e-02
-4.754345249297226017e-01
5.198561117674735388e-02
4.433006228603726950e-01
-2.402101068088351998e-01
6.647739379872209531e-01
-8.689826404740995380e-02
7.386827724602497425e-02
-3.827592308776779917e-01
-3.935346723552178294e-01
5.442697709918115773e-02
1.030986602496690857e-01
-1.298783463427848062e-01
-1.440219194921548429e-01
-1.787459545186967924e-01
2.355515917924553004e-01
1.525897912935004486e-01
-3.520675480474190766e-01
-1.783676809021566834e-01
1.431220117914514256e-01
-2.778459884794057255e-01
9.446403860392006691e-02
3.572483634810151298e-01
2.200708180614405762e-01
3.748044696207395998e-01
-1.427088760660134292e-01
-4.184660064485452580e-01
4.185331712788618042e-01
-3.473270403383580396e-01
-4.226338270341257197e-01
2.553395288100615210e-02
1.793456439092745436e-01
-5.206649352258201774e-02
-9.709305550583674504e-02
1.501942532882133141e-01
9.628092540828044055e-02
-1.333959444467917865e-01
-6.987862800144428732e-02
3.162453886332459163e-01
2.660123305585514464e-01
3.995211622850223798e-01
-7.406697278722658082e-03
1.595186684004782363e-01
-3.352095040823060892e-03
1.113187486215786726e-01
-1.029856127279765721e-02
-3.216670887699769055e-01
-3.164190771066864305e-01
2.169847652864269616e-01
1.834871180429010207e-01
8.473881843985439644e-02
-4.215576598469109731e-02
2.814028009190396307e-01
-7.745743815980257567e-03
-1.617596952904071794e-01
-8.509442591993299221e-02
-1.991801694149523683e-01
4.475483950133814920e-02
1.181841645667631030e-01
-8.590757440129816180e-02
-6.740014727233141489e-02
-1.777947247136710540e-01
7.956737960947900257e-02
5.404071550199673267e-05
-6.703223636727319301e-02
1.101162891912694369e-01
7.687772881978688355e-02
7.507307319099593146e-02
9.086721625457236384e-02
4.382743199256876332e-02
-4.781319290532457522e-01
-1.724420023987270900e-01
3.525581420049288955e-02
1.052980906672919686e-01
-1.512981328764018141e-01
-1.030359684914289309e-01
-2.649688933120363243e-01
-8.008268775941694562e-02
8.585635151958460887e-02
5.708768278961649789e-02
2.414024621217301658e-01
2.403894179958790955e-01
2.287352294994575430e-01
1.039597723598543466e-01
-1.644229245826093200e-01
-2.384261374799581668e-01
-6.439798985570172052e-02
7.375209678017092818e-01
-6.517962279689194782e-02
1.463143698082817468e-01
4.280587915769547974e-02
1.592716351733754849e-03
-1.943549253152653533e-01
3.010297487054306442e-01
3.486561498345389087e-01
-1.477753221050750465e-01
1.943560094413024630e-01
-1.604786677348606361e-01
-2.347597030193976364e-01
3.964265151771522722e-01
5.163249551899663087e-03
3.404885497277732043e-02
-3.706829423350068708e-01
-2.443023375831896160e-01
-4.072809998756962147e-01
-8.021182167241981686e-02
-9.080782604185813622e-02
1.289173505037241318e-01
1.682613761918009820e-01
-1.846918946488936702e-02
9.032821658517077579e-02
2.279643995889824859e-01
4.875552180267326841e-01
-4.470699084072691787e-01
-1.291303712971529349e-01
2.549452348227553705e-02
2.129086697653298499e-01
2.687289400659884642e-01
4.127247018691238556e-01
6.799848501928013739e-03
9.528458324782353162e-02
2.588924426218136565e-01
7.241295880549998565e-02
-2.974474255437876968e-02
-5.185684475178183872e-01
4.323479599675949386e-02
1.436311652066133704e-01
9.924477448389008860e-02
3.138621130031065687e-01
-6.614322594576153846e-02
-2.840488753192504379e-01
-2.182423676763132342e-02
-4.289076743853973417e-01
2.466843215960448366e-01
5.248491446903900126e-01
-5.174364863453888297e-02
5.075537110627187376e-01
-9.676544927145445951e-02
2.953760833627838145e-01
-3.006861673443689820e-01
1.951474102689823853e-01
-2.258244132572314045e-01
-1.045534414468571316e-01
-1.640704973898198665e-02
-2.608072515911463163e-01
4.583877479727408583e-02
-1.763870006500760645e-01
-1.463776714521402011e-01
1.986225406833132257e-01
-3.084727032966437243e-01
-9.388068910638346261e-04
-9.143922567538755042e-02
-1.191423086393616215e-01
-6.960666755135852535e-02
9.562376850425270691e-02
-3.456416562986016627e-01
3.344438507963725105e-01
2.152823087296824589e-01
-1.996616123431001477e-01
-2.278801788715844878e-01
-2.446510020529056584e-01
2.634118125022520407e-01
1.332924113687724288e-01
4.015156526894168576e-01
-3.126661724210362536e-02
3.790975409862907819e-01
-4.540166321032850782e-01
4.843562725096355881e-01
-5.737060697666704345e-02
-3.879289242659963444e-01
4.177332655243585213e-01
2.431152263926122659e-01
4.604275259313175828e-01
1.750174858266088929e-01
4.377550971770889365e-01
1.158481924136486735e-01
-3.939042743719990691e-02
2.774272591551681447e-02
2.997092717162153086e-01
-1.293834879469933086e-01
1.128415412394090517e-01
-5.268534575022555677e-02
1.163642805761501281e-01
3.693160868070197722e-01
-1.440414416394764918e-01
-9.854802492893807719e-02
1.034608269723803070e-01
-3.411454032649069434e-02
1.738933393181473497e-01
-2.166848853563745625e-01
-2.322449195158572677e-01
-3.427205058506438973e-01
-3.162958101286305612e-01
1.918052302530016684e-01
5.066064786331607728e-01
-2.692477219194499005e-01
2.401295466520843580e-01
1.654293877504347254e-01
-1.959969170958799356e-01
-1.960964982584213201e-01
1.087334961080604762e-01
-2.316387825877596479e-02
-9.771714724180208256e-02
-2.183315938258591771e-01
1.860530576347231568e-01
2.322389304040988756e-01
7.223534299723062546e-02
-1.352121515181830269e-01
-5.967670696061846275e-02
1.631411766292017729e-01
9.629199872705725138e-02
9.993686310452375154e-02
-2.750732882340120034e-01
-2.491852057651188779e-01
-2.407003696564319895e-01
9.856474618821478573e-02
1.192005842944929145e-01
-2.520627716310950284e-01
9.554418327398599142e-02
6.752454079791488095e-02
1.505834474585588389e-01
-2.785618188707484344e-01
7.831009623599297087e-02
-2.340561327668533587e-01
1.436159190601994096e-01
-9.438215761133133749e-03
1.004218132515515283e-01
-7.365416424491104397e-02
2.547051598504881942e-01
5.781747402982645445e-02
6.588251630721059238e-02
1.222003070259837509e-01
-1.776831205679706704e-01
-2.244955840271186387e-01
4.952194793632980208e-02
2.261346289882879279e-01
2.968357795362873697e-01
5.158990810733927491e-03
-7.412169332196123783e-02
-5.720466781037240045e-01
4.099594379621117057e-01
2.203364808963660659e-01
-1.059052490268665159e-01
-8.874316026400738688e-02
3.360259619492476091e-01
-4.552217427670469108e-01
-1.315785865116744502e-01
-4.237861950938643929e-01
-2.840471487314610508e-02
-1.626313312729137650e-01
-2.006962514927978225e-01
3.748822818673777091e-01
-1.322814218098792294e-01
-3.250280746256009601e-01
1.041258937966420446e-03
-3.773820316098472905e-01
8.088405046841161405e-02
-2.100678788505631611e-01
-9.266907410176437876e-02
-8.814946771349123356e-02
-3.774129739789036653e-01
1.016052979879738943e-01
5.276770542096931998e-02
-7.552941834700693628e-03
2.618818086036607262e-01
-3.132760195639431866e-01
-8.247529952703012979e-02
1.828307685860132425e-01
-3.420081809725566413e-01
3.086020651379138835e-01
-1.640010642411776076e-01
-4.386047014816766842e-01
4.849037299126449096e-01
-9.595952949023123235e-02
3.570468985348844160e-01
6.271935902171478505e-02
-5.088586631593182245e-03
3.021252431289691009e-01
-3.491052684527121142e-01
3.982497052068013077e-01
-4.589906362395896888e-01
-2.925424807114331283e-01
-1.700944617050639540e-01
5.474701163367733797e-02
-8.958973454263265135e-02
2.418789631480749991e-01
2.904888855426909222e-01
3.005352096526779926e-01
2.222539372312204095e-02
-3.898154656024014342e-01
-1.712492743930197903e-01
-7.804473759403392219e-02
1.098240268435290712e-01
-2.461858547157180221e-01
1.619623906476088393e-01
2.948326973212970770e-01
-2.199002745584231755e-01
7.815450591269405833e-02
-2.581470815985032474e-01
3.559678624075116593e-01
-6.060271734298519619e-02
-1.054869108309842429e-01
-1.217694844856669761e-01
-2.764228817648907710e-01
4.072242657619616624e-02
1.543954002866574360e-01
-2.713564300305871257e-01
2.960588126838221978e-02
-6.773702739379738880e-02
-1.377362364232362912e-01
4.559481495249576022e-01
4.341971709193248596e-01
-1.914372207975522169e-02
2.171416603834539494e-01
-4.710750564228581572e-02
-2.320050718616223362e-02
4.010866229091928914e-01
-3.509012779613329136e-01
4.088354664983095271e-03
-2.485845282190610739e-01
4.023439073568648161e-01
-5.871206416050716026e-01
1.649827078404632885e-01
-2.294208228420759887e-01
1.033683418125652953e-01
-6.428996905746378610e-02
-5.238145405207958460e-02
-1.537683081776586858e-01
-3.343348546332524651e-01
-3.697526925131771058e-01
-3.028436738435011932e-01
2.097449389465742275e-01
-7.245477732135957583e-02
4.196562589558738843e-01
-1.858379945719947635e-01
-5.081704099174325640e-01
1.403247627030015411e-02
1.723824020620957562e-02
-3.749795819508306982e-01
1.198643870667745193e-01
7.283410348797143552e-01
-2.059339144876866368e-01
-2.029426612619702336e-02
2.553628297095650312e-01
-3.198979887067082695e-02
-1.034680274371763131e-01
-2.179358469074903770e-01
-2.736682944732500289e-01
-1.349688429442412185e-01
-5.063991312453851590e-01
-1.958494462760306809e-01
-4.591118355900803555e-02
1.444548405444884553e-01
-1.735210369691343182e-04
2.116432698704954693e-02
2.848479405262715480e-01
7.280590747205095692e-02
1.811676833680603005e-01
-1.482735072398836673e-01
-1.753330458848905982e-01
-4.957871693756850662e-01
6.750808910190683187e-01
-2.103076117546280877e-01
1.294624901742536804e-01
-1.628547687177271386e-01
8.819858249675704975e-02
1.729459631157733435e-01
3.013820114141574705e-02
1.015641867777519747e-01
-9.269252460923397066e-03
1.676962762708882337e-01
1.872308384071591780e-01
-2.861890574095911632e-01
-3.164913547169496688e-01
-5.012292418534717436e-02
-3.255481913136690220e-01
-4.941623837297348665e-02
-4.304254992552526693e-02
1.453127497639356697e-02
1.030615001248511797e+00
-8.636729893850253470e-01
-6.428663973039377977e-01
2.651895196835457602e-01
1.431397747230958029e-01
5.077148868036420737e-01
-6.577801962885997111e-02
1.792130217116812418e-01
1.946687195278189175e-01
4.410473258104567057e-02
-4.191605158501976458e-01
-3.096552995435820563e-02
9.727250238542145544e-02
-5.092339933020727238e-02
-7.864749823318817334e-02
5.654539763712058097e-03
-1.986749338726583394e-02
6.135802326263171957e-02
-1.825075983900269205e-01
-2.158912928586569774e-02
-2.998513476770421349e-01
-8.869463357228600797e-01
3.209558185790145624e-02
1.048383449750510121e-01
-1.082366277489268669e-01
1.116375576568794797e-02
2.625899132766982280e-01
-1.573653773940379141e-01
-9.411794406620761777e-02
1.215101880053980760e-01
-7.482733667958961499e-02
2.069020280509039911e-01
-7.691442642971937915e-02
-1.953580099773886691e-01
-3.104129418591860534e-01
3.507012140879765122e-02
-1.598512275425600648e-01
1.712689516044234583e-01
-5.541680803841606551e-01
1.976121116818631562e-01
-9.554406009222546348e-02
-1.967276053856285845e-01
-6.612553955914926562e-02
1.320178867566262904e-02
-4.836864344639749819e-02
-3.981430401865805879e-01
-1.771198705848951449e-01
-1.066103320258042497e-01
-1.164396512188524968e-01
3.388210175167885030e-01
-1.847052301158422227e-01
3.778121081766052658e-01
1.051931487977408701e-02
4.709546191019955419e-01
1.415540210295124224e-01
7.721676099851629282e-02
-1.801161450470389613e-01
1.793848629192839605e-01
-2.035403629131841974e-01
-1.480851634255755389e-01
3.134738983489822606e-01
2.283376516978127824e-01
-1.901342594864371682e-01
2.219281904270541950e-01
5.499624220341805397e-02
-7.362066560102539792e-02
-7.032000604544350053e-02
3.039908757756640822e-01
-2.140193760238850995e-01
3.029469294328350215e-01
-6.318395062854410826e-02
1.134882712293729112e-01
-2.893605279008681364e-01
-6.481968476033182769e-02
-3.443613769481091991e-01
-1.018023553585590685e-01
-2.380981746394646714e-01
-3.379656810573881259e-02
1.139389170510757276e-01
-2.082416854899312442e-01
4.965896486124113940e-01
5.221695674763000561e-01
2.769744745048162704e-01
7.611711819091614151e-02
9.260803128449657251e-02
-9.379559040072069087e-02
5.606789383392267734e-01
3.236576554254093629e-01
-9.300469925540942595e-02
2.260837513035292290e-01
-3.021897859681613729e-01
2.599199942583688694e-01
2.212754656220635441e-01
-3.501516341271607158e-01
-5.650274245193021710e-02
1.896616173981591214e-01
3.822996986336357761e-01
-2.114114651876370932e-01
1.444924873593844417e-01
2.040631635204431804e-02
3.299279196123306584e-02
5.114696622587249220e-01
-3.874147737616502329e-01
2.467836410260433322e-01
-1.873269157814349758e-02
3.043816374034395977e-01
-1.232368823345601494e-01
-3.838761853250140244e-02
1.483322895478475902e-03
-2.046915791062375589e-01
4.160021418172898250e-02
4.166782650260366649e-01
1.371556086877838215e-04
2.893227783139208364e-01
-1.231994555286492765e-01
-1.394289724944193787e-01
8.050712987327128811e-01
-1.473185838046515983e-01
4.261723901747750953e-01
-3.234348765098641887e-01
3.482958617019731307e-01
-5.070947011984096031e-01
-1.286179560560967161e-01
5.300777630098764404e-02
1.050666832346284010e-02
-1.481720836359814442e-01
-2.363641662138068755e-01
-1.619537280426700809e-01
2.822866022347391701e-01
3.461470603086878040e-01
-1.591714347253535278e-02
2.379428051187982007e-01
4.977551920265683716e-01
-1.458649693520006063e-01
2.247821108246874366e-01
2.533693066320411025e-01
2.649736893099411961e-01
4.474503703264645083e-01
-5.064471736004455549e-01
-4.254097307220808255e-01
-1.014130314370466183e-02
-5.940696213013888505e-01
-2.602233834711567551e-01
-7.717836229106209145e-02
-4.347510086902609677e-02
-9.205796308277458539e-02
-2.402485719261590602e-01
-3.089700753975668235e-01
4.485776743755219564e-02
9.997274977294744180e-02
-1.216513046212916449e-01
-3.275754396742722729e-01
1.756248484402397614e-01
4.435743694704327167e-01
1.133914990893691022e-01
4.279953853894749582e-02
-5.523470687336997503e-02
7.476362936402554393e-02
-2.108984497885773024e-01
-2.292106720137578324e-01
1.765332707471880258e-01
1.155073832673288586e-01
5.354445925995905686e-02
2.294524603787803096e-01
3.179219661964537424e-01
2.101805021296294096e-01
-1.391225539710830017e-01
-4.131598345965497576e-01
1.086586517977444488e-01
-5.040210937208023934e-01
-6.743633222547527895e-02
-2.075692111430409159e-01
-3.049928802325666682e-02
-2.136586395935238525e-01
-7.085497793720503534e-02
-2.576282218351152531e-04
3.843117178911559795e-01
-1.542203230288040350e-01
1.016515843379491024e-01
7.047888311632172220e-02
-1.644230820686674588e-01
-5.269930038954980800e-01
-5.378270500737544202e-01
2.587236355005224642e-01
1.697208089528362551e-02
8.927334616867292627e-02
1.264991654700175494e-01
-2.215816484626288718e-01
4.168682568302687491e-02
1.132219733997690825e-01
-2.348356990300638162e-03
-1.553715987563733802e-01
-1.082945387116556746e-01
2.221547354132121788e-01
-2.618000401927868537e-01
-1.568347191004515195e-01
-6.453073200198214919e-03
5.495058189862697118e-01
-2.530737631700918921e-01
1.638403020270487800e-02
-2.913368287222399822e-01
-3.932027686745750428e-01
1.350996817348656120e-01
3.537384393061972498e-01
-2.199875138764452107e-02
-3.669139511618773053e-01
2.063145434682577828e-01
-6.443248067332629780e-02
8.945875284847047693e-02
1.587934570092771336e-01
-2.236612964246514623e-01
1.500140692394343056e-01
-1.426945443033289240e-01
3.910951160921840031e-01
-4.591304079808333216e-01
-3.313505736054022655e-01
-3.634606903353149177e-01
1.898690697787790149e-01
-7.387371837119936779e-02
3.802566719517127408e-02
1.968573945521555086e-03
-3.804025842341345887e-01
1.226500815754092422e-01
-3.492370519875021007e-01
-1.404430005843567142e-01
-8.058558760484015038e-02
5.663927376804059333e-02
1.544121826426107270e-02
-5.061781931562733816e-02
-6.460312296269360433e-02
-2.421451167234567672e-02
-1.224062401743951228e-01
1.780888296480820643e-01
3.334620776458741553e-01
-2.267288853367141199e-01
-6.810898960401942093e-01
2.351591872319991339e-01
-3.999273950446934067e-02
6.943195794105917751e-02
1.656562881074201687e-01
-1.357397234352793747e-01
-1.224510788811546957e+00
-2.917082720469760804e-01
5.774791114666546349e-02
5.101340789862969516e-02
3.617687054925977641e-02
-2.960821043443347209e-03
1.351254888983084435e-01
-9.309945435696706517e-02
1.833821740061961636e-01
1.621208800149107898e-01
-1.078774966869508328e-01
8.233423693122655929e-02
-4.519780782321378143e-01
8.855752145994402746e-02
3.370176051465537115e-01
-3.527230744846025501e-01
1.830605269539303526e-01
-3.041732672216958533e-01
-1.119974680450450677e+00
