6.952150689274525508e-01
-7.637950645685959161e-01
1.201772316772421467e+00
5.884282213415108487e-01
6.832532745568817845e-01
3.712580514581498292e-01
-7.823767769087940360e-01
-3.377082761090427265e+00
-3.286380472640860750e-01
1.443812158958230230e+00
1.184180271202316836e+00
1.616381065201135447e+00
-2.167264581649932242e-01
-1.033334755225967072e+00
-1.055660582448447071e+00
-9.588824610314944374e-02
1.332047609192530180e+00
3.826822844863816409e-01
-7.644325169301248168e-01
-9.112272796356669646e-01
2.670541248673032442e+00
-1.291193402239204924e-01
6.113249562694520467e-01
1.877779506128038678e+00
4.574620028255962367e-01
-2.631133857861543690e-02
-1.504619417855010965e+00
-2.460493878720640751e-03
1.404401463033503772e+00
4.829922505108741881e-01
6.509892030560915366e-01
-2.486808408034725804e-01
-3.790053582092480777e-01
-3.010965140439733068e-01
-1.164869850737160900e-02
-6.209510796494444040e-01
6.593571030439845382e-01
5.115296833665906595e-01
9.032094712992378982e-01
-1.250247577536482080e+00
3.702077833908283822e-01
1.969348459351307201e-01
1.670551365533594901e-01
-3.938293984754353411e-02
3.695830262844513325e-01
2.354539819284354879e-02
-2.311508138018095182e-01
2.218570831922991093e+00
7.737498866209752135e-01
1.371693412021685932e+00
-6.901262136455659224e-01
-3.612432054241114798e-01
-3.517245260123563755e-01
6.331671727921746040e-01
7.417213966242627299e-01
-1.540518667947440301e-01
-7.867518987579675827e-01
1.141215521100872321e+00
7.601834939990089746e-01
2.209110564489075446e-01
-2.352061177906971390e-01
5.227826872346705844e-01
9.201854390314394561e-01
-8.838702190961537919e-02
5.553319673990676775e-02
2.540928741836326332e-01
-4.201679928961337129e-01
1.933162480866912336e-01
-4.668213704042629142e-01
-2.557718560561765275e-01
1.819712241472327963e-01
-1.916687455830379250e-01
-3.745996517365798861e-01
-3.523435023156183399e-01
9.213208367954132116e-01
-6.919072798623479015e-01
-1.589784224377598809e+00
-7.568164454172882083e-02
-3.516427809166707830e-01
8.888570735179406324e-01
-1.294406310906941748e-01
5.703993774116542653e-02
6.181322652242664528e-01
5.225797506638134582e-01
-3.037695003995652954e-01
5.060121478601233846e-01
-3.869968787433177293e-01
2.857285124165855339e-01
2.656653328840587469e-01
5.962981968786941304e-03
2.196659395348554977e-01
-1.073983834384354630e+00
-2.321305073651771730e-02
-1.943660208845239198e-02
-1.516607357737898530e-02
-1.913476045714847806e-01
-1.301335666636947996e-01
-9.967053703481307259e-02
-3.569323881732550663e-01
5.864128338270716556e-01
6.070274315142660387e-02
-4.568504129960777593e-01
-5.619573964923164217e-02
-1.225308404095903740e-02
-1.057640171481376151e-01
-2.243586308715511957e-01
5.424066855882662130e-01
-1.176683065309732865e-02
2.921152427661553516e-02
2.140693861921514340e-01
-2.194312616391398130e-01
-2.093870733249947672e-02
-1.077291311982673805e-01
4.679746323740944791e-01
-2.616688743252660321e-01
1.216026064981520632e-01
1.577511437288214302e-01
5.823887754108449943e-01
5.418553058395557676e-01
1.650318197405266085e-01
-9.189250725579597434e-01
-2.865901977275081558e-01
1.483450656724010219e+00
-7.810366943881075219e-01
8.994236933546125856e-01
-2.706737798826051589e-01
-7.362373220890883196e-01
2.188272740692200347e-01
-1.139923328935319030e-01
-9.950033388733374451e-02
-2.887510293526935334e-01
4.180806411314703097e-01
-4.498666013991814427e-01
-6.118707531193291471e-01
4.905480601062471857e-01
-1.759206018391518966e-01
2.113577676041818454e-01
-7.098911290371062721e-02
3.985443697759103454e-01
-4.568883177398072037e-01
-5.308379344629850227e-02
-3.405881270251183146e-01
-1.440355068558686558e+00
-5.185311403863781532e-01
-1.489561919101756345e-02
-3.601981128642345320e-01
5.739165580344960382e-01
-7.825431571751689797e-02
5.958157364852326721e-01
3.015373435520736223e-01
7.493413974143876659e-03
1.030969499233561626e+00
-2.501960016395243236e-01
1.715824916882496554e-01
-1.980018055913899400e-01
5.841287749664734186e-01
1.600341873634019696e-01
4.611309894048188501e-02
1.303200404936565027e-01
4.430823404787165125e-03
5.330661328881419747e-01
1.516179655629383560e-01
-5.945788384362921120e-01
-1.138725757114446846e-01
-1.761681946053982317e-01
1.809135956211055662e-01
4.141376133328305009e-01
-4.151133055061356214e-01
6.192038519809422992e-01
1.413425463944760763e-01
-1.276649715536895546e-02
9.064436462809846717e-02
6.156873002518252480e-02
3.787926603774020018e-01
-5.470944608254160180e-01
1.445400992476620627e-01
5.406125215689898678e-01
-1.237021417822647129e-01
3.989185116527382835e-01
2.826492756985193172e-02
2.535697764579941671e-01
1.709167853895372513e-01
-2.050451730590262256e-01
-3.334203748493465985e-02
-6.624044134594218036e-01
7.228864135626839049e-02
2.826760383363584039e-01
-6.377345825739745566e-02
-2.513312220819518550e-01
3.709967313381256487e-02
7.692653220820006021e-02
-3.444515537995421900e-02
-3.387104329170917971e-01
6.162938429132973697e-03
-2.849993078563976129e-02
-1.821681362757921613e-02
3.700746315280603604e-01
4.065948868352142198e-01
-2.151476063575487319e-01
-2.643969006764284035e-01
4.180301497787233256e-01
3.980781377011707867e-02
1.329587502630059870e+00
8.078795995101676342e-01
-1.710846138032444952e-01
6.815325097561121259e-01
-4.215572975789605992e-01
-4.212399048280741215e-02
-4.429327839742309703e-01
-2.470532052728685035e-01
-8.887016771176646512e-02
-8.915313789075529627e-01
3.183233461187330859e-01
-2.599936504611541355e-01
6.381927519272374560e-01
-6.651843311554701543e-01
-1.589302674219152944e-01
-2.436194324520193910e-01
-4.436456249503905602e-01
5.637028630585352307e-01
-5.990414637201617321e-03
-1.738934986104483105e-01
1.599478089131526060e-01
2.322122386087071277e-01
-6.367403123201563963e-04
2.247663738350929030e-01
-1.391195456556888407e-02
-3.649226254239983924e-01
4.627394086380448579e-02
4.259236149986007081e-01
-1.533907172913529515e-01
-4.763725759965732887e-01
5.788667535157002164e-02
2.016157833286240930e-01
1.833357177623061995e-01
-3.268226195903793374e-01
2.029511327913418040e-01
-3.743632071998296285e-01
4.053902825187312708e-01
3.938453878862058222e-01
-3.547013235339180337e-01
-1.189834992877436964e-01
-2.036289700678959314e-01
-5.900389608833549460e-01
1.757671972815913752e-01
-4.106061703991708556e-01
1.299824318613031493e-01
1.983886649613974262e-01
2.195182153870259278e-01
-4.197901924881529134e-01
-9.322134540184373597e-02
1.627599471158845956e-01
-1.981169427765517022e-01
-5.149197295531822149e-01
-2.460160750760493342e-01
1.258034466940710916e-01
-4.693283202783064822e-02
1.760006836300703204e-01
2.113500303756820908e-01
-4.986750616622724896e-01
1.090348417282580862e-01
-2.579222128094283417e-01
-9.828366063689678023e-02
-1.910015052607593466e-01
2.063991133555742596e-01
-8.277492680139317272e-02
9.203029831888820400e-02
1.868328086406743083e-01
6.060173886857671277e-02
-9.580544778849507323e-03
1.135362480888011949e-01
6.571672936277909161e-01
-1.479757149318149390e-01
1.188311187471577934e-01
-1.660778372533015523e-01
3.280719227122231296e-01
-4.066850096587060204e-01
5.558578068191244448e-01
4.774824229288656546e-02
-3.891139225345306429e-01
2.076110066718449831e-01
-3.753559971854583677e-01
-6.621910424661550110e-01
1.486447533749794825e-01
-5.522274027474873836e-01
-1.311097379078858365e-02
6.215331514516511113e-01
-2.738588569409997064e-01
2.962348080025536956e-01
-8.402982510669725069e-02
-1.428699731641845383e-01
-5.784026314897892929e-02
4.304966670741815493e-01
7.001068695308977352e-01
-8.268127802571959561e-01
4.063405493927146339e-01
4.082698499906992073e-01
-1.231849279769502842e-01
5.063920089668277891e-01
-3.284541422222455598e-01
5.217766635740243020e-01
-4.035673222282259998e-01
-7.823718664879183993e-02
1.489051480827692786e-01
2.219512099432347507e-01
-1.326536346624974383e-01
5.114285024045256423e-01
2.031286403013538855e-01
-1.151345203752250079e-01
-9.092030242316878619e-02
3.440062233425266736e-01
2.478813310799742875e-01
-3.915583178486063964e-01
-2.371934940232556244e-02
-4.256936791095725092e-01
3.646824234420165678e-01
-1.148928919390758002e-01
3.549185704771353617e-02
-9.254432467728296308e-02
-2.076171766707636257e-01
-3.130274671491365956e-01
2.983162069315430931e-01
8.105444756711536192e-01
1.051648786931830004e-01
4.409954104451564993e-01
2.207288823334621897e-01
-9.226576815343318083e-02
3.436289565538485080e-01
-1.554465675966886007e+00
-4.946479647057468176e-02
1.411397871137242965e-01
-2.863557363580210846e-01
-3.662003929859371926e-02
-4.108629617899791642e-01
1.558833149313824662e-01
-3.883267635738466561e-01
-7.863291724427976526e-01
-9.199967698748975908e-02
-1.143216974190140123e+00
9.628307356305669529e-02
-4.510839333458039335e-01
1.550241293331064696e-01
4.738425133427159874e-01
-2.182341312600285521e-01
-3.840761572363302068e-02
7.725539262847863631e-01
1.171242745810589791e-01
3.711121433418676507e-01
-6.687924561242816202e-01
-4.254395516177670311e-01
-2.558342119871191700e-02
1.342340960157852314e-01
-2.955396956004551212e-01
-8.697067563392370249e-02
-1.296156663684867316e-01
8.313993050596808765e-02
-3.470757930066861174e-01
1.093387588105821928e-01
3.394489032434870428e-03
-3.191123405642387612e-01
-5.071156833826510058e-01
-2.052840897487085980e-01
-7.074322734759629361e-01
-3.331923183808271904e-01
3.553238484539195108e-01
-4.536761220426108743e-01
6.549221230373271085e-01
3.002003344421659836e-01
1.714222328166893905e-01
6.189503464276385758e-02
-3.714540549635241082e-03
8.149003931644401844e-01
-1.523285017937067720e-01
3.167837375748732143e-01
-3.849468691748539340e-01
7.201835199671202670e-01
-8.364103283227853833e-03
1.286190111137693326e-01
9.867404301583085346e-02
4.771629795710075062e-02
6.131150960929687699e-02
1.479646567473890950e-01
5.066798489222392732e-01
-1.706073479909051838e-01
3.755113347600057550e-01
6.738480592603890429e-02
-4.283382475498548891e-01
2.865887889712705472e-01
3.385677260608927486e-01
1.393310174692531100e-01
-2.237238872640801013e-01
-2.244621683842510929e-01
1.448793422487036457e-02
1.127157637563055287e-01
3.895424634621586502e-01
-2.151710939381655183e-02
-1.897490188831070512e-01
3.950594543292942212e-02
-1.386923672786179174e-01
-9.120930258000915780e-02
4.954985119879466438e-01
5.919329532091270607e-02
5.127695467157411535e-01
2.993183752820983146e-01
-3.626198016923510847e-01
2.659500046674159179e-01
-1.316262789805604239e-01
-1.216794204609885355e-01
2.001429921503465048e-01
1.595460291491934135e-01
-2.975874746284919853e-02
-1.118592134406660277e+00
2.045145454391944506e-01
1.745508625962030602e-01
1.106353446863994339e-01
-6.803089721003652279e-01
3.235477028265921345e-02
3.026650432368963028e-01
1.087712810055471062e-03
3.425020871891117924e-01
-4.798460640368883978e-01
-5.617262179182756082e-02
5.606809044809116793e-01
-1.209396389203026695e-01
1.890077712717206648e-01
-1.959354505132110402e-01
-5.255239322284620540e-01
1.626204853159549657e-01
-3.388367759999599271e-01
-4.950206088386165937e-01
2.418803831095059365e-01
6.018341386390179126e-01
-3.766858088788862524e-01
-2.792189311858127576e-01
1.795452005242076376e-01
1.858279545075164629e-01
-6.685945223841297524e-01
2.135392699984804965e-01
-5.195750216760190998e-01
-4.704889538278470701e-02
-1.258882300907732121e-01
2.758363446006621977e-01
-4.943038228326192274e-02
9.800345982740918394e-02
5.817804173612840107e-02
4.140287706968036330e-02
4.737920692859387550e-01
-7.503803262316264266e-01
-1.992240432951660201e-01
8.365926666273797441e-01
-6.455238268533705637e-02
-3.137393589720309239e-01
4.022915191558776860e-01
-3.871198479650889840e-02
-2.451630203537708552e-01
-3.177042826309812162e-01
7.025489024173088293e-01
-3.215008889719931373e-01
1.691158394339495330e-01
4.963622135266388402e-01
-5.668814962275855462e-01
-1.806069981811534442e-01
1.792508771422327341e+00
-3.104694202445496681e-02
1.433923318134533442e-01
1.222958761892859875e-01
-5.398983205402864138e-01
-5.602415865231302750e-01
1.717345164379259770e-01
9.838510385741738862e-02
-1.079712581401616411e+00
-5.582999231024154962e-01
1.714036232734097998e-01
-2.923766247078051217e-01
7.358705157239792127e-01
-3.879354901533431099e-01
-4.231222018142177244e-01
-6.097689844654060609e-01
9.685453568882644582e-02
1.504332839707539726e+00
-1.404973822460672817e-01
1.281502104645536877e-01
-2.720227208046280265e-01
-1.093635941093819286e-01
-8.191429601501137858e-02
4.001844796921194547e-02
-1.934757640897961928e-01
3.655580493280011223e-01
-2.639773315119036678e-01
6.383589112548579414e-02
1.353894878767101795e-01
-8.167441632986476019e-02
-1.851080262612086746e-01
4.442631513165911095e-01
-1.939170385230766236e-01
5.262005052941245431e-01
7.233032589069195994e-01
-1.201690064059654783e-01
-1.861360626387405584e-02
4.341074667583020852e-01
-5.350712949755200842e-01
-3.888014290172520787e-02
-1.989278025443468323e-01
6.559188980644597988e-01
2.119887571828871220e-01
-8.678247904679857461e-02
-5.191887221797899382e-02
-5.749845979905230386e-01
1.163393113392821171e-01
4.669974733661214072e-02
3.199572495973788677e-01
1.011498311889125895e-01
-5.348373020120574806e-01
1.322059908207043610e-01
3.065072538590334350e-01
6.148186006239475532e-01
1.583665193903320834e-01
1.949789803464964388e-01
2.738210939966813640e-01
1.752422609573604240e-01
1.476240658233210212e-01
-1.088219010678642962e-01
1.105276945455966192e-01
-2.530053072063929709e-01
1.197225721844945800e+00
-7.682573495741191749e-01
-1.271997103303930572e-02
-1.959962913015708599e-03
3.928462542290289683e-01
1.390863042073037063e-02
1.934490973631869948e-01
5.286928095964512631e-01
-5.613239229558788512e-01
-2.389013866841681044e-01
4.794709668979937889e-01
4.842582408700222829e-01
-5.099118146139700603e-01
7.879984385303172301e-02
1.639843172889874356e-01
-3.045174744536633393e-01
-2.251391126843688417e-01
-1.772300200578993956e-02
-3.695633341437854491e-01
-5.121174951440009560e-01
7.867728117755724837e-02
-1.661003112687636507e-01
-1.363308476422730141e-02
-1.816984300102042135e-02
-5.508451234951051712e-01
-4.260586984014587131e-01
4.793622868142160577e-03
-3.618911875777568454e-01
1.518683086996605591e-01
-1.240344516564624577e-02
1.785330545656212686e-01
3.316148544679998755e-01
1.809300104009486654e-01
-1.468347952689182112e-01
-2.267996218565308530e-01
3.203276260804296255e-02
-8.820338167252642775e-03
-4.086181690490655466e-02
1.484571680679262207e-01
2.624892100467258738e-01
5.082861555566110523e-01
-3.357227415684813643e-01
3.458152513537557926e-01
1.464937089764848654e-01
4.258994494736512149e-01
3.681156959737704182e-01
6.280999097723851364e-03
-7.084255276302219295e-01
4.036806684256167427e-02
4.640862614419949961e-01
-3.123420236247192450e-01
-3.122983071791826659e-01
-5.213294537423687758e-02
-2.461841544896435086e-01
-2.725793543628179244e-02
-6.386780160510681370e-02
-7.103735955156721404e-01
7.888891417544136031e-01
-3.812461477373226271e-01
-8.935890163097349737e-01
1.098139815765047267e+00
-3.535337548779985406e-01
-1.520153271578945364e-01
-6.323440758879962376e-01
-4.722264739731671934e-01
-9.219056854259452538e-02
2.045737792561916624e-01
5.968740785643487090e-01
-5.112720407342238316e-01
-8.987071262492887236e-01
5.208345521771579056e-01
1.978237363987983277e-01
-5.249982446157385602e-02
-5.549252516221807319e-02
-1.126500340377471487e-01
-1.931382916383323212e-01
-3.123068041746847670e-02
2.638292465226678152e-01
2.503288157302732686e-01
4.548276607445588815e-01
-4.120146437738729239e-01
5.027639394448402133e-01
2.852330536919361337e-01
9.067927324069222084e-02
-3.982890220260017489e-01
-4.858082661185423312e-01
1.886382029074842315e-01
-2.143051257683462885e-01
-2.592232596657717547e-01
-3.598373547231815683e-01
-5.383851961319117670e-04
-4.549764705373389173e-01
2.938394036052060510e-01
-4.056372199449977400e-01
-3.930464842101274447e-01
-2.453376466896796393e-01
-3.026217288343867051e-01
-9.989207888771281518e-02
1.101575592310347768e-01
-3.165170099247919255e-01
9.341309701954358946e-02
-3.783079833104937562e-01
5.572660227250211262e-01
-4.200875916984688763e-01
6.266269883866998347e-01
9.375952003174828353e-02
1.262420210543085397e-01
2.605639581542940619e-01
-7.142860291173386278e-02
6.971501874633621865e-02
1.560669499887014366e-01
7.418315247923304434e-02
-7.757886137338604327e-02
4.389040949644680834e-01
2.309082457600897809e-01
3.141735842140257473e-01
-1.051051865474362940e-01
2.590118594225810922e-01
-6.920944574056135945e-01
-4.540716751406839169e-01
-4.282666140907757657e-01
-2.194766408504675581e-01
-4.269372196264726860e-01
7.337552525652510926e-01
-6.150275121340994522e-01
-1.514191315381229440e-02
-4.194227684446946158e-01
-7.687489708464522176e-01
1.683594667254831867e-01
2.928196378549892120e-01
-4.258528755387996356e-01
-1.324034671170189748e-01
9.523546137391680766e-02
-7.048802473921116085e-02
3.137263381824466624e-01
-4.139442448997647517e-02
3.090892237774270357e-01
2.295214094174399810e-01
1.301258113138331618e-01
6.279616409736054061e-01
-5.904230751992566306e-01
1.004131633761020520e-01
3.823534099208867332e-01
4.136706424336278887e-01
8.195050584552761308e-02
1.425484295218436837e-01
-1.570955993141681939e-01
-3.606866858672873044e-01
5.573765001750059511e-01
6.333562922486857261e-01
-2.417609438611141859e-01
-4.523423943338096276e-01
-5.674691367983286661e-02
-3.807183717666134393e-01
-3.935175322529643194e-01
4.867673890172794643e-02
-2.021706680144179646e-01
2.444288488503470747e-01
-2.644961439336622755e-01
-6.391403918736522360e-01
1.216420125724351625e-01
1.880336622036877375e-02
2.628517599092510260e-01
5.568429830714723971e-01
-5.453777727180378898e-01
-3.290580294070850065e-01
-3.289557607572528297e-02
-2.141361854792251176e-02
-9.047529498652266688e-02
-1.903947916493143322e-01
-3.856725045009948283e-01
-4.151177577673071939e-01
1.027810281488232835e-01
5.979961988094924241e-02
1.582107279946885769e-01
-3.206577029723641226e-01
4.083744645820330116e-02
-1.078458444483883227e-01
2.134551584157253767e-01
2.972268750106262236e-01
-5.144531503795797545e-02
-3.239432640993540335e-01
9.566819011899370395e-02
3.702776491400581182e-01
3.577818471302808834e-01
4.785463502201199870e-01
-2.377934012459933799e-01
3.425453561794394308e-01
4.229753475628670323e-01
3.658840640352539197e-01
-2.391939605915696099e-01
4.512366013862546127e-02
-1.775545502203984549e-01
4.833754319212788531e-01
1.275363406327412741e-01
3.775802466997933982e-01
-1.788494063444960036e-01
-9.499249362639336502e-02
1.095115304308649923e-01
-8.582678806316323961e-02
1.585540024704417128e-01
-4.728782288930909877e-02
1.350326506290854267e-01
-2.819252207715804981e-01
2.600507397694988843e-01
2.641394736308209090e-01
2.532264138883086879e-01
4.564542390512404957e-01
-1.473290360561436696e-01
-2.683294954098948693e-01
3.145076156722315663e-01
6.941325401331120692e-02
-8.041940084055555771e-02
-3.103365424289631913e-01
-9.109529162196841612e-02
3.304709196049798736e-01
1.582942071283061081e-01
2.225857511723400295e-01
-3.775028617449295854e-01
-4.343000364993393481e-02
-7.207990996251940619e-01
2.042281905149420929e-01
-5.864854385764553535e-02
6.751766945443307133e-01
-8.500570702923564426e-01
5.053410748208046060e-02
-3.905332558881059457e-01
-8.615557412101073620e-01
1.899155823734419435e-01
-1.159308857821233496e-01
-2.954139035580855555e-01
-1.773277676293631422e-01
6.826773635913294114e-02
-4.372590504863543281e-01
-1.743626012451524876e-01
-5.744705012148979689e-02
-4.936499618896530439e-01
-4.129807573268397536e-01
-2.385289168535581761e-01
-3.255793846725442142e-01
9.495182872668448404e-01
-1.388569426426182751e-01
-3.323210879453188937e-01
-3.926389954725293396e-01
6.527530940754543154e-02
-1.391763923584921903e-01
3.276211037995464537e-01
-4.628310586446847397e-02
-4.344440398973283268e-01
1.095615704647763256e-01
-1.858396481316281768e-01
-2.680800596371580302e-01
-2.715851484861835363e-01
4.538433445826831614e-01
4.817598032208809111e-01
-3.446496026951916258e-01
6.077523447525515765e-01
-2.217826545837703334e-01
3.597880901380515195e-01
6.471037503093449716e-01
-5.514557635856348616e-01
5.327161361580790011e-01
-1.074196954054001119e-01
3.828660968060764724e-01
-4.945162834341232383e-01
1.243439865686088164e-01
-8.643114632685386933e-01
-5.753341865316389248e-01
4.140167141919973703e-01
7.134516643207338138e-01
-2.501509220549457124e-01
-5.203482081650614433e-01
1.746097207621067349e-01
-2.589150670322157843e-01
-4.681434927675338087e-01
-6.796679153226410641e-02
9.081479228865294018e-02
5.294735492400777233e-01
-6.619118226975654329e-01
-1.914027312844010231e-01
-1.644582100385305057e-01
5.774512431930286516e-01
5.278261231644441054e-01
9.233064232930651150e-01
-4.496272982408009988e-01
-4.014624019084362949e-01
-3.110809629894802919e-01
-2.199506435146226513e-01
5.207539031192417456e-01
2.863038227360764285e-02
1.224536967811074711e-01
-9.864519987534307865e-02
4.988827409316951567e-01
-7.983372952407881140e-01
-1.968425627797758537e-01
-1.831995847083976448e-01
-1.377496727059442372e-01
-1.008523413663083290e-01
2.630359955813394435e-01
9.592172957732077176e-02
1.506265839251631211e-01
4.693360581078197431e-03
2.562148208027408836e-01
-3.458732945025666528e-01
9.704857080713573392e-02
1.898455447250268491e-01
1.975187574491248932e-01
3.599296680006875970e-01
-2.912788596796909713e-01
3.751101660394106641e-01
-4.938789811129104534e-01
9.745961572260708472e-02
-1.265284742204432211e-01
2.730591462017967763e-01
1.842962370994078447e-01
2.092068976607827369e-01
-2.700534869876499156e-01
-6.937052558446527017e-02
7.077054474837142228e-01
1.603569032789449733e-01
8.614499872889444174e-03
-1.513673532243995923e-01
4.023117465913471635e-01
-8.705660658815334019e-01
7.237916055228290624e-01
1.606955685968925462e-01
-1.048109798826539346e-01
2.585663991552469843e-01
-1.121083711694478291e-01
2.244984980788499174e-01
4.488119678200553353e-01
9.402122959905043209e-02
-2.442856630343180346e-01
4.024834861199679259e-01
2.224180632665394286e-02
1.567368863305995119e-01
4.944418086552618274e-01
4.617873122305828359e-01
-1.521149649000854698e-01
-1.290257606194796479e-02
4.611637179206939385e-01
5.719115135079545498e-01
-7.443030633198030044e-01
5.131251225638508995e-01
-5.846620440026131238e-01
-1.098957084905757275e+00
-9.443738379077916412e-02
-3.140254188106628153e-01
5.111282921723020456e-01
4.951638592442277331e-01
-3.543642905879105243e-01
3.948907780669665413e-01
1.937794238664219126e-01
-1.360306976872639462e-01
-3.921857195775897420e-01
-2.081858789811836044e-02
-2.087625823038883888e-01
-1.694769041829444489e-01
-8.840189835604582713e-01
-4.634766916211053855e-01
7.160011520754293590e-01
-7.115787138602575057e-01
-6.002718151019501569e-01
-8.108590221650928409e-02
5.982156744390798586e-01
2.592078056216014503e-01
-1.512974625053964406e-01
3.926443171435442525e-02
-4.693534935895727900e-01
-1.107055167774988913e+00
-8.424275423942544083e-02
1.250140043670871226e-01
-2.371050020148725568e-01
6.910898997779327813e-01
3.059790888395775843e-01
-7.215842441073405666e-01
-2.214956467187371436e-01
-5.275064981956331112e-01
1.638152298602125745e-01
7.211861909396528880e-02
-7.395952564655391970e-02
1.410210550622462145e-01
-5.414558164855084454e-01
-7.863536138531473929e-02
3.304857590955270069e-02
9.478141336719354826e-02
-3.361833349839430385e-01
-5.093157332239766077e-01
2.673244179379967722e-01
9.016777600918848834e-02
-3.260216448840154713e-01
3.508833117948433750e-02
-1.717309244484993835e-01
1.557023994198624695e-01
5.450195169717517857e-02
-1.664393542858820241e-01
7.097375597657974711e-02
7.947078471374217912e-02
8.423698121726554966e-01
-1.666290150933235070e-01
2.751642407104348265e-01
-2.382001804702496839e-01
-1.288036607205428619e-01
-3.558541457209311032e-01
-4.419489390852288646e-01
-9.173539317165700646e-02
-7.288863851223672530e-01
1.697094274262170022e-01
4.337934793453790960e-01
-1.953858398887406977e-01
3.420517949940079516e-01
5.079658648778322405e-01
8.120677910697655932e-02
-1.744282576788377670e-01
-5.167865068251994431e-01
-2.898238374776992629e-02
2.532348971756762102e-01
-1.974570220486262517e-01
-2.513876512743405955e-01
4.429716768810830485e-02
-9.371643184787122050e-02
1.135920796969736163e-01
1.355045924220465436e-01
1.507168086529487305e-01
3.321065485460855116e-01
8.881262118982995168e-02
3.739568336886293642e-01
7.765661941749247253e-03
-5.644529531071090789e-02
-2.639047964895204976e-02
-2.488487451437931819e-01
4.190529993166273726e-01
-6.324438826802902813e-02
-1.437570210351724054e-01
1.235684543323209983e-01
4.776685731285610914e-01
-5.641842001427572750e-01
-7.103845365430009329e-01
1.298942632592110791e-02
-1.493121188123332915e-03
-1.893068088211907474e-01
2.776693276373616848e-01
-4.987372792592317805e-01
3.058488453109743932e-01
-8.011354480110244314e-02
2.094768738843497125e-01
5.699230409739176606e-01
-3.086148965756883578e-01
9.876339395416658395e-02
1.539550732731459481e-01
-6.225469813427640664e-02
5.694198517870076998e-02
-6.054963815668067406e-01
1.719675860443683202e-01
-1.511386646309778314e-01
1.170224137428845929e-01
2.581021385138368429e-01
5.674177977606490453e-01
1.898398962591564820e-01
1.047297260610052516e-01
-4.295720846770981205e-01
-3.657114119858649315e-01
2.872935689810556248e-01
-2.369459986882480398e-02
-7.157685201358005012e-01
-5.625570878760195737e-02
-4.922739561450863444e-01
4.956397976944306172e-01
3.870428767469042408e-01
-2.830848020148618027e-01
-3.777514521761394239e-01
3.678897346487104425e-01
1.721586914680277303e-01
-9.768184816557287098e-01
4.488172785054895392e-02
-7.084251309559643772e-01
1.075023255480625356e-01
-6.079171582530837892e-01
8.643324439956820981e-01
-2.882775056708008488e-01
3.761752740866479705e-01
-3.372739832137456456e-02
-1.554453983391808347e-01
4.114993732409401028e-01
-7.195080094284802552e-01
-5.525565326071349981e-01
-1.587936457351380934e-02
-2.949239308768817347e-01
3.239412845763917637e-01
2.288867513827532174e-01
2.867014616791911386e-01
2.345983360599619427e-01
5.958636556958024633e-01
2.956767153086009015e-01
-4.305476250990853543e-02
-1.978024495914962599e-01
1.925610557615149709e-02
2.145699477995798021e-01
-2.170714168607700556e-01
-6.686190024257991638e-02
3.035709672117635205e-01
-1.042641918858675382e-01
-1.368442730809455443e-01
8.328114123144179926e-02
-1.280168014195554593e-01
5.744214361978437766e-02
4.392136928048480105e-01
-3.549329291942478481e-01
-3.122141913670530011e-02
1.030837079509732551e-01
-3.581086497591003809e-02
4.886426059815449086e-02
-5.999211131214009507e-01
3.238133367023894316e-01
-4.739859963496265705e-01
6.489758764501787347e-01
1.935657802987155729e-01
-2.296310134664788505e-01
-3.557575358036487168e-01
-4.461031243658920564e-01
4.144053077172413779e-01
-4.885626869628817426e-01
-4.763335305140221632e-01
-3.609029038290574865e-01
-3.189513419021241386e-02
-1.207751330584516808e-01
1.390482358159192133e-01
-1.191314960422436231e+00
4.116095025000608698e-02
2.004831754657789289e-01
3.588686662957012996e-01
-2.583825026495357655e-02
-6.031140710733046140e-01
-1.806488468748728149e-01
3.256273911131783438e-01
2.172945042199302401e-01
5.131714598562992641e-02
-8.877795627747434581e-01
-9.580274185864624537e-01
-1.230262681719158924e-01
9.184823519199210307e-02
1.497953383812621053e-01
-4.194583196548096887e-02
6.118908512133951483e-01
6.791608931742324495e-01
4.410883601051270864e-01
5.183629063739528808e-01
-8.540196079313069344e-01
8.268347765915511072e-02
4.485068594509046824e-01
7.426015021831035290e-02
-6.372063491902060228e-01
-6.626505550865197103e-01
3.989916927004046876e-01
-1.873174808964942484e-01
6.342726434908327882e-01
-2.619355298770221704e-02
-4.747667821007988675e-01
-6.227742802656419663e-01
1.369529233521478706e-01
7.146953034933273274e-02
4.132707812353132726e-02
1.130777759424689416e-01
2.757529811120754681e-01
3.568749847506744177e-01
3.562688176312647087e-02
6.697790371146107313e-01
-4.356766501389078283e-01
-2.381646389660858898e-01
7.007301348868525404e-01
-2.762594170831961238e-01
-6.415304302010066406e-02
-6.760622621089464879e-01
4.011494720932616831e-01
-9.602581087085267086e-02
6.294126396449107874e-01
-2.407844321300710577e-01
1.650322673896121306e-01
-4.814059204308045459e-01
5.427635579033867064e-01
-3.498636377827980121e-02
5.373599655922859375e-01
8.425949020049231519e-01
-1.284131188807162705e-01
6.002508943938238417e-01
4.679715711352051000e-01
1.003438966406518806e-01
-3.995521647829398254e-02
3.411306384201178710e-01
1.679389607421745700e-01
-2.981257903825884070e-01
-3.706418543808145394e-01
-2.544137540237945694e-01
-3.869596479513048859e-01
-7.525007337286206133e-02
-4.316179768892211555e-01
8.250180219640945722e-02
7.480260356042783831e-01
4.557514225787362427e-01
4.669901040153963678e-01
-3.574087023271143582e-01
-2.026840394346320906e-01
5.012333139731256493e-01
-2.125808990693213996e-01
-1.008705216815307532e-01
-2.856573962893078633e-01
-3.033788361599015770e-01
1.003678818056396915e+00
1.342720021606558511e-01
1.405392658517342630e-01
-3.890695134504394970e-01
-1.712207708763925293e-02
2.657547047379364424e-01
-3.508774534309251902e-01
2.825862265397038886e-02
-4.541538343517811382e-01
-1.966814834931872868e-01
-6.842750774270538461e-01
-5.735201099387622348e-01
2.382263087199674445e-01
-3.927503553057591634e-02
2.651680682929050681e-01
-2.589414639912985261e-01
-1.595527263976176044e-02
1.785240672694350106e-01
4.146089549127496277e-01
2.709818561906191525e-01
-1.511762121651400725e-01
3.915562188404856370e-01
6.876275712625999625e-02
-8.402403825345516886e-02
-4.149602396822956174e-01
1.063781119699628158e-01
3.871320810700051157e-02
2.256720870479763108e-01
3.785829759913259540e-01
1.404714235400447986e-01
-2.158295501327934518e-01
-4.364193236193784076e-01
6.012863210291446991e-02
6.131395239711004974e-01
-5.707029703450935965e-02
-1.055359284770135755e-02
1.617226272078996774e-01
5.107253242514201430e-01
1.140376323266637515e-01
-1.404075443483163710e-01
-1.198646998770893424e+00
-5.302788523789472297e-01
2.761900961055311354e-01
-1.324926593513626460e-01
-9.522699200080807502e-01
-3.363135006142868311e-01
-5.186443472735404736e-01
-2.305119204324904969e-01
2.031874815108324073e-01
-4.349748666650863349e-01
1.679138292349567907e-01
2.910209675324794132e-01
-8.963786280987516564e-02
-8.817571413523785095e-02
2.432994561391479266e-02
5.437709635326278823e-01
7.315792353295985651e-02
4.799103359862919721e-02
5.841583424095756483e-01
-1.103552180550946699e-01
5.940843092483022447e-01
-5.681858967275098954e-02
-3.129162289626813420e-01
-5.889519742433837468e-01
4.049621302648848120e-01
-1.666812518614757266e-01
-2.147082030637659580e-02
2.459563978891789182e-01
-7.981577930881558758e-02
1.620727840534046393e-01
1.545394066985273651e-01
9.071660726222220417e-01
2.239182063278675749e-01
2.430528778296723869e-01
2.614403770886731260e-01
-1.554881347314548690e-01
3.853805840971109148e-02
-5.276327168258682088e-01
-2.131059169997633063e-01
-1.275816959609550605e-01
3.066066811275062753e-01
2.122278343208424400e-01
1.632970047264718505e-01
6.492913987874898707e-02
-1.867417170873283683e-01
1.459493905408619785e-01
-1.960206637486300654e-02
5.809217759337351183e-02
-2.760978178479498446e-01
-1.322725912363245659e-01
-2.019145757289827203e-01
-3.696139629250520531e-01
-2.000553042436149787e-01
4.037668249476778493e-01
-5.569455401902964620e-02
-9.241640664624486967e-02
-7.171429286837928407e-02
5.274674482225912842e-01
3.383436837251365681e-01
-1.294675995929537859e-01
-3.380441507652932054e-01
1.726036801283225841e-01
-2.381595936691494400e-02
8.656296653527970064e-02
-1.172649552055681776e-01
-1.015666366935826237e-01
-3.173883737818992690e-01
-4.271362356486607670e-02
-1.923395572866016257e-01
1.058590451250092934e-01
2.880644762035869944e-01
-4.846953933762307432e-02
5.162459675663331193e-01
-1.323783271118622595e-01
3.680553426062963540e-01
1.816201687391659214e-01
5.102898025286195516e-01
1.166870232678083597e-01
-3.273597339349370028e-01
3.801180857814852043e-01
3.980921219956721768e-01
-1.159272917188982205e-01
1.123509665925611842e-02
-1.530706336902558640e-01
-3.398552168835866638e-01
-7.007492577843618675e-02
-1.868952202365456727e-01
4.409836706471711998e-01
-1.202368482849227593e-01
3.015808427655287671e-01
8.832578430683638016e-02
-3.885201489735363306e-02
2.497982208742302035e-01
-4.340357057072850577e-01
4.827434543783278298e-01
1.338406694602806424e-01
2.912103590389146790e-01
-2.943626332223166497e-01
-4.304388313151889522e-01
3.458774901586763595e-01
3.429856734872964164e-01
-2.310255898590123091e-02
5.223889227104437927e-01
2.993554624474799308e-02
-1.197906110401487922e-01
-2.585950348712929836e-01
1.911640618774765321e-01
-3.122415934390455061e-01
8.515740539316048185e-02
1.687352881020583173e-01
-2.536521189170913293e-01
7.909479214795536728e-02
3.833373736571761281e-01
2.881447326950909438e-01
1.426862640236010726e-01
1.079141415233704215e-01
1.015576923769604956e-01
-4.457820932666796687e-01
3.733298859996041913e-02
1.825542758261248510e-01
-3.101814102531957884e-01
2.906900570463327171e-01
-3.457681001944799826e-02
2.737135188638282757e-01
-3.733913772273471654e-01
5.962268104563683835e-01
1.840661785487928206e-02
-1.536041414853099585e-01
6.394767132451510960e-01
1.849731329845390182e-01
1.182054448994894758e+00
1.543903407929250182e-01
5.384908311699623251e-01
-5.023052022163552177e-01
2.246206049036909291e-01
2.630043859071855561e-01
1.468550913421799997e-01
-3.407783722684313288e-01
-4.206695155205354975e-01
2.664854517955415614e-01
8.617733445003949999e-01
-3.032357190412076145e-02
1.190952897102052210e-01
4.485207933448268069e-01
3.268178759602567429e-01
-2.006156545022486082e-01
2.766217283395583371e-02
8.561273290015570803e-01
-1.787312437791263864e-01
4.977074602312854812e-01
-6.142145257284476606e-02
-1.164089578825572152e-01
-1.057302457922091182e-01
-3.118411944954829207e-01
-1.955032488193496343e-01
-2.098919345197078068e-01
2.529276060713516183e-01
4.704900878114264828e-01
1.653676563076302564e-01
-4.818731655096603061e-01
-1.157965739140016381e-01
7.434547841462084417e-02
-8.062861088113355834e-02
-1.332713801882364768e-01
-3.735139520500532218e-01
-9.168984805135162175e-02
-2.952117309977670412e-01
5.678015743847082408e-01
-1.544460224814808158e-01
4.329150540201541775e-01
-2.648952240983006301e-01
1.837200950492162352e-02
-3.895775661985014238e-01
-5.171780765113503930e-01
-1.002213539201500803e+00
3.939748225502091583e-01
-2.823335942735090698e-01
-5.782524919459494095e-01
2.354283687285181614e-01
7.867310831529676918e-01
-1.473823395293772168e-02
-3.459469335127502432e-01
-5.613383317696120089e-01
1.333535875058020070e-01
-3.585494500042254451e-01
4.396452551398614961e-02
5.231749592564658435e-01
-6.793612965046260666e-01
-8.717488989299426727e-02
5.706414725832577028e-01
-4.237088464336529192e-01
-4.050867645666575978e-01
-3.153317125322293024e-01
-1.537755135506319315e-01
-2.936497873391970548e-01
4.989231848971711902e-01
-3.399894471848479705e-01
1.994516011935053290e-02
-1.952303568465025077e-02
1.513204099682654014e-01
4.292232547257690545e-03
-3.244572122476948456e-02
-3.912295997932242475e-01
-1.635553594792855392e-01
-2.467849469702533827e-01
-4.139415174494659455e-02
3.083209251220930813e-01
-4.664113420953356487e-02
4.108035952442771338e-02
-1.919080092671595072e-01
2.695701557408915466e-03
1.155557595338315979e-01
3.136588762925773266e-01
-3.402513436211680453e-01
1.881822173124980957e-01
1.615033005759126394e-01
3.408742210521626403e-01
6.357096418397923943e-01
-4.011420868249179206e-01
2.568081128574052352e-01
3.333902982882433474e-01
-5.910626612218420478e-02
1.954900360402327120e-01
3.070666275013925195e-01
-2.238263364485725826e-01
2.560065234712912696e-01
-1.974199746527634941e-02
-9.048616751889023910e-03
6.628749524751873512e-01
-4.386547983855790811e-01
-3.265317529676406982e-01
-3.865248092846278460e-01
3.859441686843307490e-02
5.151238954436931916e-01
2.442861767690491515e-01
-2.951255465424263980e-01
3.214138297748891371e-01
3.109728242181010738e-01
-4.265627504053187691e-01
-8.163393250294737058e-01
-1.872889073484056977e-01
5.562722003620079736e-01
6.047535405996141700e-01
-3.869101414484485968e-01
1.670732106067936706e-01
-2.501732093207325591e-01
3.013833945730481911e-01
7.268955628914489653e-01
2.116730097403475841e-01
3.994198015437803728e-01
3.792689925376125371e-01
-8.719339534692388885e-03
4.654351128333208271e-02
-4.567517243851226816e-01
2.882994791866436146e-01
-1.815836455518002324e-02
5.493684426416064470e-01
8.173592834447951372e-02
-1.876329581893659282e-01
3.315916893763966034e-01
2.165697909371153140e-01
6.568811815047714830e-02
4.028214606426799155e-02
-1.302376879671152399e-01
-3.195556463389961910e-01
-3.128612056945727082e-01
-4.653322000759706478e-01
-2.035115525946000758e-01
3.081396197842314333e-01
-2.797392730609296607e-01
7.750116607873396013e-02
7.971993368950787417e-02
4.842461823871421212e-01
2.441721030281255103e-02
-1.889151897667944724e-01
-2.714020871452972883e-01
5.186751782765569585e-01
2.861880055455170435e-01
-7.296826706787491457e-01
2.851679875081509219e-01
2.105799293960825269e-01
3.348974681725137570e-01
1.275940492511682955e-01
2.247238215655070898e-02
-1.307809114181414933e-01
-2.292837457922835276e-01
4.434457091592853423e-02
9.221707141718919754e-02
3.134924386600562718e-01
1.451981855676967859e-01
8.953045949326506048e-02
-1.365486998508271543e-01
1.776911002843775678e-01
3.361570601515750933e-01
4.642441543450878116e-01
-6.100397864574237383e-01
1.810311660072947970e-01
3.960875506282000025e-01
-1.853123332176498383e-01
-2.024218594525919457e-01
4.593429950918850174e-02
2.064916532518980274e-01
-1.811474526401443408e-01
-1.663130789965754919e-01
1.962910853492459695e-01
-2.754516559799441988e-01
-6.050319887036916672e-02
-9.246337338475166256e-02
-1.767641309021635854e-01
1.574899340599492381e-01
3.731559390808132370e-01
-2.453635255508890001e-01
1.319875657519749279e-01
3.368632890999980617e-02
-1.744422558703707243e-02
-4.326915612737809030e-02
-1.811392735482416361e-01
-2.856726550298150369e-01
-2.469568035797304051e-01
1.354582480960217217e-01
1.540513791604087579e-01
1.712307435998783878e-01
-3.989619112784448252e-01
-1.127011217938790472e-01
1.983889607270305222e-01
1.312591808020899253e-01
3.134407013202641923e-02
-3.121437564863228653e-01
1.451589089375727171e-01
-1.964126820170144505e-01
-1.539928174092395075e-01
1.020219315050208825e-02
-3.985208940656241594e-02
2.790023637186730410e-01
-1.166596487503905599e-01
7.122027980188892771e-02
-1.613818125354720689e-01
-6.006482829082641917e-02
-2.461783139532344178e-01
2.769583065744894018e-02
-2.469395525903644306e-01
1.763183046181731606e-01
-5.210568591364161950e-02
1.117270559640407140e-01
1.535833144423106034e-01
2.937834132933009323e-01
1.870064986171292021e-01
1.912595525862438028e-01
-7.005584866983557979e-02
-1.277613980553987671e-01
3.216569906347549468e-02
8.429050075971007694e-02
5.159880016706638317e-01
8.853005871360140056e-01
8.555217912310399964e-01
-4.968965991946903693e-01
9.938857237384319809e-01
2.896791712451733947e-01
6.064968668143541630e-02
-5.451035605272589457e-01
2.225684452694633719e-01
-5.133450015753243667e-02
2.714632885232338144e-01
-5.911956131343075460e-02
3.722888658980555432e-01
-2.178520478847537772e-02
-1.192946863604021496e-01
3.539652050007222051e-01
1.161714726045892238e-01
-7.782020478232005989e-02
2.120834043574461869e-01
-6.780778123118000322e-02
1.212241465531317536e-01
6.795987551593329901e-02
2.314002740916159817e-01
-3.574919669629114116e-01
6.262488527007942229e-01
-1.195755057174470171e-01
-1.091508502182614165e-01
5.303440533167647075e-01
6.153727727921032981e-02
5.555253246603541334e-02
-2.813974410452951824e-01
2.208615672583800760e-01
-2.298334431132781353e-03
-1.968416126939552813e-01
-3.056948073659180795e-02
-6.903426675195640794e-01
1.448924317616313295e-01
4.562409205308818883e-01
1.241748162298740299e-01
-2.805072931385707014e-01
-7.018016235220733701e-02
-1.728723058267739587e-01
-2.004073102746397050e-01
4.278614898242651121e-02
-1.492514419942869708e-01
-8.932067649891249628e-02
-1.191469077574957292e-01
7.795725738668077831e-01
1.006603395845312998e-01
2.162695256608225258e-01
-2.500700529020492002e-01
1.022878680471004803e-01
-8.828384341829598192e-02
-1.682911433735345338e-02
1.877959400520823330e-01
-2.447495417455272104e-01
-2.182521460573211627e-02
-6.950474731512742976e-02
1.989871684014220612e-02
2.047566394762729280e-01
4.812209499248676914e-01
1.620117544071684179e-01
2.628111219741489646e-01
-4.326132441343979451e-01
1.861746468141784253e-02
8.194732371817833316e-01
-1.021995799872163074e-01
-2.504140287647130259e-01
3.750620926051834170e-02
-1.441385279831592370e-01
1.560949390852116592e-01
-6.633073960834737770e-01
-3.107649176098043961e-02
-2.432601775100096675e-01
-1.386623828820293947e-01
5.579437570504848232e-01
1.453280290586325685e-01
-4.607246419469455123e-01
-1.661181599836949740e-01
2.017976880143751706e-01
1.049827144999516404e-01
3.663074710171136394e-01
-8.894003762626002951e-02
2.508088558879922325e-01
-3.774748644376074713e-01
-2.469951159992064826e-02
3.637223274924533123e-01
-1.890043036882974037e-01
-7.055776750251678553e-02
-1.815980077757756994e-01
3.526527211434772324e-01
-3.548803688412544011e-01
-6.159801947697111230e-02
-1.429144362891275957e-02
-3.479505417961291092e-01
5.379850893930036015e-01
4.322907646988589231e-02
-1.258765542106026203e-01
3.835098255460558381e-01
-8.063801117972362043e-02
-2.953275435288048034e-01
-1.285707443050704002e-01
5.155120676941603308e-02
1.449837193841552463e-01
-1.611489976377387667e-01
-9.764623825794228607e-01
6.127241789706772135e-01
9.231632403755052341e-01
1.749492928241069001e-01
-4.579138305121522867e-01
-4.688287869774530880e-02
1.906755680897371519e-01
1.570982182103588531e-01
-2.693931536345904321e-01
4.472363999401114953e-01
-4.618536477194225554e-01
1.014590998327792315e-01
1.620113262819492805e-01
2.201014367127060167e-01
3.033154112473713249e-01
-2.035088556100053681e-01
-5.223110522997239658e-01
-4.680547755448103420e-01
4.391519062738881152e-01
-3.487177052525365362e-01
-1.281897833762322136e-01
-2.613931453983862618e-01
7.708032886581932530e-01
-8.161586224198181042e-03
2.332758799134352495e-02
-2.836850240332275397e-02
5.398520490317501030e-01
8.784034397533195537e-02
1.987164647299069498e-01
3.886775819374248958e-02
-6.267997398637000783e-01
5.483001903079983558e-02
1.603333906690075361e-01
2.938860545956240578e-01
3.313831260039085680e-01
2.460841366029470623e-01
3.080703503516648012e-01
5.747530332123259589e-01
-5.563224172083379715e-01
3.783199672420174409e-01
-2.000597880968117415e-01
-9.205493843774366358e-02
2.812662230406385855e-01
-2.949341584766074775e-01
4.485082296464441010e-01
4.098731450411383648e-01
5.883048515895632213e-02
3.365440105722539155e-01
3.365933371309824951e-01
-1.299094606270890517e-01
4.157918308843674415e-01
-1.790720600391758066e-01
1.963187046458348128e-01
-1.486800665955042011e-01
-1.886955529692854461e-01
-1.296173957218202388e-01
-1.670021398219261322e-01
-2.384177212917586997e-01
1.505231807505916786e-01
4.379779364142938891e-01
-5.451426055802601617e-02
4.929448428826584128e-02
1.033682022695198377e+00
1.228845598442129122e-01
-1.300063681397683746e-01
1.673676464564571309e-01
4.514821185815617692e-03
-7.716740433116701069e-03
-2.457062417753351491e-01
-4.981745788995567414e-01
-4.729169685760133413e-01
-3.411765081567652014e-01
-1.560494249069107608e-01
3.853885739475688965e-02
5.925306595805732712e-01
5.358357064111887169e-01
-7.911766254398334974e-02
5.190312088684410075e-01
-1.142529120383872498e-01
-1.247114239428230853e-01
1.128720764391613340e-01
2.456018746099519756e-01
-6.656494352438108164e-01
1.949079375405051162e-01
1.502360596912466137e-02
3.102229054458994217e-01
-5.781347987220168683e-02
4.524221296945425963e-01
2.495556280818858053e-01
2.186117569392655169e-01
4.105976490939176188e-02
1.910864697063714424e-01
-3.383196026236613696e-02
-1.022035680801545721e-01
-9.849975947751569982e-02
1.095926588965645543e-01
-1.906743033689796696e-01
1.592888452383322828e-01
5.647758216009807208e-01
8.477791567153681873e-01
3.759547919810415362e-01
1.690846087733287595e-01
5.094332896080170370e-01
7.038271916311558130e-01
-1.370854180554714752e-01
-5.873841987957323374e-02
2.072694000527211255e-01
4.777829963983169503e-01
1.974360309760138724e-02
-2.592638502404733258e-01
-4.118269078733685640e-01
2.074217953998241104e-01
-2.291521536545938764e-01
-3.459982730621857239e-01
1.306220747554556749e-01
1.179143599346923060e-01
-3.960318870640886502e-01
1.212665425767340682e-01
-8.561034687690577405e-02
-2.574340418087573412e-01
1.741428217395608047e-01
-3.460660369433191663e-01
-1.167577646633924104e-01
8.711237900882427831e-02
-2.533936936971734055e-02
-1.048627213545641895e-01
-9.630904034806590797e-02
-2.908364305203918199e-01
3.952158988639914439e-01
-6.623220407390673081e-02
6.562853753198652496e-02
-2.239013026726799638e-01
-5.524016062350853851e-01
-2.325919704179952308e-01
2.608215425397144016e-01
-4.543202986423450218e-01
2.437841060876650978e-01
-1.012149840684469504e-01
-1.721332021233471232e-01
-5.786532970211985538e-02
-1.401540307044714107e-01
1.901357496881544984e-01
-3.469886179361141715e-02
1.060439037867597079e-01
5.894399724110828409e-02
-4.935238117776127864e-01
9.635908788021330107e-02
-1.729290793605289811e-01
-3.051078321663561743e-01
-2.839182188787128247e-01
2.242821657184533024e-01
6.508434773811158647e-02
-2.070056586972804369e-01
-2.652558696229138646e-01
8.085516837853981564e-02
-8.546416604656906224e-02
-1.610638845051785839e-01
-4.068760273885505541e-01
-1.782639249105751889e-01
1.077181676715560227e-01
-2.522398591177900037e-02
1.545639858072878625e-01
-1.043236291974162094e-01
-3.897810394323900085e-01
1.759901549164619439e-01
-1.231517820897565368e-01
4.135091383832444761e-02
-7.358209227938639074e-02
5.479387152953472256e-02
-3.030348545939327010e-01
-3.196814560997180976e-01
1.049232782122832969e-01
-1.651207326559137878e-01
-3.888944039861048085e-01
3.307443761820935135e-01
-7.357612500374378639e-01
3.428659716259812446e-02
-9.865712088970397808e-02
-5.296385089000996693e-01
4.354245648010490188e-01
-1.643954104414460105e-01
1.281177513629624953e-01
-2.141123913630978981e-01
1.446870346621819126e-01
1.006016854900701127e-02
-4.267065597791511733e-01
9.447173232738045878e-02
-5.152395705913096480e-01
3.913136613689376930e-01
-3.591095336237689062e-01
5.838337542560349119e-02
3.351717729209601759e-01
6.889935031588501069e-01
3.247093172533372513e-03
-2.602571796500041668e-01
-1.151079645132779550e-01
-8.475020571826044624e-02
-3.295282760736212291e-01
2.263313471338999627e-01
4.849452524295146949e-01
-2.102661676357912013e-01
3.236320175249375319e-01
-6.491154174840728652e-01
1.589974028339573853e-01
5.419766707074409329e-01
-4.251890606083892910e-01
5.460134106015163136e-01
-7.493779250112077017e-01
1.716473871538857499e-01
-5.313235135268158382e-01
2.905921629286575825e-01
1.269395749336210244e+00
2.836521351437307215e-01
-1.853319751650713554e-01
2.099857401299192183e-01
6.794941363805838408e-02
1.980645418659798818e-01
-4.854922960007217458e-01
-2.781228318698537039e-01
1.499411894202834321e-02
-6.376433321619283667e-01
7.459178352742606988e-02
-3.047371033772222626e-01
-4.650370656822822024e-01
7.336189138870874427e-01
-2.864251958473592041e-01
-2.860327250311221481e-01
-1.088253530363550020e-01
2.081805756797309222e-03
-3.052602929449714231e-01
7.312692356899827550e-02
5.149909306816445875e-01
-7.596430028106497534e-02
4.255148279841091674e-01
-4.616702007031950328e-01
2.849984248467417602e-01
5.936985153008526861e-02
1.734723548127579673e-01
3.222917753734579061e-02
-1.209126918095865671e-01
-1.935114304615648262e-01
1.922353566852841311e-01
-6.869733391436913528e-02
1.255768055652292936e-01
-5.638808567721781406e-01
4.734156376496702068e-01
-4.583760709906395947e-01
2.733888756890223704e-01
-1.847550609472657923e-01
-4.876711033229680359e-02
2.743951347926359974e-01
-6.192242040235135248e-01
2.062717066925496279e-01
-1.748009735398745601e-01
4.051330533798085942e-01
1.451124145081725270e-01
8.729028198950122830e-02
-4.315980036053334024e-01
1.224610509239504874e-01
4.423772412826664224e-01
-3.448774216985477786e-02
5.662029750864583377e-01
-2.214953870851774642e-01
3.233011437242995778e-01
3.446028310246894710e-01
-4.632596503338249350e-01
4.517917994687403738e-01
-3.276418986046384374e-01
1.747605355262940863e-01
-4.186838633282486954e-01
-3.533575665150467393e-01
4.542482297746343600e-01
5.498585382842150482e-01
-4.053756817047562966e-01
-2.105499629815181795e-01
8.693036480955451673e-02
-5.439549808692294430e-01
2.269076469177047362e-01
-6.987334465298845609e-01
5.276639110903447172e-02
-4.392599790754319056e-01
2.950482070565849657e-01
1.864440301009702705e-01
1.370964138073531464e-02
-3.255406746658701111e-01
-7.722695212665757480e-02
2.664531275585015901e-01
-8.498387724206390992e-01
4.649072916886613505e-01
1.281859904634393039e-02
1.601652692149872770e-01
-1.973233171331707225e-01
-5.119619088666411688e-01
2.830592056485854990e-01
-2.690685354820152586e-01
-1.144669117925148222e-01
-7.041772530811526987e-02
1.236803710497552805e-01
2.833140940550517017e-01
4.548758162414331951e-02
1.518236397607925503e-01
-3.474048934931704968e-01
1.823612387829024600e-02
-3.251358770108375151e-01
7.121723122413026186e-02
5.253636484509275340e-01
-6.958196174225862729e-02
1.066186418400582925e+00
-8.131758038584102621e-02
2.196334696466034075e-01
-1.458066736658423512e-01
2.723869416165339841e-01
-5.852283459988736336e-01
1.254279081437190135e-01
-3.467031186766608153e-01
2.598933134866762695e-01
7.775671490336922842e-01
2.020872922662468596e-01
6.110215679062014349e-01
-5.360124707623649121e-01
3.580208578785049750e-02
-5.864917751708103449e-02
-4.215478732137373230e-01
-1.220591110631809861e-01
-1.787409723574746867e-01
2.214143049619096970e-01
-1.434711815706481430e-01
6.112053835716817485e-01
-6.904216713929218763e-01
3.627308683804554845e-01
-2.980943029537271374e-02
-6.625433312411350972e-02
-4.564804057534119774e-01
2.981794560954958984e-02
-1.344203548168859397e-01
-4.136182077843462146e-01
1.715437240092774207e-01
1.760056504186064893e-02
7.376628071470514580e-02
1.256058661619060546e-01
4.637445855561898034e-01
4.051158794561324217e-02
-4.419118253123173190e-01
9.295561761757406560e-02
-5.608134876029607918e-01
3.154255676246255080e-02
4.056527758057155292e-02
2.487088414410458248e-01
-4.617403399882238357e-01
-1.162081907618084907e-02
-2.097069343399093622e-01
-4.716386891802570314e-01
-2.721618263230383625e-02
-2.098562488453328267e-01
-2.937965349528164072e-03
-2.016740199159570979e-01
2.775599629587272021e-01
2.187883676185232162e-01
4.243704410839510555e-01
-5.752258502190032985e-02
7.755584291418073095e-02
1.503411117267196284e-01
-2.420576357069709472e-01
1.757096710329739825e-02
2.619341489669573253e-01
-1.193581544088589963e-01
4.942234411878545369e-02
-2.430231585129236094e-01
-2.273985745209516074e-01
-1.259975536552971342e-01
-7.681016988977577842e-02
-2.070055293689128384e-01
5.650208667819036495e-02
1.029417758630042125e-02
2.398683691113856209e-01
-1.940919745817706044e-01
-1.495288630280992292e-01
-1.610735084205610901e-01
-6.266476276534228840e-02
-2.803354288185565257e-02
-1.509883020869245696e-01
1.516203443568859832e-01
1.310019333196686953e-01
1.082130902984042020e-01
-1.392690235476809479e-01
-5.798765169484022125e-02
-1.570767082049668306e-01
3.123305545180402598e-01
8.163149583398354725e-02
-3.445337295668790545e-01
-2.095647368320430470e-01
4.711381606760834950e-01
-9.979373476514097341e-01
3.395997295352820022e-01
4.662655388673374590e-01
1.096566715631058231e-01
3.080405983987841712e-01
-1.377977846655318583e-01
5.521494068990615567e-01
-1.305800843688719182e-01
6.931348201876390280e-02
2.627337604358557233e-01
-4.582333188480697816e-01
-1.051099431900049536e-01
-5.966140386882690105e-02
-1.851774921939484397e-01
-3.682225337669470244e-01
7.061249465126295810e-02
-4.564902720507431066e-01
-1.925988150410198330e-01
2.585850909547587895e-01
-3.217008489007370242e-01
-3.106133121213953963e-02
-5.673342185629377116e-02
2.812703467687351355e-01
-5.393998731390781814e-02
-3.660275810169982824e-02
1.365970725878707104e-01
1.026968466330014790e-01
4.486272947849531123e-01
-4.004267822423545065e-01
6.193043897942203738e-03
-3.981991743803808825e-01
3.218135250928260693e-01
6.633470495364827135e-01
-1.547118401899449935e-01
5.208487892083741855e-01
1.507172784081176331e-01
3.406887033515895169e-01
-1.698771658834439396e-02
-2.608371777886228093e-01
3.481835760649670819e-01
1.743292086790972084e-01
-5.090167175246230746e-01
1.006487879888726400e-01
1.584187083623772307e-01
-1.925324277243850302e-01
-2.183199536457735013e-01
-1.582819140555206602e-02
1.129013441077581364e-01
-3.646154652191604950e-01
-1.618937979417251058e-03
-6.321524205258784168e-02
-2.708797060212091434e-01
1.380752655492359544e-02
-1.996308328285284484e-01
-1.511889527259589194e-01
-4.783769845362834811e-02
1.446439787424266543e-01
2.476723009120103958e-01
1.945096400250492519e-01
8.299884931415599243e-02
7.142050758805663924e-02
1.197434620127815347e-01
-3.587432126035092206e-02
-1.958266927007047686e-01
-2.964076103048230992e-01
-6.948553106906978083e-02
-4.664688560240241588e-01
4.652057657595226603e-01
5.797375320975636098e-02
-1.165101726987855524e-01
3.518501291374485085e-01
9.618472928695981361e-02
-3.243291954210111849e-01
-3.427510601921263667e-01
-1.806015066333835628e-01
-9.353028812190274099e-02
2.334479591804803078e-01
5.032513686401901554e-01
-1.821090127841433481e-01
-3.486877566933928030e-01
1.676415027770475907e-01
-1.197441020120815353e-01
1.407712460268972093e-02
1.290492883624149573e-02
-1.124605809381048621e-01
-3.376967390265230712e-02
-1.744661482609603242e-01
-2.088995337645954409e-01
-6.648002767481903628e-03
-4.155901878517800352e-01
2.128554113489795618e-01
8.831607442675634689e-02
6.362979173115536069e-01
7.559231712164994101e-03
3.170165469608084430e-01
-1.944830866082974119e-01
1.749389610707023091e-01
-4.242162152544743520e-02
-9.078921378661215444e-03
-1.385973779863328842e-02
5.068114489597339567e-01
-1.799711568892881919e-01
5.352420668882919980e-02
2.888704112960727502e-02
2.812333129415449107e-01
-1.983945649225938301e-01
6.994318812713130884e-02
-9.323811999436359618e-03
1.312557200168565086e-01
-3.727439546724975461e-02
-9.176662465424680060e-02
3.232164303811559392e-01
-1.373800358732288895e-01
-4.202790046957259329e-01
3.331058527098021971e-01
-4.170634915579718438e-01
4.749759157582501001e-01
1.691731387308038626e-01
1.097815760393727920e-02
-3.278936746075469255e-01
-4.971132762625578641e-03
2.890727932468848890e-02
-8.169490387871790327e-02
1.260290556364398740e-01
1.087654723117859462e-01
2.076363870675939499e-02
-9.794937688546265231e-02
1.338271037258779717e-01
-9.418811838400073522e-02
2.893876739332360004e-01
-6.479696967735729674e-01
3.231995055345198709e-01
-7.287202856669552919e-02
-8.615655438803924981e-02
1.036272414717373663e-01
8.190567706059760644e-02
2.116159990315001627e-01
1.602825053490233020e-01
-2.998209081031918619e-02
1.923462246765285655e-01
-2.157826017705658794e-01
-2.748864447541656819e-01
-4.227919139720471287e-01
-7.330506544497836785e-01
-7.289673982244848638e-01
3.279982322068710210e-01
-6.138538306851260701e-02
1.829197478395608312e-01
-1.782434893545727650e-01
-2.293185046747143185e-01
-6.007738561789313092e-01
1.333008452045516823e-01
5.268838104335858002e-02
-1.546727921450762044e-01
-2.214822578566966460e-01
1.077946465382544627e-01
-1.280148525051030273e-01
-4.700557674147777809e-01
1.095470899760831451e-01
3.582771921007317784e-01
1.268778327086052815e-01
4.069548724113017935e-01
-1.360974307879351253e-01
5.162501134698862515e-01
1.620081209221554963e-01
-3.496536481220730019e-01
7.050816282462414597e-02
9.937263212602730211e-02
4.754255582862840779e-01
-9.000992864417060868e-02
2.418945084539515789e-01
-1.550047538901955235e-01
-2.476537279729071617e-01
2.600946954365608299e-01
5.150349623535646071e-01
-3.167871470968881553e-01
1.665417781997095559e-01
8.113446139968024870e-03
-9.808832471652874363e-02
2.712353710966414200e-01
-8.475049469782182029e-03
-3.437065513287710927e-01
-2.263885905542804486e-02
5.591906082154231294e-02
1.297134932239955574e-01
5.512649576593248862e-02
-9.804609385338695915e-02
8.269628910586226955e-02
1.107719388811599509e-01
4.495815075218679291e-01
-6.117184754769058874e-02
-1.330785712754281869e-01
1.620868489913643296e-01
-2.306132886507690771e-01
-1.395269209340520844e-01
9.573580071637137479e-02
5.304395826597678720e-01
-1.194220669919224126e-01
8.721642591700292215e-04
2.733673290672784528e-01
2.342105914155756807e-01
4.243576725745392686e-01
-3.300937169519186920e-01
5.693148878973073451e-02
9.949713829469160331e-02
-4.080982244708125095e-01
-2.137403269067842185e-02
-1.889176121889553639e-01
9.257768748701665495e-02
-3.893483880281110171e-02
-1.074550422600115476e-02
2.305350949094314150e-01
-3.220399380025287112e-02
5.349905405456794050e-01
3.018339567208876487e-02
-1.010702917858597866e-01
6.214917780677622211e-02
3.336504517509437939e-02
2.426709550924052161e-01
-2.659885896137057296e-02
3.760913256533203464e-02
3.391556265843782558e-01
-2.412073362432236856e-01
-2.784847490443727591e-01
4.855221657643030153e-02
-5.735379887908800267e-01
-1.179078265470574899e-01
1.889946912279887037e-01
-2.815604818697519524e-02
-2.154480126548748986e-01
1.122697214861619226e-02
7.737875732286547681e-02
-1.432430050208055583e-01
2.720217904152448796e-01
6.399433412000323784e-01
-2.261241060204672859e-01
2.001688394213555766e-01
-2.189231841349391361e-01
2.105817693486085329e-01
-4.204518035475917070e-01
8.515130510487614601e-02
3.645722094516835599e-01
-1.257757852268348020e-01
4.955827847745722936e-01
2.024759666775629297e-01
2.291883391406973336e-01
-1.897947718655783045e-01
-1.138386237078621716e-01
2.092697712863803017e-01
-3.753707323698431964e-01
7.171799173365102364e-02
3.591139478209595670e-01
4.374267066707575313e-02
2.163567699704389835e-02
3.097733348359649752e-01
-5.764873878723984768e-02
-1.666066893437866958e-01
1.995458410889400236e-01
-1.444022436369352125e-01
-1.623981826293325326e-01
1.161563181783870080e-01
2.834218561126476410e-01
6.429030658914008933e-02
-2.808658323873334250e-01
4.405635110328171566e-01
-4.319101199340117381e-01
6.286325703242937601e-01
3.523235314497777382e-01
-9.105176321607778844e-02
3.196489569464882052e-01
-1.171950576677961535e-02
-1.002859820122636997e-01
-2.695586567751542817e-01
-8.261380225446537939e-02
4.895311227840613566e-01
-1.050376908296710571e-01
5.125242393089777249e-01
1.514443048202166187e-01
2.350218685976016575e-01
2.290787755831114880e-01
-3.350288753939860142e-01
-4.735876765259787735e-01
2.893621341404602476e-01
-2.806390934763041134e-01
-3.432011927591216427e-01
6.315446869481813885e-02
-3.570693430371175148e-01
1.977830486291995149e-01
-6.760289965082938966e-03
-1.309780421370775050e-01
3.700893867847735441e-01
-2.268603189021668048e-02
3.309397841080326530e-01
-1.022648107739731194e-01
-3.015620051622531217e-01
1.720480936341414469e-01
-2.195898113771975746e-01
-4.526616523124770697e-01
-2.593357613573160983e-02
4.625105558369855263e-01
2.473694158954408695e-01
1.081718920479400742e-01
-1.042693411759562649e-01
1.409407821738124789e-01
3.662884974283175943e-01
-1.392076117815100600e-01
1.787606490863407338e-01
2.603702520185722791e-01
1.719474628616350365e-01
-2.633765582504650204e-01
2.663240254140018526e-01
-2.661738116052252412e-01
-3.950202201235160637e-01
-1.732036725037285618e-01
-4.798422936247699611e-02
-1.127877704095852640e-01
-1.775465828680791031e-02
-2.829788107038265221e-01
1.655304212477320680e-01
2.331524619117842090e-01
-4.035630674089717325e-03
3.413170786075401253e-01
2.472986532452913777e-01
-6.690186218412166319e-01
-2.226750327081425396e-01
7.515351145442276948e-02
-3.114379711754524660e-01
5.924735046414878609e-02
-1.697094368399028608e-01
-2.610749148651836382e-01
1.010719887179409859e-01
-3.012655247737751618e-01
-1.523490742441933332e-01
2.488513599864583814e-01
-6.449326066499604104e-02
6.213515615938514092e-01
1.817921419314856013e-01
4.774773267604212612e-02
-1.075176606682756303e-01
5.917005979003090582e-02
-1.287177760120304382e-01
-2.651800754185476006e-01
-3.728371967412622001e-01
4.220414821451773379e-01
-4.080344929240335428e-01
3.527198905232378223e-01
-3.302514221195544941e-01
3.131183915379164712e-02
-1.149135766771177264e-01
-4.019626756790570243e-01
-1.924755343685293496e-01
2.709581029952886633e-01
3.509571291834948092e-01
-2.892225595128921634e-01
-3.401372499603771415e-01
2.218728957194859505e-02
4.936647197791622921e-02
7.668102651017141280e-01
-5.724417422644596520e-01
3.695072344945106724e-01
2.936076435272431118e-01
-1.564075103412492784e-01
-2.862389040608697699e-01
-3.268898381547868937e-01
8.954595553011163167e-02
3.585595191200892373e-02
-3.315017142296150521e-02
-3.617960866377826767e-01
-2.595578442440910766e-02
-1.112885192471135404e-01
-6.631137057862714068e-02
2.406018066451743459e-02
1.547099623571865090e-01
-3.716847984637511315e-01
-1.253190047767914206e-01
1.558624259047508218e-02
-8.960344287803789776e-02
-3.382009861138892681e-01
1.964755778830785393e-01
8.458959147064330775e-02
-2.808218287123467327e-01
-1.140779162493085336e-01
-1.459998104362818239e-01
-8.785537214686873764e-01
1.992453749799746876e-01
2.825361762937828036e-01
-3.801631721529056818e-01
2.985547354416934751e-01
2.070565041869568135e-01
4.132794713452692670e-01
-2.128250619529469673e-02
4.774099490319193978e-02
-4.893102506450925371e-01
9.127318332646411347e-02
-3.209397602999864429e-01
2.724258965957500611e-01
6.662741785330386080e-01
-6.807633660376104512e-01
3.348996551434007540e-01
-1.642895614464474907e-01
8.732614804708968559e-02
2.057304100305884509e-01
-3.710484529024169476e-01
4.313109589729152149e-01
5.667672201533168197e-01
-1.056488410243976855e-01
1.947995458637353794e-01
5.341188483581548185e-01
1.297200808966641472e-01
-1.067022232573870133e-01
1.798784013588227149e-01
4.584348225381433828e-01
-3.136306070439881521e-01
4.665197932795664970e-01
8.114733584736462217e-04
-2.074276279314846705e-01
1.528426330735926236e-02
7.078322684320847991e-02
-2.481287137525413633e-01
-4.494394772685927908e-02
-4.468328264094463265e-01
1.082853190098177903e-01
-6.941519914638490107e-02
-1.272648990931421753e-01
8.382128047755492417e-02
-4.640057920993184704e-02
-1.728440288298397909e-01
1.369314572943439445e-01
2.379455182030632832e-01
1.434289710506415627e-01
-1.757798152417788529e-01
-7.032964737864813576e-02
2.122172599418798988e-01
9.451508480452991412e-02
-1.145228160489608904e-01
1.719571645196494025e-01
4.222667694469081079e-01
-3.460009770725246403e-01
1.693053944096294672e-01
-1.948180758769933740e-01
1.268880977020975243e-01
2.776008449120541122e-01
-7.546401253148155019e-02
6.844399879065686809e-01
3.125297657230052817e-01
-2.177826021437134218e-01
6.165686410697159836e-01
-4.248825880479557143e-02
-1.326401011679387287e-01
1.982474112040712513e-02
4.078977531008958213e-01
5.936211649111087195e-03
-1.180237743707523018e-01
3.208189434624206804e-01
1.433160343935890868e-01
-4.742302895618713196e-03
-2.007354953748897719e-01
9.178471615641179207e-03
6.891740706691813767e-02
2.356954625730503794e-01
-4.661916846158667971e-01
-1.615510184938797611e-01
4.731038847288294158e-01
1.677986037068650849e-01
-1.833254085925664634e-01
4.424186058652287978e-01
-1.067510754480658769e-01
-1.568923729905466469e-01
-1.560944859014598285e-01
-1.447581191998417727e-02
-2.629983558696339929e-01
1.533142552269952663e-01
2.176344698598746963e-01
-5.749102219474260256e-01
-2.813468964296955699e-01
3.219505206427827337e-01
-4.970187066423071426e-02
3.921604890126418469e-02
-1.713516877010985429e-01
-6.432261408245835976e-02
-2.529616797960145338e-02
-8.756268218118370972e-02
-2.857493525437468374e-01
3.019066888575764329e-01
2.187070746347403311e-02
-1.320344304535537305e-01
-6.840560237777943906e-03
-2.468036369892508686e-01
8.693238386238792692e-02
-5.155626541493807391e-01
2.059709634356820251e-01
-2.068485885623874143e-01
4.800881225491082094e-01
-6.431762531544597816e-02
2.104891694345764896e-01
-1.349662471560794663e-01
-5.951911270351977201e-01
2.099603236417149632e-01
1.523201543148660353e-01
3.875839368869595236e-01
-4.065341351537451464e-01
-1.888437425759732780e-01
1.797361921409987018e-01
-8.303188581851345118e-01
-6.732650738735825036e-02
2.258397928666951993e-01
1.488617504101063804e-01
1.052963844700147422e-01
-8.397718888239728841e-02
-4.620901361042950573e-01
-4.662861904959625381e-01
1.238841284459579577e-02
5.076044535313292139e-01
6.259639908619500648e-02
-7.116561556607221839e-02
2.275477261509339238e-02
-7.398440841163746173e-02
-1.897607858518265411e-01
-5.868326811488491085e-02
1.781981797324008743e-01
-3.735439328845420737e-01
-4.614839400560907801e-01
9.308622067592414728e-02
-8.533424753476930302e-01
-3.549043667547979730e-01
1.685560806416840085e-01
3.006131357573231244e-01
-1.150817728193056777e-01
1.948557234454922626e-01
5.710919146002203517e-01
-2.990844802063610253e-01
-1.252156830739204786e-02
-1.969097204033853354e-01
9.050253806425651026e-02
-4.496394279411282391e-02
1.680924770614368458e-01
5.547308910780904823e-01
-2.649353043582235445e-01
3.040527047930091653e-01
1.602002446031547955e-01
1.378259117287898572e-01
-7.628755254521241147e-02
-2.889698968345850646e-02
-5.858847650313558919e-01
4.081947181869975405e-01
8.911575212575550964e-02
-1.766258760508100656e-01
1.099005840402118572e-01
-1.464126412215171757e-01
-2.066608945400545960e-01
-1.145687827042094487e-01
1.115451365762806096e-01
3.389636297281485855e-01
-1.315255177521157670e-01
3.065921642814096737e-01
2.143864219760763801e-01
-4.575221143881161301e-01
4.613870450113163185e-02
8.861065803525404461e-02
2.576377789494898457e-02
3.413956367145217774e-01
4.031876417634928655e-01
2.695240129291821551e-01
1.410237061955397775e-01
-4.562079343528969294e-02
-3.451297549494517503e-01
-2.436551636960525291e-01
1.454613612340240406e-02
-2.899197778378949653e-01
-4.391821614587502198e-01
4.987446498992622462e-02
-2.206618786172414026e-01
-1.096635866466078302e-01
-5.629883646318806223e-01
-1.175329769604790409e-01
1.870103458206736347e-01
1.955240699094460133e-01
8.795145874545941267e-02
4.635940655663509796e-02
-4.844937523629774812e-01
1.017707425597661475e-01
-4.406812085224779546e-02
6.263937192271187837e-02
4.950477299913388918e-02
2.649144048251702577e-01
-4.220271953613585758e-02
-1.393467468360023997e-01
9.630338165941790263e-02
-1.580672687041824176e-01
-2.094873201148347575e-01
5.030104732588545069e-01
-1.477374890478417579e-01
-9.576668383920448890e-02
-3.559456022603031400e-01
2.392006689085660054e-02
4.411793105828694106e-01
9.163212910794754640e-02
3.046427962293628000e-01
-6.029483581261296798e-01
-6.201905277861246013e-01
-3.116902109751798142e-02
-4.603638269285122847e-02
-1.758472523849641256e-01
-2.688692010020696799e-01
-2.292464104612787837e-02
1.482722878465916189e-02
-1.992063703045353906e-01
2.546656067620005348e-02
8.457719997140016044e-02
9.639639618044826275e-02
-1.846276984404593424e-01
-1.382055934609318637e-01
1.625332162271312386e-01
2.604749663702425888e-01
1.996443968061955287e-01
3.786680869921085074e-02
2.344501853003745917e-01
-3.241377430282780803e-01
1.829937172096282550e-03
4.622876620062810749e-01
-1.879648086025804687e-01
-3.520468953212602670e-01
-3.580004228879781203e-01
9.131861548089804936e-02
-4.423200827023505699e-01
-3.742909337216861199e-02
3.443268152813202532e-01
1.203754139369638404e-01
2.169222161972748086e-01
4.496734982665277491e-01
-9.512015516582605912e-02
-1.607113813815145509e+00
-2.563033286670504673e-01
-5.785704553934279959e-01
-1.695429331940384934e-02
-5.776235829707285774e-01
1.249433306335040905e+00
-1.349740298851054565e-01
1.540200560339343716e-01
1.124992338525398761e-01
2.236380250992160423e-01
2.136881384187219179e-01
-7.918908812863735547e-02
3.582967161443366688e-01
1.898140585568647842e-01
-1.270030289426779535e-02
-1.902408949763571000e-01
-1.315839927165169954e-01
2.574138517148480965e-01
-3.456955745673192526e-01
3.548282385617768653e-01
-2.871907884289017290e-02
-2.539296596980898935e-01
2.750040115330545931e-03
-4.405840310592220588e-01
2.273588645546768261e-01
-6.207948721968704897e-02
2.401791290410700275e-01
-4.680256620180647809e-01
-4.910425673033926297e-01
-1.417875980221743326e-01
-2.403317949818513377e-01
-3.261584554644161860e-01
-3.215496230298584002e-01
2.373310377674829885e-01
-9.726396366108518501e-03
2.761459282594457276e-01
-9.459535095192814214e-02
-4.743386849464143462e-01
2.350027643488045437e-01
-3.938013598772022172e-01
-3.493847315000526144e-01
9.313116989734666895e-02
3.180605311023830262e-01
9.903982193939268874e-02
-8.113881260281546881e-01
-3.010933855260449765e-01
-2.025861626818852013e-01
5.008327056480107453e-01
3.569118179358573006e-01
1.554358966814013421e-01
2.944157312927658254e-01
1.569919675395972658e-02
1.120898510016005434e-01
-2.681504680150796904e-01
-1.794433849899352076e-02
-1.556873431430640387e-01
1.145194600408618035e-02
2.880046401838343706e-01
-3.180171786313840676e-01
-4.364769475323102693e-02
1.013993519432707519e-01
3.038929673952257132e-02
-1.382914986337115404e-01
2.002487069685838228e-01
1.208677096566905668e-01
3.113466477493310181e-01
2.584586153897449612e-01
-2.459787850779993068e-01
-1.149423940799758626e-01
-1.599192921747585039e-01
-2.257288014603331394e-02
-2.187579866685919472e-01
3.822117587736489908e-02
-9.188891688349112852e-02
-1.881529491645895502e-01
-6.939588516767258852e-02
-1.307954272749056387e-02
2.858703445452383252e-02
-2.721775876412462214e-01
1.657384083904600014e-01
1.823317409533402600e-01
-1.095927993674605944e-01
4.818414359773687816e-01
-1.271917013622304582e-01
6.075293147259045942e-03
-4.162920948844092139e-01
-6.642143814336119723e-02
-5.519842590035716747e-04
-4.095438215124615478e-01
-5.371308549985809311e-02
4.031402211824947068e-01
-4.834561259647388587e-01
-1.660927179207040694e-01
3.052630102037820481e-02
-4.719829043882989295e-01
2.711858284294624624e-02
4.100188637429019040e-02
-3.237017140376714612e-03
-5.751356545607646531e-01
2.049090281783238210e-01
8.446264893775926041e-02
-1.082399412348987455e-01
-2.200214138144684639e-01
2.049135624131273037e-01
-1.542711165164470377e-01
-5.201101446697217190e-01
4.784804890749212725e-02
-8.926190428372386687e-02
-1.863362355053676811e-01
-2.725340447813680567e-01
6.581954879246655621e-02
2.702355427202463578e-01
7.413099248124031815e-02
5.200750332308796686e-01
4.932730093559194867e-02
2.547092876203871023e-02
-2.284125603956203565e-01
-1.755226808286790285e-01
-2.977574210091796236e-01
3.953850058178903781e-01
3.973319817862967507e-01
-6.066633201650151186e-02
6.391566176480391048e-01
-1.091679559003952693e-01
3.142632318216868059e-01
-5.241542425402822003e-01
4.646465797873259862e-01
-1.890467626474270080e-01
-2.127529359198651604e-01
5.510095189879026661e-02
6.333498299939034626e-02
-1.627343905030454174e-01
3.134552430774490417e-01
-2.641406118978949502e-01
-1.038179142852267423e-01
3.668852722619163065e-01
-2.423187730335014944e-01
1.426695666723016842e-01
-3.117386387513225721e-01
8.129800390514465569e-01
7.948897804308913129e-02
-1.416326386502752277e-01
-1.520854360046125509e-01
1.398607024138477095e-01
6.853869229853098988e-01
-6.701819037212805585e-02
3.101851063866274960e-01
-9.698703874295899058e-03
-4.400766029390747874e-02
-8.976765707810108186e-02
7.030131858740509276e-01
1.673413653958213676e-01
-1.792261889796915308e-01
-2.854073974824896109e-01
-3.949469106705501276e-02
-2.495404835188392775e-02
8.319124228554689027e-02
-3.450354552967310057e-02
-2.328349867451504074e-02
-4.970591063541193733e-02
-3.562033285637272173e-01
-2.046274680153591444e-02
-1.640556683917153424e-01
7.640130691184258971e-02
-2.867580280973261453e-01
1.061539855510087831e-02
-1.185853815372391457e-01
-1.987406322064607100e-01
-2.262872708786392295e-01
-5.754520287600120021e-01
9.378408255689689443e-02
-1.634769466898717549e-01
1.776902714245553183e-01
-1.131867335133427965e-01
-2.538077528850539721e-01
3.171128375017742002e-02
-1.147025199189953548e-01
2.205945537253738709e-01
4.851455454167466486e-01
-3.482733351509784830e-02
-5.543246000061654577e-01
-5.858248300353908755e-01
3.154398122320924147e-02
1.872249403055444850e-01
-3.266004342626521728e-01
6.505965945095356640e-01
2.641360670977036529e-01
-3.359645077259181684e-02
6.673226809378738356e-01
1.917076092276363275e-01
4.322058963943769538e-01
-2.464598157999519645e-01
-1.307546560891671532e-02
2.973498434843983018e-01
-9.133807166134443739e-03
-2.561135496538630152e-01
-6.271902260732709067e-02
8.431840870274680266e-02
-2.379380435062268262e-01
-1.071987033440344600e-01
2.709557370612354910e-01
-1.283866889351603091e-01
-5.150389359582727838e-02
-4.125562527045009698e-01
1.527943108596736821e-01
6.418221337404469984e-02
3.323410694098345997e-01
-1.690479692801213907e-01
-4.135997916759138748e-01
-1.843698542209045443e-01
2.105461049569064547e-01
-6.228558754214204990e-02
4.591887097227374537e-01
-3.573165618182910785e-01
-2.219068208790496155e-01
-1.971775643043319759e-01
2.548197694629036891e-01
-1.274223660521656698e-01
-5.825003462228990347e-01
5.122894681428687980e-01
-2.987313404929699545e-01
2.403206549271663314e-02
6.585965621667962122e-02
5.143278766638305077e-01
-7.266411655642987522e-02
-1.187369628897901042e-01
-9.938410455367355234e-02
-3.325548919604336406e-01
-2.615208011446501501e-01
2.475277082727135591e-01
7.313905507688057972e-02
4.063310037933622887e-01
2.683854167667537594e-01
2.960134595046626793e-01
4.587272540234764440e-02
-8.891504588188069158e-03
-5.858079368498135542e-02
2.396707371644544171e-01
2.829818587903227267e-01
-2.943810319527882524e-01
4.005430350481484214e-01
-1.025453008289081425e-01
3.273036476898895097e-01
-1.651310115224017411e-02
-5.950870667501029221e-01
-4.368359565679653111e-01
1.178180497230099100e-01
1.603387429180061496e-01
1.450725832152146844e-01
-2.633071107051709880e-01
1.982833939350125974e-01
-5.307099790757576624e-02
-4.929843058993372412e-02
6.825741366330428939e-01
-8.813030920452123718e-02
1.419470070708359621e-01
6.649067153847962319e-02
-1.148432787025864960e-01
5.012714313627314455e-02
2.260529288304773399e-01
3.239393654882924412e-01
5.837866352115768098e-01
4.612700482763281706e-01
-9.542184908810086297e-02
-3.322872184738265844e-01
-4.359591269603572683e-01
2.873275369069495655e-01
3.110294656349157361e-01
1.814723974861698896e-01
2.368918589150603715e-01
1.144565031559972683e-02
-6.934787787973520357e-02
7.580979998954492927e-02
-8.978596318514885100e-02
8.655552601324360829e-02
1.057276371553684674e-01
-6.287538763251097895e-02
1.724685637452118836e-01
2.441494631067809007e-01
4.944990734424808965e-02
-8.677923815516104256e-01
-3.675617919222961549e-01
-3.760005997588055648e-01
8.749033122684773955e-02
5.701208761661056418e-02
5.489304535554998532e-01
2.786026117314763587e-02
2.278819156960568137e-02
1.624015495226441008e-01
3.315927685494560184e-02
-1.683207273752896152e-02
-2.183152552996578677e-01
2.094086015893312502e-01
3.208916373198727467e-01
1.052673349998475422e-01
3.728185458599144186e-01
-1.048518223872013100e-01
-5.780352400329156343e-02
-1.628414636097239854e-01
3.045423052048857326e-01
2.502478121389582477e-01
-1.166489733815222474e-01
1.595171370956731949e-01
1.127716169630132020e-01
-8.384873520895512466e-02
-5.575135246642388687e-01
-1.611388742993936918e-01
-2.138035764616863232e-01
-1.481201857340971872e-01
-1.498510164775606057e-01
-2.680536595737479377e-01
2.681434270748778159e-01
7.753546002846151142e-02
1.617992378529355957e-01
8.724949893001072987e-02
1.257174989616300642e-01
1.214435892298291603e-01
2.231381993605483227e-01
5.640042255243213898e-01
-3.398955502689772201e-01
5.782098808307505750e-02
-4.588295574903983876e-01
-2.735293636003545692e-01
-8.817355545875643630e-02
-1.446082628196335429e-01
6.720858465252874114e-02
1.650405024654859609e-01
1.327692876427876145e-01
4.323678644229124179e-01
-5.879018061862280320e-02
-5.637438062425350303e-03
1.274685985465035254e-01
-1.438904828168259889e-02
8.430524897741202561e-02
-2.535182612033386879e-02
-1.049987941191698054e-01
-4.052580500523270818e-02
-9.327640794027547422e-02
1.285972434110054796e-01
1.303577960179258810e-01
-3.536652137165504639e-01
-1.306093649238099230e-01
6.135526978772153084e-02
-3.604971270607937317e-02
-3.663262003251834265e-01
2.203864151399416438e-01
2.033303828913123057e-02
6.986093835079580650e-02
9.469041643356214399e-02
-6.751697722866284446e-02
3.365256093197637743e-01
4.019255824396405496e-01
2.987230850835940754e-01
5.792266918750217375e-01
-8.189353173982094267e-03
-5.255726050979448588e-02
-2.882641587165171715e-01
-2.666781055713632331e-01
-1.797181210787117456e+00
7.799572771474654331e-01
2.700503650431405056e+00
1.425251459413384991e-01
9.633326688741353783e-01
-2.966891029863977236e-02
1.086329873257750211e+00
-2.075810424480129424e+00
6.263839722616950656e-01
-6.626132069794694601e-01
-1.752343898742870998e+00
-2.143490757269288227e-02
