-1.956380662351964728e-01
-2.770920616675496273e-01
1.199666495016264323e+00
1.602151751801131008e+00
7.244355196319389734e-01
8.325512846586918814e-01
-4.456545330643177927e-01
2.344604757718012245e+00
1.017096485567726472e+00
-4.644408465648885431e-01
-6.248964142517060560e-02
1.887638742789011781e-01
6.629732035797774037e-01
-3.156540078261770976e-03
7.722120704564813809e-02
9.934970365097228751e-01
2.334096284823619083e+00
-1.031223172067933458e+00
3.244598735555176972e-01
-4.243622213968604832e-03
-5.727260612295458769e-02
-1.004412102673452739e-02
1.014184204249749116e-01
-2.147242295712982751e-01
3.740208725690445934e-01
1.443804357057048571e-01
1.634879678375352197e-01
5.771128948920280916e-02
3.904706613220507161e-02
-1.942249550748389730e-01
-2.086003765909684171e-01
2.134076118431867120e-01
-8.100246400069149866e-03
-9.729116252920101682e-02
-4.189470087575030699e-01
2.002835754455881967e-01
8.695214235079859466e-02
-2.148096429122875808e-02
1.415330697013041927e-01
5.073954675575604450e-03
-1.513319023422413367e-01
-6.060424541034422491e-02
-3.610758275355043234e-01
-8.470787849008459824e-01
-1.414861980966601041e-01
-8.558145691265603427e-02
-3.447014698153665763e-02
-2.549273326937401274e-01
-3.413031717225112338e-01
-6.708637284063137529e-03
-1.237888459595226087e-01
-2.500487394841542921e-01
1.284467119210630157e-02
-2.059628931093409332e-01
-6.825212798991682484e-02
-1.725282397572268644e-01
-1.898144778838291580e-01
1.540871721976945496e-01
-1.799237319652792211e-01
-5.165345132991204513e-02
-3.707812865880352748e-01
4.471729226222798115e-01
-1.686577103533153932e-01
1.046444018996255942e-01
3.120330525639698760e-02
-3.323870868768964981e-01
-1.409472445678309482e-01
8.591489090444011378e-02
-2.026006309495810287e-01
4.075775287777115563e-02
-8.887805900174404472e-02
4.747049073656842699e-01
8.169345787333447406e-01
1.992661509592462687e-01
2.467411022254637487e-01
1.864984073041052737e-01
6.718241510342245690e-03
-1.288979535974739132e-01
4.911332959995781122e-01
1.569606541571292452e-02
-1.840273587581106596e-01
1.246125704344331134e-02
-2.961520557354705221e-02
3.987491057186026699e-01
1.356238023504394707e-01
-2.430228478564894490e-01
2.730951104511098460e-01
-5.821893851980970008e-02
-1.066360222176119671e-01
4.072216267867385942e-02
-1.173191843755370528e-01
9.174312851825831838e-02
1.257277382159108781e-01
-2.069158763904791476e-01
-1.720891876528395370e-01
7.339664624298174178e-02
5.091750638511168686e-02
-1.007115807985776712e-01
1.235320207634962864e-01
1.049271212416492960e-01
4.076978724653877034e-02
9.076487598036839244e-02
1.795790582397701618e-01
-2.599540121408185911e-01
7.623489755598831241e-01
-1.803583164337746181e-01
-3.155069064011585822e-01
-1.725486369170419962e-02
4.168869352136558848e-01
-1.438155311677970505e-01
-3.246693246755411044e-01
-1.906812825897132024e-01
-1.160615150527096462e-01
-3.198994350527581410e-02
1.041113150818440553e-01
9.254882727916104168e-02
-6.691295802807856186e-02
3.653907080811984176e-02
1.667775617365915564e-01
1.892201033131185248e-02
2.592132138392623797e-01
-8.985788860566978897e-02
3.062416272244244952e-01
-4.336020431322462620e-02
1.456311229412570629e+00
-1.118010671496557362e-01
-6.859222646017398839e-02
-7.750391512184372222e-02
3.997944003425842885e-01
-3.890765570650610017e-01
3.280683218220474817e-01
-1.332358240502766467e-01
-3.593663086968072462e-01
1.106420596091177155e-01
4.665970734335311149e-02
-7.092028196001554097e-01
2.540957005998201526e-02
-4.061263451620228393e-01
-2.094351889843344416e-01
-3.421144417717665309e-01
2.086684821949332247e-01
-1.406955500516147983e-01
6.482489849286809935e-02
3.819230358846119611e-01
4.515801797913770316e-02
5.520951821677140547e-02
-4.981533379296214370e-02
-1.770300791219697745e-01
-9.737702707965359417e-02
6.917163218120276902e-01
1.432675385667911694e-01
-7.938390995381996995e-02
-6.797156425051134598e-02
-2.722197418523959397e-02
5.983929133201169037e-01
1.571811004446254934e-01
-1.602419608312105614e-01
1.605033552942458988e-02
-2.326433831348546644e-01
7.357082875911406805e-02
2.252512808338224815e-01
-1.212055334264811879e-01
3.153900614831345317e-01
-2.042014843976169836e-01
-2.176080589335941100e-03
-1.906055369340955707e-01
-5.294038151748565318e-02
-6.549600417718240419e-02
2.623007776297512916e-01
-5.354258162206250171e-01
9.502124448866669515e-02
6.192141332546466925e-01
-7.105178930957326000e-02
-1.709204853252152545e-01
-5.046341310833946797e-02
3.172969759126851533e-03
2.230702629242303225e-01
1.831266407402857288e-01
2.670959729456152676e-01
-3.691402895893630687e-02
-4.303018801487725753e-01
-1.807495657751381768e-02
-1.740038843436788607e-01
5.626509233932531773e-01
2.181988778463234691e-01
-2.185358953314269284e-02
1.194481995725581169e-02
2.230048500691479696e-01
-3.464770573919689345e-01
-3.109521592255052869e-01
4.981426580348620181e-01
-2.357740283851234575e-01
3.897797550675519695e-01
3.312818963270219852e-01
-4.384053085595813332e-02
-2.884827186495933504e-01
-4.931694023381385517e-01
-1.657158437780076599e-01
-1.455456049476740732e-01
2.103212884837859231e-01
8.395649859132621184e-01
-1.627925882981841044e-01
-2.675566954952106613e-01
2.330743087419026860e-01
1.401221599457814770e+00
-1.557263949120266944e-01
1.338167365664226227e-01
2.809348002969891955e-01
-1.691957116849118481e-01
-2.662482660526940825e-01
5.934104771985556637e-01
-9.406830876503441408e-02
-3.430557498163762653e-01
-1.223479147072983747e-01
-1.761151254735026928e-01
6.960252819441456462e-02
2.701134592500422094e-01
1.985060946305430285e-01
-1.428439512326373229e-01
-1.919262714832025707e-01
3.286472251124809008e-01
-1.272058331105438977e-01
9.362379244950244650e-02
-4.266584260242084481e-02
6.432472088889478190e-01
9.119407099563241192e-02
-5.632725612429786977e-02
5.063332747195818939e-01
2.322406267750384279e-01
-2.617801671242430458e-03
-3.650976380225606777e-01
-5.826752955029887784e-04
-1.313091177256862641e-01
-2.652827388478725540e-02
8.479358075848737741e-02
1.647252083830289815e-01
2.885113867293444545e-01
-1.209397754143442666e-01
3.537551833118521838e-01
-4.378566795092761477e-01
3.426093871625110476e-03
-3.494039962918161352e-02
-2.848485698179591408e-01
-2.835630676119970106e-01
-2.275028168858597988e-01
3.665512815322783946e-01
1.022274711654261731e-01
-3.338936603852428187e-01
2.069079564591802534e-01
2.794594550855525883e-01
2.495274173815548169e-01
2.736790743604007314e-01
-2.810307135474945928e-01
-4.920810623543173806e-02
-2.751852919137164760e-02
-1.728049591578252608e-01
-2.464971314904078892e-01
2.812117529862713239e-01
-6.787243641624152168e-02
3.158406675611839520e-01
-4.845952025217644676e-01
-5.583690481638823311e-01
-2.326188333643008088e-01
7.658567127173447620e-02
1.225083798292262577e-01
-1.978666617155926122e-01
-7.019664739661490849e-02
3.597972590648209484e-02
-3.610734390744732569e-02
9.982381721654426388e-02
4.048841956203733661e-01
2.563828232256883943e-01
3.574835495103254740e-02
4.277708295420127871e-01
3.754172797834447461e-01
-2.920596941241248024e-01
1.433546012154927884e-01
2.197838638572765513e-01
1.213760233184424039e-02
2.470869135352383728e-01
-2.544202585652539650e-01
4.033450313990898789e-02
-1.538725373049197875e-01
8.449220614817197494e-02
4.881410067798165331e-01
-4.672295469783176169e-02
3.623515610948259136e-01
1.114684371888146897e-01
-4.501106176131679515e-01
1.820532286263836994e-02
-1.342867651712282770e-02
-2.873355696851929986e-02
-9.325128258739210849e-03
5.189500094009976555e-02
4.536772417432166082e-01
-4.598263076030582042e-01
-1.816806860746217334e-01
-1.030755705775392161e-01
5.860581184561606399e-02
9.709915980324251850e-02
2.418783497086373496e-02
-1.457590272967105582e-01
2.425844580773732218e-01
-1.929372115621457162e-01
2.090343163964094864e-01
5.048037455817355745e-02
-6.059396289155981330e-02
1.078478601917842172e-01
1.911427116360333023e-01
-5.669113633305057354e-01
1.236764682317999520e-01
-1.728344090440611935e-01
-2.534007040006429623e-01
1.653591929496777690e-01
2.530513313230682848e-01
-3.129460112446497827e-02
2.437579367573266468e-04
-1.267659981594302931e-01
8.063918356287452793e-02
1.378686913821344610e-02
-1.809509816307271202e-01
-1.124149289291039022e-01
-8.878766901900154995e-02
-6.347835988542103181e-01
3.237999583833348627e-01
7.225195689134671084e-02
2.551921527112216426e-01
-5.178204517134554069e-02
-1.421905327665911323e-01
1.649051748685019872e-02
-6.873065961062650997e-01
2.048584315048159188e-01
3.213050966346789328e-01
3.790533301499934282e-01
-1.454083170454960050e-01
-7.306467996241207408e-02
7.262510303180640114e-02
3.676024377686964439e-01
-3.735330422365587544e-01
-1.230172219457578431e-01
1.335316032307868606e-01
-3.143485949747787389e-01
-1.230594008075118762e-01
-6.705531874466405529e-02
-7.749222696423543888e-02
5.704490896052860638e-02
2.425370203956575543e-01
-3.131118592772996756e-01
1.160919462399785246e-01
1.021835730988457508e-01
-1.593008391322650874e-01
-2.907114962684981818e-01
3.542896760990693061e-01
-2.715211376771404228e-01
-1.815469754157594262e-01
1.163260367711959897e-01
-9.143873228116497498e-02
2.674532933892871389e-01
2.048369332967442669e-01
1.830256286146665079e-01
5.145899936465574420e-01
2.167664850270772103e-01
-3.995369364849299387e-01
-2.032288311834034439e-02
4.308877660931622611e-01
1.078142122704978806e-01
1.799643286709607382e-01
1.409798738060583090e-01
-5.252509663156221809e-01
-2.795119275590930985e-01
-2.514115495871568212e-02
1.166854751120882938e-01
-3.492585379276834101e-01
-1.293506558111376659e-01
-1.231876222905343293e-01
2.996248139129325527e-01
-3.731296151909806458e-01
-1.852890175607070644e-01
-1.245361128182390954e-02
3.531663842944799958e-01
-1.113366489201459197e+00
-4.560835049748211967e-01
-4.602498692926985102e-01
-7.391511571145580328e-01
4.162369147428395810e-01
-1.024548478917529787e-01
6.818958245899879589e-02
-9.526773007766335677e-02
8.817334945356879172e-03
7.641715732490501622e-01
2.052613775937915386e-01
-9.873421420189517142e-03
8.334522650496899165e-02
-1.902088771213122087e-01
1.003568800324802668e+00
-1.003208739065685418e+00
-3.861385128271757616e-02
1.567517835165118181e-02
-2.857480423549573212e-01
-3.390087117940377565e-02
-7.807110000212825751e-01
-2.660389978118873344e-01
-1.776679219110216812e-01
-3.257682017024605692e-01
7.475964669663801576e-01
-8.959433690845847176e-02
-5.451775474791640264e-01
3.632260016369646127e-01
-5.271328627608145023e-01
3.020443892280737508e-01
1.117458984872286842e-01
-1.077814201270924643e-01
-4.073284338858679798e-01
1.632309799238265968e-01
7.080734820095292426e-01
-4.105726145298380092e-01
3.139959464134819411e-01
1.152027048439040330e-01
-2.490662383893549325e-02
2.746352183988350903e-01
2.661300490960377130e-01
-1.882530967245597264e-01
-2.092001570511019606e-02
1.390162499716640354e-01
3.612675835426313320e-01
8.100327885111353876e-02
-5.508535705902936619e-02
7.509922612016027565e-02
1.091853482068703973e-01
1.265047654630247487e-01
-1.036844436919446000e-01
-2.670203355577006540e-02
1.828230556153631059e-01
-1.457785430746567912e-01
2.042043623076456871e-01
1.427320236613789095e-01
1.497120550444396535e-02
-1.833669640920415622e-01
7.258015349483479817e-01
1.532162378044055751e-01
-6.857458618464882041e-03
1.009437784214673867e-01
-3.573212229289739195e-02
-3.762490228625037930e-02
3.489723060799275189e-01
-1.782939169226496409e-02
-4.090671012950996555e-01
-1.800579111617025552e-01
-3.667005871226242802e-02
-8.237355305699511909e-02
3.418526257543663127e-01
-1.506845984722667287e-01
2.945483454739628582e-01
-3.693486457492838743e-02
1.956121096683634819e-01
-1.590788485369597216e-01
9.038008065609290723e-03
-8.061803666733892426e-02
-3.506416824878105798e-02
-1.059589762598264623e-01
-3.764151795206749362e-01
-1.764299752810272459e-01
-1.291612874720473314e-01
2.065700098605742774e-01
-8.121569856716032154e-01
-3.890162775421539265e-02
-2.496773776022121957e-02
-4.041655477728740148e-02
-1.708947773089548872e-02
1.871285078488528139e-02
3.944505719621915762e-02
-5.025090555437326627e-03
-2.481045448715975266e-01
-1.754453193771124964e-01
2.680771986749240776e-01
-4.030373390651266763e-01
-1.235422935001639771e-01
9.945420571175822566e-02
-3.115582595395908205e-01
2.696896422767643409e-01
-3.079655200483443767e-01
-1.021206591147838516e-01
-8.458463320926307150e-02
-7.509449413601959611e-02
-7.911317413148731548e-02
-7.560307132244407924e-02
2.314204590105143622e-01
5.549696355480943089e-02
2.248088386806249284e-01
1.361657347634436799e-01
-3.830120013359061826e-02
3.470939826623589686e-01
3.034466407095747220e-01
-1.397542133335427372e-01
-3.571880536745235535e-01
3.338944494189435841e-01
2.075092884534495141e-01
7.285926181781350597e-02
-1.484807035068473335e-01
2.703161564666102801e-01
1.276188800084561703e-01
4.866879302093697901e-01
1.007004502269665536e-01
-1.625032635233749634e-01
2.852232480355998967e-01
3.662305984367716927e-01
-3.700879272270689024e-01
2.459834590758428197e-01
3.414625114906873638e-03
-2.373173411843363667e-01
-1.191947993780991498e-02
-8.037091286437879345e-02
4.836650001593914006e-01
-2.024916968397182104e-01
-5.186425179472980984e-01
2.441228635240541289e-01
-2.909366084682929107e-02
1.749419453927477663e-01
-5.136554249967324459e-01
-3.014929896820557967e-02
3.558900147003187797e-01
4.486420511018874291e-01
-4.022873877374330553e-01
1.366961042753572220e-01
1.050070891991380650e-01
-4.170232894791233713e-01
-1.661865467806444563e-01
-1.716299883212419330e-01
-6.614092347386905935e-02
3.170592271290790798e-01
-1.050537894560531066e-01
5.714065137465144939e-02
-2.420688283281929032e-01
-3.345709796383565804e-01
-3.971633701028181584e-01
1.654138886945363124e-02
-1.031440220995182427e-01
4.337338336963870999e-02
-1.055480887867681628e-01
-3.550883598293340104e-01
-7.191530617597897100e-03
-1.947827213929343992e-01
9.115317118958103648e-02
-1.421523267742188235e-01
4.673007898755827949e-02
2.132774271334766103e-01
1.327431592912609211e-02
-2.849037964935123846e-01
-1.729957353305489054e-01
-2.439402275100244766e-01
3.016453230088236848e-01
3.720313571283554444e-01
8.420012222690163861e-02
-3.747102976603512714e-02
4.352042656586724290e-01
3.001743949528100086e-01
1.979768018411981120e-02
-1.744000693728866569e-01
2.996584358089078304e-01
-5.796144115605691288e-02
-2.603951442368404590e-01
1.494803697176887852e-02
7.025416101968455507e-02
1.917341284334933560e-01
-2.627962400712673466e-02
-7.668340401119709548e-03
-1.764301434843542626e-01
-9.976224562153578057e-02
4.543740274023192471e-01
-1.017410486553084296e-02
1.732087836123274105e+00
1.183742425044009422e-01
-1.295044519509878922e-01
9.338383265434817559e-01
-9.109629659621793982e-03
-2.520374325747142819e-01
-3.954333994294378374e-01
1.831554920929077679e-01
-2.754860108612691705e-01
1.746580531770089706e-01
-1.593741381822132708e-01
2.109557945991014927e-01
-4.634757631146890211e-01
-3.739155181930333138e-01
2.935741062045448824e-01
8.608908091174139604e-03
-2.351946744198612181e-03
9.352895552858957184e-02
-5.516041819075832159e-02
-2.306459566935518957e-01
-1.891490320674616143e-01
-3.994377252480077467e-02
2.573754612238131623e-01
-1.669786550315539575e-01
1.061461743553527431e-01
-9.775565818697297404e-02
1.457563582767120933e-02
1.267662130660623387e-01
2.469720949877500238e-01
2.348108711763650658e-01
6.642722018569688358e-02
-2.358658209908293113e-01
-1.517044013585381601e-01
2.051398275681808048e-01
3.279238123342190225e-01
-2.911187149337728930e-01
1.420584283125881364e-01
-3.385978108289303123e-01
1.541504953445652359e-01
4.380964681947495665e-01
-2.423544073705706514e-01
-9.572089383362851478e-02
2.894284427386277850e-02
-3.437216625068451742e-02
7.643341004158236973e-02
-1.726959004407060683e-01
5.885222281216965362e-02
4.520935068740320611e-02
1.078519889224591743e-01
-2.571933213044849328e-02
3.587581829690002222e-02
7.690265596616051302e-02
2.504747326479446201e-01
2.270913203719379936e-01
3.272449002195895740e-01
-3.017410254804661976e-02
2.391378787230664243e-02
1.352118000642810736e-01
-2.255886243531750324e-01
-1.143683038055239298e-01
3.192203657732027300e-01
1.060016803335326989e-02
-1.571263816102637101e-01
7.052454320287981915e-02
-1.229809900349092822e-01
-6.016611330935208585e-02
4.734352596883002057e-03
-2.459718744428274484e-01
-8.470966038496839656e-02
-1.626110012550892048e-01
1.804563817585874697e-02
5.995363560851038054e-01
-1.729287918011235547e-01
-2.149684763855370662e-01
-1.298885541485166883e-01
-3.459216621727254637e-01
-1.608488764993620534e-01
-1.083823139466570940e-01
4.233143849865911856e-01
2.258394619381511870e-01
-1.408627432812605274e-01
-1.331724969427942051e-01
-6.841958424839854613e-01
-2.775132441656011362e-01
-1.973456880759242582e-01
1.791993168119452359e-03
-3.217485687473052858e-01
-1.426415340640288798e-01
2.036249782411355957e-01
2.412120083783111657e-01
-1.831352914953411903e-01
1.187370698866560270e-01
-9.938192834258102737e-02
-2.338242769578517677e-01
-3.313302095152292903e-01
7.736826309394241596e-02
-3.615862245964486799e-01
-5.542564925622339017e-03
-2.345708388410005230e-01
-1.517765851522146214e-01
-6.886635112908802148e-01
-2.270576074736431749e-01
5.273983734030851522e-01
-1.029053733127061471e-01
-4.565915578963030685e-01
-1.523289643540677030e-01
-1.428342403149555628e-01
-2.135912922297380778e-01
-2.083095641546701404e-01
2.885151845772274126e-01
-3.990979160151191807e-01
-3.368923112815842558e-01
-5.915171389754778769e-02
-8.326703743007524833e-03
6.438885242321429336e-02
-3.327630929136967119e-01
-9.033305535123607038e-03
-1.315991730277462635e-01
1.329397843471832319e-01
2.309746195244818598e-02
8.204627525456129056e-03
1.741834685578561581e-01
1.295023002837362713e-01
-2.535241876732238775e-01
-4.900422032688689367e-02
4.084802391180358261e-01
2.829579722304466638e-01
1.183464048952391628e-01
1.814114494169128122e-01
1.355152762212180895e-01
3.051871079882520488e-02
-1.460761088358040749e-01
-4.269035514745720405e-01
-2.313830765885955820e-01
3.745362601982287626e-02
-2.904522510284690551e-01
1.420315751592784170e-01
-1.300714280145422452e-01
-1.153033902416203821e-01
3.404503394498299002e-02
-3.758701109709505217e-01
1.686538800629234780e-01
-1.728446464135603711e-01
1.929117267601586083e-01
-1.877978203878767072e-01
2.457584318037587534e-01
8.685899571966056165e-02
3.530376275752421245e-02
6.000778200709780408e-02
3.498271920824341796e-02
1.963984751362049808e-01
-4.649656678818391287e-01
2.884911262511373198e-01
1.652875971832390434e-01
-1.545826007277254499e-01
-2.011610531309631911e-01
-5.191604915522940282e-03
4.161866506707026514e-01
1.037112606105099755e-01
3.046530047035624356e-01
-2.483151298466278190e-01
-2.286281678108806892e-01
1.662683109986325125e-01
-2.280027086250077384e-01
1.002066802351212066e-01
2.160758389986205952e-01
2.587581500463270734e-01
-3.596542881521428980e-01
-3.877689279963059815e-03
-4.063749887054067256e-01
-3.029682048029410657e-01
-2.014240664804206882e-01
2.873886560188929629e-01
-3.198393511702514735e-01
3.900699203622239319e-01
4.642906583850322372e-02
6.666827654687526583e-02
-3.624634287929204834e-01
-1.697991859805551007e-01
2.703521421158800453e-01
1.945896752489366111e-01
-1.020812188614492466e-01
3.365499386940438709e-01
-1.393473160055204441e-02
-3.243362212154116131e-02
-4.301774825937865754e-01
3.297576896642755995e-01
-3.342764670883748845e-01
3.597284642295708323e-01
-3.102622036765195074e-02
2.310740373599236286e-01
2.755336919682777608e-01
1.464671119334545468e-01
-1.151545792275588537e-01
-2.384971149815529740e-02
2.876617089000855221e-01
-7.585870961936197476e-02
3.884187048934278907e-01
4.905535877103081067e-03
-1.323074339260591203e-01
-1.578594723250113796e-01
2.948271255172607574e-01
1.393005797438548743e-01
-5.431222518722108594e-01
-1.039188681111492679e-01
-1.983393071327111679e-01
-3.592899150970583766e-01
-1.414562897713708134e-01
-5.038108842629162032e-01
1.732426983610650673e-01
-1.347281247264951465e-01
1.199397771629947540e-01
2.829218118163001616e-02
4.303554102744585469e-02
-3.156404932910072403e-01
-4.465202505603076133e-02
4.622099432432542898e-02
2.586632888599037922e-02
-4.008313117066507059e-01
7.656536433434457667e-02
-2.558407793721590440e-01
1.014507825830267551e-01
2.587426576681696178e-01
1.050717499119322579e-01
-2.363668963372045351e-01
-1.774883349113970665e-01
3.428744446679737323e-01
-8.989984238637548086e-02
2.847688840310939051e-01
-4.064475637297827459e-01
-5.948342013778612491e-02
2.040936889748374509e-03
-3.586889743608193681e-01
-3.501368880240165321e-02
-3.095293933207138859e-01
-2.614456867277839547e-01
-1.345011760896635544e-01
-7.685386726376980393e-02
-2.743978069001567488e-01
1.058198203661499248e-02
1.563042862905227870e-01
-1.049442934439171610e-01
-2.240670447935352860e-01
5.613469496379369650e-01
-3.499842873108468394e-02
-1.256399970759964901e-01
1.677344411379900757e-01
-2.618633914383354175e-02
9.777278689976622028e-02
4.124902976885326811e-01
-9.624167986266023156e-02
-4.774510280582466154e-02
4.418605702276541258e-01
-2.571304847411196026e-01
8.791883139890424581e-02
3.243131930124650286e-01
-1.361761545736395462e-01
-3.307739052996815782e-02
-6.655149952257811696e-01
-8.894180518844423122e-02
-2.520510755178032580e-01
-2.876151616121783716e-01
3.147272722370536013e-01
3.121155885448350653e-01
3.124742782897711457e-01
4.614100055761966718e-02
4.043534489437661250e-01
5.424631821198434845e-02
4.033920643272967399e-01
-1.792824086247466475e-01
1.383379915108354785e-01
-2.314259192693922731e-02
1.863917202737064849e-01
-1.851159953910532507e-01
-1.359187784492607298e-01
-1.583341544159859171e-01
-9.125886461497660640e-02
1.214421768436532573e-01
2.205433240999161992e-01
-1.238629243966048871e-01
3.126960923102422019e-01
3.178781341388633441e-01
-1.004264866918080576e-02
2.716400120909399640e-01
1.739759156657187666e-01
-2.325228193130624843e-01
-1.352525350504291679e-01
3.841237277900353964e-01
1.578782689501735947e-01
1.517371080210385414e-01
4.606088088552374310e-02
-1.696703567745053709e-01
-2.752717711903185371e-02
-4.202370933667556874e-01
3.324263247057265835e-01
-1.696869677609221250e-01
1.595206746766054950e-01
4.609788247411104600e-01
-4.912064067554928748e-01
-3.992962499318205016e-01
1.224063433481401841e-01
2.386813387964985822e-01
9.028551145304111736e-02
-2.111075844007019864e-01
5.475284821963423143e-01
5.297751420341649531e-02
-2.816520785502653057e-01
2.114071807928273941e-02
-9.912735934653996162e-02
-3.623610778903608165e-01
-3.995128906896697196e-01
-1.263817146328911067e-01
-1.492642302656272402e-01
6.659180419776847271e-02
1.455937995483575498e-01
2.960099504162195735e-02
-4.309330388572817083e-02
-4.873624995911447072e-02
6.909927983616538649e-02
-5.276224841437873736e-02
-2.357053831255704057e-01
1.263700426009125855e-01
-6.363190328788848049e-02
-6.588779707189567070e-01
3.084693249384917735e-01
4.428175957401543350e-01
1.043900646685084338e-01
1.439344328277064322e-01
-6.639632974778707508e-01
2.963467919598276046e-01
3.488798616417619347e-01
-1.079390443821709872e-01
2.835291242059197470e-01
3.394448515578571968e-01
1.023584700382545870e-01
2.091921053643369666e-01
4.972142147639370402e-02
1.184716025471966860e-01
-2.720878193595884786e-01
1.220616133884561416e-01
1.800994441686167014e-01
3.125150274129556704e-02
-6.995506240629564276e-01
2.095890232359661209e-01
2.354632399491112665e-02
-1.946732339697969938e-01
-3.638196080104490887e-02
-2.690897832152584490e-01
3.913027577270543345e-02
-7.201390641267542414e-02
-1.474823078489638783e-01
3.917743507282785975e-01
2.072873790764325486e-01
2.451582630110742470e-02
1.624228326856318461e-01
-2.754175307763192526e-01
2.032697013696471433e-01
-6.231440012599032824e-02
-8.909754554490063871e-02
-1.751901787047864534e-01
-2.744302411517776097e-01
2.168937199673643956e-01
-2.425035775504432445e-01
1.832006423014720733e-02
-2.026084130803202654e-01
-3.542079183025239053e-01
-1.903225152014326460e-01
-3.034523398577120279e-01
-1.892746953255182440e-01
2.125599166335811474e-01
-1.578090835092381961e-01
-2.092698852804737997e-01
-2.751610622200654221e-01
-1.128224663871225525e-01
-3.695387110901731109e-01
-1.676558182964419941e-01
-1.658806719913855088e-01
-1.324221515209432209e-01
3.722062722653617373e-01
-5.635623938671937422e-02
-1.031152258528938992e-01
1.707188309247905655e-01
-4.733601043190970720e-02
7.302758666856641601e-02
-1.713035365469138260e-01
1.043578232187970106e-01
-3.787899886386651982e-01
-2.407628235835920436e-02
1.741740883268149895e-02
-9.497827092546826111e-02
-3.710141918616731704e-01
6.310979661345915426e-02
-3.011397330545907414e-01
-8.032243860820301173e-02
-2.854711916037601036e-02
5.186761113109382704e-01
1.791180978981930239e-01
-3.400935721736467188e-01
1.880152008575911859e-01
-2.201638935360986926e-01
2.133339348459515061e-01
-7.444441451240273178e-02
6.393868903768143430e-02
6.286873735931923501e-02
-1.119860293983710869e-01
4.491349729068699892e-01
2.874338049890442712e-02
-1.839859638279196449e-02
-1.200077380177494019e-01
-1.778661305980448470e-01
1.636912869164035833e-01
1.400941385309405485e-01
4.655612281773567618e-02
6.708346777121856896e-02
1.053998754529440890e-01
-4.360970404146179841e-02
-1.819805878196430748e-01
2.874226951907668526e-01
-4.324738156073661133e-02
5.985808862661761570e-02
-1.537012724344450632e-01
-1.008405643769477306e-01
-1.055761109476478221e-01
-1.256778661765506865e-02
-6.705435647471531292e-03
-1.081826516851042003e-01
1.934900363961842840e-01
3.022362014699243038e-01
-1.222048144536918568e-01
-2.426254629154144249e-01
-9.567235738401806688e-02
-1.814600209128839348e-01
-1.560907295453682342e-01
3.550013777990099761e-01
-2.397753913933789727e-01
-1.409417672350053441e-01
2.228787249925749947e-01
-1.185280455750287038e-01
4.780055313575620052e-02
-1.340565394128430676e-01
1.039073502658086762e-01
1.615341770623216211e-01
-1.628317972553889326e-01
9.949627358945052624e-02
4.215395349456056429e-01
5.354073749688973427e-01
3.226169679261957079e-01
5.504293367066133147e-01
5.989575891893215119e-03
8.995929484881498572e-02
1.593387236381900995e-01
-2.479959571662941620e-01
-2.892011978068261685e-02
-5.447701096981617808e-02
2.781903301521777491e-02
-2.414232811568851889e-02
-3.151504675266010580e-02
-2.182375634781866941e-02
1.185433661374295233e-01
5.739317899120040256e-02
-2.102740053384476449e-01
1.648633008634559083e-01
7.597958006274565211e-03
-3.892930447221343293e-02
-1.022355653173390583e-01
2.206849768602841405e-02
3.227042887231415524e-01
4.297639700478255165e-01
-1.259944411173304080e-01
-1.802798751873048166e-01
-6.113361942340733712e-02
-1.764547753691089182e-01
-2.448234724034077103e-01
7.806210229339831386e-02
-2.819412247991465517e-02
-5.796999021659260398e-02
1.678986364779276874e-01
1.890918322842393973e-01
1.734196550918435942e-01
-2.007496435284809311e-01
-5.558623740816340253e-02
-4.957109498026219252e-01
-2.401189204175381287e-01
-1.769578470927824221e-01
-1.594300962609760952e-01
1.068952919949357760e-01
1.956195381362456076e-01
2.243691985880097439e-01
-8.675110169229098556e-02
2.888848709378606938e-01
4.826235545248162562e-01
-3.223930330534243577e-02
-6.213414321764281628e-02
3.565007218492542429e-01
-3.561651254082217055e-01
2.042068128183616993e-01
1.964993953051427378e-01
2.518850444901017949e-01
-4.013642792250646935e-02
9.205932813082852439e-02
1.369580084145454735e-01
-3.960503200784451505e-01
1.169990941991874561e-01
5.007456591267288142e-03
9.453131532515730850e-02
9.428433644043154871e-02
-4.295456358087538368e-02
-1.105062437633578809e-01
-1.449227453705163593e-01
2.467880275229441048e-02
1.205925571463499907e-01
-1.065242631339599205e-01
-1.721863263296342927e-02
-2.539171897572255476e-01
-4.072160147268942716e-03
2.266216724112902203e-01
3.023363175192126939e-01
-3.418851322888841193e-01
4.678875113168272371e-02
-2.389061526511519207e-01
1.284145643523663116e-01
-1.328543451933099084e-01
-2.947538935827251003e-02
2.423202888939131050e-01
8.218144743784486228e-02
1.811372734353958180e-01
6.243522046725517166e-02
4.783166619091593769e-02
-1.697705677438301475e-01
5.299240061688772485e-01
-4.414559921307726342e-01
3.618919785385925625e-01
-2.414527181033770120e-01
3.421051134004002292e-01
-1.292869004474786476e-01
2.990881700652246733e-02
7.856665729976397561e-03
3.080513138361401504e-01
-2.621975232387044330e-01
3.908435144925457294e-01
2.840251139821357018e-01
-6.298317075877728488e-01
4.362042874003517756e-01
2.789502119244972045e-01
2.466488921582489849e-02
-1.582303094144274780e-01
3.622436174679590781e-01
-2.606685855780894664e-02
-3.201093419175425614e-02
3.218251381458643867e-01
-2.340487345651454804e-02
1.610969599294239871e-02
-2.090622795336511686e-01
-4.925824746407557464e-02
-2.778369106730048735e-02
-2.455558235601662809e-01
-1.525463727625233634e-01
-4.624543069843973786e-01
3.222365795912181686e-03
-2.656120852097904605e-01
4.737263303425538058e-02
2.438940147790260027e-01
1.565967053466379710e-01
-7.688299448885174692e-02
-1.353039325241273128e-02
9.112980234023149509e-03
5.410110661115677400e-02
-2.700581488994000315e-02
3.612679877255815519e-01
3.450264378953551286e-02
-4.703301550720566382e-03
3.968797308740720786e-02
-3.053070195045367030e-01
-3.665829428417390345e-01
-8.246175864672636302e-02
-1.905722361824490341e-01
-2.736031106829620585e-01
1.672528370428956468e-01
1.521600673180839303e-01
3.904122465622334587e-02
2.641077932417884022e-01
3.938160021736731298e-01
9.027477247800891336e-02
1.009909624071867046e-01
6.665499333527151737e-01
-3.560798727551255927e-01
1.755048560254851217e-02
1.050834336756411302e-01
2.989096056051732675e-01
-1.847458102405849789e-01
1.790343597783566054e-01
2.220676425654012631e-01
9.872385408520977911e-04
5.356101097982074455e-01
1.714774431326572535e-01
-2.658638737257565388e-01
-1.105969051233026551e-01
-1.088884723881905631e-01
-6.371563171380417723e-02
8.128645129882174913e-01
2.661586999496092787e-01
-4.840981795736222781e-01
1.936028608162416453e-01
2.899427435705434486e-01
3.048850403908329176e-01
-1.147970285222966319e-01
-3.261476539946244202e-01
3.804569669107594337e-02
-5.434266807547870337e-02
-4.105587265166454336e-01
-9.414142984153603400e-02
2.258458420291889202e-01
-1.206588532672954184e-01
2.623226134913024810e-01
-1.339645353332581390e-01
-2.162369180564936155e-01
-1.216527521499828624e-01
3.791997974734201970e-01
-1.148242475748362801e-01
2.150410606946572267e-01
-7.351975884995097521e-02
1.698248881051452330e-01
-1.642237162520386318e-01
1.882330716572559459e-01
-3.985710121495323471e-02
3.364308083977898267e-01
-2.960515385457960225e-01
-5.829559082109581070e-02
3.987496762038368336e-01
3.118368308714227766e-01
-1.419268485294334359e-01
-3.986188748980304397e-01
1.675684613985485016e-01
-6.385678497679711518e-02
2.105428723359524246e-01
-4.902177208107277168e-02
-1.888734222791478012e-01
-5.839389630661780822e-02
2.391882583983202526e-01
-2.906236617547783840e-01
5.202941881754700321e-02
-2.351653294709594166e-01
-5.412286807363853730e-02
1.044689079322593528e-01
5.568477725524736965e-02
7.521068916878760613e-02
2.389413394514210490e-02
-1.614354090566232081e-01
2.413428623531183315e-01
7.311310166150392087e-02
1.005897897245869310e-01
-2.812706675847333280e-03
-3.300481149697274130e-01
-2.001417131880569300e-01
1.033977746358770017e-01
-3.153186930541594934e-01
-4.011273617009413206e-01
-2.018081877476838801e-02
9.693995858439735658e-02
-8.327426986343711146e-02
2.113439563891637285e-01
9.141553850720819663e-02
-1.383145237468707267e-01
1.367226278974808529e-01
2.225717914796149222e-01
1.761926496873597869e-01
-4.483618465809987574e-01
1.172541074470832556e-01
1.727323964081500796e-01
-2.654211752524824885e-01
1.567282776607679118e-01
1.959887789599054353e-01
2.004661597960932240e-01
5.476690069829626140e-01
3.559538984281492846e-01
1.025432625662222041e-01
5.646609619312147332e-01
9.716286637615183241e-02
-2.621683109572517933e-01
-4.140936038349649073e-02
-6.350177156521154276e-02
-5.209633751114780553e-01
-1.740018447790032119e-01
2.390549761222156983e-02
-1.772236043670770977e-01
3.312228322107910738e-01
-7.511335935928012408e-02
8.944762849250191550e-02
3.600087530620713072e-01
5.938466008841802174e-02
4.421524968157062307e-01
-1.196343823838807441e-01
-2.248784763610958415e-01
-3.023636095949942537e-01
8.984676873819776033e-02
-1.036440275847382020e-01
-3.883252773326782425e-01
-6.548282885933401354e-02
-2.270296876296239511e-02
-2.276960599407489849e-01
-8.485813631081648434e-02
-2.531438897485696615e-01
4.579792404896150804e-01
-2.179965826598468659e-01
3.277926529650413978e-01
-1.907228081208318105e-01
8.810029070449103272e-02
-1.896157061099872365e-01
1.651032721688563687e-01
-1.536148815567635606e-01
2.389889814868647322e-01
-2.135471515110528851e-01
1.841582108566863774e-01
-1.781078746641745481e-01
-9.200124738760691355e-04
-7.801645105332814800e-02
4.050975465894177674e-01
-4.655738042383512076e-01
-1.900026865543010812e-01
-4.815946703693461950e-02
1.335836346349270620e-01
-7.403961137808856563e-01
-2.716739185085653707e-01
2.383623294085111255e-01
-9.248428096638847129e-02
-2.687325353364425906e-01
7.396183365019042520e-03
8.614139346725890878e-02
1.471587720852369774e-01
4.163242464057296810e-01
-2.536104091873923605e-01
-1.087916314881663266e-01
-5.419972197805784236e-02
-1.806244446582390695e-01
-4.051114810708354372e-03
-9.160761181797080765e-02
-2.195144471894576454e-01
-1.783162840094549562e-01
1.771906224592093015e-02
-3.662582218077526375e-01
-1.374708236423477503e-01
-2.688804216137239966e-01
9.021834579679045840e-02
6.172399707994739165e-02
-9.239900222280862663e-02
2.287445515067081936e-01
1.098691863645405095e-02
1.507866729529372118e-01
2.584375753676831922e-01
2.401131159310729291e-01
-2.461396081366658550e-01
1.429036927504038178e-02
-1.861813664591231987e-01
-2.247227889026692238e-01
-2.424245675732076763e-02
-8.416030636756435812e-02
7.968628304115629724e-02
-1.692849511846277744e-01
3.385096493222382041e-01
-3.814933214760782981e-02
-5.915719184774821671e-02
-4.232661642201407913e-03
3.125466929544118977e-01
9.687547837884530333e-02
2.267349345353908419e-01
1.138528581304882742e-01
-2.476008440460952809e-01
-7.414671481452420054e-02
-2.056183943455641150e-01
8.857408179153236638e-02
-3.090364343416240889e-02
