-1.577614564801123720e+00
5.804644821412784372e-01
-1.814525293271185502e+00
5.025812326377921968e-01
1.608824773761725058e-01
8.093535270049992958e-01
-3.107390489158101676e-01
2.110628380975246576e-01
1.002959069356289756e+00
2.012028671701789673e+00
3.273645125692575264e-01
8.216002258976244921e-01
6.547753702104306406e-01
-7.065086518272558624e-01
-5.351515597033440486e-01
3.564224268760075170e-02
1.937366025371365152e+00
-1.128943885867563113e+00
-3.241890735970499038e-01
3.304396575322521984e-02
-4.255039758651988357e-01
6.789393646672513549e-01
4.901193652991863714e-01
5.336222219931360256e-01
1.858360199372967869e-01
1.189651807333055450e-01
-3.657777739237373371e-01
1.881686032495264588e-02
6.340176048214815618e-02
5.126981933835190741e-01
-4.964773529299201238e-01
-8.352861013236033694e-01
1.902819961440479490e-01
-9.587654797394237205e-01
2.160262049358754599e-01
8.010705904239355524e-02
-1.535001011290063055e-01
3.944421800161126979e-01
6.132363741055611717e-02
3.783720211781099740e-01
-2.882631887983311270e-01
2.201527392728405141e-01
-4.090807096336850912e-01
-7.746159403383082176e-02
6.641494572031851895e-01
-1.764840954878141299e-02
-2.794450958938268226e-01
2.225505640662866005e-02
2.768101110450795210e-01
8.135242097356625290e-01
-1.615114272166328357e-01
8.783601004630602338e-01
5.315821689355317847e-01
3.441441835616068472e-03
-1.467893421796790179e-02
3.418361714552320407e-01
-9.595378234295914854e-01
7.261566648944471625e-02
1.140900784362497283e-01
-3.077888832226858759e-02
2.231658835046100020e-01
3.891575276737272437e-01
-1.926860721471537474e-01
-4.135216605090432651e-01
-9.545542863197765959e-02
1.530241380488346625e-01
2.370532353854228336e-01
2.401962247439192455e-01
3.586486952084998459e-01
-4.142790754088639116e-02
-9.246273344835661545e-01
1.045013853571793438e+00
-6.967412941658597259e-01
-4.775360756138730678e-01
-1.142278556467423989e-01
-2.145807535271307756e-02
-5.175550418200910441e-01
4.446794600363673244e-01
3.928664811992289563e-01
-1.506138901515392814e-01
1.034161635260854445e-01
6.410908382151405682e-01
2.952376127535294992e-01
-2.067267630202325179e-01
-3.636227846835359823e-01
-3.929503842681330572e-01
5.339000998985035662e-02
-5.918432868747033337e-01
-3.136442483303705786e-01
1.775699241414875895e-01
-1.703266465057509949e-01
-2.617559305693551441e-01
-6.079438053268587661e-01
2.263945317600687679e-01
-1.696820745240673611e-01
-6.395019500945416935e-01
3.873454554180405518e-02
-3.929138442760293781e-01
-3.995737372194438919e-01
-2.711742006720087583e-01
2.187536296848359429e-01
1.915295018191839060e-01
-3.841553661170895029e-01
-1.532047379033157908e-01
-5.508246706039381969e-03
-4.829501659205513719e-02
-2.910181692709370438e-01
4.679602717031678960e-01
3.452750244599142593e-01
2.233478276182626343e-01
-9.293085657477372086e-02
-7.065167544852052339e-02
-5.791421340704023812e-01
2.991957367164131340e-02
2.500051341493323420e-01
-4.069098825326205038e-01
3.073189062122979043e-01
-5.261509616718737861e-03
-7.305864531560135600e-01
3.711085626430995488e-01
3.371479128255153723e-01
2.011280815268870759e-01
-9.095596381111323986e-03
-3.001141271154404433e-01
3.076704730730816517e-01
1.357038225809990006e-01
-5.471728390150825128e-01
-2.094384204364553581e-01
-4.068648232185624880e-01
6.005366717736473209e-02
3.274456111963072180e-01
-6.970073347278260556e-02
-1.108238465621117219e-01
-4.630950108525509062e-02
5.024764051473754739e-02
-2.401043628645515293e-01
-2.715322596753503848e-01
2.454698135124820102e-01
-1.214754742153769801e-01
2.697755648053103417e-01
3.770183100659172393e-01
5.078627226465370903e-01
1.001221193056144043e-01
-7.959505421193318053e-01
-5.088393018508944321e-01
7.380530662744656523e-01
-9.270360937339575114e-02
-4.897846112555271358e-01
-1.209915529044028049e-01
1.103427237824484486e+00
-4.110482068497176011e-01
3.983273343583959569e-01
-6.796516964638954494e-01
-1.974579035544703487e-01
-2.653089781348402232e-01
-3.462641658464572503e-01
5.817457076175035907e-02
2.079292697191610084e-01
-6.581917246508030006e-01
-6.319593942718482182e-01
-6.477589651704375451e-02
-5.531969625543584623e-01
-2.130151256036350860e-01
2.545304780838613667e-01
2.435244536242522351e-01
1.437044195880022024e-01
1.467076932923522814e-01
3.533646791539903163e-03
3.449201813691241680e-01
4.719326225846917633e-02
-3.270434290257389631e-01
1.040877846539552398e-01
-3.217948740362761018e-01
-1.355498833598931530e-01
-1.917449400810674609e-01
-1.666432286147665962e-02
-7.625477358778661729e-01
4.091335769128542355e-01
4.997633356820639361e-01
-6.539921465703965042e-01
7.440996080752940722e-01
5.216108729036638136e-01
2.879912509056311021e-01
-5.177318971200269848e-01
-1.549658404632920337e-02
4.700193154219539093e-01
-3.338520372826073723e-01
4.277885389363291768e-01
-4.827649921194939187e-01
4.522782617899841484e-01
7.541789103834141417e-02
-1.218153724554968731e+00
-6.734219386486993697e-01
-1.656680809115553543e-01
-3.712436982065615843e-02
1.829807763247195684e-01
8.074810777804646289e-01
3.026368163677856452e-02
-2.158581046726137931e-01
7.953042563354063843e-02
1.402873404115752287e-01
7.874675627156350888e-02
1.506198272421722384e-01
-3.421764766429370025e-02
2.047727138717858608e-01
9.965185212174434981e-02
1.966058504684900510e-02
2.014576826207229443e-01
-5.929236225954535866e-02
-2.109922498794886137e-01
-3.660810605126769701e-01
-2.656050625445369878e-02
2.423821568436868024e-02
1.261700627496502303e-01
1.054777133164784553e-01
1.363926189754021412e-01
-1.462805413269586442e-02
3.046674794716830795e-02
3.803441438199391955e-01
-3.070228246479423384e-01
1.595454614597604029e-02
4.489646765950848772e-01
-1.485183537363998774e-01
1.630701150422613210e-01
1.045077932393567166e-01
-5.645043333490248338e-01
1.829843094412087479e-01
-7.322092530364372465e-01
7.323782421397138920e-02
-2.967754695625100525e-01
-5.134912644907561052e-01
3.400395328618526225e-01
-1.218207504233550287e+00
-1.201331520392767138e-01
-9.195352679769516757e-02
-1.063945563747829226e+00
5.794844950821720353e-01
3.156524921684233931e-01
3.073059488881915158e-01
-3.790181689608606574e-01
7.763359394406738230e-03
5.673420834997833923e-02
-1.266795168591150211e-01
9.883581378002825879e-01
-1.372581622697317816e-01
1.023182016396332328e-01
3.821590402657142754e-02
-7.930225563893478213e-02
-1.843415343184416355e-01
-7.783648381504668645e-01
1.041176720093591468e-01
-7.787901842390757556e-01
-3.273662673631995701e-01
7.861007497328055260e-01
3.495119593681809272e-02
3.856312581591260155e-03
-6.895547089719437084e-01
5.893210105508446539e-02
8.656967469845968655e-01
-4.634153622588323973e-01
1.298657816439096335e-01
-2.276790829471268540e-01
-3.577615289478752736e-01
6.837901281129031561e-02
9.084501539128170267e-02
2.086558417900823692e-01
-1.719339103195314522e-01
3.718081930982303912e-02
1.917547511277446493e-01
6.099441295865054569e-02
-1.831549094957469481e-01
-4.472339999547459977e-01
-5.959268115720081638e-02
3.969002060766759626e-02
3.184077743817221445e-02
-2.655667344684830566e-01
-3.749643616404271240e-01
3.108803184039075074e-01
7.683968583283040665e-01
-9.511018603897544721e-02
-2.591868027750700021e-01
5.086133981369734408e-02
-7.362935446348115032e-02
3.254806857322822128e-02
-2.500155336565861863e-01
2.080133282313239573e-01
7.006194345333409401e-02
-6.168014031717313772e-01
-5.880282115982844449e-01
1.731100488602500265e-01
1.157253599531842501e-02
6.264211577083381721e-01
7.870216016758609934e-01
-7.641534165289363134e-01
-4.004122569165751155e-01
9.443318270729751662e-02
3.288412695287409870e-01
-5.743085378728986223e-02
7.794021716164312163e-01
-6.610342711052245857e-02
1.762113859082732326e-01
-1.666300605313691648e-03
1.747888583882303837e-01
2.835576263842719547e-01
4.798321681912161574e-01
2.900929395965443081e-01
-2.749912395205224569e-01
3.468663480632382945e-01
-4.396447277958971667e-02
-2.031156774547512034e-01
-5.901750781468143026e-02
-2.620842200132372790e-01
5.105448769720254409e-01
-1.618520018397609783e-01
1.631351516831058834e-01
-1.384443340424242053e-01
-3.452042831464846584e-01
1.113314941473333639e-02
-3.208250151492739177e-01
1.356093842858179313e-02
2.062476460384843058e-01
5.900107843856950557e-02
-7.059763928085314999e-02
8.947762194467608066e-02
3.657971753616362509e-01
-2.561517789040700099e-02
5.621414426770201533e-01
8.695441318129340513e-02
-4.981468851665663000e-01
6.978197262343220908e-01
-4.420594006740281162e-02
3.063121396999277657e-01
9.590432234660594135e-01
-1.580758643418151421e-01
5.070418123710273423e-02
-3.302101037673579320e-01
6.753638624501842602e-02
6.282709180233354840e-02
4.822256735101101421e-01
-1.473577334347398182e-01
-3.373825204369443331e-01
-6.017240067056718600e-02
1.237235835762639791e-01
1.894844679063227566e-01
5.961114287236313203e-02
1.546097047643848199e-01
2.303232028441049850e-01
-2.141200260522012899e-01
1.380597738555587595e-01
-2.817712683964527787e-01
1.191262296921763997e-01
1.533171278164282003e-01
-9.580536597895135398e-02
-1.495348254707575542e-01
4.103880253502783515e-01
2.033269874005311506e-01
-1.805326908252750939e-01
5.755014228631775280e-02
2.921674625328185559e-01
4.084792897803533884e-02
-4.953843226617473672e-01
-2.865281665361620322e-01
-3.177592061005986013e-01
1.775901510825666774e-01
2.260259262641710898e-01
-1.210228495110771268e-01
-1.154921385488992813e-01
5.717754978486649237e-02
-9.683405786105746260e-02
-1.261692233699799048e-01
5.055340159136152423e-01
-2.804134165877614771e-01
5.349144827544899394e-01
-1.493258482783364482e-01
9.516255682200697175e-02
1.140323205674335649e-01
1.036136922303100838e-01
3.397272490284116570e-02
-3.919493538071486260e-02
1.892660420643282049e-01
8.266828658096720961e-01
1.388734152908317698e+00
2.607384887701525988e-01
6.947063549905060920e-02
2.423734701415333204e-01
5.517175947517306556e-01
-1.262396953718776027e+00
1.364715037818222398e-01
-4.011092142794404625e-01
-3.795755456253490645e-01
4.703624181160400708e-01
-2.415966056796969852e+00
-1.596430084709174135e+00
7.654290622580967041e-01
-1.787052252365989025e-01
2.184866557113550670e-02
-2.684226517896875011e-02
-4.460905352726875495e-01
5.178316722231092184e-01
-1.858372038134377680e-01
9.218783778732905776e-02
-9.750868959535004266e-02
-3.569400599799257834e-01
-2.775503098515845202e-01
5.108657086656169799e-01
1.082304094131914390e-01
-2.220300093675945940e-01
-3.493512534428948602e-01
3.647973470143620056e-02
4.376661018058592423e-01
-4.080238969279973982e-01
-1.177780685837298336e+00
-5.899055645301594097e-01
3.688879518570016836e-01
1.775390741548105167e-01
-1.199469544672881749e-01
8.364292052628419238e-01
-2.995414985325273172e-01
-2.734514590220771257e-01
1.318843427814561375e-01
-3.741962138574980723e-01
8.987602781195161428e-02
2.232554029595653355e-01
1.195338903446071105e-01
-8.793373247981786656e-02
-2.951179314803968612e-02
-6.391774177979235860e-01
1.845438260854003754e-01
-2.505983236548702808e-01
1.978856401240740026e-01
3.492368817272762382e-01
1.240102509060853342e-01
7.927006187579346275e-01
1.462113791832135579e-01
6.175199803576534446e-02
-2.418085460401390996e-02
4.059791407303184885e-01
1.961823568899601078e-01
-1.103369182274200888e-01
-1.800255896420873691e-01
2.272706751629506028e-01
-1.994638286974025621e-01
2.536208906005951377e-02
-2.379714795631453217e-01
-3.725141086926844064e-02
1.902264741990986607e-01
-4.682218998374643726e-01
1.393810476501987916e-01
-7.355897771138844021e-01
1.094267500724765418e-01
1.864800805836830666e-01
-9.259224179117472309e-01
-8.192138834690279037e-01
2.204943168645065454e-01
-2.797838182301154442e-01
2.978973808216047736e-01
-4.696795489738618545e-02
4.263027783315952862e-02
1.091032823063431828e-01
3.009685901469965064e-01
6.810035928048220610e-02
1.759448666435424469e-01
5.537795836812924727e-02
3.102719956451411784e-02
2.355793717937930132e-01
3.962518814806847423e-01
2.711227816712604710e-01
4.093142103097094919e-01
1.917067776156921310e-01
-3.648240586220142800e-01
1.684416758900605104e-01
-6.597669690635061812e-01
-2.972751929313144359e-01
3.630152636545493777e-02
-1.425561530760019804e-02
3.977978254450833528e-01
-2.178336222857199609e-03
-2.925645915048559129e-02
-1.852900066508796906e-01
-1.553758649473466202e-01
-1.398746210996941297e+00
6.311371925046888043e-01
-7.961575712215223088e-01
-3.576577180224022046e-01
6.724223261427308973e-01
-1.051792509566110478e+00
1.273010155397409360e+00
3.525648110880248987e-01
7.686513608884913973e-01
-1.903644710489739378e+00
-9.187004500744387625e-02
1.049942039314118336e+00
-7.952044338191534001e-01
3.614806718131637342e-01
3.870488378966787518e-02
-5.359576401008968594e-01
6.943178554793680846e-01
1.374721938448067449e-01
3.571579166973111175e-01
2.959005130145148099e-01
1.087255255805656406e-01
