-1.405454913470657097e+00
-7.026075520817092190e-01
1.393460403529248381e+00
1.904535922682699001e+00
1.289133699927543231e-01
-5.961861322209316416e-01
-1.245399879146781963e+00
-2.534020572405305316e+00
-7.576784160245323418e-01
1.755050011580655989e+00
4.498490492476216879e-02
2.336834615795122527e+00
4.903466501165128222e-02
-1.504349210869659670e+00
-2.501525173185268347e-01
-1.565772214772828130e+00
-5.582747615628642635e-01
9.691936988008472698e-01
1.042209767778799590e+00
4.181051047690287348e-01
-8.641303148584514315e-02
2.179570452170059569e-01
1.926480919247674839e+00
-2.445370471981352378e-01
-4.217928370761577783e-01
-1.904211067525613421e+00
-2.097877038286134754e-01
-7.090989849182993687e-01
-1.979480803247678722e+00
-5.261696252392068784e-02
4.944932780920195392e-01
2.385479179269577532e+00
3.394196431247786250e-01
-4.297160681066883869e-01
-1.667283279387099970e+00
-1.393174372380217019e+00
-4.005236051580840506e-01
-3.630461122302115484e-01
3.162992552952120784e-02
-9.608412689977564591e-01
1.525271876531395732e+00
6.241827852519064024e-01
-7.884952167227531061e-02
4.189289714392667174e-01
-3.107675697204025922e-01
6.347549238026102374e-03
-2.047703516532045978e-02
5.707366304734889928e-01
-2.933204597340718367e-01
6.772383307944306319e-01
-7.402098436357366085e-01
1.108312945473130640e+00
-9.308948738757563679e-02
-1.129672187774633050e-03
-7.129422906787507008e-01
-1.051434382817381330e+00
-2.528926812864225604e-01
1.433221878792507065e+00
-7.432555666350542101e-01
-1.418764717460537228e-01
3.354772947517749015e-01
-4.544809372876086329e-01
3.920771715045777150e-01
3.356340588853135715e-02
-7.636167661694285291e-01
7.537813827851008730e-01
1.312283792798187854e-01
3.330125603723421701e-01
-1.240005461577790707e-01
2.683117793957031094e-01
1.595279055027669923e-01
-5.501581163119804163e-01
1.047788660676366862e-01
4.832114155886152451e-02
6.668974217280895789e-02
-8.173905538786643832e-02
-6.571966282446959351e-01
-3.783189688321749594e-02
1.752212832719394348e-02
7.963102050267920617e-01
2.576790427571620246e-01
1.778215264218481750e-01
-7.867255528464065506e-01
4.711243047118062743e-01
-6.637067667685506711e-01
4.720907639529635658e-01
2.103137046359710993e-01
2.915470344858874241e-01
8.897644368375087209e-01
-4.631365935266892331e-01
1.476070056461115665e-01
-6.822355807849036502e-01
-2.214955479514435221e-01
5.117769071703767020e-02
-1.597872997411668439e-01
-3.511557305503622550e-01
-3.754426997152490730e-01
1.560343020922618507e-01
-3.535357508147527472e-01
9.723386072777490119e-01
1.987273401007769169e-01
-5.795182224147832351e-01
-6.311686567872282216e-01
3.829653386714637620e-02
-4.612166520320370999e-01
-2.773322363162001869e-01
4.987289511013929255e-01
-3.627365451223199533e-02
6.098151485068074862e-02
-2.376984394046936511e-01
-9.696794625613859575e-02
6.026893159288002240e-03
-4.075294252428536823e-01
4.703263474281957901e-01
-4.155926528318976132e-01
1.802213302085895752e-01
-2.654803737746499331e-02
5.976464803420599159e-01
1.392215864669228698e-01
3.936289985497382071e-02
-9.559202483379265480e-01
2.231541613690184722e-01
1.419438563241015361e+00
-8.132087317949233674e-01
8.923194738958872829e-01
1.871406535474367250e-01
-1.769477550718216441e-01
-1.355310702676705559e-01
-5.395373892798651649e-01
1.288465921210071752e+00
2.269132723142942842e-01
4.933069087454035606e-01
6.044699607375566552e-01
-6.697853355895765359e-01
-1.310985987318248891e-01
2.833217704141247628e-01
1.822667970707416929e+00
-2.939217901354250206e-01
1.292755420000493816e+00
-1.375561689983190616e+00
-2.963380331327249428e-01
-3.938110057882727721e-01
-1.518249074752735073e+00
-3.452885430503939146e-01
-2.816971060766156887e-01
-3.403197883097919818e-01
2.709124831557239155e-01
-5.892278801380090858e-02
-3.680245303346620367e-01
-9.936789832726380944e-02
2.192714369589830181e-01
9.830695047439341749e-01
-4.895309597083561948e-01
-8.503106473613070149e-02
-5.777607866813604387e-01
7.205532979441813257e-01
2.177798953249779346e-01
-7.282964755872201046e-02
-2.268950510738343140e-01
-3.155030069025628325e-01
-1.883991935356385539e-01
1.158411122871916943e+00
-2.049050460800565243e-01
-7.289602920703180944e-02
7.320675788119483940e-01
-4.020443398683199582e-02
-7.817798328527809926e-02
-5.164092263470736466e-01
3.484295165117967108e-01
-2.968431056153738035e-01
2.450073980156015074e-01
3.470113539664524405e-01
-3.386486219674094134e-01
-5.772216362333500855e-02
-6.728885099195763830e-02
-3.055606880690981964e-01
-2.221661851449256153e-01
-1.731647975896755398e-01
-1.332170786297370013e-01
-4.358926201607368767e-02
1.902374766229102468e-02
-1.528000179291389427e-01
9.879640026722065205e-01
-1.458517765893584395e-01
-3.607293286309528058e-01
9.919099154671751073e-02
-2.163491976910072445e-01
-7.739314562654059371e-03
-2.255180568175174094e-01
4.405966402697999440e-01
-3.860270748102746508e-01
-3.196883171536872847e-01
-2.638178059054335223e-01
-7.282205963213379644e-03
2.593476772389392004e-01
1.715300595835031819e-02
4.014660936840817040e-01
2.952558134145171209e-01
-3.872264968161787807e-02
-2.910297300031400858e-01
8.259630805420858923e-01
8.159768446697718280e-02
-4.041579614980574942e-01
7.805986257227105485e-01
-7.140560800118027629e-01
5.174506424618368072e-01
1.311293283232453644e-01
-3.137366444556499712e-02
1.826263793000389435e-01
-7.771624418761111652e-01
-1.203345499000925689e-01
-3.789606130130682704e-01
1.426206474937897206e-01
-5.413915887660381704e-02
4.595463298613277625e-01
-6.452627218967247336e-01
-5.968139956304878702e-01
4.895099344699906097e-02
-2.506486422482164245e-01
7.419926000257583976e-01
-3.449615502832767966e-01
6.514431067457717717e-01
2.265748843985050665e-02
3.625349501281404652e-01
6.088320912234741478e-01
2.539571600073290414e-01
-7.987846438293727536e-02
-2.890948502705513179e-01
3.584071535440299661e-01
-1.157489917514101935e-01
4.530648164412598433e-02
-1.097081893577733502e-01
-3.261400988211624052e-01
4.930932740100417433e-03
6.747537972854772415e-01
-1.093817346782576694e+00
-5.787147150274174479e-01
-3.199904913421414698e-01
-7.289448217350227854e-02
6.397996890823809402e-01
-2.449456125995886913e-01
-5.038836457089812537e-01
5.298830333922673885e-01
-6.060971898224163379e-01
2.286392171690306008e-01
-3.501074267741074442e-01
1.089611978143663895e-01
3.765545134814373140e-01
-3.680392608655692621e-01
3.114483795969581470e-01
5.119614449633965586e-02
4.678092106442974935e-02
1.834028452962876143e-01
-4.538903821045651155e-01
-7.198400915384732812e-01
7.220100452796412993e-01
5.586771721709723471e-01
1.742863154249153779e-01
2.693299336252318876e-01
-9.561316909363726246e-01
-1.886242165847299146e-01
-7.108917330385486899e-01
8.647474239324212109e-01
-1.860452150427868157e-01
1.754619396609959359e-01
5.869228518068213968e-04
-2.819869799660826848e-01
1.062093353510269456e-01
-2.371063644149154492e-01
4.972266864976148670e-01
3.990967977845228526e-02
1.059184718037449596e-01
4.319138497434006629e-02
6.955411627873975267e-02
-6.096813254460473064e-02
3.118507888347800128e-01
4.354168346638115188e-03
2.314962070190675902e-01
5.629291366472106983e-02
-4.858525265706921670e-01
8.283399681437816908e-02
-5.910733941415356740e-02
-6.404667610828596036e-01
1.810886443943269253e-01
-2.736216664606116455e-01
-3.530845391909905040e-02
2.282625364797823964e-01
-3.803040317799342707e-01
3.298125352277931355e-01
-5.208057527113106877e-01
6.200901116155504988e-02
-1.249656623243834003e-02
-4.487712849877649457e-02
5.097726583310840942e-01
-6.720590195355503615e-01
3.185566670221330332e-01
2.266304735495499809e-02
-1.656671449898883264e-01
-9.003293850687051070e-02
-4.145725762483155608e-01
2.194763191197332541e-01
-7.161978811879452511e-01
7.717477034556513571e-01
8.322247393068674115e-02
3.158686372525560393e-01
-1.143263980338546787e-01
1.425318542601796412e-01
1.060343397205811555e-01
-4.477854407353921151e-01
2.617516283025097534e-01
1.705358943575546460e-01
-1.091543889236215314e-01
-2.991017990138306604e-01
-1.421787043612348089e-01
-4.139621891425737665e-01
3.911304004274565038e-01
6.247556512661518735e-02
-1.915175060148928132e-01
-8.632278525235902167e-02
-2.365375331062960218e-01
3.552154579290321412e-01
4.590713408703660930e-02
5.463947003923685930e-01
2.229013149871067745e-01
1.369265317222763678e-01
5.490645521748613866e-01
4.942949580761778483e-01
2.213793055566458667e-01
-3.281627238634103327e-01
4.045258524467283401e-01
-1.343647831570761175e-01
-2.923798174114569659e-01
7.163404959189161314e-01
3.124073816642208498e-02
2.657407994187527267e-01
-9.945119448624525904e-02
-1.925946111273194594e-01
4.576743174496943241e-03
1.205827726406167172e-01
1.691500263074084409e-01
-5.309049547407826974e-01
7.840598094218224900e-02
1.036834366971277177e+00
-3.640334685703248696e-01
4.319988260366192656e-01
4.745396533565998665e-01
1.717259364639139863e-01
6.767306160466999287e-01
-5.924255306949498534e-01
-4.061001241075490320e-02
-1.520792327962896262e-01
3.210244663345415694e-01
6.569637508379034749e-03
-5.047584361104088396e-03
-5.123355602554994365e-02
3.264494037093159662e-01
-1.886142891051303949e-01
2.565237079525470310e-01
4.234890225385343210e-01
-3.925083426363651373e-01
-1.115858270542918751e+00
-7.158293065306499114e-01
8.574463289424447687e-01
-3.761198115301931932e-01
3.384104134456923929e-01
-4.600020912250493144e-01
-1.446309809843961680e-01
1.242423816956925303e-01
-4.083144443119188227e-01
4.483620233689434853e-01
-4.101846080081062995e-01
2.949937526276666389e-01
-5.612598748834392998e-02
3.322177348218174203e-02
-2.021111737694870625e-01
9.573746465250997373e-01
2.225801852875080866e-01
-2.926979731197915102e-01
2.654264005703988460e-01
-2.842229991309786485e-01
-4.321732646879137413e-02
3.651038608403743835e-01
9.531999707588604265e-01
-1.374943310667553209e-01
5.341360098721275040e-01
4.138857260738117438e-01
-3.256248729397934194e-01
1.501961501392657661e-01
5.579375479589914200e-01
5.500662407515410912e-01
-3.392000804789690460e-01
-3.509139896702276329e-01
3.042644736388346871e-01
1.121286999697122810e-01
6.720779570623984789e-01
-3.332045464279679847e-01
1.200412528015322305e-01
-1.079549391457856750e-01
1.154230504303869476e-01
-5.578748737566334437e-02
8.852299099913302216e-01
7.633443531853162378e-01
-6.681124373900572122e-01
4.817762880657777136e-01
-2.014369877852200119e-01
2.315188592773727849e-01
3.350508755078371870e-01
-2.815334919721508289e-01
8.535043820619194754e-01
-2.515305280091872930e-01
4.014794235579643433e-01
-6.275859798166978365e-01
-9.685154588971865708e-03
3.719352281025669060e-01
1.951153908936651138e-01
-1.006484177133788904e+00
-3.841917705947558437e-01
5.511756092814644736e-01
-1.359995427079403740e-01
6.085232231160254690e-01
-3.327900787525167603e-01
-4.282672221982450900e-01
4.070656068392544680e-01
-2.745579596144157031e-01
1.220690968835705659e-01
-3.031210557282252860e-01
-1.555647096344092428e-01
6.197848718575177385e-01
-1.135736560911826620e+00
2.915912686717204716e-01
2.998831741954012808e-01
8.333318606578509202e-01
5.032174760521744561e-02
-1.130026301627335139e-01
-4.791747842127779822e-01
8.744798271210985074e-01
-2.954800013906292919e-02
4.009805482127350440e-01
-3.139172894848122897e-01
-3.658562536629109130e-01
6.156503639745440626e-02
1.150258064685064863e+00
-4.882969679375684380e-02
1.764066147143693586e-01
5.382450366297717448e-01
-3.522763268200470449e-02
1.698902170280706392e-01
-6.207970114725404054e-01
1.864055869231908691e-01
4.075948827249059048e-01
-1.176083186594418101e-01
-1.045252871021729174e-01
1.200863724637039470e-01
-8.755396762497637264e-02
1.307893743688939570e-01
-6.368110974047543893e-01
-1.139506308817357094e-01
-3.883454542795761882e-02
-2.509892113988119733e-01
5.558133874589481493e-01
-1.986215678125607675e-01
-5.276348627007292347e-01
-1.856841319377935395e-01
1.769296856108777127e-01
1.521740810717706616e-01
7.338719199878315225e-01
-3.589220318092729012e-01
-2.771443274707988680e-01
-2.635707659208557097e-01
-4.444045234081292484e-01
1.919514691014047036e-01
-3.902405644214720359e-01
-2.539820333314282141e-01
-1.146103553385510732e-01
-5.755945987800145103e-01
-1.880729952687994287e-03
7.013411928112044391e-01
1.092896118331290398e-02
-2.547490264890380773e-01
3.656582605312585499e-01
-2.877487257063259807e-01
5.471868096583407670e-01
-7.408134859910092684e-01
-6.818719826231292025e-01
2.148532833870241132e-01
6.348242327059085144e-02
-5.180139081484512742e-01
6.789002154496208419e-02
1.140084972372507888e-01
3.294939260742560383e-01
-2.068336397068956944e-01
1.915894415931842371e-02
1.706441692327676299e-02
-7.387439700294523570e-01
-6.518749701664290630e-02
4.857919581754366334e-01
5.826370810849654802e-01
-1.667407063392254696e-01
4.559460688853542720e-01
1.294702764341805756e-01
-3.236474600813104008e-01
-4.391700596290317588e-02
-4.987727085187865228e-01
1.234296756160524033e+00
6.175156330158348972e-02
-2.375920886015202016e-01
6.328214284537671264e-02
2.271557613428121236e-01
-2.565666882386189451e-01
-1.468566460489729997e-01
7.956069205829924273e-02
-2.193719714557323675e-01
-5.907434905415618331e-01
6.065746386127860434e-01
4.479643919543146446e-01
6.014327862206478997e-02
2.658495560128981694e-01
1.234595150900458065e-02
-2.390703740728525872e-01
-2.395129494613609245e-01
2.855763260620596267e-01
-3.719669349156468074e-01
7.447384668383708051e-02
-2.608780772796340797e-01
7.091654652003036574e-01
-6.301362704309375617e-01
1.043501035483036243e-01
4.520746547620164146e-01
1.414345591884728637e-01
1.148156250723850053e-01
-1.075548851204220641e-01
1.639224685436842244e-01
-5.305591407906544710e-01
6.539325350323078601e-01
3.016165206709263136e-01
1.541156043408735687e-01
-3.219363294230773165e-02
5.049406604776447011e-02
-2.997485680088611271e-01
-4.160867410470299732e-01
6.251366397774126005e-02
-1.130654510144593894e-01
-1.132449207774955252e-01
-5.245874703292137120e-01
-1.455447082643758216e-01
1.459658203480146410e-01
-3.508987923674556364e-01
-9.549774471879446391e-02
-3.530540831586521100e-01
-5.281137935500330727e-01
-2.322231656738045491e-01
-2.514209095993388265e-01
1.643251662833851157e-01
3.720187352674715342e-01
1.904170447480093772e-02
4.210581998210359278e-01
1.332026371266843978e-01
-1.581611446105302826e-02
-3.245304629112265582e-01
1.764204901178497154e-01
-4.794551156909728218e-01
7.005920186171997466e-02
-4.720735485774004564e-02
8.532587329969230083e-01
6.289840107691635485e-01
-7.241965136970057726e-01
4.519876567180896032e-01
-4.539508944350741371e-01
3.734276498309593850e-01
5.961092673037836631e-01
5.609400686532006741e-01
-9.420155212112214516e-01
-9.378664835878780526e-02
-8.494993043798471088e-01
1.670223470280023104e-01
-3.486516310766808457e-01
-2.451840461346144751e-01
4.627650320172483484e-02
4.243188470951630431e-01
-1.776258538883243310e-01
-2.981401638901515216e-01
7.706832633951756772e-01
-8.823053492304618883e-01
-2.945579721353500102e-01
1.041695562292174637e+00
-2.256680751004531416e-01
-3.030945653996236500e-01
2.903633862546615707e-01
-7.561539680817835896e-01
-4.591007852850734761e-01
-2.052614002594650433e-01
1.791981914328144576e-01
-4.128834034983376866e-01
-3.125786981154475841e-01
1.994194292756270859e-01
-2.107018044927951306e-01
8.656726255385056856e-02
-6.221720730119121440e-02
-3.210242392604212847e-01
-2.916452183786757413e-01
-3.495929427613355123e-01
2.576442746575550724e-01
-1.552249090531845621e-01
-2.680217247698802874e-01
6.582193306710990011e-02
2.147990326329906885e-01
-2.535445725736130140e-01
-1.241684836021732519e-01
9.033643563252227726e-02
-2.527729674376653635e-01
2.962482742813952324e-02
-1.402240531228945430e-01
-9.380350585542315822e-02
-1.017268176609781083e+00
-2.415773151417633380e-01
-3.679116933690484981e-01
3.446398232222121494e-01
3.260233387036521290e-03
2.425125104765128992e-01
-3.287632786741717661e-01
2.489413728327127540e-01
-8.759584583491004939e-02
-2.003864267289548473e-01
-1.526389318318268351e-01
-3.259310357420101556e-01
-1.105242138356856557e-02
5.299644284246595172e-01
4.355284421056817012e-01
5.554289406762267234e-01
-4.269315179344997102e-02
-2.443448882022658530e-01
-6.238873251323228536e-02
-2.656398180646427631e-01
6.435554884812679788e-01
-5.328755806210570649e-03
-1.448498216519651938e-01
-3.289806999555944245e-02
8.024969853298699607e-02
-5.244534048432255569e-01
-2.378726153657450271e-01
-3.163993504774206267e-01
2.116927761273194597e-01
2.038158035000345314e-01
-3.092727172349015174e-01
1.420456005891317652e-01
-2.318156024004825733e-01
-6.015193731366677010e-01
-9.348774712322722724e-01
-5.514344510235655861e-01
-4.568836692793957766e-01
2.121732880082900508e-01
1.185162355970691417e-01
9.596139353172837561e-02
-4.427899766503079482e-01
-6.863328898030625347e-02
8.537805043132656868e-01
-4.656305914269657786e-01
3.116101566227302277e-01
9.656447023641502314e-01
6.837720969526717152e-01
-1.301018893341479299e-01
1.562672699412738786e-01
2.451090730609020996e-01
1.576451351851140548e-01
-3.527860260227130285e-01
-1.048165022207793173e-01
3.903742886385255795e-01
-2.460835024958368811e-01
4.495696219457691600e-01
2.508466999230095640e-01
1.723535016953237353e-01
-1.498804211886846094e-01
3.192885598644388256e-01
1.133099502628942545e-01
-1.738691329821349385e-01
-4.188925338382143426e-02
-1.002157349936168285e-01
-1.344783482714388412e-01
-1.436737089881555685e-01
2.271287242092628333e-01
-6.265740226946031610e-02
3.827659019523003692e-01
2.936997783476718027e-01
6.602288972085441909e-02
-4.522298755116013064e-02
2.133582946180212492e-01
4.031829744993127296e-01
-5.612042316504307210e-02
-3.943214683913974228e-01
-4.627598197725136808e-01
3.797530046728598840e-01
1.770491167031169044e-01
1.749635045493829269e-02
-6.519920073877096822e-01
-2.457678971649852190e-02
-2.204839038222275449e-01
-2.567474554026190070e-01
1.823002060869434449e-02
4.213644592041139170e-01
8.484336672933630308e-02
5.974302363233242874e-03
-3.393191711124430437e-02
2.309776512995489195e-01
6.015550274808286746e-01
-1.072285994243409868e-01
-2.326827484982140204e-01
2.674562864907403248e-01
3.488752010912709034e-01
2.521850073646501600e-01
5.098504375153561918e-01
-1.151073860456338915e-01
1.331496752039791065e-01
2.779390734939337637e-01
-1.005060324446757081e-01
1.558259824851884918e-02
1.948031197520871602e-02
-2.295458350479502030e-01
3.784010459907488633e-01
5.249276645213911408e-02
1.069731981375552782e-01
1.126693506116587529e-01
-1.200884948735538998e-01
-2.388543858989396751e-01
-2.937677613880088634e-01
-3.295095015907759106e-02
4.543831552915013339e-02
-8.081824275093822674e-02
5.475252251052509234e-01
1.377485949361570150e-01
2.377100368672617481e-01
-2.399945219427044307e-01
1.748007420558722602e-01
1.231038088697344879e-03
1.855768967357082078e-01
1.779287698011871310e-01
-5.319512307298921439e-01
2.741306426464646950e-01
-4.079708214123805576e-01
-5.484450209692490752e-01
-1.766693501556650392e-01
-2.744806220889115522e-01
2.174026704303632651e-01
-3.269545501834369983e-01
-3.779761588347778645e-01
-2.124036734746762023e-01
-4.236001612057040122e-02
-3.904631370078433528e-01
-3.920458972750315296e-01
-3.652670230780350469e-01
-2.738313359907354819e-02
-8.624425692512956154e-02
-5.026474104364967443e-01
2.507896180971221356e-01
-9.867480859046499075e-01
-2.945339741768586705e-01
5.911249812090273448e-01
-1.252070898202804761e-01
1.122653301037573048e-01
7.020967453799213942e-01
4.058003337971573532e-01
-4.512723565866548769e-01
-4.725550510926681547e-01
-4.407140232397154245e-01
-1.381912598767674472e-01
6.019103684316667868e-01
4.123783510379969153e-02
-3.794884060872117382e-01
-8.009864954615944499e-02
-1.840275729305628494e-01
-2.918138161783885853e-01
3.632994527824787157e-02
-4.259219928542759548e-01
-5.359244849506137331e-01
-3.033940673494450041e-02
-2.549151581814522727e-01
-5.530302179182192690e-01
-1.029313656492879814e-01
4.596606077319757011e-01
2.440749034832424558e-01
-5.589172651945899517e-01
3.653507673611728901e-01
-4.280960640159927055e-01
9.133417266831612702e-01
1.338383907440657272e-01
-4.955296500648081470e-01
5.472468305182422998e-01
-7.481295682703693883e-02
-3.644992474593287679e-01
4.265777708382928468e-02
2.490741576602691909e-01
-4.208562104046489338e-01
-1.838316548627755842e-01
3.959286954832975103e-01
9.116988481102754616e-01
-3.155623453904720654e-01
9.335848403070315382e-02
2.184762851981952025e-01
-1.160720948245755335e-01
-2.268975142347545160e-01
3.680129463260118361e-01
-2.274928569795195421e-01
4.470722027521596420e-01
-1.814595089306281772e-01
-4.176798091320156892e-01
5.446022292676306886e-01
4.088043637669791508e-01
2.096177097675614720e-01
-4.104464523265033971e-01
-1.549884551428833690e-01
-4.883560425514318348e-01
3.847935551892046058e-01
2.568379207233845718e-01
5.184931551568969788e-01
-7.757098173882572834e-01
9.197631859500574047e-02
6.556664312339397505e-01
1.194862424805120671e-01
-3.758028799302830514e-01
9.045594287494925778e-01
5.491201973739884279e-01
-2.892608967614415313e-02
8.183033626082393541e-02
4.827626308391057969e-02
-2.847043746178928858e-01
5.357465743002104430e-02
1.654270007939927234e-01
1.634030766226924614e-01
5.446872085526131835e-02
2.613816885096060805e-01
4.192811072583374488e-01
-1.541933884611704220e-01
2.824747001935874469e-01
-1.747840977612938052e-01
2.704936183006679817e-01
-5.741526938721648321e-01
-1.768871856886685412e-01
-1.343448129691702137e-05
1.443493228911532818e-02
-4.751587814962229470e-03
-1.967942835509010890e-01
-3.003797249411177192e-02
6.032859295419980283e-02
-1.538183872352386419e-02
-9.130352843295638787e-02
-1.388273184483154732e-01
-1.506219713600374099e-01
2.350834131843581309e-01
8.676803681785873190e-02
6.032929745321974346e-01
1.903988276544968106e-01
-6.133987225309168734e-01
-1.456153101541846073e-01
7.827014007532513695e-02
4.031351444470306356e-01
3.890249008065890246e-01
-5.750293110147322029e-01
1.177175254658386350e-01
1.200711439608860426e-01
-3.670642680412284919e-01
-5.616235264414508599e-01
3.347108560239484554e-01
1.673424033529657406e-01
2.066208270973722561e-01
-5.322584034071476955e-01
2.049787854963211753e-01
9.370430232830102568e-01
-1.266470168512260797e+00
-2.872027097472646950e-01
-8.100692929642803186e-01
-1.381845451981814410e+00
-2.299352980388926770e-01
1.486512964529239922e-01
2.335131784053696979e-01
6.319207706827220106e-01
-6.679191605634532403e-01
9.691824030636937426e-01
1.457742768614570250e-01
1.638910940496354496e-01
-2.584438510861215565e-01
5.491699244289556248e-01
-2.272489678431682258e-01
4.090731537093236225e-01
1.422601496528974954e-03
-2.464777294279245912e-01
8.336587620031911394e-02
-5.462974393614329349e-01
-3.018764000190253260e-01
-1.404587312344054428e+00
5.947363920949701697e-03
1.241434625056969387e-01
-1.318352062116286694e-01
5.162741455120400946e-01
5.587959650003559986e-01
-1.050473019782899531e+00
-4.679676094534347963e-01
-1.310341551959813833e-01
-2.631736449856044158e-01
-5.999360198428876911e-01
1.800853604812374664e-01
6.942333222735778131e-01
-2.466096792294489859e-01
-5.475851742315775983e-01
1.140719922732369440e-01
2.983310001657659694e-01
-1.361593651676612227e-01
1.006850842212830277e-01
-4.973183393165799826e-01
1.269794044384866261e-01
1.647655140806462137e-01
2.271632648911836860e-01
-4.915138562863639871e-02
-6.822330114046123439e-01
9.259216787695728756e-02
3.804065378671633857e-01
-3.702688933305983005e-02
-4.633824815796086516e-02
-2.735923054184928871e-01
1.475197132263476041e-01
7.847346586684088299e-02
-1.160811337808162758e-01
-6.485583593226920684e-02
-5.678177003205595041e-02
8.096330407330151191e-01
1.555706082672438650e-01
-2.378002832367945296e-02
-2.850975229348600704e-01
4.744757617924186960e-02
-1.696280182247799362e-01
-7.331111855436420743e-01
-2.526151149159854281e-01
-1.213431783423100763e+00
1.043405014195444291e+00
5.404773106004094885e-01
-1.563186409593282644e-01
1.087679370257649131e-01
3.866488262281392307e-01
1.210965963831636266e-01
-3.458324868622535408e-01
-5.194712990582803780e-01
-1.726235031287813027e-01
-4.192368653852611426e-02
-1.336266043727010189e-01
-2.254857520295625306e-01
2.187418759749539809e-01
-1.111828353390024726e-01
1.056353643987818502e-01
1.682676256736642950e-01
3.997332441758477684e-01
1.862482486306537566e-01
1.209837409730768476e-01
6.157918428941908662e-01
3.082602278233326221e-01
-7.582026892046409006e-02
-5.776848632050038401e-02
-1.428343392842340576e-01
7.348278448260185947e-01
-3.983795346794930525e-01
2.587716642572225334e-01
2.035384281374713056e-01
7.368398711171577631e-01
-9.028106838387460753e-01
-3.406123298999251814e-01
1.379777865950453652e-01
-1.192535890594457193e-01
-1.798277309561627235e-01
4.659222325469488668e-01
-2.527907477989662643e-01
1.916130252628982233e-01
-3.704680050431841121e-01
9.196697030439333898e-02
5.121082947479450587e-01
3.889714747500518932e-01
1.459425502840417388e-01
-3.265255298442661797e-02
-1.956503083044180691e-01
4.054281970873441221e-01
-5.210990859316847468e-01
2.779093229856309868e-02
-4.319215790052260214e-04
3.274452533783577812e-01
1.441899269754212953e-01
1.841378806235793586e-01
5.586109329642947596e-01
-9.198258549550857033e-02
-1.279672118239649492e-01
-1.569997920355865051e-01
1.814451440476803623e-01
1.348922876429738127e-02
-5.784482981651041245e-01
-2.484874309299255346e-01
-4.669321626243023160e-01
-7.105858307158471020e-03
3.608044586415317112e-01
-1.533100426265146254e-01
-2.641246997484115178e-01
8.861739038009569872e-03
3.355901680395751430e-01
-7.307549840241409633e-01
-6.590023004923836747e-02
-4.305085983782165893e-01
5.630038047501147169e-02
-1.269166943716387941e+00
1.713401727098139149e-01
1.898701545376526856e-01
1.148133798038399461e-01
-4.814645491406228106e-01
-1.399718354708126555e-01
2.930733320218134041e-01
-2.988413867435378846e-01
-2.285853192675455781e-01
-4.502535908359391326e-01
3.240278162166610465e-01
1.901501805182875260e-01
8.871829890626153903e-02
8.298276667396833894e-02
-1.037216510579527934e-01
7.847334392043188167e-01
-9.856511692542284375e-02
-1.279155894581019137e-01
-6.049551484076058916e-01
-1.691392617106587948e-01
1.484448770251342586e-01
-2.876258624561283672e-01
1.324918646446229809e-01
8.394258153879906315e-02
5.462009287215453118e-02
2.494732823522499143e-01
3.100665788136812151e-01
-3.541178643164392126e-01
7.378576156318711332e-02
4.910521310722900656e-01
3.246927202109289312e-01
1.075930373781789628e-01
8.504871705284992867e-02
-2.038186184258380107e-01
3.122284898332272629e-01
-9.305313289288635881e-01
5.339128215796649091e-01
-4.230678007686136111e-01
7.053770414235280839e-01
1.176513989257199355e-01
1.694380213456678774e-01
-1.908106146773643763e-01
-2.900951957453669627e-01
1.897851884223157315e-01
-4.051498795899763916e-01
1.155603403658160382e-02
-2.211661022319291459e-01
5.245314904845033155e-02
-7.317673326503829068e-02
4.204146304692861214e-01
-7.724210619632684294e-01
6.389314766463830009e-02
3.497613250824566089e-01
5.184680555536235191e-01
5.576044803706357023e-01
-5.692246917791518035e-01
6.312608034084785102e-02
3.259707528058614079e-01
3.200465004089328436e-01
-4.105508611509302297e-02
-1.191654804124290257e+00
-1.241020067192600163e+00
-7.465290058961973618e-02
9.408771718660918770e-03
-2.118568101021899019e-01
-1.317815856727403423e-01
2.578694040100059093e-01
1.122876825932100031e+00
1.062722013022158407e+00
4.717089281342774498e-01
-7.687358593420233754e-01
-1.087551343952172650e-01
3.779807904619169046e-01
2.350258488601213169e-01
-5.366652407450963613e-01
-6.783403113216990299e-01
1.401679891601037564e-01
-3.550828082398411745e-01
3.744798264420056699e-01
1.734906077655766210e-01
4.652298958137512236e-02
-3.922657009017335161e-01
3.940470227617627330e-01
-2.660799598396746193e-02
6.418237852866456872e-02
2.018364889759154956e-01
1.093840647539669753e-01
-3.612516681745168295e-02
3.023920738413582443e-01
1.300556670841696016e+00
3.660376245980130339e-01
-4.592726653426669747e-01
4.003633486152103904e-01
-1.849614072182361735e-01
2.278660775420742746e-01
-7.074350386103820387e-01
5.357332756160483322e-01
2.138732446076762606e-01
5.527694584500257857e-01
-1.248147984627872575e-01
8.750329375834564605e-01
6.454372044442020784e-02
1.280628746794317263e-01
-3.481881420945791283e-03
9.015191464722752679e-01
6.327813714538779166e-01
9.148980299455247711e-02
-1.714644139124315778e-02
-5.351093618640523353e-02
6.304440606753906051e-01
-1.229953836851992582e-01
4.308443520600844234e-01
9.890893142694980045e-02
-1.192320394501791489e-02
8.564195787422569373e-01
-5.479587878273610713e-01
4.027883838991855314e-01
-1.139327299833731710e-01
2.993686217871819877e-01
2.238957454490272669e-01
3.684692785482744926e-01
2.034370124274219038e-01
1.068009580418235738e-01
1.660028656489396289e-03
-2.169157852069365233e-01
5.801356050308552337e-02
-2.212413690672126454e-01
-2.643961797174115280e-01
-3.577583565759765438e-01
-6.129007251318208116e-01
-7.782426470670664176e-02
4.613367251674805464e-02
1.842680687734012113e-01
-4.026031925407659307e-01
-3.421237639785904561e-01
-1.373247820427512811e-01
-5.907863224299560873e-02
-9.405332840801344796e-02
-9.953299470460759413e-02
7.199812694516402600e-02
-2.528780222686938806e-01
-5.467552932598016557e-01
1.328948774986795645e-01
1.477060867585020532e-01
3.561380068764630757e-01
-4.091847798195772379e-01
1.883186018117541105e-01
2.124810103069837142e-01
5.680119331561517271e-01
6.798086336979298760e-01
-1.174720666014688941e+00
1.862714305827125327e-01
3.964287504565440767e-01
1.434407287870115011e-01
-3.328504362829937113e-01
-3.937420922555723291e-01
3.383400332621802620e-01
1.688738727007535467e-01
6.153257961521051422e-01
-1.699900008993729048e-02
3.473379861628087678e-02
-5.948974043663866063e-01
-3.500630986229875952e-02
5.122128414404931718e-01
-3.187451227400058679e-02
3.391955479100174364e-01
1.436263452932053375e-01
7.237598620705052443e-01
7.303021766843081908e-02
3.329208598990164580e-02
-9.528172642545086335e-01
-5.207313640333468552e-01
2.345937316448286070e-01
-6.986565202143683873e-02
-4.875626345139251749e-01
-4.510505300049735267e-01
-5.025576418643367127e-01
-1.631097894244684099e-01
-1.113348603145568744e-01
-4.184759535443699496e-01
1.200272927682591723e-01
2.300218456896996055e-01
-5.873501105308984727e-01
3.137090272321179096e-01
2.853976089703619268e-01
2.901215704763335790e-01
-3.263571388155025316e-02
2.952387620018275260e-01
5.349195909478913213e-01
-6.370841042704764035e-02
-8.375033763652504071e-01
-1.564805363710089839e-02
-8.605927201426832873e-02
-5.739303397943301688e-01
3.142425606698730500e-01
-4.877037497268881805e-01
-4.285348569634417348e-02
1.154335245427619561e-01
2.725885888533979284e-01
-2.676682139057965926e-01
-5.672956482009458012e-01
2.573253490764089713e-01
3.522216832321840574e-01
5.018607459039575724e-02
-2.522039594904337823e-01
-3.918328155651353839e-01
-1.412274709581858856e-01
1.065351283758891737e-01
1.166893572552490099e-01
-7.001315787441240168e-01
4.587888649835001331e-01
1.382672073180634398e-01
-1.153322658817246549e-01
-1.705855665157962886e-01
-4.395028699753140700e-01
2.316582421365556699e-01
-5.245126466078826599e-01
-1.064233864137915653e-01
-7.963088543500703720e-01
4.669938137398806921e-01
3.812679908796958728e-01
-3.891165529649096011e-02
-1.914013886046047885e-01
4.664747932718756873e-01
9.521355082035189155e-02
-9.350240020652789141e-02
4.174308376282745425e-02
3.112559079601304735e-01
2.770086957456844301e-01
1.142878929754146261e-01
-8.689135581751198378e-01
-1.846908225536155260e-02
5.493916187937145645e-01
4.736791894411589987e-01
-2.509579854940997487e-02
-1.344109074754833433e-01
3.996796648700440269e-02
-1.603177238726656018e-01
4.150438776092418847e-01
-2.119396072183733215e-01
7.755411870345081671e-02
-2.307467501036374047e-02
2.809894891956954410e-01
1.486346600022400433e-01
2.737177842965071162e-01
6.548454158465107089e-02
3.398082466768760912e-01
4.315031079648443124e-01
-1.829123731908940675e-01
3.930253322248762893e-01
-8.103854847043588661e-02
-1.815244028347029470e-01
1.211948399728477420e-02
5.570459383905605744e-02
-3.516547910240813701e-01
3.370052671529759347e-02
-1.322140535476546142e-01
4.585687244013379460e-01
-2.222806305677139938e-02
2.902272473631527586e-02
-2.815101694506404462e-01
-4.491360024643977766e-01
1.932270647538610608e-01
-3.641938017408264949e-01
2.501066179896592745e-01
-2.076397131836143772e-01
8.494876762798031500e-02
-1.277387149548525058e-01
-1.290789598831448004e-01
2.885948642411518272e-01
6.367302930483582646e-01
7.916274899610529353e-03
3.705101123674460484e-02
-3.346316949809667318e-01
-2.940554251685875142e-01
-2.637495336369715671e-01
-8.674425714345808391e-02
-2.789022963149561107e-01
-1.584770449566420270e-01
4.414047156851361869e-02
-2.648713844589793975e-01
-1.303400068291686309e-01
6.897904798705968288e-01
-1.049433687948270744e-01
-5.529916941993909263e-02
1.663136405123133432e-01
2.019957488064592077e-01
-7.199502049898539591e-01
4.178878966892200439e-03
5.964556843792780116e-02
7.380576981369825207e-01
2.804246788920885525e-01
-3.138206248066339743e-01
4.100421662259227246e-02
-9.826393076763234591e-02
4.318625982590871826e-01
-2.468664039795193110e-01
-4.225571058520972978e-02
2.689142823104929136e-01
-1.203812737118422349e-01
-2.390958403861347115e-01
-1.040554887056143407e+00
3.628231993896804952e-01
-9.288547050859329302e-01
-4.269634733270881721e-01
-3.480464509113865290e-01
-2.394786935668981043e-01
4.940803208367597343e-02
7.869208153742125456e-01
-1.865386424653987241e-01
8.548682072915251284e-01
-3.181003557169272411e-01
-8.762389722924961155e-02
3.583959560831523894e-01
-3.301202460275690087e-01
4.026352939068670311e-01
-6.445019833935776432e-02
-5.054782930330125046e-01
2.109600710818739788e-01
3.917860249877175294e-01
-3.376156760273056334e-01
-1.226563482738512040e-01
-1.404957853074254859e-01
-5.800896835760700476e-01
1.280593971151210431e-01
-2.157868079108425374e-01
1.127001780715220364e-01
5.160633410884245542e-01
3.017894479031360891e-02
-3.340066651605200221e-01
-6.981662050049951274e-02
-4.752702372574468120e-02
-2.131779256296589264e-01
1.160280630532058294e-01
-1.053088373623522062e-01
1.508030741668937857e-01
-3.063407625347720487e-01
4.216391959456534666e-01
1.176001365593868780e-01
4.072461656959591725e-01
1.653079812155770212e-01
1.060031156779529943e-01
-2.042572433132754939e-01
-6.640931052365198761e-01
-1.219470946879144257e+00
2.699437106803750930e-01
-2.402278941002896351e-01
-4.502471743060504905e-01
-2.326214486118431332e-02
2.284633343605004530e-01
1.755065386597859378e-01
-7.077302085790349029e-02
-3.572032321124112841e-01
-1.417947204254382532e-01
-4.088237133431701364e-01
-1.092061511632919368e-01
5.976122071810173741e-01
-6.055125874602122066e-02
-3.832120720836584837e-01
6.566432461375045770e-01
2.020107739604939112e-01
2.481435053913274777e-02
-2.838638090579152090e-02
-3.713068040083464250e-01
1.034767519392770785e-01
3.598832989357464984e-01
1.785308708074189940e-02
-1.361562578799050127e-01
2.072801433032744334e-01
5.352671762521381549e-01
7.918023190849511339e-01
-9.335777350157815901e-02
-3.175459727961932321e-01
2.081757759123731566e-01
-4.805907731239647714e-03
3.398745662158261238e-01
5.066300129110186123e-01
-6.379409958474926423e-01
-4.631009091546647860e-01
-3.178679053784545516e-01
-1.062753274286934585e-01
2.175796922848009796e-01
2.848285637356153810e-01
9.165008997249834977e-02
6.313481583699614985e-01
8.731563977400944032e-02
3.728549158747416215e-01
4.748091808994857610e-01
3.093547361998561299e-02
2.450139613278048689e-01
1.982434321117855502e-01
-7.018078611134438705e-02
2.545357438241057091e-01
4.420658024482954085e-01
9.694043546402228428e-03
1.841485251707731807e-01
-8.846588477373161508e-02
-3.045023711626154705e-01
6.308277861402199482e-01
-2.686335119584242204e-01
1.255833352327280147e-02
-3.711261916802979788e-01
3.160352241363855730e-01
7.144184536462777624e-02
2.350059603941539732e-01
-5.055624242554352943e-01
5.999834004060958792e-01
-7.191717095824157191e-02
-2.863612453517113132e-01
-2.248180571114088977e-01
3.719087898217127153e-01
2.697157514683296009e-01
3.998547135905413108e-01
1.200847623600581199e-01
3.838614462539641781e-01
1.150104663127523991e-01
3.525458472247967046e-01
1.713946406544942791e-01
3.591329421571848868e-01
3.089822082303822492e-01
4.929316786310588561e-01
-3.306182557436283809e-02
2.284297206185249493e-02
-2.674716212244194757e-01
-1.172657110616625101e-02
-8.078029416492769899e-02
5.152620607918882989e-01
6.707780746792622872e-02
-1.376167444540016271e-01
-1.569563050370417767e-01
2.527898860694683392e-01
2.214510283187841599e-01
2.989779123692432594e-01
-3.221967279550571051e-01
-2.959594868969840920e-01
-4.094901049628395517e-01
-9.144062734938147863e-02
1.912913772622615860e-01
1.719561979507882449e-02
-3.112493575088153830e-01
4.232389041892262171e-01
1.132636911299431670e-01
5.875854245573209900e-01
7.111594561832991490e-02
-1.522450248731062328e-01
-4.483905401402102364e-01
5.626636671272779999e-01
1.815184580513993715e-02
-2.739485391805189241e-01
-1.050517703956621585e-01
2.675218254216080727e-01
4.194407987589958142e-01
4.063085151441811482e-01
-4.235615198463852510e-02
-9.364563002018083671e-02
-3.046369470369612587e-01
1.883400726118555912e-01
4.643294650029388682e-01
-6.529869425830116605e-03
3.900455347056787543e-03
-3.400028669295256101e-02
-2.982673593103435383e-01
1.984863601669493438e-01
3.692854392769918115e-01
8.241586205011670885e-02
-6.094027242064641303e-01
3.012210982642220952e-02
3.511555130736138119e-01
-3.272736928395525990e-01
-2.747876178033054062e-01
-1.888448005232072902e-01
1.166753032975271220e-01
-2.052292766288843218e-01
-1.928626797330119103e-01
2.271652789636597614e-01
-1.241061465454318946e-01
-1.650908740521041806e-01
-8.411672097423322780e-02
1.759989744224130515e-01
1.443445307759609955e-02
3.301285607964105084e-01
-2.950202085061364721e-01
2.214855355963077921e-01
-1.212374983760563657e-01
-3.400697716051656605e-01
-3.075957233625148945e-01
-1.041010732000508809e-01
-1.055312018370549304e-01
-1.348780384594767678e-01
-2.925079038271963805e-01
2.837367428141499004e-01
2.892967973181342356e-01
-5.433304743872188758e-02
-2.455520446690521719e-01
8.048370184984847409e-02
9.556603603448332596e-02
8.790404112839814155e-02
2.444841466948312614e-01
4.944699496574866265e-02
-1.718580893837446943e-01
2.353777532876333567e-01
4.505982289544407243e-02
1.271270502148113823e-01
1.018896438791239839e-01
2.396331746919944453e-02
-1.883293841302379479e-01
5.972222913931757651e-03
2.814538307931803707e-01
-2.499075170732136253e-01
-3.876620663846998549e-01
1.065200523333324593e-02
1.715839528720606022e-01
2.521835339781568486e-01
-1.180122608417231711e-01
1.482225628969536524e-01
2.528439013552728487e-01
1.799432781567874007e-01
6.286762620359943599e-01
-6.391880522077800220e-02
-2.638438027374306327e-01
-4.302784947441699592e-01
-1.903894636332970625e-01
3.257839113377211659e-01
5.972054842688236942e-01
6.099621169764759543e-01
-5.553273808900986985e-01
1.192455161694767174e+00
1.790959182148437190e-01
9.116927716189536512e-02
-7.855191215712391539e-01
8.806325476398034480e-02
5.226697463210635414e-02
2.578824266412674815e-01
1.676806440320944280e-01
7.505571443116298980e-01
4.817342034754438368e-02
-2.832915931149347921e-01
5.041055633778802614e-01
5.941210931837473952e-01
-2.676767916415643822e-01
-8.977380476879978644e-02
-9.209578955528706368e-02
-6.232032144408907598e-02
2.717700379203089045e-01
4.833795849808818490e-01
-3.692959495345866094e-01
6.101117962743541900e-01
3.119522471498090699e-01
-8.737574986878032801e-02
-2.891004413176259669e-01
-2.327939326125001707e-01
2.697045275182226587e-01
7.660045439118967625e-02
-9.332943608167021399e-02
8.744063851329031412e-02
-4.195883611891074727e-01
-1.585360859704456823e-02
-1.344717006616233945e-01
1.013612624838760717e-01
5.308526687053990445e-01
4.591295920700720345e-01
3.347052993212864397e-02
-2.720308268604819044e-02
-5.650188999257684669e-02
2.484253567272284580e-01
1.658057112989026402e-02
-3.078311275008887016e-01
-1.648916308997734614e-01
-2.164594062129823401e-02
1.000413673493165456e+00
2.563061292799512780e-01
1.456674221092544574e-01
-3.227542002015508782e-01
2.509661846725552148e-01
6.865465159638467658e-03
4.468309654461034841e-02
2.595322689533415272e-01
-6.823696638611783660e-01
-1.292021669440910070e-01
-2.173051285382921749e-01
-1.965283042555830417e-01
1.256484581912606646e-01
6.568672046521403241e-01
-7.824886664842285733e-02
2.459628547054051595e-01
-7.149443073552145256e-01
1.273209076530349704e-01
9.257801036862912669e-01
-1.226986333804002682e-01
-6.889964969094619640e-01
1.750371971035718233e-01
-2.036725103124050196e-01
2.426765130805392523e-01
-4.259802464572934322e-01
2.700896234930257878e-01
-1.017924636217839990e-01
-1.706236554523505589e-01
7.910355364348804486e-01
4.337640493010029297e-01
-4.152879568160908752e-01
-3.382639673068937314e-01
8.190466428460665971e-02
1.592639410271769196e-01
-2.287183625102904017e-01
5.695024085985195966e-02
3.462152514621952282e-01
-7.893758734501467034e-01
1.403332360044168559e-01
3.568772489948680154e-02
-7.388280863095920969e-02
-3.596872052622246407e-02
-4.392397582348975260e-01
1.292352243619651064e-01
-2.970043189720243393e-01
1.059002271295007985e-01
2.036278121633315341e-01
-2.347240220999534388e-01
3.463152272798638576e-01
3.106351653358405684e-01
-4.831914563590734846e-02
8.861512907429786035e-01
1.472198932732959320e-01
-7.263274607606276523e-02
-2.396704414098495620e-02
1.873628813308006180e-01
1.354473971911335506e-01
-1.943540098482893497e-01
-6.904328679870667118e-01
6.076667081326038167e-01
7.433291501637782073e-01
3.195248604269979031e-01
-3.250565173567495636e-01
1.864972327233342664e-01
1.194245046979073854e-01
-5.918207250310231898e-02
-2.142811263660683585e-01
5.683136293703754394e-01
-4.511992039081045291e-01
-3.627725806964032795e-02
7.094449744582373429e-02
6.788664672216761231e-02
3.031117825302526714e-01
-4.723291168102667914e-01
-5.041721690018821089e-01
-7.070896159172854190e-02
6.387307569687082909e-01
-7.819657058509166259e-01
-1.243878990380361399e-01
-2.586159562471045947e-01
7.953415314207928910e-01
-2.080209943278492069e-01
-6.830661715032750048e-02
-1.969664184647535593e-02
1.952694050650096436e-01
-5.711043691375780607e-02
1.524017968416266633e-01
2.548741351659937759e-01
-6.464132496690778718e-01
-2.191373201829717454e-02
1.578224690424133436e-01
1.930882462879287553e-01
1.084461404392096096e-01
6.009467625352062081e-02
1.901194342712375918e-01
3.281729507387985412e-01
-4.133288441551790648e-01
4.277429736998397125e-01
-2.186766381089578701e-02
-3.745138050807881314e-01
2.956091427929398718e-01
-5.236972696594622834e-01
3.603984349956927402e-01
2.866313813347667883e-01
2.786266104593287940e-01
1.169817970204692081e-01
4.104396575177930440e-01
-1.749669805119761223e-01
2.925891440773836227e-01
1.456261927722164451e-01
-1.900276735649222004e-01
-3.011670695450540669e-01
-4.272296684564375058e-01
3.545971051148433945e-02
-6.876588630397836854e-02
-5.744144440338480040e-01
-9.279314785728076664e-02
2.732371393229249823e-01
1.366277440699986967e-01
-2.815022274515350809e-01
6.714314497322078079e-01
1.353333173980100501e-01
-4.180787287440293487e-02
1.962814957240987535e-01
-2.936273942638832901e-01
5.918841402100084338e-03
-6.884436535568720650e-02
-5.250272483836603277e-01
2.166848735844396634e-01
-5.673492985476593503e-02
-6.661564657339474893e-02
4.633269134116650423e-01
5.725276682591695643e-01
4.837757531374813347e-01
1.988839304713945211e-01
4.002664792532596993e-01
-3.408405689315848197e-01
2.819273334990651247e-01
2.646139667586494548e-01
2.833681442937144301e-01
-1.478674107656608450e-01
3.799390444894181762e-01
8.194308183192625106e-02
3.686931354486806534e-01
4.838311367780341599e-02
9.720995985783462134e-02
2.668790854247768407e-01
1.120711564828044821e-01
-1.745021071103161070e-01
1.789770251265337120e-01
-1.310949220322136718e-02
-3.403058664688813351e-01
-2.737112641691510570e-02
6.534745181981663036e-03
-9.896605799596693009e-02
1.092002811604291024e+00
2.367461473938105576e-01
-8.155926856827002691e-01
3.120627708477495543e-02
3.080526449511342690e-01
5.792281579355430809e-02
-9.660999560922942653e-01
-1.881466830537341095e-01
5.629481902056774484e-02
5.520642957517283289e-01
3.929128606610065022e-01
1.438657036154733504e-01
-2.401723815703471487e-01
-1.601710548048428384e-01
2.158928035341138585e-01
-2.682908944914533245e-01
-2.480476546670294935e-01
2.480705144546928309e-01
1.877402950305757379e-01
-3.002461626563778796e-01
-8.733931828640367767e-02
9.159223178360365036e-02
-3.820152931450519762e-02
1.201139716680196985e-02
-1.405631768761039513e-01
-2.906200693887546760e-01
7.705173473267667994e-02
1.093138542185054934e-02
-8.639976464501164521e-02
-9.690404624589742111e-02
-9.240497598449452787e-02
-9.987111523440443672e-02
8.582633967757183346e-02
-1.542963405929384524e-01
-2.460972367648824599e-01
-6.954937401176923828e-01
-1.603073828355624786e-01
3.063200146647865330e-01
-5.967744470930640421e-01
9.027936886303325470e-02
2.184145507880668260e-02
-3.668155894847115461e-01
-2.208841188219318186e-01
-2.912879169118805511e-01
1.647232760231596704e-01
1.168008109564287050e-01
-1.441448922103512609e-01
2.303961725514238612e-01
-5.499510052124848558e-01
6.301457145910090152e-02
-1.540057484865876292e-01
-1.337946866284746295e-01
-6.596434670947561862e-01
3.947354781531114271e-03
3.875199647887463961e-01
-1.753462376206171847e-01
-1.563704570922794246e-01
-5.496133302214618876e-02
-9.083439833150884490e-02
-4.033415743552709598e-01
-3.474201478161523804e-01
-2.200664182248505130e-01
-9.635191150734838395e-02
1.216474344130967083e-01
1.557877298572805658e-01
-8.948832752837934668e-02
-2.474670205031067605e-01
1.544861819850178453e-01
-3.338455752243569413e-02
-5.996269234021500000e-02
-1.280808147285960596e-01
2.449999912256272533e-02
-2.552361037624116258e-01
-2.593080789257245500e-01
2.140480420881869794e-02
-6.824547603510752736e-02
-4.306555924018638515e-01
3.921682789497899502e-01
-5.992129051735437528e-01
-3.144408982398537444e-02
-1.412127885641570046e-01
-4.250751601290730375e-01
3.943388129762719907e-01
-7.382150409830483262e-02
6.411396325349703537e-03
-4.009841484154408331e-02
4.309431813321658311e-02
-2.221195462691859246e-02
-4.416284011208096993e-01
2.289606738816672427e-01
-7.217022292586138255e-01
6.559925987930158575e-01
-5.040140770294674333e-01
3.385337229885905797e-01
5.076210868340889082e-01
6.535309453061751706e-01
1.868705401185765183e-02
-2.501446163988050864e-01
2.809030176627983974e-02
6.762049914071170675e-02
-3.384667021589867764e-01
2.615632168164769289e-01
4.705468290686822819e-01
1.896123122165502273e-01
2.578159478275010019e-01
-9.342614563904816372e-01
3.939917789665199899e-01
5.568753525375271796e-01
-5.761363210319128125e-01
5.247693945574251062e-01
-7.720529841897650902e-01
4.148765203026100190e-01
-3.696026129558435125e-01
3.542182529040174277e-01
1.184205415764018721e+00
2.757355584786859160e-01
-3.105339336277086471e-01
2.163538163484178267e-01
1.673781655026802540e-01
1.130968519739395661e-01
-7.378474450731152823e-01
-1.796679843556358847e-01
2.684994065382994566e-01
-5.808839524796309828e-01
3.861657622470164863e-01
-6.114761245995056216e-01
-1.038661114099035249e-01
4.987009055733871987e-01
-6.058212514187188980e-01
-2.140220327556696112e-01
-3.349860152206182717e-01
2.667741718241397123e-02
1.784776586189748826e-01
1.443880072853141461e-01
4.123242382397770411e-01
-4.570330498900938010e-01
5.725899235023030887e-01
-5.839855643683881103e-01
1.676897674230628243e-01
1.457416375865714653e-01
1.215943911865233762e-01
1.931654613832844702e-01
-2.987645947698452376e-01
-3.370099835081485362e-01
2.389187203443441376e-01
-9.760391548631854042e-02
-1.364633281904793771e-01
-5.361340529874725203e-01
4.142273185110028622e-01
-7.600577022235158742e-01
8.342427688071112346e-01
-3.765023278069779544e-01
-3.594239061623492604e-01
-1.961543487191982210e-02
-6.361520732061995975e-01
9.826783247148891398e-01
-5.267471559712555429e-01
2.889982156164142557e-01
3.421539176989663589e-01
-8.609534367817807399e-02
-5.013213537531442388e-01
-3.242246116105463316e-01
8.158644664559040471e-01
4.660672709194592089e-01
3.317809958312467056e-01
-3.929715202207347824e-01
1.089827975015819961e+00
3.459931486309249515e-01
-3.437587702909777887e-01
8.069614609431173813e-01
-1.094721650124401480e+00
3.440385964864990376e-01
3.799574104399036090e-01
1.032293789856317812e-01
3.562298277879487607e-01
5.186417033008398070e-01
-3.871040829165347530e-01
-2.874731702973699621e-01
2.053183934588537207e-01
-3.606547361212841252e-01
-5.400370894398623389e-02
-2.692823969542069151e-01
3.134047887163728952e-01
-2.984509960344891022e-01
4.673576598316467878e-01
8.173318300091816924e-02
4.264370691272024727e-01
-1.931411843488009539e-01
-3.513681762202140735e-02
1.880771744948842306e-01
-4.438994275495095621e-01
9.432688716140639681e-03
5.274032083322133246e-01
3.529582959867886283e-01
-2.640082102006256065e-03
-3.269489904592233764e-01
3.640545188959182221e-01
-1.987898462882661255e-01
-5.200707250587441322e-02
-1.896985422611280891e-01
4.740600723164790919e-02
4.091527518389284634e-01
-3.885556167469692013e-02
1.583756548406488676e-02
-2.742502884666327967e-01
-4.071106717963903637e-02
-4.906277107507098223e-01
-1.039679826535186702e-01
4.058813874944301459e-01
-3.803632510148104856e-02
8.573784736000277240e-01
-1.478918894920712712e-01
-9.440813159631092355e-02
-1.643977172834059086e-01
-5.954520187740547366e-02
-2.297465530858603666e-01
-1.375076966483741170e-01
-3.214196067304813109e-01
2.854236248716299218e-02
4.959791828807434411e-01
-1.516401501494045803e-02
5.808997473496909647e-01
-1.853825124981265116e-01
-4.982293484982418530e-01
-2.170542188359789182e-01
-4.392927597119684058e-01
-1.799718954747243638e-01
-3.793420916296950246e-02
-2.387235588660455432e-01
-1.376549276912625019e-01
5.152107189345841443e-01
-1.894421969102995096e-01
-1.621615541515789710e-02
-1.269516411040450543e-01
2.863576722820280196e-01
-8.686808623142038277e-01
3.982410051818090907e-02
2.275627827237906298e-01
-5.157686859969882187e-01
5.860071236570840725e-01
7.306604707430212897e-02
4.382804246641130441e-01
2.273576981803122898e-01
2.135357347383607385e-01
1.914416755594898767e-01
-1.156396400209921682e-01
-4.917085913458312252e-01
-4.561061805614127773e-01
-1.935518788490730308e-02
1.711215319688105252e-01
5.528226596347757260e-01
-7.532055185708366185e-01
-3.832738860721942031e-01
-1.994105469324847224e-01
-3.438560090413079195e-01
-2.660898255392220579e-01
-1.435801034380330132e-01
5.893550772738243709e-02
-2.342128345769627640e-01
4.761614999270336046e-01
3.433155849471783427e-01
3.547966217357026442e-01
-1.742427764728564366e-01
1.815615154785211738e-01
2.676583208201183117e-01
-6.628867557441137093e-02
-1.871213390256036557e-01
3.569965198926030592e-01
-4.240868397095309134e-02
5.549230014580092130e-02
-1.110084900513673423e-01
-3.455564949754231230e-01
-1.262656832434535803e-01
-3.780938954507168104e-02
-8.820435317369376693e-02
-2.438867109403262401e-01
1.354989047094184440e-01
2.225709432889401707e-01
-1.410681332067387495e-01
1.672099094979156153e-01
-1.951190011089564413e-01
-3.752755562796061123e-02
-3.300484709176948472e-02
2.237017813243966646e-01
3.280683281201811630e-01
-3.630969417273576666e-02
-9.452914716277276835e-03
-2.105738818309446092e-01
-1.791585596805970182e-01
-2.521460755886555938e-01
4.975301074858279882e-01
-1.380367530185417323e-02
-2.450012743463507447e-01
8.090877482710032154e-02
5.034762797077382279e-01
-8.640002759722491543e-01
4.200868423909259741e-01
1.691899620950627903e-01
1.160593812629780175e-01
5.405261438143506986e-02
-1.785180921530619136e-01
5.435421656079508779e-01
-2.117572262315123577e-01
1.193081615150766855e-01
2.203436137035243159e-01
-5.556281131643482363e-01
5.891539955517634264e-02
-1.939278454954883324e-01
-1.779970385452070147e-01
-5.582360049906389676e-01
2.100210058410476865e-01
-5.251067800982742728e-01
-2.180014983449341526e-01
1.170898321929260411e-01
-4.984086670617944859e-01
2.043136918252375644e-01
-2.011521431662726678e-01
2.582139491852132873e-01
1.207116106349594674e-02
-1.187795629544667053e-01
1.042227096074472420e-01
-1.197103637170369439e-01
4.786997085406812791e-01
-2.643359911246208060e-01
6.290011813843603139e-02
-3.299155695921048848e-01
3.805785309303928998e-01
3.152668396557005148e-01
-4.331267695438162368e-01
5.788487048141551794e-01
-2.206543453675247624e-01
6.469087086954333765e-01
2.672032013058261990e-01
8.916260189726919749e-02
8.908203070059780848e-02
1.668427747609520506e-01
-4.311109120693923935e-01
4.788434507739063734e-02
1.998599589172444513e-01
-1.020974864098630197e-01
-2.934974916868801076e-01
6.920731094888651902e-02
2.090634387144602868e-01
-2.250943207115202460e-01
1.923397671419353472e-01
-2.381459504424726925e-01
-7.972952179273075368e-02
-2.057254625637600365e-01
-3.400595208121340307e-01
-2.044484756611827103e-01
9.344123776364138267e-02
-2.641180777986153541e-02
4.783619121647220140e-01
3.345301509054677269e-01
-1.215813326362113166e-02
-8.010031925416100096e-01
3.296588085778973665e-01
4.085031930611167095e-01
-2.749778567636235738e-01
3.309535843775714969e-01
1.192909174913401628e-02
-8.006910837068095810e-02
2.967708605005956457e-01
-8.580442651990634328e-02
7.518096058659740066e-02
3.967522671176095250e-01
-5.762226571005705233e-01
8.531153563653998129e-02
-4.077988339426674713e-01
-2.231109032111595614e-01
5.795730278867158303e-01
-1.457949772947480516e-01
-1.710592098170512776e-01
-4.827502833013613270e-01
8.934946647504742046e-02
-1.489767791551733778e-01
-8.303558411793632299e-02
8.059605118596710471e-02
7.550457730318244076e-02
1.648649886968905076e-01
2.657175856094353555e-02
-1.421089939556284820e-01
-1.459919688478858724e-01
2.983036070625157965e-01
-2.822489327495551481e-01
2.479840933576733519e-01
8.289750975747199602e-02
2.088578568244015277e-01
8.788173804607399275e-02
3.103826756184931979e-01
-1.244853614898441679e-01
-4.732844478342410760e-02
3.048928471080784020e-01
1.069261875516682760e-03
-3.602234917703488470e-01
4.144082368608298927e-01
-1.201191118101972294e-01
7.491189434767799027e-02
-5.933523816546195512e-02
5.396702131837630145e-02
-2.694488898549230460e-01
1.499002980415000685e-01
-5.014776272449528519e-03
2.987228963300532156e-02
9.930005138278839849e-02
-1.222551501241271876e-01
4.397656201564407175e-01
2.116405550465006238e-02
-4.688938234123407045e-01
2.758931418786914058e-01
-3.200243539355263067e-01
5.813177634138187999e-01
1.163227478390639058e-01
-5.167327152973640036e-03
-1.718615801705388650e-03
4.066119638663571179e-01
4.129572204148142939e-02
-1.912350969468863404e-01
1.084046622452077696e-01
-2.677339275647959704e-01
-2.998869227622645295e-01
-2.813620761448444862e-01
2.390018363030455006e-01
-1.333111981862944717e-01
-1.817551646264232157e-01
-8.995159222676737398e-01
3.761268859173150791e-01
6.386865516001520582e-02
-2.380530548121420897e-01
-1.392481126120654056e-01
-2.446135023311893537e-03
3.163375204090858595e-01
4.352347520617813603e-02
9.525244947508673676e-02
2.988998255721460051e-01
-2.671566613768271425e-01
-5.433196571237269845e-01
-6.525720495047881986e-01
-5.114247352132887947e-01
-2.919439343826912836e-01
2.214584181552340103e-01
2.149972370458028137e-02
1.615526014244339226e-01
-3.472411520743732272e-01
-6.456822614795797444e-01
-5.740808597939628388e-01
1.517098139394288392e-01
3.347972051758910106e-01
-1.487547500399051814e-01
-2.974145004116530155e-01
3.922720074408516666e-01
-1.627383235045538612e-01
-4.040877132940213223e-01
1.863986820082904616e-01
8.227390696850259699e-01
1.034367233081764786e-01
5.782055650183082207e-01
8.519933460021458793e-02
5.276099707048037546e-01
5.520371638726531138e-01
-6.011341365545109783e-01
7.585399783941029761e-02
-4.240104153086167449e-02
4.654580346772582145e-01
3.198711003340455328e-01
1.904974375861100966e-01
-1.121117713760467344e-01
-4.350162407081293314e-01
4.439990108209191377e-01
5.390393653851227596e-01
-3.965121590951202757e-01
2.727310246655164083e-01
-1.198644613852341001e-01
-1.218547035373375304e-01
-5.908193798339692743e-02
4.102312047303515591e-02
-2.847546943411950471e-01
-3.105536851213934746e-01
2.661561932007551479e-02
3.690639757166586099e-02
1.179640493241153887e-01
-2.256062504567666466e-02
8.261372120518195583e-02
2.916637114731081282e-02
1.031524665072419966e-01
-2.475327019499113518e-02
-1.266759542050754639e-01
1.813653607217559638e-01
-1.222508115724002808e-01
-1.075550567339254582e-01
1.168691286236617777e-01
4.633130152180307548e-01
-5.396536421351143947e-02
-9.470889152673629685e-02
4.842114455860186961e-01
1.853696806372766848e-01
2.650464284672739423e-01
-1.009654869544912015e-01
-1.149316897901144982e-02
-4.724785173595220933e-02
-3.792427082526960147e-01
-1.568940839911182328e-01
-2.259169934715342387e-01
2.085516924193756352e-02
-6.949432772588182150e-02
1.466520726085940862e-01
1.165582525318903384e-01
1.689310166745804920e-01
1.790703637392764558e-01
-4.094735361053259970e-01
-3.402378528006174685e-01
-4.418887338410717458e-01
1.637270227808201861e-01
1.366960264560842797e-01
-1.637260647743974395e-01
-1.941864413700162273e-01
-8.995676363735084780e-02
-2.087097221298891692e-01
-5.228126672242825457e-01
-3.011301416977573697e-01
-2.566354201730325912e-01
-3.579316472577403485e-01
-2.337627727321496887e-02
-7.132886820575286280e-02
-3.879119440455479073e-01
-1.140438908242491084e-01
1.284466368834210337e-01
-6.934037553342721483e-02
-1.334181082735565183e-01
3.934543505002531805e-01
-1.618166222757845898e-02
1.880838664365640511e-01
-2.848544977516971177e-03
-3.825854109152494742e-02
-3.877106533595572335e-01
-1.063200746471193725e-01
5.890078166027450379e-01
2.514514325762673419e-01
7.485225245117136383e-01
6.238851701793252102e-02
3.236909139441915273e-01
-2.605807605695023565e-01
-8.691864073385183187e-02
2.699258803843242460e-01
2.487584724690275750e-01
5.443687051161077116e-03
3.917950259132529922e-01
-1.549514615273902274e-01
2.221880205983410572e-01
4.343580439489994061e-01
-3.421999845052020039e-01
2.281755867748800071e-01
1.844579470202858951e-02
-1.873620144865316972e-01
-2.708891922862808332e-01
2.979943853332301523e-02
-9.850770775043490857e-02
1.133953485827181445e-01
-3.917296923854878266e-01
-1.006478775411587603e-02
-3.637524941489747587e-01
3.622847580038282556e-01
1.955112132286274951e-01
-9.547805327341042647e-02
3.444009321377695110e-01
-1.037124758169531841e-01
-6.072040483519799969e-02
-1.364917906464546971e-01
-4.319266282958742487e-01
8.580621676287782107e-02
6.265933540299753468e-02
2.243569248880500910e-01
2.145541149790086977e-01
-1.379243121576017861e-01
3.075142869190595207e-01
-2.861998530213764047e-01
-3.572010170380532368e-01
-8.845674500283093322e-02
-2.624341642776300554e-01
-2.849712652215151687e-01
9.634572464822701698e-04
-9.407489381354054714e-02
1.651213331012159891e-01
-7.916880549866402161e-02
-3.537812711634509832e-01
3.130305272695829699e-01
-4.577488277044537007e-02
2.425915749774623653e-01
6.651509035056105135e-02
-7.644271885512825271e-02
3.386669265712869969e-01
-4.850962817403271787e-02
-5.131627658946097403e-01
7.850675007339616429e-02
6.720587203440427926e-01
3.544138765750999565e-02
-1.207040716557390703e-02
-7.107281340586468765e-02
3.304664873271929149e-01
2.899703033115256234e-01
6.646014839060963852e-02
-2.678466695567685053e-03
3.014786967178459398e-01
2.874414871067704214e-01
-2.281174157672760383e-01
2.769406903456729796e-01
-1.219943440206217311e-01
-4.302871290542630289e-01
-3.064089017108736490e-01
-2.442235331371397644e-01
-1.161132816119297001e-01
-3.955587395565193093e-02
-1.471371363162459756e-01
9.020308106379190671e-02
3.560432201057419088e-01
-1.202287032763357105e-01
1.982293183001437864e-01
-2.424072241928374935e-02
-8.576197526291929885e-01
-3.656207976931977743e-01
1.182055742985456820e-01
-3.401877707921263094e-01
1.486687011455864738e-01
-5.122283647900715414e-02
-7.129718366114840000e-01
1.045515019588342948e-01
-4.030576784750483643e-01
1.628475046551165414e-02
2.289229223826244261e-03
-2.022676218728620134e-01
6.772624170763428264e-01
-1.709250224214000358e-01
-2.863129900330447716e-02
5.776739069976780799e-02
1.781289349990433923e-01
-2.174157818204164594e-01
1.035807028840346755e-01
-2.144761965253567937e-01
7.816448602341659058e-01
-2.330467614032040169e-01
3.358540600449815838e-01
-1.784697057748274585e-01
2.039960395770490931e-01
9.147796175000329211e-02
-1.353617995202174018e-01
-2.176600480692724715e-01
2.962511095802177197e-01
1.342631553410178202e-01
1.991344955544716022e-02
9.513917291504540852e-02
-1.791535469001557801e-01
5.733570209471126056e-01
5.844422536885780506e-01
-2.037204612239388313e-01
3.388272542908545848e-01
2.795382533528443791e-01
-5.049396253167769411e-01
-5.117525092429260347e-01
-1.119735938872292308e-01
-1.405549085265671572e-01
1.531564427393961314e-01
-1.946890181481852888e-01
-4.331874036239045656e-01
-2.267914429853387093e-01
-5.012251253490084268e-01
-1.535847488125323922e-03
-4.064304387089121701e-02
3.594913119464078766e-01
-7.180001780274090084e-01
-6.602909000062263667e-01
6.353687485002576518e-02
-5.356148464881946847e-01
-2.285513663390863759e-01
1.108242443526616106e-01
4.917145662689619834e-01
-3.434373779957042294e-02
-4.481064096601700686e-01
-4.845107373805553896e-01
-7.758385513461993899e-01
1.123992973372178877e-01
3.863744145709276934e-01
-4.554963308374478936e-01
1.719154022195290288e-01
7.500934594511828556e-03
-3.108324575515553634e-01
1.624864118489044162e-01
-2.588860314754666200e-02
7.205281515366913914e-02
-2.699282315246719910e-01
-6.629419097680754325e-01
5.305117620753239116e-01
-1.907911976799828713e-01
-1.627408153849086436e-01
1.570271184584867696e-01
1.962510985607422986e-01
7.112064794936982792e-02
-1.222909512914093638e-01
-1.062108330399141876e-01
4.943466551235526363e-01
4.037543070205480422e-01
-4.697664194699373991e-02
-1.354995288325435976e-01
4.358175185091319181e-01
3.092325291649192578e-02
-1.552971733328045723e-01
2.131977813186975435e-01
4.771749885325238250e-01
8.336209952223348763e-02
1.751294321938138276e-01
-4.736223176600661278e-01
-1.973958764739023042e-01
-5.303935848652379104e-01
3.218813682380561314e-01
-6.772153614219407203e-01
-4.766838072085379657e-02
-5.061368476727076127e-01
-9.496622085363259913e-02
-2.221625844126306759e-01
-1.377721082656121754e-01
-2.920787754198010955e-01
2.667117872551333368e-01
-2.251769568156975487e-01
9.637861104157062486e-02
8.320647128801207659e-02
-4.991531818751882010e-01
-2.037234505279757746e-01
-1.124101954392470737e-01
4.397141256740104143e-01
-1.160516085139905312e-01
-4.937107149852844046e-01
2.669188817336803354e-01
2.403142363670797699e-01
-1.334039441107348900e-01
-9.686579777458297069e-02
2.681613312774564495e-01
6.163598077882749549e-02
1.209803511588921077e-01
2.488836752137913166e-01
3.422599818280060990e-01
2.640782631884247555e-01
-2.285057038891050996e-01
4.797289890971160875e-01
-3.260997876534639517e-02
-3.857573415339434625e-02
4.763535266745540508e-01
2.095629948370321682e-01
1.422802628944392078e-01
-2.131537304945427813e-01
2.871237935085342308e-01
4.378406255053897134e-01
1.282539155627226146e-01
-2.092788748801405196e-01
-2.960431686852052144e-02
-1.859837937462932231e-02
-1.485587110738167960e-01
-3.627943153384546315e-01
-5.298109102304877222e-02
2.770681724176100036e-01
2.138151298557092461e-01
3.066747619136703795e-01
3.015426679552595246e-01
5.159972352355523401e-02
-4.686121865327239761e-02
-1.588626000163180230e-01
-1.324060179663411330e-01
-2.404145913456902373e-01
9.318572571384800551e-02
1.511201841904295795e-01
-3.809520119826450002e-01
-7.617926067456654016e-02
3.538727084392259137e-01
3.229912649468558161e-02
-2.627506320547053076e-02
6.222801847372397971e-02
-6.396658263447612194e-03
-2.807894063257136419e-01
-2.550360576799083900e-01
-6.456614071984767556e-02
2.007223412809907570e-01
-1.289841767434533326e-01
2.748649040169690722e-02
-2.118169926910268286e-02
-1.586156959061746641e-01
1.775383073683394972e-02
-4.981007399870521768e-01
1.460713200098633091e-01
-2.173065019080906157e-01
6.856011541739328585e-01
-1.886274517015716912e-01
3.294089595813282784e-02
-1.567288527350148841e-01
-4.408395557654767871e-01
1.298278583545942055e-01
1.701166095766377950e-01
3.624239757384211669e-01
-3.844349283345696588e-01
-3.887932838994831442e-01
2.056738431879277518e-01
-1.024593875350859662e+00
-8.860137805635424912e-02
1.854845892114452832e-01
1.763163264215381887e-01
5.014269935566254000e-02
-1.275363490925562060e-01
-4.635584495537825589e-01
-4.144631176944072459e-01
3.746532396528329256e-02
6.621772453383649726e-01
-1.816776991266749741e-01
-1.048865684258773190e-01
1.806725156072042093e-01
-3.822538166186658093e-01
-1.430257651909084826e-01
5.587526093709134500e-02
1.270000357794080492e-01
-3.731564666017079812e-01
-5.779094940619728948e-01
-8.733181852464602657e-02
-1.079586883789259932e+00
-4.215519164281524706e-02
4.268695969279895364e-03
2.569559470611353924e-01
-3.120710268758117856e-01
3.717627238521767352e-02
4.148072929649411766e-01
-4.777871059509030682e-01
1.435626446529504087e-02
-2.971911289718709437e-01
-1.194384159854580962e-01
4.096935295104726232e-02
5.882059937925611104e-01
2.767206790953506412e-01
-1.128155707021324117e-01
4.389558803440233858e-01
3.865630279667506275e-01
1.767027401919855634e-01
-7.361370615948840124e-01
6.486871270235938791e-02
-5.019961561490646762e-01
2.901225491671022283e-01
-8.898264622989979222e-02
6.365231301362811456e-02
-1.947678432049424757e-01
-3.477952481126778128e-02
-4.133204471895197268e-02
-2.052060943211945487e-01
1.544597087998492990e-01
-1.329070529851648086e-01
-1.732978703948310495e-01
3.482000263371543003e-02
4.791563206026607791e-01
-8.871273824925981488e-01
-3.208928227920239684e-01
1.237989963011826705e-01
-9.363262637964016311e-02
2.905021132517354721e-01
2.154099991788358537e-01
1.433645204784005645e-01
9.347202327129969235e-02
-7.715236969708874626e-02
-3.196183741876019169e-01
-1.546988300431834940e-01
-1.398405365415847541e-02
-3.595348739530985216e-01
-2.531954332589410051e-01
-2.261187666823392672e-01
-3.077008201132991339e-01
-1.192197064275444252e-01
-6.026827587410827913e-01
-1.657041327295139532e-01
2.546276645648586912e-01
-2.696543202531755286e-03
9.127905883626989680e-02
1.627796525186316068e-01
-4.600553399103513574e-01
-1.026154016198456975e-01
-1.624008108153174590e-01
-1.142021223386315426e-01
-1.159465954442479019e-01
1.560780455567435665e-01
-2.837896793242477428e-02
-2.657146988975095381e-02
9.089098155440392124e-02
-2.034228594401616963e-01
-1.119893084255141752e-01
1.607043377442088639e-01
-3.190145389529831510e-01
-2.949557797278954951e-01
-4.054954520348486580e-01
-5.136621501280199537e-02
3.264910700667435495e-01
1.187752280733336829e-01
2.358262789165938844e-01
-3.501181405292582149e-01
-3.612973775943642551e-01
2.310742088744557887e-01
2.765295259330811106e-01
-1.774703158226415278e-01
-2.071283600052023222e-01
1.492712004888296362e-01
-4.285161640414754392e-02
-3.686477322689696856e-01
9.837313316351931070e-02
1.421816267790668720e-01
-2.862092554767347585e-01
2.214832278952596767e-01
1.720770409006477097e-01
3.381861636738382471e-01
2.686258685506526245e-01
2.292233627026688536e-01
4.696352250591230293e-01
1.607385076391247281e-01
-2.272587476868848100e-01
-1.337759010319501674e-01
-1.805507421510590682e-01
-2.052440267179423961e-01
-4.492871013074032915e-01
-4.621150375487032003e-01
5.079866502903298414e-02
-6.370714285860207271e-01
-3.272227878564733239e-02
4.251668556838447688e-01
1.102860197572580192e-01
2.250751691264894494e-01
4.830017847514492813e-01
-4.134537749623768965e-01
-8.845993037055450703e-01
-5.012540683985744483e-01
-6.264851840194327615e-01
-2.103897606119741470e-01
-3.496717003601074736e-01
1.613017101973676093e+00
-2.720807511454277905e-01
2.827983462296594919e-01
3.138301832245889988e-01
2.847367213273205300e-01
2.547498477790779425e-01
-1.276258915806821326e-01
3.241837940884721991e-01
1.688793946713760263e-01
-7.034546254984332288e-03
-1.597838301478767542e-01
-1.675814779126129361e-01
1.805524751711734266e-01
-5.612778289868873560e-02
1.216950175440695975e-01
-5.890318776710072868e-01
-2.765404408214389709e-01
-1.226975219263923972e-01
-4.872342498932782373e-01
1.128163238852653849e-01
1.638970461453434224e-01
3.342350420199481920e-01
-4.110481120568654223e-01
-3.474759238198436018e-01
-2.465125387201112447e-02
-2.242710580195057812e-02
-8.277993266525320026e-02
-1.793503160542827268e-01
2.020314527736163934e-01
-9.317291599400860658e-02
3.118781466819924020e-02
-5.596302565979273391e-02
-3.790564415490965677e-01
4.930172692370205639e-02
-1.215279669204397395e-01
-1.516288011151363524e-01
-1.459675708845414172e-02
2.162102228616285260e-01
9.535402455821238507e-03
-5.502732922173215746e-01
-2.572339361798209878e-01
-2.707409584820414938e-01
2.044313606394038696e-01
2.969499625020443623e-01
1.574032619010843070e-01
4.099015727015958288e-01
-4.978522445583791201e-02
2.224829561214758736e-02
-1.989395401001394781e-01
-3.627688311987432423e-03
-8.190036316739073008e-02
-5.628891165300727029e-02
1.656836249427826591e-01
-3.024611004746521892e-01
-8.682624071503640406e-02
-7.837410865659477643e-02
8.584926431585492013e-02
4.585390197308336635e-02
2.101164365837511483e-01
-1.136898699943257457e-01
1.900100813395369792e-01
4.137075245063809303e-01
-2.753646891368260238e-03
-1.120256409510872880e-01
-2.734998811692018195e-01
-8.842539688386047425e-02
-1.291357325091097852e-01
2.899805975504141445e-02
-2.986547899375809889e-01
-1.564338176143128534e-01
-1.120284983460224926e-01
-5.476222094499676868e-02
-1.766547748902147497e-02
-3.489198480610895131e-02
2.031733949112490400e-03
-1.422267103679459299e-01
-1.664656457173476489e-01
4.171905646587499850e-01
-1.388005560482986900e-01
-4.969773410619306997e-01
-1.889841746831316949e-01
-7.993583738779744263e-02
-1.818901555249317903e-02
-3.311936759616027071e-02
-9.188731537634538260e-02
4.168941176335992371e-01
-4.664584110601278644e-01
-1.854444933570393583e-01
-1.007140461549779487e-01
-4.671089674052371077e-01
-5.872925612779288096e-02
4.256549985511288298e-02
-2.430322121383678841e-02
-4.441092042745493629e-01
7.226822996352559592e-02
1.303601541019778209e-01
-1.607483550743762091e-01
-2.277852386043054678e-01
1.506794537844446946e-01
-1.860851259092835552e-01
-3.860391080726776614e-01
-5.472835952882158794e-02
-4.581991546795873699e-02
5.624437537867515990e-02
-2.713490192749214991e-01
1.386419768253581986e-01
1.074715426849518068e-01
6.907502637665781375e-02
3.680253111165963098e-01
7.193675688218657827e-02
-5.477861013974384685e-02
-2.033395281929630816e-01
-1.275502516652956830e-01
-3.377188047911488522e-01
3.830835397191729719e-01
2.701449144670617919e-01
-7.427121232865802058e-02
3.709935075761708889e-01
-7.120691433450072882e-02
4.181974430748964244e-01
-5.007793970667319128e-01
5.671046913585672256e-01
-3.547549959604641145e-01
-4.283556354817237843e-01
-8.400064897421453958e-02
-9.027959948309943750e-02
-4.812838266991947278e-01
2.000405220832116582e-01
-3.972374733005893388e-01
-7.033691964288635301e-02
4.515235095538761567e-01
-2.667767569486892976e-01
9.203568715292273494e-02
-8.926566188834499094e-02
3.884811557376178226e-01
-2.841867749635975660e-01
-2.554612857274476956e-01
-1.918161501696957205e-01
2.665463718780223396e-02
3.852748807489222993e-01
-8.185590066647885354e-02
2.339749582047056242e-01
2.309916840695663831e-01
1.808823188539647187e-01
3.062450939141092565e-02
7.723312085423215123e-01
1.417033250329273464e-01
-1.600383776980264239e-01
-2.711855894244123988e-01
-3.844940683356494471e-02
-1.257569682726121796e-01
7.632640932364681552e-02
-5.484057156931790300e-02
-2.244966166198106641e-02
-9.730678021494477969e-02
-3.199523349546984918e-01
4.292372547058224269e-02
-8.966937325753977783e-02
6.719020462152132389e-02
-1.190493648015166078e-01
-3.301188264104727710e-02
-1.010413955113759338e-01
-1.799713896966097237e-01
-1.306778450816228343e-01
-5.250386384253743488e-01
-1.179820644773845045e-01
-2.101598835342554372e-01
2.221920039433299410e-01
-8.069888680213528620e-02
-2.600861817089969996e-01
1.655262083799771411e-01
-1.679876582117522874e-02
3.686953839006122946e-01
5.878727909925184070e-02
1.724197371901173281e-01
-1.059479472893802426e-01
-5.678730730526420079e-01
1.600360350841105173e-01
2.769357072917719154e-01
-2.515798590022830239e-01
7.926366018193765628e-01
8.247874601142203554e-02
1.785266937455393804e-02
4.516155038141090317e-01
1.151169774838347870e-01
3.276852113514337472e-01
-3.174619004105794784e-01
-9.067800840669283657e-02
2.893345330190910669e-01
1.548036753980247711e-02
-2.897509141084183004e-01
-1.030533204861915353e-01
-1.245620780953579296e-02
-4.555550809323075795e-02
-2.283172408739487236e-01
3.757096894837307771e-02
-1.296044160812051538e-01
-6.652944872829079370e-02
-3.690423154272508555e-01
-1.176518387671377924e-01
2.599935392818079061e-01
4.398336356822074023e-01
-6.907402851428727508e-02
-2.943825608145009820e-01
-5.662840850352203470e-02
3.350852246512968646e-01
1.024802069236690760e-01
4.484865501569616497e-01
-9.615742008602916335e-02
-2.010501576875576291e-01
-4.657088248030959998e-01
2.276912456145117891e-01
-2.107434977228568318e-01
-5.759763895107467002e-01
6.008113067242449867e-01
1.948874104653084555e-02
3.468450306806901140e-01
3.008251410301638340e-01
5.416696574221886440e-01
1.581011474877374312e-01
-5.369466271788820855e-01
6.008325439527831269e-02
-3.776197503158597035e-01
-4.662050914104625687e-01
3.617345936014533803e-01
1.495458038895713382e-01
5.523456614234190099e-01
3.531553326439679230e-01
4.742501450736028024e-01
5.983407072082789352e-02
-5.472781487311965259e-02
-1.618517547326204370e-02
2.879809690670941391e-01
1.408857712572576526e-01
8.030488278458289275e-02
3.920198221360290392e-01
2.161214985289135193e-01
3.411733433961123274e-01
1.498805997525981815e-01
-5.036956973242674440e-01
-6.936349299783306499e-01
1.679334180227599338e-01
-2.609926328565859155e-02
-1.431572895176489585e-02
-1.337821292514937144e-01
3.464593919740919792e-01
8.343027581011140670e-02
4.979743632420221416e-02
4.838489735647512613e-01
-1.113863466500422811e-01
-1.531171689916069056e-01
1.507918663400290848e-01
2.450101459398148097e-03
3.039589106269095439e-02
4.057462617562049845e-01
5.741185419725014505e-01
6.526246616797877209e-01
1.282810433951997453e-01
-1.642829423964341784e-01
-1.031694371538583177e-01
-4.942980498510322618e-01
1.882928342225790863e-01
-4.978210537911788997e-02
-1.148631031108287986e-01
4.508238811277542335e-01
1.797587166164570094e-01
-1.483383742770326141e-01
9.303269386462541257e-02
6.570138191347742185e-02
3.083828938741159029e-02
-2.228680197762490101e-01
-3.656865301884790892e-02
1.641287421205754327e-01
8.608089161020569813e-02
1.280062139302527990e-01
-4.456230975275595751e-01
-2.617522406542642233e-01
-1.986329300693806810e-01
1.332795172078191960e-02
4.012721957331207290e-01
6.418010296672063686e-02
1.422939199027312834e-02
3.174832973408346637e-02
-8.958582872018402976e-02
-1.067980551346931484e-01
-5.941450322338728829e-02
-2.576417949809657881e-01
1.576301307296688325e-01
4.550659421675092853e-01
1.579341000498147018e-01
5.580621894943752492e-01
-1.115767697118277973e-01
-4.126960779502433785e-02
-1.417549060391934679e-01
2.351713271913052072e-01
-9.010678097734418912e-02
-8.583082430935667917e-02
2.139361583560314695e-01
2.627761516758156946e-01
-1.124829092756746557e-01
-4.993449061623698171e-01
-1.330062325331372308e-01
-1.474852145134819825e-01
-2.548201781795388782e-02
-4.648020768587098756e-02
-2.625498168072608607e-01
4.805994384217086579e-01
1.014262319801999407e-01
1.551534529366164761e-01
3.007501108425442160e-02
1.290880324558710823e-01
1.741974618694763222e-01
2.497855630373069513e-01
3.256851948563742605e-01
-1.422018983949577819e-01
3.326315523939326613e-01
-4.638140806869229804e-01
-2.774660346087274299e-01
-9.630797968891188776e-02
1.471797773890975644e-02
1.808744239109590368e-01
2.733366998755836288e-02
1.459011032149853393e-01
4.186550804718411345e-01
1.605414937968176470e-01
8.789379816855563687e-02
2.017320914125625697e-01
-5.072587592585404287e-03
1.770534427244069564e-01
-5.392572629187141614e-02
-1.750553513451846011e-01
1.680821231610743266e-03
-3.125442667676631842e-02
-8.645841717992058806e-02
1.308976397063332520e-01
2.977730000670378296e-01
-1.785962516882642348e-01
4.428005852642659390e-02
5.989132123668523128e-02
-1.947526411843824579e-01
-1.610079033328167680e-02
9.831797507492101573e-02
1.000002108656830729e-01
4.084158451687141395e-02
5.540292601149140461e-01
1.269182337166223862e+00
1.394274642388150909e+00
4.142369809390709645e-01
4.231751049747851101e-01
1.747512707609750193e-01
-9.401519696525192371e-01
-2.534167469554884228e-02
1.222404585807696231e-01
-1.338188355815124853e+00
2.149412364055397762e-01
1.965617937301691764e+00
6.545733098901364011e-01
1.060851472382323246e+00
5.407169896576818902e-01
1.184338288413539830e+00
-1.996796013423991711e+00
3.702794063481982256e-01
-5.568343957435496483e-01
-1.079972329449902846e+00
5.017689928489342810e-01
