-3.276878479570389247e-01
1.775176393574099176e+00
1.562648909139296993e+00
6.734938631895089900e-01
1.744678684304465099e-01
-1.637445129257134036e-01
3.906303344268216016e-01
3.288369813359959259e-01
7.603154870110241381e-01
1.106146154866887443e-01
6.048622227001202445e-01
-1.279790211021398227e-01
-1.207843570935086763e+00
-3.875456075178603799e-01
-7.286623840629086191e-02
5.164794093067548442e-01
-5.999274531013394363e-01
1.081185800848690898e-01
-2.262234192815157086e-01
3.761598132235477454e-01
-5.754498434391067674e-01
3.046836653020925101e-01
1.474618654082963998e+00
-4.241813228694649718e-01
-6.287018305356790737e-01
9.615823208143438328e-02
1.947604839568918000e-01
8.327671810139450348e-03
1.035131893779707435e-01
-6.333356391215801962e-01
-1.240827138725585921e-01
2.220326975767356326e-01
-9.297547893161454274e-03
3.560212710786898604e-01
-1.397470899636022237e-02
1.372119707203378169e+00
-1.511581205640250558e-01
3.696888882428633338e-01
-2.883754171297119862e-01
-1.736455258129542545e-01
1.323031889533438088e-02
-9.011233752575027733e-02
-4.089099492193914542e-04
2.873433292851841903e-01
-1.123380330597599855e-02
3.987997818898040836e-01
2.569586998498916697e-01
6.584212954413602714e-02
1.355313881827082539e-02
-1.407994302485698901e-01
6.125382170732331794e-02
-1.623654662595551412e-01
-5.741672202982636003e-02
5.321016427126152443e-02
9.136196632503457149e-02
1.202593279759001932e-01
-1.365375089938428155e-01
1.220023386709632313e-01
3.014068146687341465e-01
-2.008685498034031847e-01
1.774674547546639392e-01
1.974919016552377227e-01
-5.625423913802139048e-02
-3.063084312964572953e-01
7.159150640330347315e-02
1.087549899339241011e-01
-2.372448415253657072e-01
5.164667738154381932e-02
4.730069921669430300e-02
-1.173118826760254224e-01
-3.546412371513908424e-01
1.207319288903251908e-01
6.917518645664572086e-02
-9.971528518300887267e-02
1.063920517015903011e-01
-3.989174267694793607e-02
-7.445112731936027670e-03
-2.187101401750816687e-01
3.601644707071419149e-02
3.124921100748094815e-01
5.558336741531411107e-02
-8.995736689560093202e-01
-7.061172052007320434e-03
-3.108782072267413099e-01
5.148331573289512963e-01
4.986481943306657685e-03
1.335289354952662322e-01
2.218278387402608798e-01
-7.705008868753622508e-02
-1.556075682456426260e-02
5.674709225371805665e-01
-5.085587774676351980e-02
3.382702110124949368e-01
-2.287241054603459112e-01
-4.894870603429068989e-02
2.939017583800807021e-01
1.044056823294450403e-01
-1.415073661355934209e-01
1.873719162146331163e-02
-8.852997736357472863e-03
3.019893261873669507e-02
-1.177474967818764942e-02
-3.175535914208977295e-01
-4.481248279458271283e-02
2.093280349866089018e-01
1.600863822604279285e-01
1.188625329073526166e-01
8.151685902811993401e-02
5.726832571950381950e-02
4.419833971398541284e-01
-1.022342278360656304e-01
-1.411836380297291360e-01
-9.664927441510861097e-03
7.381567239923485235e-02
1.653822058989131219e-02
-2.932364020831509932e-01
-6.407981625910180723e-02
-5.074314927943374826e-02
4.641248402956923286e-02
9.413228907718736594e-04
3.735888666635823752e-01
-7.367094158247491364e-01
-9.260457498589083625e-02
2.048166089420074831e-01
2.109928529015979715e-01
1.456829379568279903e-01
-7.971668956059659028e-02
-9.706183714900495918e-02
-1.219934094908939615e-01
-1.363731296120043457e-01
-6.249039583983514307e-02
-5.476534387955152988e-02
4.003372802463344739e-03
9.311034167905986314e-02
1.317234695930253607e-01
9.510939420639256958e-02
-1.147872295139953577e-03
1.579986126357581511e-01
-3.705559616893677188e-01
-1.759192035944946164e-01
-4.033681471989089551e-02
-7.971257642117439424e-02
1.328862973116496649e-01
-2.073998446199240842e-01
-3.686122557239772113e-01
-3.404873256781550811e-02
1.781750479610138549e-01
2.024265220689995814e-01
-1.486689939812954886e-01
-5.558483145979280227e-02
1.437269386609613675e-01
4.318429511470522342e-01
-3.797847551441088654e-01
5.148119945663844899e-01
1.032939876964197173e-01
4.087766052940727257e-01
-7.702820305840410442e-02
-2.037686300140328644e-01
-2.676517989683649054e-02
-1.765134227192515504e-01
-7.133031654351296158e-02
-2.050398736315627579e-01
-1.414181673372469916e-01
2.262451145104406869e-01
7.760718049562838859e-03
2.073183706615998323e-01
-3.469579137611636388e-01
9.115877570849626466e-01
7.879432910622645447e-02
6.648962178922093180e-01
-2.109829161664737718e-01
3.389685972834338007e-02
-9.124747528458343471e-01
5.295927863753548959e-01
1.076229702054017912e+00
-2.877846516889100426e-01
5.590586726104084248e-01
2.376366768064484269e-01
4.226610926987279804e-01
6.146011498034135989e-02
1.893225304840150947e-01
3.131581928779045287e-01
-3.230741406270954963e-01
6.788282511980750500e-02
-3.527048975717513024e-02
1.341524987587955353e-01
1.388927550062432625e-01
2.347614930345904849e-01
-2.137142417673639216e-01
-6.749160724868683014e-02
8.862134926629175458e-02
-1.592543134854598197e-01
-1.612331951358307591e-01
1.031952945726930942e-01
-1.234820803612681761e-01
1.116109909669502076e-01
-9.980781784828564318e-02
3.504092444312949528e-01
3.579671646625782189e-01
5.502795865643363982e-01
-2.416553982885486784e-01
1.164155426965699514e-01
-6.497439470655822502e-01
2.639014077271613634e-01
6.901144283518357847e-01
1.864113946160074822e-02
1.690622349512793665e-02
2.730743804246028583e-01
1.868540143079044091e-01
-4.060018227275158376e-02
4.237692282165016477e-01
8.520664586866538714e-01
-1.160246630275014873e-01
1.629647629495571404e-01
2.226661539014415103e-01
2.800440285237872917e-01
2.126506523393627279e-02
-3.887073675980765725e-02
-2.051568472239120311e-01
1.530291367800987005e-02
-1.802708849391479462e-01
-2.235682471054567799e-01
-1.756863734719364134e-01
5.741764251324132234e-02
5.274036263966233040e-01
-1.331551300351464231e-04
2.763302862052119738e-02
1.328958223387443904e-01
9.665233565424861950e-02
4.440350360620040626e-01
-1.605431108794900530e-01
1.788294636724890585e-01
-5.783095307193678591e-01
2.959351137768090889e-01
4.785417277536026526e-01
-1.209257191817173782e-01
7.130382763154016201e-01
-2.621374136610224795e-02
1.769253291058408284e-01
-9.195960684623789849e-02
5.333704452184270250e-01
-9.329770201545444230e-01
-1.319132824893498590e-02
2.837985526082724697e-01
-1.510628286939842690e-01
-4.090806301475179985e-01
3.521169225408531805e-02
2.518085653660306900e-01
-1.873704337241730300e-01
4.793701320248666686e-02
-9.050100593109852154e-01
-3.827993609768542971e-01
-2.945686952654684165e-01
-4.875115268602463470e-01
-8.826476560697588125e-02
-3.554674808805605712e-01
4.627397729356371725e-01
4.618812012177683779e-01
-5.385261556611434797e-01
-8.112934983807786882e-01
-6.308616016468210352e-01
-9.869085623292585263e-02
3.253639840088972668e-01
-3.556735558173824141e-01
-4.751142520341480324e-01
-1.177937668807055027e-01
4.620641059360357517e-01
7.111466460668316447e-01
-4.795904927546662533e-02
-1.715191884192899530e-01
3.263932136199866885e-01
-1.196273848202304979e-01
-1.751540601245243911e-01
3.446489381923092260e-02
4.457763864674674920e-02
-3.749092403801484452e-01
-2.802412288945559798e-02
-4.236446688010455514e-02
-1.127816747668445863e-01
7.483960835546550616e-02
-8.453095005160256303e-02
2.704772127235148815e-01
-2.211680761929569472e-01
5.865206626442302090e-03
2.946484914128613339e-02
6.870036644730019570e-02
1.204773804086033684e-01
-1.227024249042787396e-01
-2.838811189653444034e-01
-6.559410884410507570e-02
3.160382788921191621e-01
-5.291584966771693127e-02
2.449676989490323087e-01
-3.809108370622157347e-01
2.112780570929060145e-02
1.871520948664360737e-02
3.788130894690232980e-02
4.073694797743212387e-02
-2.739976779537180995e-01
-4.830561676621847322e-02
-2.467692425383526400e-01
4.010719031128645029e-01
-4.518956423425129348e-02
7.433990013951315146e-02
3.361227505225947154e-01
5.126577626712705005e-01
6.674105021356799283e-02
-1.232324373406212537e-01
-1.539957409315047265e-01
1.605628498273873328e-01
-1.400943236883532388e-02
2.011482900740297897e-01
-4.315154615060111665e-01
2.180749636558872440e-01
-2.887130844204707780e-02
-2.469701707607742658e-01
2.025362200883746022e-01
1.383960681026564186e-02
1.214601922830953196e-01
2.902599020718852341e-01
-8.401091704642914271e-02
-5.688810001940396849e-02
1.520562178193789749e-01
-6.086619803897821285e-02
3.507224843098866729e-01
-3.445964480245345407e-01
1.799257788291281079e-01
-1.271671091967814700e-02
1.829990483036338933e-01
-7.751488302707536249e-02
1.876682764875669818e-01
-3.611549424405199327e-01
-2.251195674037135275e-01
-1.021275112107985182e-02
-3.019562662755869153e-01
8.124245793432942342e-02
-9.630423796240883058e-03
1.136271163292914277e-01
-2.932470254061405601e-01
-3.859444579457219637e-01
1.681324202931929745e-01
-1.292338723081278562e-01
-2.606791133280209616e-01
1.946811209936057663e-01
-2.096973707310983634e-02
-3.618513423308162835e-01
1.859472657210450020e-01
-1.604452492240992234e-01
-1.244936536007855282e-01
1.079564356319895162e-02
-5.283309930608564436e-02
1.598522475396730036e-01
2.661548804401567270e-01
-2.477936143489957999e-01
1.106647076706300664e-01
8.839701595102139597e-02
-5.997128231596262488e-02
3.441742609582126855e-01
-2.571475178047810672e-01
2.092580876116443556e-01
2.249122918852974051e-01
4.050395565624184679e-01
4.651989235176080817e-02
3.268841687128543061e-02
9.315695185619905783e-02
2.708479826817854902e-02
6.799377438730926093e-02
2.231557651876016346e-01
-2.737267884791828587e-01
2.081202681930424125e-01
1.322284795403007585e-01
3.416129416261443758e-02
1.919839809692184540e-01
2.099540697553431076e-02
1.137097883915926949e-01
-8.730508150758632679e-02
1.909881863677988789e-01
3.745447859528736045e-01
3.129062024770428579e-02
2.764849536697213117e-01
9.037877094487346830e-02
6.275206001428516867e-02
-2.774571899044529499e-01
2.395905612870687651e-01
4.513111706477599960e-01
-2.523216077519491174e-01
2.224332627537245755e-01
9.964691875491241135e-02
2.751530805203756813e-01
2.569271854434094782e-01
2.833845574816446500e-01
-1.582128367912288558e-01
1.644464487035629530e-01
-1.084827135135027210e-01
-1.390428902559839308e-01
-1.149831025149109370e-01
7.791399377195312725e-02
2.294984176520066532e-01
1.109842306999995615e-01
8.028241202842384405e-02
-2.681133903606314206e-01
-1.173267872633116382e-01
-8.573629070402671859e-02
-1.681427868944103399e-02
1.471087464827126323e-01
7.902485921661067669e-03
2.585700907281295868e-01
-5.744982820336300838e-02
3.536896466824576701e-02
2.361823717301855252e-01
-8.362342430358891965e-02
-4.005416398657455912e-01
1.678232287893609009e-01
8.392116779772983148e-02
-1.678127550814597357e-01
-5.518958117062572333e-03
4.187605612290022650e-02
2.305864111858591803e-01
-2.203799194778344184e-01
-1.006070506389706611e-02
2.814648733194897168e-01
-1.284407950151499556e+00
-1.766402409604908019e-01
-2.863737806015636753e-02
-2.073768069532517244e-01
-7.605037778234469137e-02
-1.178726000515919504e-02
-4.414687477759147299e-02
-3.779581177636995304e-01
-2.750878512527724085e-02
-9.366990716073723966e-02
-4.771655478109135262e-01
-1.916505413231312793e-01
-3.573106567769096520e-01
-2.267181756900285838e-01
-7.670911656568811521e-02
2.009132637399957955e-01
1.297774819914816920e-02
-4.383952020481831080e-01
-5.222938362517379751e-01
-5.645591836498530663e-02
3.242487446821917807e-01
2.049708922174680314e-01
-4.050735451031882706e-01
-1.858389768546236595e-02
2.187769989153366124e-01
2.088197291731653249e-01
6.155618283345538622e-01
-8.513679534357869449e-02
-4.469772567258834678e-02
3.118374665806230572e-01
-3.975934712578384489e-01
8.442823364513322992e-02
9.766006747329264437e-02
9.313933645953362261e-02
-9.559209203288190904e-02
8.246883173782341980e-02
1.959968398223850550e-01
-7.720155707594761330e-02
-1.677889218332284660e-01
-1.207560415748988036e-01
-3.508425798063422030e-01
-1.629841761348195875e-02
-3.020282799187795977e-02
-4.445320749979107117e-02
-2.290616546799509046e-01
-3.144530420558734329e-01
1.132192477630522970e-01
2.407294522351347554e-01
-1.550039842505473164e-01
2.774350202952513209e-02
3.466078281254939691e-02
1.073506744943139024e-01
-6.256113555841935625e-02
-2.088166783821450156e-01
7.757041578199790066e-02
2.439740072922082503e-01
2.539903954774064537e-03
-2.534237326942828661e-01
5.376472614532566002e-02
3.589258716832110507e-01
-2.094550578035170585e-01
2.084352897565616425e-01
-2.049869572588779998e-01
-2.020740958135240628e-01
-5.467554958027321527e-02
-1.072120365357070310e-01
-3.337532797764288239e-01
-1.622964387296978450e-01
-2.294778698935399097e-01
-1.805457784470420879e-01
-1.236886910935849210e-01
-2.275178851101034294e-01
-3.268782056990412327e-02
7.728955618840326058e-02
-1.262091812658300560e-01
-1.266453542760016537e-01
2.019765004891615201e-01
-2.595000780515819283e-01
-4.324291613526696776e-01
-1.590045990031126733e-01
1.438004067531736263e-01
4.885752208741837022e-01
-3.796466767743560400e-01
1.984395579572474089e-01
9.215221317584949834e-02
2.574729402175836568e-01
-3.058769046499404398e-01
-2.672309051710280992e-01
-2.576084921041769116e-01
3.013126721435360755e-01
3.321769087994155822e-01
-1.182333905637477645e-01
-9.108446460149723090e-03
1.745096678736584028e-01
2.856934253153270986e-01
9.753161888778294486e-02
-2.696276439634143207e-01
-1.239509098757350797e-01
3.478927443479231107e-01
-2.202622660949495603e-01
-1.710868294164154535e-01
-6.547553863595023671e-02
-1.372802514575985899e-01
3.938240549193624540e-01
4.187823730469442118e-02
9.717957242435032450e-02
3.164459443776466152e-01
1.209378853963185702e-01
2.179608778341478592e-01
-2.051734248064446264e-01
6.189211046415563078e-02
-2.222726008702132217e-01
1.287167979083552460e-01
4.808090772223820586e-02
2.702132108089395912e-02
1.210512807269773228e-01
-3.452927867731916400e-01
6.871983323627581242e-02
1.211135705247092520e-01
6.807308573665592222e-02
1.619788990435608311e-01
1.986240712248344975e-01
5.995216947847996532e-03
-9.117138341211550312e-02
-3.591501488716383056e-02
-1.859732483037112860e-01
-4.213584822503004673e-02
-7.255608264013788111e-02
1.035196818835454335e-01
5.771909824460664806e-01
-9.680919708031056337e-02
-1.879005330154834841e-01
-4.083046091690575863e-02
-2.201096733542022288e-01
-9.585511941885115073e-02
1.425560387367518778e-01
-9.480890963629896862e-03
1.658277241152991688e-01
6.270135409725027809e-02
-6.424506309805657874e-04
1.572748860355821232e-01
-8.778164246922440239e-02
-1.136471605940386626e-01
1.446572552608408890e-01
-1.164535444746630649e-01
6.688033298701145934e-02
5.225180480614975698e-02
-8.878571821226531602e-02
-3.642802930480787960e-01
2.613087427709571697e-01
-9.110444371927600704e-01
7.271359369732735556e-02
-8.806186486970418725e-02
-1.181792800855968467e-01
-1.995436650998362593e-01
-2.226762007142329691e-01
-6.328521713839894980e-02
-1.625642105262521675e-01
-1.943227555968597697e-01
-3.053292275804744826e-01
-1.914986359583965153e-02
-5.853195298778658406e-01
2.878671993182857144e-02
-1.455144593135774267e-01
-5.003731570988968480e-01
9.426249610772088894e-02
-2.508166290646705529e-02
-2.239055753915484559e-01
-1.934625141848127228e-01
-3.900297028891584750e-02
-4.434701587443319604e-02
2.181270336235722751e-01
-3.523943554856835414e-01
-5.800100207415687797e-02
-6.086742900545050877e-02
5.048586455892854763e-02
2.153524274753987056e-01
-2.267558488074318188e-02
-1.015698009237611535e-03
4.142229773842297236e-02
-3.535623058988798806e-01
2.560307417201763969e-02
2.335970733396365295e-01
-5.223120719129786815e-02
3.360076559734006358e-04
-4.104129899401394166e-01
-7.674875416863130573e-02
-7.238125230612706129e-02
9.811251406338218628e-02
-2.441745725054166316e-01
-2.383280436593847584e-01
-9.427861383756364066e-02
-1.286584574092297095e-01
5.131899473569204867e-02
3.189722758132292335e-01
4.927303162230704803e-02
-6.846160700247308495e-02
-9.130752648550033435e-02
-1.744144707864665189e-01
-7.326918451036931734e-02
9.237067856144476341e-03
1.030381056598683176e-01
-2.567677969009864447e-01
6.229014094901153681e-02
9.243519637252897714e-02
9.883308033010049232e-02
6.045506598464508823e-03
-2.243208850214803299e-04
-6.111386243813410335e-02
2.923537821775415435e-01
3.868271870472208551e-01
-1.692622443298173462e-01
1.414064833698756019e-01
-1.978185562945102560e-01
5.115705220857322266e-02
-1.368037326172477364e-01
2.678416453583868859e-02
1.366386784636922092e-01
-2.024151975353037369e-01
7.803698602396680339e-02
-4.664206266650014476e-02
2.443517081560327431e-01
2.163457628713649217e-01
-3.444960479220282590e-02
1.266318405190147989e-01
-4.314922160778315585e-01
1.403813497921969355e-01
1.325703544465849648e-01
2.018112025318635414e-02
-1.209145063217328953e-01
4.273142394190372895e-01
-1.742181277563872588e-01
-2.461380556190707197e-02
4.154742230939767467e-01
-4.976036617816999574e-01
1.628486931011142447e-01
-2.482529954290314811e-01
1.986528910777074497e-01
1.052266529453479565e-01
-5.314665353080615801e-02
2.469343619117413957e-01
-7.883105792077921281e-02
1.335494329130770819e-01
-1.213382322238946293e-01
-2.428488804586123317e-01
-1.807801993456211731e-01
-2.253595387055206400e-01
1.116558192556325602e-01
-2.368121796095326928e-02
-9.325753421538177101e-02
2.097670881054793657e-01
8.255448411572936795e-02
6.804051219485215962e-02
-1.781869226769400572e-01
-9.826621813529966276e-02
-1.530037258415502255e-01
5.102411808108581193e-02
3.542044926786894199e-02
2.873771583130259322e-02
4.849804344685878377e-05
-2.434568566360316710e-01
3.037927025565277314e-02
1.585003841733857027e-02
-2.105212943670758952e-01
-7.694236220016516248e-02
-2.442482217147336765e-01
2.837611487388399037e-03
1.109787634765185688e-01
-1.276334391727376449e-01
1.247938658513509658e-01
-3.365603481591233903e-03
1.044903799277318857e-01
-1.585774582207323535e-02
-9.892203045576936082e-02
8.964102472155644277e-03
-2.370599319836078356e-01
2.379389130153842791e-01
-5.136777191454294789e-01
1.440567076335965424e-01
1.919346257787517551e-01
2.384785460000242441e-01
-5.564265343787282159e-02
-1.386254116254266866e-01
-1.159403460336416308e-01
-2.376345607744635990e-01
1.339402259065582690e-01
-1.207952212245335388e-01
3.642255868203132518e-01
1.252193640793291818e-01
2.311774135959767107e-01
-7.521580319370033130e-02
-3.348521508675023767e-02
-1.482053898225539623e-01
7.573685719674580485e-02
1.937987766617645449e-02
1.535421183316605376e-01
3.447689684304273972e-02
-1.396012829267561928e-01
-1.503476379408130725e-02
1.962273498672177374e-01
-1.955576031428472028e-01
4.421217714799213598e-03
2.148575703195121922e-01
-2.238683882962925857e-03
-2.114885961133902426e-01
-9.109667112316632842e-02
-6.955879207014213639e-02
-3.111528156711445420e-02
3.376766251272251829e-01
-2.755677766923033886e-02
-1.531995425300795854e-01
-2.919859100367618310e-01
8.445646010948555660e-02
-3.354744489230190169e-02
4.902670353780402834e-02
-1.515503291037016975e-01
-2.044621057014864574e-01
-6.996713314472748080e-02
-2.053628774982902971e-01
-2.184948280942404786e-01
9.891231341587795878e-02
9.862209296052341923e-02
-2.949432159631432127e-01
6.253148686855621030e-02
1.696329330749151709e-01
1.872242759932998823e-01
-6.851699509546223255e-02
-2.628239123991957249e-01
-5.436127213420698795e-02
9.978970994192710997e-02
-6.653689803311697848e-02
-1.542447968664361901e-01
-1.520194372150939777e-01
-1.509342774801609444e-01
-1.769761432905146981e-01
-5.844321096185774167e-02
2.693365686978368423e-01
-1.032400142891213152e-01
1.413520089525450441e-01
2.261172178639245522e-01
4.095490937510207208e-02
-1.348294438578686028e-01
-2.281049142243874173e-01
3.586493792163406025e-02
-7.574147264084186981e-02
-7.932133496044640325e-03
-5.227993358814091857e-02
-2.612667741697793922e-01
-3.104810250128573618e-02
8.417835263996566175e-02
-2.311078399265953376e-02
4.775771893758973263e-01
-6.542288609448797254e-02
-7.728328494978699281e-02
6.515069172918309948e-02
7.032691261122876736e-02
1.551329691061255622e-01
-1.156565613837164108e-01
1.249260533005828733e-01
5.583760342977173163e-02
4.812435679156140123e-01
-1.964147806814991737e-01
-3.184146650575651882e-02
6.133286399064179911e-02
2.118930500334450517e-01
-1.840780121801724178e-01
-4.153330981554036877e-02
-2.931867606908351576e-01
6.560802814329746990e-02
1.921419395530677907e-02
-3.596817710492242193e-01
3.640888771252558803e-02
-3.305236182696610903e-02
1.073093284851443785e-01
4.233169823551594796e-02
1.623749130810560048e-01
8.516460219429315970e-01
2.225978672988163654e-01
6.340859453729427164e-01
-2.190349844954453118e-01
2.273628551720293378e-01
-5.632243326605420597e-01
2.240147843383624160e-01
7.783401461233423468e-01
-1.745912634800563246e-01
6.776881188802402756e-01
-2.737077531000399189e-01
2.988737299142685266e-01
1.444102404182158114e-02
2.772969234257116611e-01
2.597202630692896363e-01
-1.323149069028661069e-03
-5.575888866781578829e-02
-1.056892278557379147e-02
-1.518728527280383267e-01
-3.022996136297446124e-01
4.932693435160089013e-02
-3.580921587884208224e-01
-8.534045171129535368e-02
1.317648021745718712e-01
1.204136079761334993e-01
5.382754997202407465e-02
-5.436166982492130623e-02
2.614174633586034413e-01
1.121856124977022862e-01
-2.548441029790969314e-01
5.873275955505243007e-02
-3.777230664770681728e-02
-1.116049143172247460e-01
-2.051584504506819007e-02
-3.328334648015183750e-01
3.469543640612818280e-01
-3.614885603196556219e-02
2.064620687309579039e-01
1.873402919470988082e-01
2.832527232872736334e-02
1.847417177778554465e-01
-8.391891896768042050e-03
3.354229019245827392e-01
2.999093939033682307e-02
-2.133019628485962882e-01
-1.312000167736945277e-01
1.476917189412348397e-01
7.640545704137877148e-02
-1.836991913753447669e-01
4.464257255454139039e-02
5.544093139036516266e-02
-3.538022811679567697e-02
-2.770210673944044077e-01
-1.248504002708525676e-04
5.011289043797604453e-02
1.363215592355891403e-01
-3.920776627130553305e-01
-3.931579338292868347e-02
1.381488489639030870e-01
1.832900467072929029e-01
-3.212232916343488731e-01
6.637504795055244877e-02
-9.531150432830144681e-02
-2.167745544197977603e-01
-2.961404217121190730e-01
6.629216419627709245e-02
-1.853020358093887543e-01
8.357696676282176662e-02
4.840776120189922010e-02
4.777917552293883124e-02
-2.481297979595613878e-01
2.500072596928029633e-02
-2.181275106709179568e-01
-2.695870410584439575e-02
-4.656273594542788968e-02
-2.971309769920747468e-01
-2.977043843220841812e-02
-1.052085453497472178e-01
6.272150180513734463e-02
3.397440286994876657e-01
1.778491545250473205e-01
-3.408538575519218933e-02
1.915066036960295370e-01
-1.400158199498659044e-02
-1.898678193718902618e-01
5.767479422838166225e-02
-4.755005276683335613e-02
-1.345813075648858992e-01
-2.833200977880856453e-01
6.900272813792966697e-02
-2.782463159367627448e-01
9.682198902539822238e-02
1.510972230313195885e-01
-1.695063175827461049e-02
-1.349897877802982149e-01
6.212676771877338050e-02
-9.723519557239440614e-02
2.519892402497755576e-02
-1.701281530740257064e-01
-1.719792816339733507e-02
-8.107269984631186588e-02
-2.021936998482045528e-03
-1.509029339428238914e-01
1.008103165978748439e-01
-1.259966926378872643e-01
-1.209750396850971799e-01
4.825508323511446679e-02
-7.080181272597677045e-02
9.000007033346388297e-02
3.468607096577400184e-02
3.041207440992784727e-01
-1.355413023877079237e-01
-1.166574331726086128e-01
6.391042310511735325e-02
8.244609616335979441e-02
9.316919151961461365e-02
-1.861284910350826131e-03
8.866371721850770105e-02
-1.227986483541487484e-01
-7.359176724023783200e-02
7.411142720977740087e-03
-1.054512092195326878e-02
1.622874647565167305e-01
-1.195573308274358176e-01
3.963160180176572567e-02
1.576735728340702691e-01
-2.745787564367074829e-01
4.512968524779533142e-01
-4.433955679122499743e-02
3.165317381347148573e-01
5.626865597720130674e-02
7.000377621533244998e-02
-1.730731829820876255e-01
6.252264704914957394e-02
-1.862036352314598575e-01
-4.882878474565161692e-02
1.810361643919188857e-01
-1.898015806311126319e-01
-2.564437837894583544e-02
1.164459922690028182e-01
-1.497091994729892461e-01
7.695579953646959626e-02
2.847849241005078955e-02
-7.778854080902014578e-02
7.889448928187751953e-02
-2.550118737145891101e-01
1.645495359278939182e-02
-1.138638944836664751e-01
-1.369041404872657353e-01
8.935973752563310113e-02
-9.650394373277640381e-02
-1.602395805717236540e-02
-7.145912052476161014e-02
-5.874808834581838474e-02
1.062647329899472914e-02
1.993587427344875596e-01
2.188792848926146908e-02
-5.425158909035993071e-02
5.295967199210295994e-04
-2.925083628399515745e-01
-3.498090560687623640e-02
-3.860107790468213923e-02
-1.641826258241169123e-01
-1.184385118132323840e-02
-3.467974465377465700e-03
2.699675379028579347e-01
4.901072695297649107e-01
-2.475380508290752346e-01
-3.765035861745155699e-02
9.584233249064492977e-02
-4.228770826765281265e-01
-9.585099567649907337e-02
8.343984019267572383e-02
-3.787954952648843465e-02
-1.536713298676811168e-01
-1.507219280757918778e-01
-5.854186882467227876e-02
4.867651608341284908e-02
-2.303796287719082903e-01
8.983191594181499928e-02
-3.844051516889451792e-01
3.985158911129611514e-01
-1.035216658020629427e-01
2.799948494930276088e-01
-1.516938705513677099e-01
6.001101808014029822e-03
3.526864102288504443e-01
2.077714873638098758e-01
-3.515619138860603780e-03
2.925070042500912404e-01
2.385015140047175020e-01
2.375590988844319684e-01
-4.649883578198196060e-02
2.320808889963896782e-01
-7.108922786468859778e-01
-5.693465137267194054e-01
-3.838480953407637231e-02
1.220263660857169759e-02
1.668215222836660211e-02
5.876006603499144693e-02
-1.945144452002743052e-01
-2.125682108861646213e-01
1.242867311284566283e-02
9.152906862945073274e-02
-2.182840197458599807e-01
8.989217706795440965e-02
-2.643128937465419326e-01
-3.386249944410369816e-03
-3.114680144044503773e-01
-2.281173042167391474e-01
-1.994249058709532743e-02
-4.133877651737311032e-03
-1.821734195620464403e-01
-3.260418302947859504e-01
-3.075609473907939817e-01
5.601177330267056442e-01
2.925023894265891058e-02
-1.922735304226503017e-01
1.486543468987063243e-01
1.618472321788351764e-01
-5.702423235698156172e-03
-1.200964564864549639e-01
-1.919559924249307215e-01
-8.247602264163619856e-02
2.753389421261636660e-01
3.169433510154437417e-01
-6.749588565247803540e-02
2.325939578744776453e-03
-2.951234995265418215e-01
2.099953377597627013e-02
1.675915915749365825e-01
-2.767344353290984160e-01
2.623803747081092097e-01
2.250373413787676857e-01
-1.580198334309308728e-02
1.439526886544856277e-01
-6.454458459281452176e-02
-1.203966691468134759e-01
2.337143719083222271e-01
1.450088195573482619e-01
-7.977380604935721542e-02
3.425839411764599607e-01
-1.747810639537688004e-01
1.471568144781231213e-01
-5.661715364995315025e-02
-7.868612368042240957e-02
-2.296060904392035681e-02
1.645969796672800967e-01
-3.199997912757719387e-01
6.521928550045612109e-03
-2.588945817736097998e-01
-2.330623031938103620e-02
-1.253482869828433099e-01
9.321921569253324713e-02
3.387965811062953470e-01
2.127954341215601911e-02
1.923240180675097610e-01
-7.886674109894184492e-02
1.185095050911709816e-02
-3.149455848649171993e-03
-2.684748818864877151e-01
-1.253775065772438566e-02
-1.979827570057832997e-01
-6.334848906239926025e-02
1.358248805307512297e-01
2.150439310905001219e-02
-1.298524624339322253e-01
-3.824403787314468312e-02
-7.876882890645131585e-02
1.076568343016195712e-03
4.243053546516349639e-02
1.156528755433261224e-01
4.302913183884674031e-02
1.544364471766292435e-01
1.542822900173413114e-01
-5.314144376317405660e-01
-9.511390363008095927e-02
8.849462618032644112e-02
4.435093931425508618e-02
-2.260188188787712049e-01
-7.903015962621520729e-02
-1.531689053073586326e-01
-3.682561112984261004e-02
5.850418732341326061e-02
6.529840873701535375e-02
1.860912562342650067e-01
1.138247170064967950e-01
-2.293457397561628752e-01
6.657789266198493872e-02
5.379657904972055121e-02
2.513006339251710464e-01
-1.015006857019738057e-02
-1.956638218433646992e-01
-9.868253600663903780e-02
9.292508517044829885e-02
-8.072116266541192603e-03
-2.034261741699562032e-01
-1.772671633014315795e-01
-1.313880322114371335e-01
-2.594572759442230203e-01
1.475141055006201629e-01
-1.059280451424100405e-01
3.596787570300022385e-01
-1.596274182141427522e-01
5.982931423729339476e-02
-1.481880435971419385e-01
2.111391004934908278e-01
-2.252898989096895413e-02
2.841796637847155554e-02
-3.327074357421497958e-02
-4.463442486386165475e-01
2.210087394856126430e-02
6.442450544102487631e-02
1.150192530870204760e-01
-1.087196702292451411e-01
1.260011982884967352e-01
-1.890919778667048134e-01
1.507319135429107011e-02
-1.786427337606802945e-01
-2.693893328931982745e-01
1.982238101917270512e-01
-1.090711881557917123e-01
-2.484877589262816100e-01
-4.924801020876914265e-02
-1.788533034974585656e-01
-1.056827915178316230e-01
3.603748356050232721e-02
-1.033867581654765166e-01
-7.388766713013833476e-03
-2.681424049771019558e-01
-1.552001519237727889e-01
1.818734221509264726e-01
-3.021231655917791525e-01
-6.895263511171270676e-02
1.425656247366972884e-01
2.208784159148274862e-01
-5.072437135946365749e-02
2.409685035670322273e-01
-1.205503890410547681e-02
-2.645723229334225324e-01
-2.848768177564237059e-02
1.792707760032717645e-01
-6.440842041616116898e-02
-1.381416614286416211e-01
2.023248458917775439e-01
-3.495425558130982324e-02
-7.916041441111420357e-03
-4.988782586253304868e-02
-1.685385949946255901e-01
-8.186894271747213736e-02
-1.828272477881315028e-01
-1.445852299810464550e-02
2.945442097144070764e-02
1.935045330265330599e-01
-2.367255329191245705e-01
-7.807262253895999593e-02
1.349625148110740747e-01
2.953213412312606923e-01
-1.502275094631786156e-01
-7.693212528785303705e-02
5.611091807268259180e-02
2.501508625519178186e-01
-1.192376176835860668e-01
1.087977249665377372e-01
-2.158089546554766702e-01
1.376953919613299604e-02
1.741162408013960938e-01
7.464842403813987115e-02
7.881064865055262270e-02
1.029391294724171652e-01
-5.738920687215894045e-02
1.897466346081086164e-01
8.738589047848663305e-02
3.347093693330597808e-01
5.560362080396773488e-01
-3.194843495146112988e-01
9.298426800680303569e-03
1.191520697600890327e-01
1.792640584558177763e-01
-5.377906863077213523e-02
9.426072956078371257e-02
-9.368661984354303279e-03
1.251874743328525996e-01
-1.769621756026205361e-01
-2.038053914103338804e-01
-7.551184574667157978e-02
2.031372664214561863e-01
-2.267576985745855256e-01
-9.753998437104416733e-03
-7.433660786682502741e-02
7.514594482061672798e-01
4.408206899529537592e-01
3.848530628067838855e-01
-3.809598997505341811e-01
5.310053477626801299e-02
-2.901246822280707516e-01
2.607935209948830102e-01
1.005939257549060217e+00
-1.268736667640173454e-01
6.018906260024549093e-01
-4.334560282122923436e-02
1.640892538741067774e-01
2.368633351348917448e-01
1.691426107278045377e-01
9.389870149824430801e-02
-2.108447098082060489e-01
1.713153381798369901e-01
3.312389081076361902e-02
2.234857207617191310e-01
1.587895651488229962e-02
-7.606276190445218632e-02
1.449563508528558531e-01
5.133120750878413796e-01
-4.409899889448674198e-02
-5.143553455234337601e-01
-1.872424004158025623e-02
-4.142453388572069767e-02
-1.008046557553769623e-01
2.100097389123993519e-01
-9.448353514898125138e-02
-2.001746703495871083e-01
2.354284998138436377e-02
2.129738737866858356e-01
3.313592930150193600e-02
-2.941507729825068584e-01
6.077244638973756247e-02
2.714567762869639078e-01
2.056584085370471437e-01
-3.592634284888319984e-02
3.793774331739081518e-01
-3.056457788102556750e-01
2.617076935982363128e-01
1.532069809250381498e-01
-1.387502899074053442e-01
-2.139754650136148628e-01
8.890477605561129815e-03
-9.125421980763208374e-02
5.783798973245168895e-02
-1.192904405209106178e-01
8.379124950087114831e-03
5.383787356819736969e-01
-2.556142264693906513e-02
2.394977402375055853e-01
-1.695880314286579704e-01
1.627140382890807091e-02
6.495716283821206805e-02
-2.517519340684645224e-01
-1.481133647112929386e-01
2.421179432388636532e-01
-6.248900425967026349e-03
-3.158188561472301259e-02
-5.611281954629630114e-02
9.707849790252856548e-02
-5.463132271857438355e-02
3.236030324517076284e-01
4.899887557818499023e-02
9.429425694932692947e-02
-1.857161199307841848e-01
-1.832745707208305042e-01
3.666643842729653407e-02
3.335201882367436199e-01
-4.321368093939054883e-02
-4.640950208539704192e-02
-8.976590390510777451e-02
-2.248851311420917709e-01
-2.743858314171236934e-01
-8.265440448524707939e-02
1.090043393175762210e-01
-2.163824541817038205e-01
-1.792192099519338000e-01
8.695708841453432536e-02
8.532062843222208703e-02
-6.790960042126242824e-02
-4.035546945959044840e-01
-2.292470826573053400e-01
-2.055949810112340237e-01
-5.184260368790214596e-02
5.142750184742134190e-02
-6.678446985299163474e-02
1.860326008775441131e-02
1.942289327234420493e-01
-2.566941937986978450e-01
1.294813533929593252e-01
2.263325274501208073e-01
-1.684656971406547077e-01
3.862989552192882536e-01
-2.462563892428031864e-01
-2.349710367881499562e-01
-1.248810884517111558e-01
2.040467604278124458e-01
-7.907475983353641491e-02
-7.448932493224433293e-02
1.231175837274349899e-01
-1.417401273355802238e-01
2.942353622828073334e-01
5.364069282169040692e-02
-1.433514817980518878e-02
-9.463287942928542973e-02
-1.144661904082804188e-01
1.410349375682233841e-01
1.960983584813259101e-02
7.192083828790548500e-03
-3.539862860461796129e-02
9.459708742915538815e-02
1.119782404539200193e-01
1.003213055922781149e-01
2.208101413242557765e-01
6.389767786982859799e-02
-1.251379809262915532e-01
-1.009852169234780883e-01
5.882271051082293284e-02
-4.921213835335405684e-02
-1.360889490984988626e-01
-3.381129694637735605e-02
-2.599925512388608362e-01
3.647379692818500940e-01
-3.484730006066790176e-01
2.125633150507423574e-02
2.561202837183454983e-01
-6.130650175402776320e-02
1.823733195653948480e-01
-8.280363813979901844e-02
1.414801611719057051e-01
-4.192686068719632397e-02
-6.940694919989867095e-01
-2.062119173475620015e-01
-1.137332631771639374e-01
-4.629496020563853703e-02
7.718047641936799652e-02
-8.671826089552800432e-02
1.359769352566452261e-01
-1.725264480444104187e-01
-2.071811095790736523e-01
-1.408921719428560260e-01
-2.289884089346286011e-01
-2.371450739841732269e-01
-1.091229575831918902e-01
-2.309651496852293921e-03
-2.391771978758087669e-01
5.721424241731966343e-02
-2.970076770044177139e-01
5.526803062012469042e-02
6.629346887778042596e-02
-5.296736319334787585e-02
-1.886071543505746240e-01
3.002782124375540929e-01
1.087760055628118026e-02
1.132047971524501873e-01
1.609674730431674521e-03
-2.102609305966374742e-01
-1.674620835201571026e-02
4.980139474768945085e-02
3.408691247444162187e-02
2.172081647633128387e-01
2.347363210616724150e-01
-1.635075038906567135e-01
-1.927032818315118634e-01
1.229740276550353451e-01
5.931249372273159765e-02
-5.318400022643072766e-01
5.093935692790414055e-02
-2.540653944365489081e-01
-3.911584220426087555e-01
5.167011349911237311e-02
3.218890956061559172e-01
-2.369155301155036475e-01
5.570455890620484851e-01
-2.587661724351027481e-01
2.872238499069645901e-02
1.445943812379101856e-01
3.710456528266730114e-01
2.975478727016101499e-01
-2.946406395977222425e-01
1.665315642825968556e-01
-2.132541500325178530e-01
6.017561302887794103e-03
5.710619795245465147e-01
4.129041437710477269e-01
1.959094177684425619e-01
2.603695620545637412e-01
4.612038840218930097e-02
1.586896444601403333e-01
3.028375388809788071e-01
1.795588573642300789e-01
-1.872988003155710013e-01
3.738279745870609627e-02
1.571569939002480723e-02
9.548166948905149054e-01
3.581295484766665038e-01
3.431307008809028058e-01
1.879504163879916478e-01
-2.350009426339929319e-01
3.140552845503724599e-02
6.020745488344518559e-02
1.307281108742497366e-01
2.905860311581341393e-01
3.114501079763134506e-01
-4.915764387894454024e-01
-2.141921887977756289e-01
3.760366816943319646e-02
-2.048995671438499366e-01
-1.235291211249405774e-01
-1.175042369297947531e-01
-9.509746263586234261e-02
6.888384749334158785e-02
-3.793330587950095034e-01
3.409198951096793773e-02
1.536961569992839616e-01
-2.938961204725227261e-01
3.259866601684727749e-01
-7.415818958881641165e-02
-2.002309638002649772e-01
-1.465418655051569374e-01
2.301043026917659051e-01
-1.317088387626974555e-01
1.909802565221390691e-01
-7.681639100172293899e-02
-3.425488200261388450e-01
1.254155710843257165e-01
8.989697194704437955e-02
7.779509684135490002e-03
8.958422034917026822e-02
2.868286027989181558e-02
-2.284167377573746716e-01
1.612455161872959619e-01
2.221298012795866472e-02
2.843787352776627753e-01
-1.073046186192052123e-02
5.856386583594264117e-02
1.708647572016265270e-01
-2.508109085205346145e-01
1.448607011204941508e-01
2.773515154345458922e-01
1.083961031307805328e-01
2.371640476761519359e-02
2.341916756875794467e-02
2.413173631912161055e-01
2.728613073294428037e-02
2.294344850611472475e-02
-2.828878910052270435e-01
-1.335333592379109868e-01
1.885786633410997115e-01
9.083740743044471655e-02
-2.354488086047506201e-01
-1.511950284913885223e-01
3.445592354061559059e-01
1.840271281325124020e-01
1.683569956951206648e-01
2.604050366579506726e-01
-1.631606164104736079e-01
-1.908388978989478957e-01
7.067140665216341266e-02
-2.593654829026670675e-02
5.134128177850861841e-01
2.601320437510902354e-03
4.177819027424989340e-02
1.846462146182296649e-01
-2.976506623796122963e-01
4.914341403442327311e-02
2.503119950825952178e-01
-2.862927971788841730e-01
1.814412090624948071e-01
1.695709314759685504e-01
9.144917472828530125e-02
1.825905368999139813e-02
3.543740866894400932e-01
2.789253958130802902e-01
-6.687897793827493262e-03
-1.703303191503667824e-01
4.217730699922669357e-01
1.009961898733062052e-01
2.783701638424546099e-01
1.950877889936076526e-01
1.104887957332217618e-01
-1.387943747711638809e-01
-3.692661179766806301e-01
2.918142246869532067e-02
2.653757559269782629e-01
-4.323245015101965238e-01
-1.638592273703478597e-01
-1.203434148440044732e-01
2.619100090734216013e-01
-2.990071760876847895e-01
3.657397846137228625e-01
-3.664756866139177172e-01
-3.155061883495508535e-01
-8.593593969924787079e-02
2.252820173281293026e-01
-1.000708342128106554e-01
1.614586972696881520e-02
3.691091568548022228e-01
1.345956031863550229e-01
9.347691714628410253e-03
-9.116105765022853857e-01
1.968280504661590880e-01
-2.249594264587801984e-01
2.804864600768695593e-01
-1.917196231752981705e-01
-1.502647066643599261e-01
5.154352020589103578e-01
1.832828689611709083e-01
-3.358832030056594503e-02
-7.873084438913248440e-02
-2.386743853018629125e-01
3.574301746179012196e-02
-4.481857329650308919e-01
-5.053436983963602858e-01
-3.188184266805373368e-01
8.950276884459672233e-02
-4.419935878891412262e-01
5.386123637790971551e-03
-3.309098912256135949e-01
-1.000722870112295410e-01
2.184488691683386108e-01
-2.783136883253505278e-01
3.729605601905606749e-01
1.754597492468015218e-01
2.597934912835004884e-01
2.362772724679587932e-01
2.973487003227824887e-01
1.633488923497340706e-01
2.289077265622363466e-01
1.510440585092920340e-01
-3.393634240817874209e-02
-1.986099246197188528e-01
1.118956608129717256e-01
2.334616781138295905e-01
1.589162833921540369e-02
9.480184579700093317e-02
-2.424008295705156191e-01
-1.988569489697570580e-01
1.765062643425746591e-01
2.447769399790840905e-01
1.674433532534945757e-01
-4.189273053773377720e-02
-1.830781090734573402e-01
1.088500068816623534e-01
1.515586046147847886e-02
-6.615854069060281284e-02
3.746849519174640791e-02
-1.507492588878050765e-01
-7.719251032220103559e-02
-7.635941562611132938e-02
-6.370895660388699311e-02
-3.291446148357806134e-01
-1.575942536471625910e-01
-2.348873114899774905e-01
8.098124202688784801e-02
-8.914948115160532816e-02
-2.104734000054615806e-01
-4.184501948874429222e-02
1.063667776230839274e-01
2.211862864622045344e-01
-5.654120247859594217e-01
-5.716364530831796048e-02
-3.055940810264433025e-02
3.721052397766287934e-01
3.001694133983551227e-01
-1.666749581245647038e-01
1.147373349070937992e-01
-1.424533246936496023e-01
2.455250745340474827e-01
-1.034195713384300774e-01
1.818672214212482263e-01
-3.240405458437069508e-01
-1.996029140276118011e-02
-5.161982141285915704e-01
4.900697678697728960e-02
1.351621347318290034e-01
-3.339160835452197329e-01
2.761458267749763995e-01
1.779488312999580601e-01
9.694949118337757576e-02
4.172954816468188444e-02
6.539349650594739050e-02
3.491414563144767252e-02
2.408773361094377619e-01
-9.328869274433611303e-02
2.285398910897105673e-01
-5.754979526504752640e-02
7.647836627894094574e-02
-1.584881228817163479e-01
-2.106911606469466514e-01
1.746681356922728523e-01
1.194960987606538405e-01
-2.401429372012192087e-01
-1.059253047160975264e-01
-3.203410020752877063e-01
-6.060821431732600351e-01
-1.272264729579944131e-01
-5.041595880633303536e-03
-3.304720825881111712e-01
2.783699152738627336e-01
1.259490339385854196e-01
-3.888686153758556113e-02
1.242930628012399175e-01
1.885028646143479814e-01
1.839778252687417895e-03
3.106643267704088315e-02
3.982738323148170279e-02
-3.314302530315680340e-01
9.242221398395035828e-03
-1.481377639377721989e-01
1.953046792202897952e-01
-3.796329157223969908e-01
4.876788787441327377e-02
-2.819342543344935947e-01
2.525450323368697014e-01
3.603753535123047774e-02
3.301615560204919364e-02
-3.105690227714932861e-01
-1.652689031272916720e-01
5.902075955100776622e-02
5.968043443148766947e-02
4.037643692604250822e-01
4.068536472672196758e-01
2.462371649834270981e-01
2.219285246647636767e-01
-3.158441913728697314e-01
5.235349201032506450e-01
9.106189949126186622e-02
3.392491640755926352e-01
-2.344309340231554364e-02
-1.524995453312614525e-02
5.956143775898428000e-02
3.066470292234030337e-01
-4.329131785870765636e-01
-1.135537969852742635e-01
1.254535920576565766e-01
9.659033616638638964e-02
1.917411965917361349e-01
-6.114120059570594956e-02
1.209167154551549737e-02
6.066196495203659417e-02
-5.366688097509869637e-02
-3.406688924090104514e-02
-1.286541327560621617e-01
1.000562718789135275e-01
2.324243843105337770e-01
-1.368091364613115979e-01
1.141080314843650328e-02
-2.750137846778500372e-01
7.477238180216952412e-02
-4.494882407600968577e-01
1.720771038400079611e-01
-1.073162373440867401e-01
2.701097440712271758e-01
1.666085479441552497e-01
5.151688163335356452e-02
-1.890421922778032782e-01
-2.844826240393115713e-01
4.845864312367015314e-02
2.232837720315959396e-01
-2.132197026576753696e-01
-2.685667364991674577e-01
-7.805472049306488858e-02
-1.772880154908551831e-01
1.814256525996002858e-02
1.577496949642845092e-01
9.648694479471787988e-02
2.719817130942946415e-01
1.907024820070686577e-01
3.219119117425416760e-02
-1.985632186657848020e-01
-3.229415896308294731e-01
1.114373022123969215e-01
-1.179435357352629776e-01
1.318608795543698697e-01
-2.158014118737219544e-01
-2.515606719745835940e-01
-2.439849659939455073e-01
-2.515628838629515793e-02
3.047061444216739301e-01
-3.141023733878960389e-01
1.521765032463099077e-01
-1.524597746289472755e-01
-8.380265370581678475e-02
1.299750421054872707e-01
-9.649073348731744548e-02
1.459229290564796333e-01
3.868716342227513927e-01
4.860297363774460089e-02
1.183490609265772237e-01
2.054686310109880149e-02
-8.856759476668314701e-02
2.981953916952553851e-01
-2.189209271089617714e-01
-1.481290615871339381e-02
-3.498399520974642685e-01
-1.922633921355455799e-01
-1.505505025898178362e-01
1.486737991156888679e-03
1.601836749332435639e-01
1.116361663205396093e+00
4.196787906674050439e-01
1.312555049687764708e-01
2.242958429293769596e-01
-1.088750270910364554e-01
3.993683500117753415e-01
1.504719806919458946e-01
-2.664227288477394318e-01
-2.682054936725535299e-01
-1.621810833388699635e-01
-2.018520860491391511e-01
2.610056117137814491e-01
1.817791646060875899e-01
4.489045488940598405e-01
8.058992294890443553e-02
-4.468654955766467561e-03
5.909849420713678692e-01
-1.084497216433998323e-01
5.094618768591514524e-01
-3.123727842119194409e-01
3.475689784832485807e-01
-3.825737731385782381e-02
-5.273947426337680100e-02
2.859111430535172041e-02
1.264057160663758020e-02
1.117230152650705716e-01
1.642741468582846198e-01
-2.749250153989453160e-01
4.030847579267735070e-01
2.849681391654598217e-01
-1.956642841582728609e-01
2.547728524321565824e-02
4.503687957148770904e-01
5.004525504561400939e-02
1.654863814855792037e-01
-1.778358914750294024e-03
2.164703372753618849e-01
8.347412714582485432e-03
-1.189225949503716628e-01
1.302697515118946547e-01
9.051595079210473793e-01
-1.344292431280389999e-01
-2.488310631018329777e-02
1.063454889092150107e-01
2.533742402417288875e-01
1.856665078375706671e-02
8.009105633398289417e-03
-1.153998171181850052e-01
1.419575503512109649e-01
2.269190786001786253e-01
-2.545292601380689246e-01
1.990828624432854077e-01
1.300674705665844089e-01
3.179569765404053894e-01
2.293881334987956377e-01
2.852671883788164275e-01
6.579034179820063555e-01
1.057205607398256225e-01
-4.111085216607714143e-02
2.808113937239781199e-01
5.310293320363823621e-01
-9.409601504863766841e-02
3.813811321890288042e-01
-1.741182118098003051e-01
2.895099612001266753e-01
2.101967071586595404e-01
2.264257381405750114e-01
-1.695937297118972620e-01
5.781700483231951015e-02
1.504168715675867629e-01
1.888579004949547946e-01
2.204628776595496109e-01
-4.046977281615296573e-02
3.404225415949760358e-01
-1.015298394509203256e-01
3.589239198899524808e-01
7.337902808111974873e-02
5.288607685140365167e-01
1.258820807605474414e-02
-2.142524651509646605e-01
2.701287195528535023e-01
-1.793676294128404569e-01
1.554718166903118204e-01
4.201218342907134251e-01
2.784308683324852041e-01
-1.651009958206455241e-01
-2.064636187042419302e-01
2.365121556423974147e-02
-1.415288895809866110e-01
3.064431006095714172e-01
-2.616801352851214069e-02
2.436845733843499145e-02
-4.291732529699864851e-01
-2.313944045562702501e-01
3.351375746805668188e-01
-5.469247246183021050e-01
2.937590061847755382e-02
7.349371894296941043e-02
2.513388943731175579e-02
-2.365482657771446617e-01
3.085899070527376442e-01
6.366683999190582421e-02
-3.106338786687865006e-02
-6.633190451435588830e-01
1.056860734858640211e-01
-3.300740233879362329e-01
1.681884124036948369e-01
2.526179986141458347e-03
-4.752264958475235224e-01
-2.694281992138503057e-01
2.235712348802856575e-01
1.925426935139111506e-01
4.301523266754741365e-02
3.294716819521121831e-01
-1.865758462804808226e-01
1.665389732283262259e-01
9.651426867459841907e-02
-7.307998109829605404e-02
-1.658346573399653578e-01
9.907274277481557812e-02
2.156724190777885297e-01
-6.126821462636870830e-02
8.476616395455563446e-02
1.123327011736577515e-02
1.631310454269225274e-01
2.624218122262964373e-02
-1.888120037187865918e-01
-1.013790607120126641e-01
1.580999122691533754e-01
2.659081641632388138e-01
-2.402904334276524112e-01
5.429724226379140095e-01
2.386321181136428771e-01
2.219623258501228491e-01
3.257925515852685971e-01
1.088477659655097685e-01
-1.292470832856909280e-01
6.420207496796606628e-02
1.397349265758143222e-01
3.122978830156999952e-01
8.500479461225488587e-01
3.084730155640223459e-01
-2.956722961512394665e-01
5.816748735159944506e-01
2.851662400478998660e-01
2.599323538749751319e-02
-3.526085428365273167e-01
1.374934686997639488e-01
2.047291737114312893e-01
-4.719921230959098768e-01
9.725748646641096951e-02
3.599725405624903396e-01
1.984017089810271584e-01
3.643697574884289803e-01
-1.907096664089237836e-01
-2.598545478402893849e-01
5.799262290993217883e-01
-1.928862737410370065e-01
1.824159810304571971e-01
-2.050871196682286790e-01
2.331285688052382454e-01
-2.769665525368963585e-02
1.913231688041991951e-01
-4.140845269188461186e-01
-5.053451341243198232e-03
-1.963397786708595549e-01
1.455558796114767017e-01
1.153308165575303856e-01
-4.006761926836310828e-01
1.280621092075514278e-01
-2.030881113107486924e-01
-2.504647637762160151e-01
1.646850928859002472e-01
3.417238047481512275e-01
-2.036679991406742662e-01
-1.044402408711017777e-01
-2.502853798874680180e-01
5.065974544044206107e-01
-3.135898297136810627e-03
-4.369249017829979209e-01
6.768472841758566005e-01
7.040337478446416497e-02
-6.810000480263860012e-03
-2.415463875406675121e-01
-2.511018213505756269e-01
5.648012676373631580e-01
-5.140984314201677563e-01
2.568490412241307072e-02
5.415346435464370861e-02
-1.838559079393776718e-01
9.477593207219354998e-02
3.359307104151956214e-01
3.683177868172995972e-01
4.576032625888252769e-01
-2.852543630323327029e-01
-8.446042229663160150e-02
5.578823129568472039e-01
-1.236206249647250344e-01
2.072079681609388935e-01
2.769455239316061593e-02
-5.373728977809276719e-01
4.921955103695933864e-02
2.223484836903443299e-02
3.661128252318697485e-02
7.557777675631964509e-02
-3.365298704958838427e-01
-5.072538751684786407e-01
-3.528925226525725378e-02
3.766257292881714652e-02
-4.619621198783592231e-01
-1.442992965854108800e-01
9.818353660733103797e-03
-3.378175312575689149e-01
-5.239288167910274296e-01
-3.588251948315416412e-02
-3.337355936375104304e-01
-6.615469260413182617e-01
-2.425428142301573609e-02
9.590510216786442277e-02
4.649731684494894102e-02
2.225784206291818446e-01
-1.873255304841195956e-01
-2.456405164019528214e-02
4.957983187109443746e-01
-4.368180536713608952e-02
4.756545818196529496e-02
-6.234617180760505806e-02
2.154574122398136837e-01
4.580129060789473461e-01
2.219665402331505444e-01
-1.076871863012548447e-01
7.864962424974082655e-02
-3.098901362300685580e-01
2.234267916536483156e-01
2.598192444352940833e-01
-4.860489387769125619e-02
2.453157706525155857e-01
-4.925269450308464303e-02
-1.938387261781026605e-01
2.414198775338207148e-01
-2.193409466893494753e-01
1.196809656349967499e-01
-9.075049239363927600e-02
4.377353422578705855e-01
-1.099721474866523357e-01
-9.985890060203263252e-02
-1.383753416447656981e-01
-8.112505422630661434e-02
1.795773265814240294e-01
4.488548109262999880e-02
3.267537698373876309e-01
-2.775670308607301462e-01
-2.383065449503357358e-01
-2.430979469103782264e-01
-7.061937937358037098e-02
4.289148051405494710e-02
3.511955235749471549e-01
3.882524870176256582e-01
-2.805134104611106682e-01
-1.706954466051614216e-01
-4.111942499894169489e-01
2.998219747707911789e-02
-4.489441845500959927e-01
-1.373949728091418410e-01
-1.314275727147191930e-01
8.273019076362775337e-02
-3.043980832614000265e-02
7.627277097274476683e-03
2.105565886850576524e-02
1.212685566036235951e-01
-7.947947391875055667e-02
3.306837671978719584e-01
2.352345157186990499e-01
1.896530751187401886e-01
-1.529402445530345933e-01
-7.156083163806500891e-02
2.130408628148221239e-01
1.966639497504684142e-01
1.000169173144953433e-01
-6.580504301570343217e-02
-2.344503675444729873e-02
-4.136536399961465715e-02
3.929018436511725471e-02
1.105885796629263451e-01
4.858878016422091967e-02
1.162651309664912147e-01
-2.529866748557373923e-01
4.228828088237428506e-01
-5.826640776246746478e-01
-5.682976284291676450e-01
3.847791857069131627e-01
-6.034181325699875531e-01
8.644958442542145793e-02
-2.919764468310865890e-01
-4.304578386789841282e-01
5.209054177578735512e-02
3.342503888598777895e-01
5.912326960572994450e-01
2.302434547981692947e-01
-3.926308500356117670e-01
5.437267816689020927e-01
5.818351229987548390e-01
6.023603786272821448e-02
1.191547733621471511e-01
7.369590169433540283e-02
-4.169052551484019736e-02
3.072183662060862241e-01
-3.110965327818437931e-01
5.538916505650583189e-02
-1.110953130166123515e-01
6.239810992085108310e-02
4.670781905233074571e-01
-2.031012574140807769e-01
5.399352132145236460e-01
-3.552346941597534502e-01
-5.482934838729901506e-01
5.441317564463026869e-03
1.607840057892550578e-01
-3.573101446925595198e-02
1.277800922959590746e-01
1.684057328953568466e-01
1.182013886702199534e-01
-3.121195840117848563e-01
-1.380721236434619970e-01
2.128743957057694161e-02
-2.553311610724019465e-01
4.167116433201312198e-01
-5.650379970366532084e-02
5.805117848501242239e-01
1.025347073367771089e-01
-2.134441616334858405e-01
4.331405636382248264e-02
3.035831255335392220e-01
-2.585515843487538046e-01
-3.897944919279376919e-01
2.309663761240703939e-01
2.001098674499742769e-01
-6.430321454379588075e-02
9.489778466249955413e-02
-9.251231155212558122e-02
2.356104500315003292e-01
2.746960327535851731e-01
-6.846138061005155317e-02
-1.040728782006745262e-01
-8.274553591263343610e-02
-1.558896509446466849e-01
-1.309907827364900114e-02
1.631266700286193860e-01
2.967238967035750602e-02
6.618416598850916654e-02
4.286987826872832447e-02
-8.038727623835235925e-02
-1.522032169057613848e-01
2.042634177316753341e-01
-3.071923570214666818e-02
-3.230868813093206171e-01
-2.407349725483999558e-01
7.905160435746400038e-02
2.356891477900383350e-02
6.318416616094998384e-01
1.590870968965944210e-01
6.565395824883215603e-01
-3.096563207310969457e-01
4.664740859890185165e-01
-2.796289786923002452e-01
2.341334462628556490e-01
1.365069616794033769e-01
5.400628321187090908e-01
2.985289766029814440e-01
2.486788701492218534e-01
1.464610227899730832e-01
-9.917215820759935074e-02
1.003503797816876486e-02
-6.771025761102121565e-02
1.843187791942242360e-01
7.008916355355684358e-01
2.244891235296821511e-02
2.332703909991918484e-02
-2.947709374863913268e-01
4.235398877443373733e-01
4.297493565265727011e-01
2.599153839502470476e-01
-2.206388223842335461e-01
-1.688187349116772873e-01
-3.542375322632798085e-01
-1.300722621875339269e-01
-8.055037115799260072e-02
3.658362000015492055e-01
3.200019956654929221e-01
1.325592897575910423e-01
9.565877050031200424e-02
-8.274866509492903033e-01
3.703833775122450933e-01
-4.194744857882291011e-01
3.613602620160406148e-02
8.028282545508019785e-02
-7.027275428042223382e-02
1.183822422090843735e-01
2.906226893577824599e-01
-3.964011691399920712e-01
-2.609305765370189545e-01
4.471665820725143070e-01
4.731758555441936687e-01
-1.835058661414367132e-01
-3.239725556585633381e-02
3.488954776577799510e-01
-1.237090483874324215e-01
1.711761491091669807e-01
3.238797093622051704e-01
-8.204362290424715987e-02
-9.699534114958509312e-02
-6.582789014615642031e-02
-5.558511726237519435e-02
-6.676874918094545253e-01
5.489601653020950711e-02
3.130100184082996728e-01
-2.177302312063492395e-01
1.142570332580050002e-01
-4.540489459647698567e-01
8.275423169150429581e-02
3.205944283102517556e-01
4.305863674295127841e-01
1.198285909973979546e-01
1.459382303060858255e-01
-2.372365819325374103e-02
-6.580152598353164461e-02
1.038877835450428139e-01
4.968127073502113800e-01
4.838634016221332046e-01
3.305839989089359027e-02
-5.113577519892819057e-01
3.257960466771317454e-01
1.806054166426073748e-01
-2.398982094799493869e-01
-2.575159483777709757e-01
-3.102670231153188338e-02
-6.509191242524525745e-02
-7.481810502430714938e-02
-2.872137624649677423e-02
3.312173322358813454e-01
-3.519410490782534651e-02
5.122255970057517649e-01
4.436237274360351202e-01
-1.131754195578017208e-01
-5.039082953540803267e-01
2.597324595447009776e-01
-2.235413665357040558e-01
1.948708242901504295e-01
-4.795459867120611674e-01
-2.404120584092837298e-01
-3.645579444244385209e-02
-2.172721786776340702e-01
2.890194600264981983e-01
-5.740749862646979951e-01
-4.536812975493491606e-01
-1.677469133307080418e-01
-8.248526980875013626e-02
7.880446814224728591e-02
-3.147427374643497755e-01
2.624172595854206702e-01
8.036337229260885617e-02
-2.730671590716799990e-01
1.968425387392245540e-01
-1.589856041890984339e-01
4.172677251186261704e-02
-1.477332588404269564e-01
4.182512076751956909e-02
6.917733014434611361e-02
-8.693795967909151434e-02
-5.639727969536790786e-01
1.830592096767855448e-01
7.286500165702117227e-02
-2.106011834830495977e-01
7.920010246548357669e-02
4.800441954429557345e-02
-1.154368217259365142e-01
4.682743850966883392e-01
2.283677155878133247e-01
-1.120003596795823564e-01
7.266590046201583386e-02
-6.380137333615434891e-02
-4.609235174695360676e-02
1.720846650538872258e-01
-2.877360214673587158e-01
-7.253396293399703987e-02
2.392493756194073729e-02
-5.172098092373058620e-01
2.178285120477463366e-01
-2.907470468214319315e-01
1.243249398733529618e-02
1.262973163442526192e-01
9.560715729409086094e-01
-5.164503109072520193e-01
3.770712075421388532e-01
-1.153983980026180439e-02
-3.171663137060801163e-02
2.984210963509484893e-01
3.048325085113575139e-01
-1.443049987783820431e-01
-2.410954234539408325e-01
5.008008417402047829e-01
