-1.202767545624529699e+00
3.362007630571894889e-01
1.907514628274754875e-01
5.511095594170576373e-01
5.154824446416417238e-01
-9.689993644688107977e-02
5.745832140918375464e-01
-5.745710421970781079e-01
3.130173013141352989e-01
4.052273034189193268e+00
-1.854075588389170193e+00
-7.218882626888132314e-01
-1.045824374483911162e-01
8.808300604276230183e-01
-1.325655744542279524e-01
1.040096216607047763e+00
1.358074585385259381e+00
-3.564775624100531837e-01
5.034007583102549921e-01
3.406947420562595474e-01
-3.183850820431503581e-01
-1.272882004891299768e-01
-3.313762406745329736e-01
1.897686925694166710e-03
4.036016546749583433e-01
2.819699638339850933e-01
1.197009764944994975e-01
-3.722698493013024135e-01
-8.280811814651273250e-02
-7.909402631062185940e-02
-1.564971687854509741e-01
5.641864652896586702e-02
-7.103776626590822818e-02
1.469462236663931221e-01
3.178338683325575009e-01
-1.984845444175619145e-01
1.457910583383215664e-01
-7.255593733017960678e-02
-2.363208561286577192e-01
-2.170024606722583682e-01
-5.519022601375360437e-02
-2.674109742466545536e-01
3.169741609051778264e-01
2.620142221681499572e-01
1.795026204806201842e-01
4.405394075200028126e-02
-2.514426576315514916e-01
6.815511642005389614e-02
-3.665376344642235495e-01
-2.424764530435264298e+00
1.250060454353891792e-01
4.016010468284945956e-02
2.003646172414077498e-01
1.921482736274802983e-01
3.594161681566525046e-01
3.084290243452317282e-02
9.289133600039725658e-02
-1.548340474341829420e-01
1.801827368645702032e-01
9.730799786853652766e-02
-7.588456815131091604e-01
-3.172185267149083554e-01
1.731032090972878801e-01
-2.713995220668138364e-01
4.742174363756216371e-01
-2.682112103387935820e-01
-3.058677421208983449e-01
-3.893879980453837653e-01
1.719116057344345638e-01
6.167402301382393093e-01
-2.189495509059485867e-01
5.900276415722066625e-02
1.213563565503312375e-01
-2.845805603756479951e-01
1.412966262005724838e-01
-2.165478783158684972e-01
-3.108497081896955394e-01
-2.029410057242372889e-01
-1.091473929944609123e-01
-3.103306385573352810e-01
-2.982446581267511609e-01
-2.549052628580297242e-01
2.583280201082481867e-02
2.893754968982356623e-01
1.679410246329798018e-01
1.727510283472611929e-01
-1.072210981302756799e-01
1.692677832307002417e-01
-1.193993862716239696e-01
-1.523508096138269652e-01
1.110642910046239634e-01
-3.654169050198601276e-01
-3.721387272906798716e-01
4.915081871075195341e-01
-2.556857103920077024e-03
7.964355690817324918e-02
3.926585595066730411e-02
2.733014251808469353e-01
2.650182108893534561e-01
-3.268060844357167927e-01
-2.358939640364514090e-01
3.177327014538183225e-01
-3.473661696254430331e-01
2.209170989308368444e-02
8.900568730889722724e-02
3.655479278245236663e-01
4.661090667133498955e-01
2.193903805023237619e-01
-6.491806259359608582e-03
-6.366803438258679870e-05
1.256726942220320609e-01
5.836691570238985299e-02
-1.244388350232239759e-01
2.620427242933804912e-01
-1.853295364525982258e-01
-2.463877752929693188e-01
2.236802720486905788e-03
2.391887860387061637e-01
-9.427898826658123732e-02
1.504288798428838891e-01
4.982987640725238809e-01
-3.974652001096595222e-01
-4.981055803626828760e-01
2.341912527903546037e-01
8.288067165777382450e-02
1.259007399397251981e-01
-4.266696275989488585e-03
3.614975393940225712e-01
2.440167241771125373e-01
9.578144936874869592e-03
-3.653871287662236594e-02
-8.302163901709763705e-01
4.364375115727515270e-02
4.381433371881753025e-02
2.340306202789459167e-01
3.607109728031293039e-01
-2.752075975400944952e-01
-1.812694529609688299e-01
6.486806155409978736e-01
-5.026036310460225282e-02
1.134184516919239105e-01
-2.411110286858587359e-01
-2.288377374790761254e-01
-4.801959140309666751e-01
-6.241434435872883491e-01
2.334109357370859061e-01
-6.359509949727226719e-02
1.532718085949436315e-01
1.941256007391322647e-01
2.752566316266463198e-01
4.159904928097001298e-01
-3.172198557907233152e-01
1.774711781068052247e-02
-4.906259623418411930e-01
3.186912727458760530e-01
1.572523383225012464e-02
3.444661866676873574e-02
-1.162139959093535721e-02
1.258164430628777586e-01
2.548420297568255166e-01
-3.570230213693969396e-02
1.486383003718313722e-01
1.306247196026980029e-01
1.429071352088147062e-01
3.831323941980399050e-01
4.994088771242895242e-02
1.232807843344101983e-01
1.002045780782900852e-01
2.183560126221191222e-01
9.501089863987070144e-03
-4.576746817006319135e-02
1.170900846734070910e-01
1.993597286777491762e-01
2.832555178055019551e-01
1.247175725614710212e-01
5.753974196156024824e-03
-1.011618062551670472e-01
-2.316736169719759431e-01
-4.970912011135459330e-01
-2.746808572332221088e-01
-3.645760575043688889e-01
1.957989128909108992e-02
6.683915695189653894e-01
3.082860082312697744e-02
-3.178755783486460484e-01
-1.829435442011700386e-01
-1.348498178930468694e-01
-2.626179573158100578e-01
2.257168348913299663e-02
-1.773720903854009712e-01
1.256354882191931255e-01
-4.183197253007601146e-01
-3.147633461570734092e-01
3.892060068360336800e-02
-1.615343356924175133e-01
2.111687089066988654e-01
5.510502226437898055e-02
2.883506270351453571e-01
-5.207751085448971556e-02
5.019416003805305948e-01
2.414310382398160426e-01
-3.195774067334516966e-02
3.035602229224537152e-01
4.980854353086666686e-01
-2.349438692281835273e-01
1.230547788593343572e-01
2.891174795640537032e-01
7.123775249189034930e-02
-6.284962640043844084e-01
-2.749055998083177466e-01
-1.424000177452232618e-01
4.215957148409676947e-01
-3.949762161095216051e-03
-1.838895000520483769e-01
1.311842486039738707e-02
-1.084666389666890662e-01
-1.318345392507715708e-01
8.151294153843972878e-02
-1.317411067248208389e-01
-2.162877015788366997e-01
4.140492499378983227e-01
-3.564141653088661599e-01
4.897109080739593147e-03
-3.325270030749378769e-01
4.328753361598468991e-02
1.935998832687406690e-01
-3.738600098479058498e-01
-2.359503605516173053e-01
7.868107600226148524e-02
-1.991010564133414290e-02
3.713948723035813693e-01
-2.105390713764550281e-01
4.010635564596052305e-01
-2.449518232330331613e-01
-9.272323975728101464e-03
-1.056255253507191599e-01
3.006246163323838538e-01
-2.951516152718123773e-02
-4.922618153975048816e-02
1.342262266049111807e-01
-8.381526828077323632e-01
-3.779940914515944606e-01
1.058926399029044063e+00
-1.115873727591368159e+00
-1.846985189747072514e-02
2.581361828408848536e-01
-1.322593601204211933e-01
2.833765482581901418e-02
1.736548507781641992e-01
-7.137258642152271015e-01
2.021131925902325543e-01
-2.157666864251851724e+00
-4.959651213300269590e-01
-2.418056107171900337e-01
-2.111826578628237527e-01
3.468807405666414767e-01
-8.014236336707578068e-02
3.733169964051483158e-02
-1.746913023340201376e-01
4.574464625003945573e-01
-1.388534399418126508e-01
-4.352451325247878033e-01
6.867628635949050153e-01
1.839023371122984474e-01
-6.660595755381431005e-01
3.944655066124714421e-02
7.014160925535231628e-02
5.875365281632015380e-02
-3.216978580944982596e-02
-1.589921803184407567e-01
-2.019228252814550886e-02
-4.837239323320586259e-01
3.959834604732255237e-01
3.696973083574875973e-01
5.431491709500870790e-01
1.864294327559924969e-01
1.202987697230853553e-01
-9.129317467897850313e-02
-1.046818579042071429e-01
1.360083157083643302e-01
-4.058976436029845258e-01
-2.034504849981004504e-01
8.327553506736493638e-01
-2.047242170581895504e-01
-2.587526380302472839e-01
4.231813450612222083e-02
2.538152566529843779e-01
3.895413193065109247e-01
3.170189768540313535e-01
3.908841370217769340e-02
-1.379275469515460657e-02
-3.027995341324877243e-01
-2.738140072100631595e-01
-2.788621001164973134e-01
3.776087433723385178e-01
-1.699110007023788699e-02
-1.889256858855605792e-01
3.021334237118547539e-02
7.599094559584886055e-02
-1.697885667863330839e-01
-1.343683922511508255e-01
-1.432895002588313871e-01
-1.061369116316480676e-01
-3.274661920690240258e-02
9.361621114320356485e-02
-1.537211200686729728e-01
1.049798846509261002e-01
5.002705577542905235e-01
1.408951647609297531e-01
-5.733546446491525478e-02
1.280813236802969546e-01
2.672632614911421012e-01
1.274400227713282652e-01
2.842434924006410624e-01
2.757193633275747957e-01
1.583725327826254747e-01
2.449166545414470375e-01
1.179673104907423692e-01
-2.209961445831189475e-01
-6.459166530623827555e-03
2.779706932800809494e-01
7.203347230827442105e-02
-2.868588125689210400e-01
-6.165977536655847802e-02
-2.429257537309877091e-01
-1.103684989008776179e-01
1.011578972563836470e-01
-1.127698863206303033e-02
2.322925445270126663e-02
2.998127236867833556e-01
2.544452104256897385e-01
-2.606238184714735340e-01
-3.450085162676268524e-01
7.787882849966812349e-02
-1.582086714675001171e-01
-5.365908168107613729e-01
1.170921891927326625e-01
2.607719776114570398e-01
7.148779035627944589e-02
1.682514328890232502e-01
-1.290220494819233898e-01
1.656683314216378655e-01
1.962893911554454973e-01
2.121130968311321363e-01
-3.105020501079247194e-02
1.512761064947255596e-01
2.377507700300330318e-01
-5.406277846804450338e-01
1.943371741433486954e-01
-3.038120277705685934e-01
-3.111438718892360622e-02
-1.843828506616639745e-02
1.626565644774661396e-02
2.901975908977180718e-01
8.372457056776722029e-02
-1.010081607303218131e-02
-9.598077836203973423e-02
-2.341558618465664487e-01
-5.437074266317845073e-01
-5.115017655406495223e-02
-6.915894603660560636e-02
1.184748658120189820e-02
-5.632888425986870562e-01
-1.778551517278297300e-01
3.245653858169965655e-01
-6.054009411548311875e-02
5.534146039493086366e-01
-5.354963494289573245e-02
3.759035525802362221e-01
5.494483251515769329e-01
-1.344099948927193477e-01
1.261860009741109789e-01
-5.549636260276673561e-01
-3.820661773712778486e-01
-2.349741073581942397e-01
-3.923291214977722152e-01
-4.457301079777766795e-01
1.099876615781735373e-01
-1.106830793554994391e-01
-8.008463697917612978e-02
4.273627205870139667e-01
8.075868664174296052e-02
-4.617943695466776299e-01
-8.091776636256313715e-01
-3.492889796003503800e-01
1.095081789242983300e-01
2.380271607805071743e-01
3.793830688798009998e-01
1.573758610457148266e-01
2.546166069662777476e-01
-1.657091156497338125e-01
-1.984861182841123339e-01
-2.988275052471128790e-01
-9.632287678651151042e-02
-5.474937232908635432e-01
2.660283683157160795e-01
3.363422894630316295e-01
2.440392187057192352e-01
1.022486792757932583e-01
-8.293491464542550318e-03
-3.412119895500518862e-01
8.870640823183713330e-02
9.913253965553883718e-02
-2.703477190738459712e-02
1.994597412330536002e-01
-2.423224670107443357e-01
5.345671075248712573e-02
-1.188758399119125286e-01
2.315954932332735250e-01
8.431546320541453976e-02
-7.931162336579856975e-02
-3.094894433299776315e-01
5.860843866085896359e-02
-2.354397574792561343e-01
-3.263799712741827230e-02
1.524209920747182923e-01
1.169520914949451762e-01
1.359348288226537305e-01
-1.111748920699499460e-01
-4.499291965748042355e-01
1.849860021207945515e-01
-5.105432426681032476e-01
2.192435457862619841e-01
4.211691949115019262e-02
-2.471851718469807169e-01
2.174814898651147022e-01
3.657054554512103040e-01
5.457278578209897590e-01
1.696070686296446972e-01
1.930521769310592634e-02
1.863698106714078984e-01
-2.179749098713672506e-01
-2.182093000525548443e-01
6.342428970999951510e-01
-2.693464236491669439e-01
8.291148833973721599e-01
-2.318044818404124338e-02
-8.728867577032639602e-02
6.421860774514646097e-01
-2.362680003865583189e-01
5.904976367531632880e-02
8.081580916213354504e-02
-2.784864137901886250e-01
-4.834798881953224492e-01
2.984716692891372508e-02
2.465341983526444236e-01
-1.810745073703214636e-01
-2.572819878834074481e-01
-1.850964048772930082e-01
3.543370339974306060e-01
6.869438540295820517e-02
3.045914409701775960e-01
-3.507927578872837571e-01
1.902792414951479660e-01
-1.427976817283891642e-01
3.197709221652930700e-01
-2.310034837441605204e-01
-4.628838253797732394e-01
-2.305318059650005580e-01
-6.515197251113107046e-02
2.327007335295835644e-01
1.905636662377070412e-01
-6.576880509308657974e-01
3.328917267194629326e-01
1.165953505203241314e-01
3.925742451080779100e-02
-1.264972625597291234e-01
3.692375856279339619e-02
-7.343127002365726179e-03
1.408805907155377124e-01
-3.128486537112280114e-02
5.425341546011013261e-01
-1.295275114080528256e-01
4.200690879441536935e-03
-9.401972420614124193e-02
1.208318403713187772e-01
2.354215332962933740e-02
-1.360957474130902733e-01
-1.512110106355811501e-01
1.144069643130894015e-01
4.532427104161454445e-01
-1.885304430848576962e-01
-1.053866729234506527e+00
8.021822133243093900e-01
-8.236427452500729718e-01
9.760554276428859422e-02
3.284754738913162608e-01
4.592223881318325818e-01
-2.006039145485200570e-01
-2.899150547897090258e-01
2.393879723320547215e-01
-2.692356436098876094e-01
4.480033649650964067e-01
8.439145059933361726e-01
4.217638348792386305e-01
-1.021890316651328678e+00
-1.497588203010726260e-01
5.208388442608683500e-01
5.126166525674934471e-01
3.580906009439098203e-01
-5.310293518793421930e-01
