-2.291591979031642745e-01
4.483403156768229342e-02
9.209600369908871320e-02
2.509631404416277967e+00
3.076891510944374519e-01
-5.414939214096741171e-01
-3.329929975713955548e-01
-4.810565337616903858e-01
4.217554519172595495e-01
-6.697615885544308534e-02
2.963696884188938285e-01
1.341912483386298760e+00
7.660493969166161377e-03
-4.651312662682206001e-01
1.622470890397071930e-01
-3.541852449296066241e-01
-7.753626902735325510e-01
4.752373829108059167e-01
1.860849368468114190e-02
-7.255452244881627211e-01
-1.334779729808757975e-01
-6.436392517144774728e-02
2.264131243848454822e-01
-7.296925317038414904e-02
1.536205905562899876e-01
6.038710676897992430e-02
-4.299989348388949528e-02
-4.481132489906598515e-01
-2.577932741705624142e-01
1.990628396570058023e-01
3.886302007595596880e-02
3.798140471189983547e-01
-2.706530422430528660e-01
3.266074889995815855e-01
2.754347368924641160e-01
-2.023951333856824075e-01
3.614155282130423474e-01
2.355887883543351380e-01
6.698254233645090094e-02
1.917201151204557807e-01
7.121460669958144807e-02
6.792323692712237682e-02
-1.409365703089299204e-01
-8.663207199751598031e-01
4.677746655929342079e-02
3.440417709120569545e-01
1.136514737542388270e-01
-3.687738876905888308e-01
-2.865265470135388570e-01
3.577898980565782146e-03
7.588181021599974541e-01
-5.117085799348748687e-02
1.474463796696313424e-02
1.204786784666534855e-01
2.278091471658036660e-01
-8.941946333553307813e-02
1.330162177789091515e-01
1.449310529439008788e-01
2.730237111876571143e-01
2.582770430873368994e-01
-9.145278975493238705e-02
-1.394082639110222899e-01
2.889745782162430610e-01
-2.608836329000016607e-01
-8.216706719551807037e-02
-1.638358410804744147e-01
-2.292239092785106763e-02
2.676494198297867388e-01
4.620722948367315258e-02
3.159521799149799248e-01
9.456264363108042581e-03
1.060120373348426431e-01
-1.385371819380589176e-01
-9.058438054488057722e-02
-1.074330075387239236e-01
2.627299577439727307e-01
-1.674163481347381091e-02
7.192469808483180349e-02
2.597943913314875175e-01
-1.335008268493293737e-01
-9.395809035780135210e-02
3.062689263974121001e-01
-2.014483941186847107e-02
-2.801254822226824648e-01
-3.758819685657599496e-01
-3.184462971674549558e-02
-3.445132588931437700e-01
-1.730545920284407846e-01
8.541680893841023525e-02
-1.509549963805920103e-01
2.695486950589212061e-01
-2.626271985010634746e-01
7.358138963861285409e-02
2.936210846819233833e-01
-3.493369675153298881e-01
-5.361343405429443848e-02
6.250907926904141106e-03
-7.723255317756230753e-02
2.368772159448479520e-01
1.716442519219047932e-02
-1.639920383503445378e-01
-2.493263931695091085e-01
-1.697733037714821425e-01
9.606203954436645653e-02
1.130930622316763945e-01
1.512383732596297992e-01
-1.530385879645098923e-01
2.413209829189827127e-01
-2.568873875881502178e-01
2.494723695541603004e-01
9.553196145914984172e-02
-2.970187006787088687e-03
2.479008485799420181e-01
-3.811855096497904910e-02
4.296101219302129320e-02
1.929076136171846145e-01
-6.942905757709583181e-02
1.879910415222751374e-01
-1.626474354778097153e-01
-2.473258856163990660e-01
7.115831069904738904e-01
-1.536548032057296620e-01
-1.544933855797469245e-02
1.023910727828059919e+00
2.651581564179266159e-01
-1.892041540065799166e-01
-5.892386342595381521e-01
-1.593083898455885661e-01
-1.299543704517583054e+00
2.196929215703619376e-01
-3.797637693233443801e-02
-2.766502243401055550e-01
1.733606196645606001e+00
-9.329228149676302984e-01
2.278673978853704707e-01
-3.499715636144021258e-01
5.461079167376660104e-01
5.253561144703345898e-01
7.461935387744037529e-01
2.122022768493920242e-01
-4.317011558450656317e-01
-1.100446194419280044e-01
-9.522397133907312128e-02
-2.714242273448111420e-01
-1.576394741731547422e-01
2.069753297156209371e-01
3.940784284348408661e-02
1.748802319393037430e-01
-1.450283524315410799e-01
1.322792597800188374e-01
-4.237317295169266973e-02
3.254729170640880409e-01
-3.605733660550650144e-02
2.469169736170473695e-01
-3.007118176830219092e-01
-1.694044127224412499e-01
6.109137724678306292e-01
-2.027615897529326805e-01
9.345596124269693605e-02
-1.196395716120128433e-01
1.484540033509794410e-02
-1.084007310798808243e-01
2.637816016970452315e-01
-1.743688299032669364e-01
1.448215025536721823e-01
4.338976957221994946e-01
-9.973076273922819313e-02
1.492490084348618018e-01
3.197367563832665405e-01
-1.906398631439268909e-01
-2.465827465493616588e-01
7.498767946477900848e-02
-4.057843308836962121e-02
-4.038004181719387353e-01
-1.164547582402884474e-01
-9.713709210497865898e-02
-1.541835062185088409e-02
1.433616191779026050e-02
-1.657958058596875062e-01
-3.642517925191619543e-01
-2.243524600773351418e-01
-2.808141539277523857e-01
2.398919863070965441e-01
-5.271698954769237638e-02
-2.758806638975705439e-01
-7.341150135896107320e-02
3.075217029431047688e-01
3.455211468494449045e-01
-5.351949485097379222e-01
1.268123057968618614e-02
1.323648224753751490e-01
-4.644799462337051259e-03
-5.381308171588592426e-01
-2.945358087367329347e-02
-8.388057316268625330e-02
-7.237864355025760976e-02
1.836638561693117178e-01
-1.248397284933212420e-01
-5.543082755067063605e-02
-2.065752006686439324e-01
4.406261361775924423e-01
-1.962775816626912140e-01
6.754388909691094733e-02
-1.747715160532696543e-01
-1.370565269478698223e-01
-1.261743426353758961e-02
-7.806097386413139889e-03
-8.916508720703457402e-02
-6.076124479261569844e-01
4.596406657713874438e-02
4.410056714945957690e-02
-7.747325398953827658e-02
-2.590944798223188683e-01
1.086061013277389922e-02
2.749487530785393319e-01
3.181809866991697905e-02
-2.288495932955325954e-02
-2.866640821927002314e-01
4.777931573905399437e-02
1.875039415219751371e-01
-3.466547997626790445e-01
-4.562697841126586162e-01
1.494563347979709911e-01
2.853543358897552285e-01
-4.502002428497325036e-03
2.257024981873534952e-01
-8.171596575281368791e-02
5.196043967387854040e-02
-4.774384146386954075e-01
3.144157010824651932e-01
1.295111773355162310e-01
-2.049687612332595221e-01
8.323935843631467824e-02
-3.471477983984336824e-01
2.322955257503168669e-01
-9.518041110335631605e-02
3.656515466460815156e-01
5.655430877433038628e-01
6.162183451585283578e-01
2.497920465413891455e-02
-5.101158164659416738e-02
9.526573329142286328e-02
-9.179337524491949785e-02
7.450221471496969172e-02
-3.728603979395403445e-01
4.207175566325407345e-01
-8.968698665488063215e-02
-1.031123600396883916e-01
2.863741990743812749e-01
-5.137070536011629357e-02
-1.740740828526037842e-01
-7.549327859421845312e-04
-2.542088954854584415e-01
-6.554414712589430592e-02
1.210279718323313373e-02
-1.576410413441394209e-01
3.382520826414043835e-01
1.403824902328377200e-01
9.280935589344460612e-02
-2.016911674019406520e-01
-2.624729321215722999e-01
-1.589879705403969001e-01
-1.426344418400958269e-01
-3.018935753355109775e-01
-5.628281286110524695e-01
-6.047982727456998608e-01
-2.974478451203731999e-01
-3.351703073141343858e-01
2.597512564728794993e-01
-2.441760179048502871e-02
-3.746534286209571296e-01
-1.735307154244985356e-02
-6.135463809287572401e-01
6.257769960466261772e-01
-1.422038673603583624e-02
-3.354668455460091403e-01
-2.086718374209351190e-01
3.566862224568844164e-01
-6.504519177727387247e-02
2.652548460235766847e-01
4.003027770649585926e-01
1.013938400464267503e-01
-1.984705272504240850e-02
-6.911512027275731884e-02
2.683920983750984549e-02
1.654114823551575131e-01
-1.360208533014238830e-01
1.512635203889038937e-01
-2.348114043570674048e-01
2.895232634918765702e-01
-3.652303153264893076e-01
-1.663140228666861176e-01
9.393205258454082607e-01
-7.242807462160970600e-01
7.227971345455699859e-02
3.022776577841129048e-02
3.242974516289610087e-01
1.349475264002844288e-01
2.681620971246084784e-01
4.714593958029246745e-01
2.924849757444664480e-02
-2.774833617000191377e-01
3.929465279252947196e-01
7.906682332706246874e-02
1.278968176708998039e-01
9.520366482744402337e-02
-8.432175000791408692e-02
-2.203330195903260291e-01
-1.198874886083452496e-01
2.600867806817678818e-01
-6.220207664495462641e-02
1.856175108390791528e-01
-1.112502605021039453e-01
-1.733721469093696677e-01
2.135716839126798883e-01
5.495530548826091377e-02
1.561527621325950466e-01
8.987589058829001387e-02
1.402806708110750922e-01
2.362879925297272643e-01
-2.868719746191226161e-01
8.869401751451648497e-02
-3.049874498826795621e-01
-4.388870007588561717e-01
-1.501796029059752347e-01
-1.186968364466229747e-01
1.896166727312862885e-02
-1.089403920599868181e-01
2.313422363373282553e-01
-3.027454251661178541e-01
1.052279715221925843e-01
1.017646178482776824e-02
-6.810376577970908563e-02
-4.408141961730800973e-01
-1.742333570189768532e-01
1.496904090132869991e-03
-5.618568760730745515e-01
1.731598326357701445e-01
-7.405445175630827048e-01
-3.701102751489105946e-01
-1.537800267437033075e-01
-2.372305439766149437e-01
3.415978628268959705e-01
1.666377051713640312e-01
3.650469855097587119e-02
1.310881035457695486e-02
-2.046262261120401493e-01
-6.722725304334574437e-02
-9.412840213150409641e-01
2.050851460573610008e-01
-3.691476422907223331e-01
6.093013896572520294e-02
1.131541676747722935e-01
5.950669370018889515e-01
-8.615313671515445124e-03
-7.553099043358810216e-02
5.213475497662229952e-01
-2.988931667623828115e-01
8.933947625608539278e-01
1.944630480267122707e-01
2.829682199202450121e-01
-6.144983748693694237e-02
-2.009739133796755936e-02
4.030309508903114762e-02
-1.543853870039465503e-01
-4.085916151112823358e-01
5.623619378589690410e-01
-3.426613305884162464e-01
-3.112205250062731188e-01
2.619360555506876076e-01
-3.376494184185622749e-01
6.736378212601130955e-02
-1.241934719200669668e-01
-1.104010302100598938e-02
1.138886524119527843e-01
-2.089982670981787582e-01
6.056020074664071329e-01
-8.389427750233073230e-03
2.719648758955405810e-01
1.165493809050727747e-01
-4.619903408685808732e-01
-1.999100037485429179e-02
-4.819801250271960047e-02
-4.261882809465256661e-01
-1.354613531340150834e-01
5.335550167474669564e-02
7.235010128773315674e-02
-4.909951718751666694e-01
4.026621384771578160e-01
1.702941743592769896e-01
-2.391193245041886573e-01
-1.619569154614176887e-01
-3.613424598258083154e-01
-7.986864287319769828e-02
-2.402384433430993227e-01
-2.597354315046426221e-01
-1.997956415363630056e-01
3.519742861019188318e-01
-2.341698340516811527e-01
-4.093782246566153860e-01
-1.430505169740196869e-01
3.498951437157284405e-01
9.870702792762207911e-02
4.416536306179925098e-01
-2.204429778434402465e-01
-2.052534935658098803e-01
1.015261921858731306e-02
1.854586155108774170e-02
3.475579351488176094e-01
-1.149767813136023525e-01
-1.608235300303511306e-01
2.649379006773857625e-01
-6.588258638545259338e-02
4.654604106484825851e-03
9.510644526583008490e-03
6.358201784158348802e-02
1.622181117464723266e-01
-8.585920149591440287e-02
-6.499283988934683939e-03
2.765323779844320318e-01
8.652912133988283072e-02
7.560342792685879020e-03
2.699720716045792002e-01
3.037433518488951711e-01
-4.454338703954429102e-01
-1.465741027354706127e-01
-2.634626430558780763e-01
-4.007300655855804417e-01
4.497745290100828575e-01
-2.338850918818302371e-01
2.793887700152366538e-01
2.744679311765881868e-01
-2.548688596998557182e-02
2.751463941317100481e-01
-4.299177817842109173e-01
1.454578025788447748e-01
-5.437878140408859001e-02
7.599885064500860876e-02
-1.335673815627514902e-02
6.515258190800460314e-02
-3.381559997011570617e-01
-1.828431917826033315e-01
9.420731079657775064e-03
-3.315532444000037215e-01
-5.244188753902782052e-01
2.407804359467157207e-01
5.959330966456315160e-02
-1.091949786966799618e-01
-3.031903991230084361e-01
-6.975842661827466595e-02
3.309194545174556912e-02
3.356350047746944343e-01
-2.604448156369854050e-01
-1.572797759863890366e-01
-1.760848661855436148e-01
2.336113284597244044e-01
-4.531470024256171736e-01
-1.612745805999445114e-01
6.187305512118522755e-01
4.138116126688470842e-02
-5.756598588355391760e-02
8.121038782047169946e-02
2.661275792321450839e-01
-7.022802343655590307e-02
-3.930878929983779024e-02
-4.948534079762246379e-03
-3.187615296546345012e-01
6.905498713553170909e-02
9.673742282530237713e-01
-1.812270149192004021e-01
-5.865864388524871104e-02
-8.720029129380081623e-02
1.637104025979294053e-01
2.645631375634575622e-01
-5.424921756875237394e-02
7.376275663780298975e-02
-4.560759297582827054e-01
-5.041682407816691636e-02
-2.104773814646742625e-01
-3.870719412942722482e-01
-2.728883072149806965e-01
3.546436897827613399e-01
1.379973056440367274e-02
2.664728957194764658e-01
3.138880542281272668e-01
8.146972889755296765e-02
1.131791515915298862e-01
-9.176063973534263896e-02
2.524482704634490315e-01
3.519490327682961994e-01
2.333964735579202865e-01
7.993952712355147094e-02
-2.794974111776986625e-01
-2.240851404714514217e-01
-3.255527017130928624e-01
-1.078423606753819430e-01
1.442428669315126422e-01
4.404141483169845550e-01
3.452716107511523136e-01
-3.504934440300523923e-01
-6.916131524085117332e-02
-2.086017655694116235e-01
3.445057768155845301e-01
2.032255563720694949e-02
-4.306099459054257839e-01
2.069637465131846654e-01
1.969334160930752142e-01
-4.567352212701608627e-01
1.481281477991413728e-02
-1.360007971713127206e-01
1.042978834785844404e-02
3.228303812417705476e-01
-5.306468827932145915e-01
-1.800443157172967601e-01
4.014680285652683089e-01
1.963735251356205913e-01
6.109475038223236704e-02
-6.636544916183233500e-01
1.375017639683751847e-01
-3.189509881885170817e-01
3.075998162459627275e-02
-3.044772082614833897e-01
1.238889407695741851e-01
-1.538012920042222953e-01
3.610722827523586698e-02
-2.392774858140838679e-01
2.724383800803219513e-01
2.785984533883039543e-02
-1.055097534776943402e-01
1.135881649060397902e-01
-2.136461253625543399e-01
9.290086511916852141e-02
-2.226424904598469090e-01
-4.117364212903587006e-01
-3.905226817620865987e-01
-1.467149936710710201e-01
2.644222209669214729e-01
-1.372461454720184659e-01
-3.805202833905354520e-01
4.740330392775572443e-01
-1.803098763766241008e-01
-1.637657688798544939e-02
2.352731612581254739e-02
-2.265786308080244282e-01
-5.230388264776973939e-01
-1.649684179478179968e-01
3.293076860278709717e-01
2.481180750243519029e-01
-1.516462765078803281e-02
5.090464687144218014e-02
1.619491522237447301e-01
3.272327215597082839e-01
2.893962631834741672e-01
-7.029817346937210221e-02
-1.001741563499940479e-01
-1.162879276888472702e-01
3.701034321340360700e-01
3.845028621471885955e-01
-1.412937976697372922e-01
-4.425408856529958745e-01
5.501169580477773824e-01
-6.150476850130344453e-02
-1.359707202143107529e-01
1.697333191739800184e-01
5.971641027505315558e-01
-2.053794426666710748e-01
-1.646132045744209405e-01
-6.991659669322143611e-02
3.235045324666489530e-01
-6.796345615705245979e-02
-1.729043439214287547e-01
-2.960126399611892264e-02
1.691972273123395487e-01
-2.570143937573149961e-01
-9.690784690861006800e-02
1.053152866351439454e-01
-1.157566849153325306e-01
1.803413602149504247e-01
3.544071371161519601e-02
-6.816864922046496356e-02
7.870245432349835812e-02
-1.694080167018260086e-01
-2.056047577078035787e-02
1.066326074106885430e-01
9.306429829975619572e-02
3.412957010450190509e-01
2.952329311375476162e-01
3.819247969530746856e-01
1.325725874765438239e-01
1.519917062514523215e-02
-1.348056967245779003e-01
-1.827575687578473218e-01
2.164267385375470976e-01
1.318369698226226905e-01
-2.048512212894373300e-04
1.141278783491530766e-02
-5.149315026093773673e-01
-6.097137368861721418e-02
6.365820376298399197e-02
-7.056817669575385366e-02
4.877050973552888441e-02
-1.094685346529343795e-01
-3.328515587082951921e-01
7.267662157791340838e-02
5.026000544409153087e-02
1.811223499665357353e-02
1.434901551212613979e-01
2.575058322065105765e-01
4.142171255990160783e-01
-2.131075227204803635e-01
6.681447738583948803e-01
-4.697467630984771686e-02
1.379110085499423988e-01
-9.043112347391793482e-02
1.437104557635269508e-01
-2.224041654415908342e-01
-1.573462843534962352e-01
-3.191883408246690701e-01
3.131981053058814912e-01
-4.406671393752146226e-01
2.202345950440550149e-01
-8.997708949000235434e-02
2.233832911037922919e-01
1.954805724933037780e-01
6.117990689648346997e-02
-6.057723460558017692e-02
-3.987038434353738781e-02
-4.360595380316990149e-02
-1.146478758042481089e-01
-7.531233484461435923e-02
-1.438850702245984547e-01
-3.082928936784450347e-01
-2.891624182246657626e-01
-1.473497817160979440e-01
-7.198981241141384768e-02
-2.095719475242509289e-01
-1.961504780964198891e-02
2.239482516749710939e-01
2.309656703702559211e-01
-4.896275076943809590e-02
-5.300567036275352084e-01
-1.713811448455033748e-01
6.851514505992599424e-02
-1.246153826615874899e-01
-8.588136192000705993e-01
-4.245138358706616599e-01
2.125810480291818738e-01
-3.065535801268676197e-01
-4.540529131214559033e-01
-9.073193386154260187e-01
9.519175807181110005e-02
3.276865369177249798e-01
2.496959513009588127e-01
5.193705697055168713e-01
-3.202730772913054968e-01
2.661369990929727813e-01
-4.093567019577353250e-01
-3.030454714519432158e-01
3.154539357492074370e-01
-1.970442559485295966e-02
-2.271248868675825316e-01
1.501170753242540012e-01
-2.215137674209378960e-01
1.123706443835177787e-01
-5.314917335959441491e-01
-4.868770610738175075e-01
-2.389144337434939355e-02
3.135073492934559169e-02
-2.366979416482067611e-01
3.922604147740244018e-02
-1.077265727103793869e-01
8.369279755817581046e-02
1.498229185980856082e-01
7.325907052500262029e-02
5.003661983600065088e-01
-1.799848666968013322e-01
3.322677399464185610e-01
-2.596148838699964267e-01
-1.629584172112986673e-01
-6.190544582422318198e-01
1.944925440067062083e-01
-1.101698804050198349e-01
-1.527384222316091889e-01
1.872342999431109989e-01
1.047006049194831034e-01
9.680423932154620659e-02
1.140387626079391731e-01
4.173844320850785827e-01
-2.129103280833435086e-01
1.110479086819259470e-01
1.336065011012142756e-01
-2.704985386998222663e-01
9.563538900545028032e-02
6.257038192024019785e-02
-1.197282274940801722e-01
5.443479027879554594e-02
-1.495156422560051379e-01
6.327735427489573905e-02
-3.140004190338523959e-01
-1.772777214432137149e-01
-2.260352148619531459e-02
-3.159863614193595960e-01
-3.790837841752526249e-01
-3.700315921788264184e-01
1.186384951781943725e-01
-5.749342572507165627e-01
-5.219346653018939195e-04
9.182642791755135647e-02
-1.009123820719294018e-01
2.393195774682501387e-01
2.211690850435959754e-01
-1.288714927575611846e-01
1.575849117445854708e-01
-2.955989738221340146e-01
3.039047768783569303e-01
3.276780378511303105e-01
-1.958257633366825290e-01
-2.049202859000886778e-01
2.516457674134108813e-01
2.584442073233391146e-01
-7.386962350400165522e-02
3.635658278822878620e-02
-2.020325046832270321e-01
1.438018107353935052e-02
-1.203638670548565104e+00
-5.442741632541412411e-01
4.055433762283781191e-02
2.163537452464676936e-02
-1.826606788572909118e-02
1.768654554457580741e-01
-2.100432405229967284e-02
-8.838064537243535412e-02
-5.274921905822139295e-02
-4.592307908831553820e-01
-6.579793701592263899e-02
-4.566132615245697135e-01
-4.895722738318736972e-02
8.335894575746576329e-01
-4.543585710745828288e-01
-3.021729100262872669e-01
1.974272384047925377e-01
-2.130402661966319944e-01
2.894867016461850628e-01
9.839475011754887646e-02
-5.311351555531302893e-01
-6.906736184806916423e-01
-3.063539196100336648e-01
-6.548140465812329891e-01
-3.540217612827056270e-01
-4.468582610045553072e-02
-8.351815991300576628e-03
6.293324443758926412e-01
1.175073433238473519e-01
-1.884935870542986114e-01
3.169155984318566821e-02
3.420727264995197109e-02
-6.851293808106091454e-01
1.065902446000118776e-02
-3.192430782695653002e-02
1.216187051301763355e-01
4.334891262014181623e-01
-3.086516321748203340e-01
5.331266546768249903e-04
-2.492724301301459805e-02
1.279069724454331633e-02
-3.429768528397091343e-01
-3.081289283715915039e-01
-4.830167428841935368e-02
3.245110636503578116e-01
-2.804646113702627397e-01
-3.629020993904246151e-01
1.127643850752590993e-01
2.497277862267793247e-01
2.462581974042463429e-01
3.471822613805487512e-01
-4.717018524385355183e-01
-2.973359725320577351e-01
2.418135289485594808e-01
5.424575402515250389e-01
-4.000816555149623310e-01
1.374063695003787111e-01
5.406438887789186687e-01
-1.252825286748946998e-01
-4.082992352247715589e-02
3.174934356155102444e-01
-7.135302155166571569e-02
2.306431655457627239e-01
1.549099079583987904e-01
-1.843053943819128737e-01
-2.412939376491204102e-01
6.328836076959662438e-02
1.485359929170495530e-01
-8.036547972631291614e-02
7.905699213566345571e-03
1.518375194763904590e-01
-3.453188982164656085e-01
1.308488238197554887e-01
-1.144690523207892441e-01
3.185155762989624328e-01
-1.481920132647688293e-01
2.133904454991741306e-01
-3.037421792407450916e-01
7.822257852506014908e-02
-1.959154698987436993e-01
4.993510311685663283e-01
1.991521188828573874e-01
2.290262081532712032e-02
-2.296199915987053863e-01
8.520469742426026172e-02
-2.842593984420971331e-01
2.053653957531351992e-01
4.464237554356399462e-01
4.253284637343405228e-01
2.596884577245317516e-01
3.082589248339764540e-02
5.321859565308364459e-01
6.459758908195138705e-02
-1.277213965946191465e-01
-6.015881804171918645e-02
6.152126680342615561e-01
-2.835147757939704971e-01
-2.555497835376873139e-01
-3.183574759536725862e-01
-3.383445818168983599e-01
-3.137006022332741173e-01
1.158239541810660300e-01
-6.206703525311181580e-02
-1.828978815171704297e-01
-1.679237328999234335e-01
-4.115790572285961402e-02
-3.709960561004591040e-02
-3.039562043915712830e-01
2.705905350390369057e-01
5.127773840024758556e-01
2.650016676362670354e-01
-2.614027589080799574e-01
3.682970202173529300e-02
1.335671241628148542e-01
-3.164852637367880361e-01
4.607056119103544040e-02
-5.671755327991939710e-01
-3.603032054998236977e-01
-1.869427765913370953e-01
-3.381959846061780017e-01
-8.602245084595093738e-01
-2.101123674694654608e-01
2.731458829777615449e-01
-6.095667590543574210e-01
1.659136711372510009e-01
-3.228260423960636616e-01
1.316547159676336454e-01
2.835722318143319987e-01
-2.952415435854038872e-02
-1.812474717891037479e-01
-5.360335778383337052e-02
-3.781873237776018359e-01
5.456844909809255295e-01
2.129140249796097062e-01
2.074916904615877467e-01
-2.447150333223099272e-01
-3.812444792758465373e-02
2.699154741005919123e-01
3.618005270532204665e-01
1.528034078713257360e-01
1.682470732192576923e-01
8.979024167506445553e-02
1.701574368341490784e-01
-2.700238515399222897e-02
-9.711371219653619491e-02
-1.509235581865740472e-01
3.064922354791222436e-01
1.894199518848611874e-01
-1.880280969217968390e-01
-3.103360104410716191e-01
-3.792975296757314374e-02
1.778105079955130952e-01
-6.845034011257299100e-02
1.162892473925550424e-01
1.676230450944013808e-02
7.453672827830953862e-02
-1.412532567564781516e-01
-1.909821723522818204e-01
8.226273607418596590e-02
-1.176732590753112734e-01
6.331926236644792594e-01
-1.200396134033546724e-01
1.139589459088577172e-01
-4.266139090553153213e-02
-1.665966791028766075e-02
-1.289019418678257201e-01
-2.392013710792734726e-01
-4.809524237129866875e-03
-1.554687423904858520e-02
-8.492248859099391436e-03
-9.326562729672329549e-03
-8.404652153112072976e-02
1.635257077940977799e-01
4.488183652531362033e-02
-2.806161319781745322e-01
3.369334222817839120e-01
-4.398156324722644062e-01
-3.115403725104928800e-01
2.794551064621623171e-01
-5.416370904177988249e-02
4.447100539111800699e-02
-1.881250115069027506e-01
5.926209295716566849e-01
6.794773734427945744e-01
3.231857903480260252e-01
7.266787622237623478e-02
4.157812103148766925e-01
2.605847608566799201e-01
3.885868545225064363e-02
3.831526124795337496e-01
2.541641109900380502e-01
7.162462859979285001e-02
3.005859803115211448e-02
-1.193060733121458078e-01
6.532621930579121661e-02
2.499849430055424426e-01
-3.844386895471151033e-02
3.750988974286065258e-01
1.836167639441434463e-01
3.246478253436410610e-01
1.796460712189115461e-01
6.564940445997669016e-02
2.345420166732138378e-01
1.549141218786475871e-01
-1.018881196387809718e-01
1.624289277341225968e-01
3.095376838646359818e-01
-9.629803170033360282e-02
-1.575486409965423940e-01
-2.570878953064274497e-01
-2.067542743563871299e-01
4.950149990418752921e-01
1.676293485147216100e-01
-2.835085470564253640e-01
-2.329087530321507782e-01
-4.532127789305184784e-02
1.043248548922864061e-01
-4.137841935695342199e-01
9.452220822428358815e-02
1.784101943168929852e-02
3.988759373331487446e-01
2.956491760111971678e-01
-7.507569501923599953e-01
6.293745130855338266e-02
-9.260214710872612109e-02
-1.022411567781239400e-01
5.717657680229114997e-02
1.372506915028278707e-01
2.892578017835800708e-01
-1.046606196470177413e-01
-1.788890876501951221e-01
-1.910107257866867914e-01
6.147614172193073268e-01
1.657813003170711397e-01
-2.000121478670009723e-01
1.790095593800169332e-02
-1.704036470184275009e-01
1.020280320942406893e-01
6.333306289122903054e-03
1.474611519293770323e-01
3.951059663268826627e-01
1.022847487391444730e-02
1.262333257443204459e-01
2.963121581342275171e-02
1.465325556011687902e-01
2.490826055863460120e-01
3.782688136817229790e-02
5.259661576340034922e-02
3.342563361880818151e-01
2.364848320144761207e-01
1.327359337959998498e-01
-3.922275918243729453e-01
-3.997085358547542433e-01
1.952987450584233245e-02
2.348811117433406981e-01
3.827425887064647703e-01
-5.025908488864760937e-01
1.041660615049301714e-01
-2.813884275873868579e-01
1.806715035766405797e-01
-4.511894420006034578e-01
4.693146474770630294e-01
-1.742404451601639037e+00
3.258918471039215503e-01
8.451582085755986185e-02
2.228846531238145579e-01
-1.510824657637004353e-01
-1.521622154400206484e-01
3.343241733165012303e-02
1.485998768943737058e-01
1.966051659319899003e-01
-6.119163895657787622e-01
7.889140958131731773e-01
-7.216290920786370133e-01
2.973526331545397472e-01
4.222231050934941998e-01
-1.342511545542556251e-01
4.305736710770864369e-04
1.564571119556856515e-01
-1.030392460406536898e-01
-2.841730758300909931e-01
-1.181714327336235576e-01
-2.830552331582687486e-01
-5.911713521360822433e-03
1.581682657558304561e-01
-6.957200326942614144e-02
1.339998064954431127e-02
2.396634800370540108e-01
3.197459772789947863e-01
3.644486337482572003e-01
-3.199867047509447060e-02
1.220499584496770873e-01
1.715296352397584212e-01
-2.159585554375740013e-01
-3.041354283361434319e-01
-3.134356726078341704e-01
4.243017150515852043e-01
2.507014988342798345e-01
3.169886430206004246e-01
-1.711715548269133191e-01
-1.795732452859953310e-01
6.735536937549041481e-02
-1.537313424453680410e-01
-5.952171974648812203e-02
-1.301829371231267296e-01
-5.575115975192866946e-01
6.372488811743813597e-02
-4.437322942538871606e-01
1.443574000358360809e-01
-5.503299184334261435e-02
-1.356140928763210074e-01
1.623979945887618070e-01
-4.924960447166678024e-01
-3.657207823912231870e-01
-4.299202561431777481e-01
4.630542414499612403e-02
2.809101613723552493e-01
2.598695600655113180e-01
-1.048899759486993967e-02
-2.124780490340779371e-01
-3.766026519564626418e-01
4.856356224849470160e-01
1.277012375722093862e-01
1.482359219881428103e-01
-8.027052830498578040e-02
1.041066448113460163e-01
-9.119043325409133260e-02
3.276660521621688749e-01
-2.046941832500058511e-01
8.897683047825737102e-02
5.316086258831813627e-01
-1.067841170844884141e-01
1.455637362523519787e-02
4.506422340957477179e-01
2.178686418847770867e-01
3.873194724068419748e-02
2.452648047351467867e-02
4.141006177335724292e-01
-1.382335941431865264e-02
-2.352516851301310330e-01
3.305152289041244935e-03
8.791899486089539695e-02
2.103698106324714823e-01
1.495494702911622231e-01
3.764591848214184910e-01
-1.261216757116715714e-01
-3.676395869609458966e-01
-8.426132568620545160e-02
-1.728122214059148731e-01
2.369325849728542155e-01
2.228430261097145426e-01
-8.661121636101698495e-02
-1.734298535492704851e-01
3.173323159825429673e-01
2.606276567410500955e-01
2.328266227753111040e-01
-1.621235142060552248e-01
3.514827564823408967e-01
-2.224415311984302007e-02
-3.086050664666877830e-01
1.271630010979576675e-01
7.221124779419337003e-02
8.251351466601791751e-01
1.489885191687903843e-01
-1.211559340326336387e-01
1.138822416593151254e-01
-2.899609684175931679e-01
-4.625277898213969729e-02
-4.756616499001131149e-01
-2.907926559519193044e-02
1.142961834330420874e-02
-4.164474978444913239e-03
-2.141948649405138808e-02
-9.953327396973560282e-02
6.783250728160725163e-02
-1.045458515209699533e-02
-1.639994502418635758e-01
-1.879932351502174859e-01
-3.226060296461442101e-01
-1.475490827771951396e-01
-1.985778091658627897e-01
3.449114972228548015e-01
-3.363512408448616764e-01
-4.446088313472557063e-01
-1.194617191374526266e-01
-3.692089715753058554e-01
-2.269796137949197934e-01
-4.926401733200197128e-03
3.120776351345653787e-01
-7.602070059416692061e-02
-3.178295835915357359e-01
2.699979376401649978e-01
5.274624894920233453e-01
-1.855939497010599404e-01
5.447533502073494821e-02
-9.859829656851239188e-02
8.153352686030365670e-02
-2.625038009631433522e-01
-1.471901733977436233e-01
-3.020140421898653282e-01
3.485566627699200615e-02
3.069681210963916551e-01
-1.738823196158734985e-01
-1.334878089411482491e-02
-8.624968845983545240e-02
2.014954425681505026e-02
1.543168522637825557e-01
-1.098904712716087945e-01
1.161017544904738574e-01
-1.079672450460882616e-01
-3.067964884074950715e-01
1.923561189399830007e-01
1.975697310201443568e-01
-3.455034211034811453e-01
-2.361427909259919133e-01
-5.375234389772826082e-02
9.384068941949354203e-02
3.609798784633524993e-01
1.765280208595091105e-01
-1.817482781099123146e-01
-4.730785647278345496e-01
1.942981283634570289e-01
-8.983320894001891599e-01
-6.982817774398590582e-02
7.299247372698014491e-02
-2.567595801614762641e-01
-1.377374861031679665e-01
-1.736059888537719309e-01
-2.075399319181263358e-01
-4.002698853954574920e-01
-5.899375136757753491e-02
1.400581130554396370e-01
3.302162814481882647e-01
-3.993891579336144582e-01
8.811059258069904587e-02
6.800237527180170993e-02
-1.894719791402320608e-01
-6.778736318371819669e-02
-1.435384069651137184e-01
1.914280390309174018e-01
2.884266993122375916e-02
-1.894561207411808723e-01
-3.102422182925425598e-01
9.449238731529656377e-02
2.186117839519544637e-01
-7.839237627167400246e-02
-4.435841192966782365e-01
-1.359430740128967086e-01
2.528364163192284852e-01
-1.560737875085077275e-01
3.587591755015608896e-01
-1.364401907218926457e-01
-5.924802600058121788e-02
1.577296412943600054e-02
3.453252257615827547e-01
-2.243329510526920201e-01
1.892643254931902497e-01
-4.028929949991334747e-02
5.869437152555411624e-02
2.892492412265976545e-02
-1.391402685202491052e-01
1.117766812736906978e-01
-3.619301300499774277e-01
-2.167478881709156147e-01
1.081608864840350598e-01
-3.982742412435807955e-01
-8.257867140814997842e-02
9.761721298433789773e-02
4.240968508792265501e-01
1.445737950777386538e-01
1.535420292118932772e-01
-1.231747831765111524e-02
4.782292095586894720e-01
-2.350425286258765734e-01
1.446836851029980296e-02
4.486987477087158727e-01
3.047521089189995647e-01
5.526478681715561725e-02
-4.313416268874133985e-01
-5.216227646271279217e-02
-5.729060133145309486e-01
7.102217066815491586e-02
-6.437562763126720711e-01
5.513320988826405505e-02
2.826194454367594311e-01
3.764360529921833426e-02
-3.890760655342199725e-01
-3.823265469363228974e-01
1.633854373336133259e-01
-4.509338191278524088e-01
1.286467221691936780e-01
-6.317036990949826958e-01
7.103024364545938718e-02
-2.206089107302377783e-01
1.057737062956795177e-01
3.038213497997970802e-01
-2.321120451576794697e-01
1.467932581364460032e-01
-5.538328850763716421e-02
6.209149188605989078e-02
-1.268680602758499032e-01
2.071194289554539325e-01
-1.054995444715197267e-01
-2.080345874945807305e-01
1.727040534064622559e-02
-1.796119920129832792e-01
-3.825449720393395703e-01
-2.628886668751064318e-02
1.006872957615953246e-01
7.824648163715419713e-02
-1.540074617758196984e-01
6.072719582120085224e-01
-3.435676839866244059e-01
-2.903944535568828145e-01
1.568801369526148237e-01
-2.306449808737799922e-01
-1.114619114455987076e-01
-5.591516937153214739e-01
-6.073929593947482303e-02
3.437499653441126179e-01
1.374776884871165873e-02
1.326436648862163933e-03
-9.663150200362499720e-02
4.837974630534161991e-01
-3.359027245558809938e-01
4.766274874921163085e-01
9.223311682959958735e-02
1.529945281841331162e-01
-2.965905862302520846e-01
-6.417514424515673166e-02
1.213358450900858115e-01
2.130731895645561202e-01
3.251269118324831564e-01
1.179851919470450428e-01
1.952301556303581709e-01
1.302055554388354408e-01
6.970113500905583681e-02
2.461408119602932487e-01
-1.802723761126633628e-01
6.586861663234047648e-02
-3.461824427170100971e-01
-5.865025220292855446e-01
4.209534696847880980e-02
2.010100046613771119e-01
-1.082848387840201765e-01
1.163078318188218579e-01
4.360017423367919948e-02
4.636911753592795615e-02
6.118919804775463378e-01
1.095229340448843902e-01
-6.337662846326763688e-02
3.185364591353567199e-01
-1.153618758777817249e-01
-4.529203439185062741e-01
-2.357260122053264906e-01
-2.953712255626384509e-01
2.348650811207511624e-01
-5.580288364308269577e-02
1.234951996845412847e-01
7.928698947744835385e-03
5.003029792564972489e-02
-3.159934113109279519e-01
-7.677417802448286421e-01
7.628468231312995895e-02
4.254855749096115858e-01
-4.297662469398587648e-01
-1.891730780076981977e-01
-4.306025374257272387e-01
3.107813969767605697e-02
-1.878890189163905933e-01
-3.732003938435905777e-02
-4.901194947456000151e-01
5.505447816930752331e-02
3.568626876476452825e-01
1.184461577274674715e-01
2.088926483597152439e-01
-2.218838137525635246e-01
-5.273540780575486364e-02
1.756353994123255324e-01
-9.826955733814927291e-03
2.929084539167381429e-01
-2.441229878999826367e-02
-6.588464202697466021e-01
-2.927875216779073919e-01
-2.166385757402907730e-01
-1.876923311013445339e-01
-7.326099168016034224e-02
-2.307964307918053681e-01
-1.946966794519534860e-01
-1.577946015655212475e-01
-2.073953642111325824e-01
4.241330815848379787e-01
-4.814109731181567126e-02
2.443795452461632045e-01
-2.290242040506718646e-01
-4.638205598332672402e-02
-2.580622859040310191e-01
8.793430951697576992e-02
-1.316270922464261306e-01
-1.832125516856830394e-01
1.242243743155041630e-01
-2.512113886214873970e-01
-3.539478846630143560e-01
-2.022183438573533221e-01
-1.418534924352924352e-02
-4.141036701895724481e-01
-1.688893160700849772e-01
3.790045683729122844e-02
2.233001386802583033e-01
3.493675650756472573e-01
-1.942823403865438503e-01
-1.783200820327422997e-01
2.128372150151718323e-01
5.233168363543157925e-02
-1.851008267094649828e-01
-4.887772332919261033e-03
1.890637232533616818e-01
-2.762054658340518665e-01
-1.403474087726392094e-01
-5.772857602780737812e-03
-2.130928081048684419e-02
-4.882422160500176495e-02
1.451655237802136067e-01
-2.075842385734481266e-01
1.651376072086023494e-01
-1.931682844745398198e-01
-1.736392520785245142e-01
5.750919203845813454e-01
2.425200052527677896e-01
4.489631926725095035e-01
-3.128169860276673320e-01
-1.910968951078277911e-01
5.322748822447080919e-01
-5.620074914106613223e-02
1.430536171836620241e-01
-9.434390373597097146e-02
-6.162462025829251733e-01
3.100120532412326338e-02
3.716142518549251372e-01
-2.580078782236582269e-01
3.507739553879220956e-02
3.739018239276468147e-01
1.906964958719035430e-01
2.752587417647050505e-01
-2.716194634922124429e-01
7.515490595744021840e-02
1.816014675397980768e-02
2.933601323089780541e-02
-7.529628726466319755e-02
1.559069201891808698e-01
2.605042813757032505e-01
-3.903596911220720833e-01
-6.114667317930483348e-02
6.170273276503453197e-02
3.332318430562650757e-01
-4.126191719403626279e-01
-1.485053972908292053e-01
-1.698242919389738800e-02
-1.621424737241851377e-01
-2.557889113572559547e-01
3.695945952021161083e-03
-9.823149228085657769e-02
4.308463808845179425e-03
-1.081734136405737151e-01
1.662897465908074468e-01
1.107119970257954139e-01
4.168296156737229946e-02
-3.994643496476960598e-01
2.584087575828116767e-01
1.893415367687388273e-01
3.283261922215920392e-01
3.657354815802145720e-01
-6.169118296647679162e-02
3.496810537281261344e-02
4.141488178673572440e-01
-1.280692880036560510e-01
1.583122495975993194e-01
1.978501842439162883e-01
4.686186380577300054e-02
-2.322378482349386208e-01
4.603351797496716968e-01
4.952774667027227962e-02
-3.759991324452032629e-02
5.684525321886806370e-01
1.136136799420928850e-01
1.600028153755322577e-02
6.880667090946143150e-01
-3.302810890825660928e-01
1.057516097839133161e-02
-1.602085270949812346e-01
7.157925976205073426e-02
2.651907363605385815e-01
2.251249280913591999e-02
1.811224993787438342e-01
2.852498644940190120e-01
-4.445557107426812565e-02
-2.087553817174028215e-01
-4.652788443397216644e-01
-4.196986937686283947e-01
1.316985484754479852e-01
3.032697638266637283e-02
2.504975175224020689e-01
-3.552727450292376271e-02
-4.533375744297673537e-01
-2.732038773348767768e-01
2.571103671346789410e-01
4.983914961105275626e-02
4.091438164222712531e-02
-4.337099342531038348e-01
-3.217872941557708977e-02
1.852347187551401930e-01
-1.815684585686162533e-01
-7.520768028588421805e-02
1.357300978604019381e-01
4.468734759057426537e-02
4.381027229073927165e-01
1.210195288910872191e-01
9.340356443720957413e-01
2.370575441037233236e-02
-1.063617070442475637e-01
6.987461852258903816e-01
1.523953237234805247e-01
-2.574533643241024624e-03
7.045936052575015873e-01
1.658000540158580116e-01
1.224113269652507552e-01
2.239421909740786920e-01
-5.194908461807200561e-01
-2.806082719962189054e-01
-8.355370129158025128e-01
1.837006778392168138e-02
-2.221785037483293701e-01
-1.432358205883274838e-01
3.502465505480800712e-01
9.907153126709635771e-01
-3.937589560432219193e-01
3.890230620082417712e-01
9.287874215509248077e-02
-4.319038675764685919e-01
-1.695296845458408863e-01
6.571502711217072634e-02
5.898352404944881000e-01
7.608792744464658309e-02
-5.002097004200213304e-01
9.494641951859197904e-02
-4.309525607730216312e-01
4.032635335669338961e-01
-1.027280230455717702e-01
-8.814986620342113444e-02
-2.757795586336387328e-01
-2.529818446695938361e-01
5.220843678993374037e-02
9.305080019044542627e-02
1.010274628653844431e-01
-5.302050315232195721e-02
-2.009020920704202018e-01
-3.455932082494629909e-01
5.381753523871338901e-02
4.163699317161769220e-01
-6.466862085085582912e-01
1.375341070278822686e-01
-2.197207757864834410e-01
8.900097479863565419e-02
-8.450803952483760271e-04
-2.465669720477006027e-02
-9.282910089946168342e-02
4.593412145934882007e-01
-2.063343293001971418e-02
1.463424913272491912e-01
-1.457299629664253193e-01
1.498738771166821526e-01
3.906318337269754082e-01
-1.892114990933379814e-01
-1.026230099136024865e-01
-1.358748613817929440e-01
-1.742563597313296839e-02
-1.093544447483630194e-01
-1.926060122244647732e-01
-5.600314427346532176e-01
1.224150164649346895e-01
2.784270063754600844e-01
-1.535975752808801109e-01
-2.646955523863931958e-01
2.793284775446418511e-01
-1.549572940615549510e-01
-8.588967192749911994e-02
2.945574757825423773e-01
5.147978658789318512e-02
-5.547424040946995899e-02
1.176773862947323723e-01
-2.803600516907136520e-01
-1.995952964304640309e-01
-1.849790146413905489e-01
-3.768273464821942365e-01
3.386892087704201360e-01
-1.088715071643698434e-01
4.850274368741417513e-03
4.600836227649257593e-01
2.501393814623050771e-01
2.427380219570791919e-01
3.951340777748528488e-02
-4.300531872216460660e-02
5.804607626541948839e-01
1.533095555042744973e-01
-2.022333261437278817e-01
-3.839573942697214193e-01
-1.750854236588766100e-01
-1.553131675823224700e-01
-1.803133856864815587e-01
-1.371042771058483545e-01
-1.093535832689311316e-01
2.687708106400149566e-02
-1.611989650822137354e-01
1.751673345821856409e-01
3.637272438891928084e-01
6.846990627924461059e-02
1.454531514286060145e-01
-2.793964169184236235e-02
-1.667615963021253922e-01
1.338520948489164974e-01
1.895269939323699498e-02
1.493967402281371759e-01
-1.172790048973114257e-01
2.845510799465852392e-01
-6.502615670987745011e-02
-2.613559086179598756e-01
-2.506459615499713189e-01
6.878707947091967922e-02
5.839203172037411849e-02
5.300199769115911119e-02
1.672532880422628321e-01
-1.624877734084713699e-01
6.519940798235682733e-01
2.605591243245592922e-02
4.426979784870330170e-01
3.770176732444731338e-02
-2.026006173556284540e-01
1.677931812728156724e-01
1.246362514904744354e-02
-2.563605400368624831e-01
-2.736399692872248934e-01
-1.273499904587973852e-01
1.604775580877618266e-03
8.191805751161476690e-02
-3.495587710279755567e-01
1.196543009094699211e-01
-1.600447352231457454e-01
-9.113644966849614171e-02
-2.588623280453752340e-01
5.788280531942376073e-02
1.130946708040565796e-01
2.695048139039117885e-01
3.586070690706635311e-01
3.867446684998122886e-02
7.920429462138295351e-02
2.043481095473801690e-01
5.599441883479047699e-02
2.768737067775000615e-01
-5.511953902721224846e-02
-3.258119834253758174e-01
1.945532025274428478e-01
-4.561466109244822764e-01
3.860357166976816634e-01
1.147882162969427050e-01
5.930112768319195649e-02
-3.784573849367321996e-01
-5.245991584100655192e-02
-5.583971208771199186e-03
-2.390266464867349394e-01
1.732810408361963317e-01
-1.613009967300587932e-01
-5.564166028259800445e-01
-1.703155279080286744e-01
-4.164489666842707827e-02
2.431385506583209344e-01
-1.120958028089223540e-01
4.193415861541402445e-01
1.842974366741060854e-01
-2.838896920234793009e-01
-1.131976737330300103e-01
1.157559398817416124e-01
1.325213288003906364e-01
2.228486520950883482e-02
-8.914110811798581224e-02
2.069473582440849446e-01
3.709538855104319022e-01
-1.473350032089981165e-01
7.238880038263811878e-02
-1.244165726264409751e-02
1.091040066571685313e-01
-2.558094763327868892e-01
1.706339993814651179e-01
-3.154974450584840384e-01
-3.803587783791649857e-01
1.933287119403156659e-02
1.411031971049841738e-01
-1.753630651349025737e-01
5.912446839136827892e-01
1.390683214000028034e-01
3.278630625635284290e-01
-1.271696719346299131e-01
-1.696886467497020212e-01
2.422968912409889305e-02
4.530687508973976069e-02
-3.094185966305586510e-01
6.567230098313028841e-02
-6.448128252007040428e-01
1.061994299246657170e-01
4.514063457400547263e-01
1.373594341501699623e-01
-1.489137018137047241e-01
-2.966779842871817841e-01
5.545694895274756037e-02
1.975128244114560672e-01
2.455664768463314274e-01
-3.387268101102151041e-01
-2.973183034277298020e-01
1.116737064317904760e-01
1.993306130507786419e-02
1.333474082765491453e-01
2.831647753069693185e-01
-6.325359877860199653e-02
1.817181432751015513e-01
-6.201336732022432185e-01
-3.944875733700051179e-02
5.204199409789382613e-02
-1.112412353847954671e-01
-4.909676178445224748e-01
-4.812659222705450435e-01
3.419449953207248094e-01
-2.399856990634739173e-01
3.253546010272139188e-01
1.022904886654523865e-01
-5.325663071217844741e-02
1.633575336458659849e-02
-1.257953641453567195e-02
1.914703062002502121e-01
1.844098684773725627e-01
1.009167669834793862e-01
-2.352014777652373101e-01
3.004397830509067946e-01
-2.128333182398365053e-01
-5.734273153012426905e-01
4.252750717992118679e-01
9.903617649044220428e-02
1.308805126180200007e-01
6.710855283835254204e-01
3.648689546504034209e-01
-1.933543276623981289e-01
-6.142946641799147400e-01
-1.438642313509788662e-01
-4.577818936312001014e-02
3.209121136987326817e-01
1.194872807033443840e-02
2.737621950156984840e-01
1.656519091272953548e-01
-2.427113869552576658e-02
-4.394045357180451084e-02
-1.375859466138426579e-01
-2.306981957302117470e-01
1.315706055171337319e-01
4.445955886496016363e-01
-3.315343711426212980e-01
9.001393810592535349e-02
-3.913000764961038769e-02
-1.828875498784457154e-01
2.548994904923650162e-02
-1.807195048029678619e-01
-1.760358001822086016e-01
3.485520470448602581e-02
-4.631348170315231078e-03
-8.483507032615521248e-02
-2.590825122674163955e-02
-1.903206099234840132e-01
-3.098321752821451419e-02
1.755931105552411831e-01
1.434500094211657029e-01
2.078203751558047735e-02
2.365345264538767922e-02
-2.084170097298559954e-02
-1.455332721697459586e-01
-2.385393583773049719e-01
-1.901423683417831703e-02
-1.915539913144039263e-01
-1.692400030788601684e-02
4.143921853619672580e-01
1.694929785900521971e-02
-4.643336055941418850e-01
-4.719686447736099466e-01
-3.352949586664203951e-01
-5.971225109507802276e-02
-2.680987634222078975e-01
-2.420885374382295008e-01
-2.299843835168173811e-01
-3.283985884364613583e-01
2.831705633615966278e-01
-2.492813222192075961e-01
2.695837861951496106e-01
2.573880510798590704e-01
1.035438478942047325e-01
1.407408676145561477e-01
-3.991243842405972457e-03
8.431274852491961458e-02
6.734928847936666463e-02
-3.306418574306391189e-01
1.890302544012030794e-01
2.124179969538927265e-02
1.153422522093642821e-01
7.768751307351379198e-02
9.455156315814579326e-02
1.008068211715515000e-01
1.095272243554004134e-02
1.039023711794747088e-03
1.402999931423061231e-01
1.134719382640152208e-01
-2.134016310649732850e-01
-5.936426111088499713e-02
-2.426537649895601501e-01
1.824014360443935723e-01
1.542862742999529801e-01
-2.197843807138291639e-01
1.181879788927998054e-01
-3.097870367692845961e-01
-1.891375492566615413e-01
-3.728225603010717482e-01
-1.433712817652877114e-01
-2.745042495824886464e-01
9.246023749958687254e-02
-1.724016414060092761e-01
-2.592656956981365460e-02
4.854855747979951869e-02
1.225801592166477494e-01
1.062347911305666776e-01
-1.328974849968068417e-01
-1.155199683127813431e-01
-6.041066761352691800e-02
-3.970848481890674742e-01
-5.261774865784982769e-01
-3.240866920641902182e-01
-6.537940790028472227e-02
-3.438637958877898693e-01
-1.214315611595224997e-01
-2.397899513961096463e-01
-1.314138681682718371e-02
1.510811065930804664e-01
-2.687207663921674650e-01
-5.823722688221059235e-02
-2.376695345129282988e-01
6.006189152632294276e-02
-1.980999862725772442e-01
-5.392066961321423380e-01
1.374429002896374319e-01
1.652524117280208260e-01
1.373325502161333866e-01
2.037264559563262412e-01
9.261390911532907388e-02
5.195659697529403376e-02
-1.631600869114769869e-01
-3.101583469929627968e-01
1.674706816177819746e-01
-8.145159872780679544e-01
-1.225398311241562566e-01
-3.322563635123900599e-02
1.187318478759950002e-01
-3.562971601993026871e-01
-5.373798358553411036e-02
-7.445358672993318550e-02
-3.492748068447363852e-01
-4.109277847873971656e-01
1.352546789774444758e-01
-1.334782450199563930e-01
1.049955686894517015e-01
-1.450468995254007749e-02
3.260425441819287395e-01
1.495000550376804904e-01
-2.531469059061905447e-01
1.849733239826075737e-01
3.986506861071326124e-01
2.089567526436960920e-01
-1.335731004551317935e-01
-3.550717789579814210e-01
-2.203068547921316067e-01
6.252644089113208736e-02
9.211317041856131871e-02
-3.499654764725721595e-02
3.700081880857696848e-01
1.255213428297733691e-01
2.057460714080277045e-02
1.874867084029538111e-01
2.519358633568660188e-01
1.537799387931896092e-02
-3.275510110537671049e-01
5.262197257454823696e-01
-2.399398753178310917e-01
-9.514616295542362157e-02
-3.178317494985540281e-01
1.923726751325364505e-03
-1.718073693491851406e-01
-6.347218741234664785e-01
-1.024338658767231097e-01
-1.196839244404597491e-01
2.408197663946169409e-01
-2.805948615636221222e-01
2.305753049166262350e-02
-1.063388151594656383e-01
1.698663799368288763e-01
-7.934305879549984064e-02
-6.973111196146813962e-02
-2.247446319126520375e-01
-2.382999750509857267e-02
2.980202112399661998e-02
2.957335702509201192e-01
1.946783022318932617e-03
-3.073303903312648092e-02
1.484245744194878092e-01
-1.508646846906940564e-01
1.290449396456637698e-01
9.771802226236779576e-02
5.204726389971323780e-02
-3.096320728111120676e-02
-3.262600441706815513e-01
-1.376448964198941916e-01
5.621360997234717272e-02
3.118451803916657550e-01
2.593998613988061572e-02
6.428067459471462075e-02
1.575596083774055411e-01
-2.103172403399607149e-01
3.075188719663474873e-02
-3.146896809770562391e-03
3.626896715921538311e-02
9.469723424072325202e-02
1.070318669586485805e-01
1.179209822417003339e-01
-1.762149507966147277e-01
-5.143675289879238305e-02
1.381613346683035481e-01
-4.245687853287257174e-01
-2.241102269813098624e-01
7.703057814732981734e-02
-2.151822323189725439e-01
-2.742822724042507376e-01
2.472925270300070921e-01
-2.165475571212127914e-01
1.158188653952235830e-01
-2.982038790629895630e-01
-1.883418329848087214e-01
-3.862261960631288571e-02
1.744422251433977722e-01
2.913048515431087560e-01
-3.058040322721351512e-01
6.474405264296940743e-01
-1.759852549948706102e-01
-2.173954483131460003e-01
-2.716300280270327883e-01
7.711042011978125332e-02
-1.038719645093515442e-01
-3.829145885503342783e-01
1.118748358820281646e-01
3.299718943389585157e-01
3.940084596511418402e-01
2.172592565108693880e-03
1.487438356321845734e-01
1.110123351817729059e-01
-5.392318396959217691e-02
-1.093705786457189050e-01
-3.756409763480961783e-01
-5.443991718439932237e-01
1.169238214310539259e-01
-6.554999823814008364e-01
1.715901646729738050e-01
3.684091559712733277e-01
-1.413899957646317096e-01
2.992804002309645828e-02
1.136882507479512611e-01
-2.691790155523484107e-01
-3.772104507281737878e-02
1.287629387240986634e-01
1.802223388337358678e-01
4.333186623444905683e-01
-1.690791505159742192e-01
2.637968865313358169e-01
-1.139344761899303005e-01
-2.168425147168074885e-01
-7.425461922647987045e-02
3.865672902101195962e-01
4.975242591511609969e-01
1.231405134123345485e-01
3.562799752818519572e-01
-7.967194193394123991e-02
-2.052442553553535665e-01
-1.274534124813713094e-02
-3.671945825316307310e-01
-1.389099173808153176e-01
-7.229552371522292298e-02
2.861395485220453311e-02
-2.946730376307754029e-01
-1.233973753011366054e-01
-6.300282886516735126e-02
1.376105231593481859e-01
-3.120325743513829297e-01
-1.055795766786035844e-01
-3.826603809028430309e-02
2.642503987406630284e-01
-2.761175207496538442e-01
2.449248148374448195e-02
1.322783683966798629e-01
4.208476341471090870e-02
1.492241603921983240e-01
-1.169282698535049625e-01
3.016210178899282335e-01
9.020520767839776410e-02
-4.788149908033824398e-02
2.086962091839902611e-01
1.664488104826601089e-01
-3.472125532843095119e-03
-5.272378017813508233e-01
-1.379831800662161823e-01
4.539095189324584556e-01
3.033014593813304072e-01
-4.518997124385611963e-01
-1.696600568327790715e-01
2.477777957394276115e-02
2.514531101173274608e-01
3.057279263594930852e-01
2.228847998862329427e-01
-3.854578217581028921e-01
-9.368155277727938102e-02
-5.542162538968196245e-02
-1.511088899028997234e-01
-8.685862978407721258e-02
2.044548393282310250e-01
-2.490501100741248919e-01
3.571301858525276485e-01
-3.291560408105410375e-03
3.249287571902113175e-02
3.151074674317083657e-01
6.349416527250449915e-01
6.015513336414401308e-02
-2.851253367728242560e-01
-3.515863390286751988e-01
2.696573871436260816e-01
1.466995770427348966e-01
1.518644929973039515e-01
1.892416885685875849e-01
2.894066598462604611e-01
-3.941079408030288556e-01
9.351558840060271438e-02
2.485035153331154878e-01
5.978519094821221902e-02
3.239230613979887097e-01
-5.398968880211120203e-01
4.691208900207804455e-01
-3.231248814989394758e-01
-6.785642943733274923e-02
1.574718384875406219e-01
1.469265698747181936e-01
3.600304701456044643e-01
2.852378441021862221e-01
1.424990897683316438e-01
3.658342683574095089e-01
9.041921335183260300e-02
-4.718564305074238185e-02
2.344445729004099588e-01
-1.393497187828866279e-01
4.155985987630668455e-02
-3.175870129498861716e-02
2.998118134879854124e-01
2.260329455747563387e-01
4.702299877430622943e-01
1.490433085627408116e-01
-1.585568394990775620e-01
3.658544407080138172e-01
-9.359720888693538743e-02
9.125186753077361990e-02
-6.162890729587594540e-01
1.040038387756816451e-01
5.445397944373433496e-01
-2.703013966080455854e-01
-1.110308260214354220e-01
-7.986456216127418850e-02
-2.568992864045873681e-01
-1.008105652858242302e-01
-6.086942919442235589e-03
1.425208694436753687e-01
-5.484918923154195186e-02
2.194735968428125350e-01
4.182710504139292018e-01
-2.199990881788601582e-01
3.533064271096906239e-01
-8.991228573135172375e-02
-8.367537273728738179e-02
2.836842135868998249e-01
-1.798610253944776805e-01
-2.677708509427984551e-01
1.355570398773113805e-01
-5.691000743159922992e-01
-2.926934134147325950e-01
-8.500806253188385175e-02
5.025875526476322186e-01
-3.821195873355647810e-01
1.174035000100514120e-01
-1.648295065819669614e-01
1.764498460674534391e-02
-4.215334731271278557e-01
1.947327339496565321e-02
6.963335110948849771e-02
-4.304455513178635090e-02
2.497108239550247660e-02
-3.657206328757454938e-02
-2.473748801814135145e-02
2.136024238007028786e-01
4.302656563043048832e-02
2.734074158760971263e-01
3.887916920138342336e-01
1.077429640496154334e-01
1.612103234053152701e-01
-4.592958494032670091e-01
1.120316929268052597e-01
-2.886074504389938081e-02
1.333303391114754322e-01
-9.870157216447005000e-02
-1.240983196549764467e-01
3.176764569033064395e-02
3.786749042559877099e-01
2.835146833257474186e-01
1.078852304167571968e-01
2.774166411756908146e-01
4.986097331578506070e-02
-1.044121364172976157e-01
6.156674560617945297e-04
-9.718409192515298223e-02
-8.848437310095002423e-03
-2.453339654303641482e-01
1.387224652225584887e-01
5.524988487949053333e-03
1.745426013812623189e-01
-2.176212251338911496e-01
1.175954607870213775e-01
-3.105949298728845065e-01
7.693324779816146375e-02
1.665419611411394496e-01
2.869882667640681340e-01
5.315973158394659004e-01
-4.564457225805751417e-01
4.200527775786883772e-02
2.231459521199378668e-02
-1.397237961525704952e-01
3.305885506196418189e-01
2.527780911006230480e-01
-5.079665130115491867e-02
-1.503404527622402564e-01
1.003102666685796868e-01
-1.522859252686883935e-01
1.594221653029940788e-01
8.485185614624279893e-02
1.419365369326782977e-01
-1.612044347158197444e-01
4.538443307588291981e-02
8.735600587745601109e-02
-3.116294290394838393e-02
-1.849230498325153682e-01
2.851914109452204360e-01
1.341311221580570451e-02
7.218310651410571321e-02
9.502297814417107191e-02
-4.138345284195318885e-01
-2.632692421443013145e-02
3.551648793058415771e-02
2.111212726027034397e-03
9.850043313109300980e-02
1.577018686454528529e-01
3.161532880606404000e-02
-8.112250542121705876e-02
3.111641269668626864e-01
2.250268302439418777e-01
1.642160521965540243e-01
-1.629875693021625715e-01
-4.840221216083583911e-01
1.252976624712526243e-01
-2.006093856095041705e-01
-7.463343088058156660e-02
-1.514754347501310605e-01
-2.659204309082607853e-01
-4.766975743948232425e-01
1.416122842393389702e-01
-2.060821458752130353e-01
-2.589307257861053757e-01
1.832632203296889473e-01
-1.205140516468491269e-01
-8.999185475569941584e-02
-2.283643470288386490e-01
6.072543921783924575e-02
9.907021833487983375e-02
2.750471544474684671e-01
1.851863281202739686e-01
9.226940398459448911e-02
-1.074412041928430178e-01
3.467166029803184224e-01
-4.870825075558677941e-01
2.117355012178990734e-02
-4.942570805831512926e-02
-2.408307799928237347e-01
-1.996191285206220800e-01
1.985876026477303991e-01
-8.302759851334282071e-02
-3.374659194553859543e-01
-1.075390889331357819e-01
-3.347678661820047696e-01
-5.248748232592378438e-01
3.349738795663416424e-02
4.408114244618439037e-01
-1.125052925750472943e-01
2.969544462608105229e-01
4.327663642262500471e-02
2.352811312312851344e-01
1.345092278780128103e-01
-1.025730582641338345e-02
-2.994044084768531788e-01
4.179909354987412090e-02
-1.889813935544456536e-01
-2.823221990609289800e-01
1.257228236496472744e-02
-3.490703827542337989e-02
-1.079958467122553861e-01
-1.414418340627239361e-02
2.249447160412486671e-02
-1.957817760658432937e-01
1.196913022223957263e-01
7.482246005907038089e-02
-3.762101278062733867e-01
2.854461725505753611e-01
2.613325739622253119e-01
1.616727647206459284e-01
3.851828848321849907e-01
-2.068323780559886554e-02
-8.266531108822797180e-02
6.840386030529631289e-02
2.522404999120629772e-03
-7.082909875634513241e-02
-1.234618537059131854e-01
2.585223032393552667e-01
2.130265647266179618e-01
-7.776219489591044975e-02
-5.194319006060493793e-01
1.218991165583365732e-01
8.240974548474543082e-02
4.798594964880995625e-04
-4.093686812059909030e-01
-9.158197403366523381e-02
2.592260792824964688e-01
-3.628053860295753913e-02
1.670747653969732738e-01
-2.586758820084776311e-01
-1.210953161612527279e-01
8.508040677069303448e-02
-2.742533306397496040e-01
8.174192751787821842e-02
7.308510583390907811e-02
1.020494453728898049e-01
-1.542222820114279025e-01
1.029654002162642273e-01
-9.317919450039448270e-02
1.832128979722191797e-02
-1.997437273272232791e-02
-2.308097880488974851e-01
-4.040276600391674855e-02
-1.935161771660625918e-01
-2.257705705038725308e-01
-4.221320697550855483e-01
2.886384167082494678e-01
-1.864328093263082076e-01
2.557529361184137651e-01
-3.993324388893093047e-01
-7.436176154461059118e-02
-7.771621352931524784e-01
2.196152848262026003e-01
-7.434529317800171733e-02
-4.325326365666069817e-02
1.261802962758979893e-02
-3.609430121152925053e-01
-1.918563396492363460e-01
-1.570156057796507076e-01
8.186619593363068936e-02
2.902580977036764986e-01
4.743078343299624152e-04
1.734200771443813460e-01
3.633936133455953899e-01
-1.992684316732595828e-01
-1.683449695782155975e-01
-9.659297124441504345e-02
1.054236426095591789e-01
-5.790135897778077648e-03
-2.068178473506415149e-01
-1.310002119212978896e-03
-8.080556616257447006e-03
1.615525253927442839e-01
5.067370707434801225e-02
-2.843759993206503855e-01
-3.779094800058440118e-01
-1.641160410926424118e-01
-7.634900286527200597e-02
1.623043280115454012e-01
3.173303591011337188e-01
-2.264168589522704556e-01
-7.983842099662291636e-02
2.079707772137626143e-01
2.037130876652629707e-01
-2.545675276120789587e-01
-3.141467654490196493e-01
-3.029419245981941899e-01
1.846821307261792555e-01
-2.737496484527539020e-01
-4.933337969784847843e-01
-3.750419682064846105e-01
5.971179305392606412e-02
-1.543898463148478950e-01
2.784039766146231276e-01
8.643454420644042235e-02
-7.874525504328130920e-02
-4.837091465816170666e-02
6.009684326689151285e-02
1.281347662208058291e-01
9.304725216325768211e-02
-1.009968993425650469e-01
7.817403677025927533e-02
-2.635124317607753786e-01
2.591477196762593735e-02
3.274235685840109003e-03
-1.490134243432653938e-01
2.174884107508479741e-02
-1.152577569047408823e-01
-3.929616276151448040e-01
6.351974529880227704e-02
3.714400247069112315e-01
6.407348017492997538e-02
-1.189696249198655270e-01
-8.118179755963357558e-02
1.723692301952580996e-01
-4.160738573347522173e-02
2.950371500177406126e-01
1.473417728450144848e-01
3.468619047700740032e-01
-3.031680551102213239e-01
-6.205067307332102350e-02
-1.467880116032405091e-01
8.213387975258699958e-02
-1.223921073742457732e-01
-1.962502370339833102e-01
-4.076534215462886829e-02
1.760571629250224923e-01
1.497694427913200121e-01
-3.167515818695499363e-01
2.606393624628175476e-01
2.996057138450564650e-01
-3.419818804123886946e-01
-2.541892103716289486e-01
1.373683254401153464e-01
-4.147708051110196026e-01
-1.575713602946004488e-01
-3.715447530384576869e-01
-7.266061014354965875e-02
-1.508647857763138200e-01
8.007520972176615515e-02
1.147342539774474229e-01
-1.396659721521877617e-01
5.626629806136103362e-02
-7.523223518767178930e-02
2.648045478819250342e-01
1.543109271004612648e-01
4.638330609291718004e-02
-2.768990669946113092e-01
2.288251581940259072e-01
2.682447701312509203e-01
5.801621053191367006e-01
7.461048786995229387e-02
-4.077197099742388420e-02
6.954381485443130069e-03
7.715713857612521709e-02
5.481030095510348588e-01
-1.393529450681198906e-02
-1.588977089379821905e-01
-2.036939923773781469e-01
-6.923036162344950450e-02
-2.557442445086340888e-01
4.178756326129115517e-01
5.338031345328333316e-02
-4.013406125919801240e-03
9.381568155377636997e-02
-8.596235450421262081e-02
2.349813189452289730e-01
-3.122776370697053633e-02
-1.473870642781749118e-01
-3.255387494459983933e-02
-4.657480168068446613e-02
5.198020444238815596e-01
-3.998111147861298509e-01
2.957999544582145222e-03
-1.652173330781357974e-01
1.210818608018624509e-01
2.501917435561172298e-01
4.189512101411853595e-01
-2.058459391666475624e-01
-1.637996210974476674e-01
-7.425465410067970395e-02
5.604049007389518694e-02
4.712466235794702130e-04
8.544034470396480452e-02
2.555236044005957524e-02
-2.206614592891562865e-01
-4.229886500998810694e-01
-8.343298384097032339e-02
-6.739059674128132504e-02
-7.632822941476240242e-02
-2.513007024365140896e-01
-1.057695131633364788e-01
3.173714169558242149e-01
6.605245584733921982e-01
-2.119989475572065796e-01
7.930976799894223772e-02
-1.589142690796403190e-01
3.308042674523217763e-01
-4.599383649073659347e-02
1.534915176793123226e-01
3.077990534057045181e-03
4.509513272642225457e-01
-2.663013535840301760e-01
-1.665588185804748877e-01
-3.496715969691247677e-02
2.347898428862130737e-01
-1.374918862669259612e-01
-1.948685696656061173e-01
-3.178446443120626352e-02
4.385853726475795744e-01
2.191357331776136452e-02
3.053854830535617237e-01
-3.657091432326174674e-02
4.707790477690312891e-01
1.561150725986843457e-01
3.383920575927236718e-01
-1.942664542941634556e-02
4.768253099303072506e-01
-5.609258220548263285e-02
6.191010674648562279e-02
2.153724707517529480e-01
-8.321055697018694963e-02
8.683891635503056261e-02
-2.200813976039066311e-01
-2.165886153428956545e-02
7.180514658277503681e-01
1.581797791275052142e-02
2.854452930251112353e-01
-4.474376942173468458e-02
3.391955706545282112e-01
-4.212407451897651894e-02
-3.859683606854928950e-01
-1.705966331099286748e-01
3.237114851249051628e-01
-6.439404147984073568e-02
1.001826290853841533e-01
-1.668027991238030527e-01
-1.516763475266831029e-01
1.958077589679902211e-02
-5.229841035921325432e-01
2.447271565489317346e-01
-7.709054223424846586e-02
1.304925908815906255e-01
1.437115090262089945e-01
-6.413382156155598979e-02
3.323034081281457386e-01
-3.109782743638797031e-01
-1.631403948117803732e-02
2.581769038657494297e-01
2.168985648284769419e-01
4.537073194975084212e-01
9.886734625451152128e-03
-3.124900049310489966e-02
3.423724808924516472e-01
-3.204359702915315911e-01
2.907613548649286631e-02
5.372527039192832865e-02
1.811814259742303423e-01
5.577991649947720149e-02
-8.160130828006972870e-02
-3.160475611852237021e-01
1.703239265111296530e-01
-2.147684107261881303e-01
-2.285603662385408876e-03
-5.027314242680495093e-01
2.628282936022294791e-01
1.508322465433308002e-01
-1.776846588866714260e-01
2.124689323710581834e-01
1.954765484678423204e-01
-2.607851219739266702e-01
5.312512391893441099e-02
-9.958937209939255908e-02
2.592968496219386632e-01
4.794837884483061502e-02
-7.684829087468518505e-02
-2.146995163798392364e-02
1.991455182469777929e-01
2.921954680311881769e-01
5.033715832079981300e-01
-1.639194524517472440e-01
-1.110282104591753111e-01
-2.911991614414340956e-01
2.116700458025413678e-01
-4.202942586060503527e-01
-4.249827269772989968e-01
1.538650474692201398e-01
-1.858835118260543651e-01
-2.630335633283230057e-01
3.031058130999043088e-01
3.025752088446326694e-03
-4.436720372716561056e-01
-1.926037267312195045e-01
-2.293550934678749154e-01
2.864874000671240040e-02
1.531230266343944491e-01
-2.111739871991767919e-03
-4.371874789707811404e-01
-9.359622817354984470e-02
1.971476169916427240e-02
4.272651452573479613e-02
4.086280647641717112e-02
-7.533136656567697431e-02
7.960137955832678747e-02
-2.406722866818009621e-01
1.388855330476343464e-01
7.921686639291748711e-02
-5.258684861885776218e-02
-1.993588222092191331e-01
1.851865371749832068e-01
3.567154328800435370e-01
6.520352635343340530e-01
2.737969827409766216e-02
-1.794408362418661307e-01
8.765973777579463833e-02
-2.348503052525216239e-01
-4.267284402731045222e-03
2.821247595271027947e-02
7.970437958592357930e-02
-1.810639657245918521e-01
-1.609566621110745249e-02
-6.838547252932641873e-01
2.102632897643384458e-01
2.020468007024170121e-01
2.916505192005928171e-01
4.141536223532918948e-01
-1.381648816399157730e-02
6.974049112771538717e-01
-4.067737234438735805e-01
-2.729482610973292186e-02
1.509118263647387104e-01
-2.371080953421069171e-01
-1.435545802315456032e-01
-7.164134333237136276e-02
-2.436980193686921758e-01
-1.344906903414201660e-01
-5.506499908871205495e-02
1.701491830378452086e-01
-9.084244156742780907e-02
-5.152508273967247587e-02
-1.208217247694884505e-01
3.981911265583157888e-01
-1.501326062701960617e-01
1.151550181509397724e-01
2.642791162912102032e-01
1.348707629367982587e-02
-3.346147027282125874e-01
-2.163286314382616426e-01
3.778475330747617100e-01
-1.255794274973777436e-02
7.047508256163274865e-02
-1.738015462646138876e-01
3.521174386969201375e-01
-1.909057036135416441e-01
-2.186089509444877066e-01
-2.015916971529938262e-01
1.580776646363298010e-01
-1.593162827315459107e-01
2.226904429128194474e-01
2.628446051278603979e-01
7.302050561880897572e-02
-3.450473624773909287e-01
-1.583282888287624313e-01
-1.047054248761913470e-01
-3.990387718254720384e-02
2.170303363343560957e-02
-2.067662312632009003e-01
2.084605379879291842e-01
-1.157850034403746786e-01
2.964218226898026609e-01
5.084248938895441494e-01
-2.554303790773302385e-01
4.114237378458445171e-01
1.795066181476795697e-01
-6.317528128511669394e-02
3.720107500312438975e-01
5.111937350094077070e-02
-4.286860934680110091e-01
3.636268742014602262e-01
-4.130145514420602293e-01
-1.954245258848704564e-02
1.204773760714907965e-01
-9.459610918645383615e-02
4.751286201240552676e-01
8.438848154756299624e-02
-9.163371325009563029e-02
-4.081951313758354627e-01
9.193905779695010771e-02
-2.964080112200146444e-01
-2.601098565798882212e-01
-9.186162645612564598e-03
-1.023500235966638833e-01
-2.030434817893121691e-01
-3.271606553895328728e-01
3.450169277159691184e-02
3.554443144267150495e-02
-4.220013417683325385e-01
5.386598172448955890e-02
1.930214953713441650e-01
-2.970402097786301043e-01
3.461831911834788444e-01
-4.718603505272783716e-01
8.610966212249430984e-02
-4.380331825229448472e-02
1.174623618013100751e-01
6.254133041113979496e-01
-5.491907241841329501e-01
1.414804809956194120e-01
-2.541805517608066237e-02
5.243309165204376038e-02
2.319502045926728762e-01
-2.169924341271468604e-01
2.929748033238789295e-01
1.624052884124587426e-01
-1.682061208393312024e-01
-7.386017924963851622e-02
-3.518772120043976714e-02
3.934432556877126563e-02
2.612107091480131982e-01
3.170853628338619890e-02
-1.575182534661710432e-01
-5.285736856561173980e-02
-1.747854056439982207e-01
2.032063644513457945e-01
2.438239378996465423e-01
9.535331626218465639e-02
6.441406798007075218e-02
-3.208800209691322625e-01
2.527821347121144702e-01
-1.222520578019818394e-01
-2.939959580778495063e-01
-2.686404964930254602e-01
2.169565425209983855e-01
3.681352378219944488e-02
-3.594638904037351090e-01
4.221346214175589751e-01
-1.381492579387429420e-01
4.358589715505156725e-01
2.621726092075806203e-01
-6.862392960196837810e-02
-3.820213305260323350e-02
-1.280433005856899398e-01
-8.410877158545529420e-02
1.778674966106097988e-01
3.681805408862949269e-01
4.469536389810550847e-02
-4.483429650423969570e-01
2.596644220925230749e-03
-2.345289069733366705e-02
-1.145778773348406082e-01
4.444803909496182204e-01
-4.945641572518025830e-01
-2.668167582268781701e-01
1.461176891274326428e-01
-4.873564388953077059e-02
-1.996743419413550547e-01
-2.274026685898677611e-02
5.713085960979714939e-02
1.589671688232724076e-02
6.388187426002167602e-02
2.205734329944794847e-01
-4.742143165787858772e-01
-1.916312225000878500e-01
4.146792421625057623e-02
4.561934638155244470e-01
-1.266735904572402760e-01
2.079605915666234983e-01
2.192386584327419563e-01
1.115826344530894826e-01
4.226254432538674721e-01
-2.853226409025658716e-01
5.464477416785204489e-02
-6.018271162210114128e-02
-1.768194138459010245e-01
-6.965303960123674087e-02
1.747788912044649090e-01
-9.491246350464402348e-02
-3.660438545217591377e-01
1.063474028011164169e-01
-3.214592234655215888e-03
8.716858979097863447e-02
1.431513671740819171e-01
-1.591262248212521949e-02
8.860420029762060279e-02
-1.097392215494281398e-01
5.127497542764802851e-01
1.724136034219870273e-01
-2.090330809953736945e-03
-4.394848175097802734e-02
6.312787407956042818e-02
1.028658559838576680e-01
1.606083107739542104e-01
2.683445807392423332e-01
-1.191026634133015780e-02
-4.417338813313486101e-01
2.062259563073030322e-01
-2.489105596406414878e-01
3.218261791289820373e-01
8.719845598135971682e-03
3.188584504737678182e-01
-4.322353672502785016e-01
1.745034016916177377e-01
9.978023189872754772e-02
-4.956246243891349046e-01
-7.685953962430239206e-02
6.523279124205207113e-02
-4.987599652912317882e-01
-2.994860952928689660e-02
-2.324973464030635761e-02
-1.596610309047713228e-01
3.495797090744090507e-01
-4.771321136708431970e-02
1.124102254369501591e-01
1.002030952379466128e-01
-1.846613996788729617e-01
1.374755866048516795e-01
-8.154891702367614292e-02
-1.605273735222614018e-01
3.559709741060684829e-01
-3.378799997010861755e-01
3.154533707358554706e-02
2.289425297700013739e-01
-4.659265591489546998e-01
-4.839705926682196652e-02
2.863518606166797209e-01
3.154243862344136562e-01
-3.801803552630211303e-01
3.092790256931753357e-01
-1.774903085205296327e-01
2.549781434652137468e-01
-2.470170527242412650e-01
-8.250673711038018776e-02
-1.256600937292730036e-01
-3.361945910281947114e-01
-4.749971860088118836e-02
-3.060138817684561821e-02
-8.013124567282603472e-02
-1.290204852030769345e-01
-1.001702907620069111e-01
-2.696260395808784405e-01
-1.098195232977677849e-01
3.377274815295316923e-01
1.853866278098334486e-01
1.966650326895027778e-01
-8.247683741690692294e-02
7.064000820057726726e-02
-4.280432287109524336e-02
4.189102972933839708e-01
1.461234284392980975e-01
1.211353129004940667e-02
-4.730757148954306546e-02
3.024320018514712882e-01
8.199223973221156370e-02
1.493873191832185421e-01
-2.218574568173058148e-01
-1.083466372937106487e-02
-3.086794595716891298e-01
4.403469611947612508e-03
-5.442141665358075919e-02
2.331949045618754712e-01
-1.740339948137977488e-01
3.788693219189030736e-02
-5.833451211615955923e-02
2.925554226370758459e-01
-2.370577951271365391e-01
-1.413735051896964539e-03
2.840683394928216754e-01
-2.421466225394036387e-01
-1.464838206041028656e-01
2.606349000861419782e-02
-1.147581724067492648e-01
1.076637060443488975e-01
-2.285133495883636401e-01
-4.763662144220089933e-01
-2.289004771240533420e-01
1.362527303942384811e-02
-3.606345597460163810e-01
-7.276559794265889669e-02
4.077205088859297000e-01
8.631168692982764401e-02
1.917613204550057682e-01
3.588700425465787824e-01
-2.776226592527829551e-01
-1.802035403813977699e-01
5.775082558496964502e-01
-3.888543175734476276e-01
-1.772014965999228059e-02
-4.481372934200314462e-01
8.822885063335854372e-02
2.115593589248758487e-04
7.861260303769192215e-02
2.851177560291683899e-01
3.621664095899482932e-02
2.358443876860322544e-02
1.319423882069712950e-01
2.553187759401567836e-01
1.226188323763030552e-01
6.560229350772498469e-01
8.548290584590400448e-03
4.152187165361303500e-01
-4.448960888053667823e-02
-6.686563517028254466e-02
-1.181379431309603628e-01
-1.580616858422415894e-01
-2.381447678386738043e-01
1.844401280425960465e-01
-2.949720524660487397e-01
4.056888744442196937e-02
-2.835361367236698404e-01
3.200900414794036891e-02
-1.783490178921659786e-01
-2.691572785157723136e-01
3.342068699660201148e-01
-1.255851678673629290e-01
-2.876270110096779131e-01
-1.570645085205943092e-01
4.990724037850130523e-02
-2.608765834054925237e-01
-2.093001904130813717e-01
-4.512555208536097456e-02
2.784689458931062511e-02
-1.815385927521366571e-02
-4.552736465855630743e-01
-7.449619225861132676e-01
1.031867313611608133e-01
-2.349788685811617650e-01
-3.005879850138162279e-01
1.486324638210309024e-01
-8.383052137922994418e-02
1.511737446278386410e-01
-2.768325971141359365e-01
-3.888802533483625701e-01
-2.630820599979486474e-01
-2.243487645982772116e-01
7.024100605527774932e-02
2.072241631737965772e-01
1.305763912058260923e-01
2.611715753585959754e-01
-6.098542201459442730e-02
2.328330960996363441e-01
1.524877093945192948e-02
1.558530762890868171e-01
-3.840189606956237456e-01
8.132477796576077778e-02
5.748183454108964086e-02
2.796416243528523915e-01
-9.428983821588078629e-02
-4.568654728129919462e-01
1.283524608296190139e-01
-7.320049596000016397e-04
1.226239783534147365e-01
6.658109122810307312e-02
-4.073066066244370176e-01
-3.841379655149880223e-01
2.909229562957039161e-01
-1.999258123262737108e-02
-4.740904399398264135e-01
9.219773337882450348e-02
-1.855295764117007584e-01
1.279198413403779266e-01
-1.743775941302493915e-01
1.804331614018839236e-01
-1.166939636254545609e-01
6.305684207752211556e-02
8.028536993940084410e-02
-1.242256929639152380e-01
-3.003381284997342360e-01
1.596348081981412703e-01
-1.850251407705909013e-01
1.418137804881806630e-01
-5.305412218045023331e-02
-2.163947033742994186e-01
-1.753135473000642652e-01
-5.459836491509387907e-02
-1.968816329677300359e-01
4.977676169785537064e-01
-2.019039527135696177e-01
8.430518573636026913e-02
-8.710506551199431735e-02
-2.589871545774714567e-01
1.879509676975729404e-01
-7.857419091495286556e-02
1.824088352745525665e-01
1.601182178620077223e-01
-7.303132776561811756e-03
-2.316105082767439816e-01
-2.493060550898093530e-01
-5.278623624555678351e-01
-2.048791485186898520e-01
5.668248165901733360e-02
-7.789082234496846890e-02
-3.488609671905256587e-02
-5.274979456016710977e-02
-1.893698278785764799e-01
7.819361567168024718e-02
-2.726873556664144993e-01
-1.490004802834830611e-01
-9.321842749801129147e-02
-1.980822613823934875e-01
-1.689260944010642085e-01
2.229277125563130235e-01
-2.827886860758449528e-01
-2.227455987746581722e-03
-3.085917865257565840e-01
-2.977116787241974594e-01
-1.110696766339790559e-01
8.651924185735485051e-02
-1.779888139498979616e-01
-5.755637618224392071e-02
3.192250326564509133e-01
-3.446465649992697111e-01
1.781635051236996614e-01
1.051334251947971532e-01
-2.364502026460947939e-02
2.862299048646836930e-01
2.513493301480204112e-01
-2.741536841604453878e-01
2.305705047902080751e-01
3.993166819735091688e-02
-3.088425618884074741e-02
5.348480543665394826e-01
-7.859930815983548480e-02
-5.322238082953409388e-02
2.213739553738376664e-01
2.667872174092328352e-01
1.004871284569016643e-01
-8.450003174464672945e-03
-2.516702424116399883e-01
-8.369430590526652503e-02
1.277189577499599216e-01
-3.337991952814881730e-02
2.489621199239197558e-01
2.971741736201831685e-01
-2.197379300350951747e-01
1.334104853881988573e-02
-6.787478666935881089e-02
2.191277551902927612e-01
-5.047295216173989241e-01
-8.809385905414417184e-02
1.195436257313350903e-01
-9.020821383975458074e-02
3.727074508755619936e-02
3.858104551310821001e-02
-5.791036905929148812e-03
-3.284682196111661234e-01
3.889291723497577402e-02
1.825274721633875566e-02
-5.759192249251767759e-01
-1.946280526021844370e-02
-1.077116947408395843e-02
-2.944797864505880880e-01
1.709330114242300080e-01
-2.164834321881523582e-01
8.526642598288697306e-03
-2.154051796814286379e-01
-1.687373397270773012e-01
-1.651466750836010772e-02
2.476243343968080324e-01
6.260132152064266930e-02
3.874776447904513255e-01
-1.378299266660545641e-01
4.665191124253660337e-01
-9.352561041351263593e-02
1.918869854279941778e-01
-6.760997995533385430e-02
3.866866353023116348e-02
-1.833019192737577185e-01
1.233289121587376885e-01
3.837607032976453336e-02
2.267063587215706610e-01
3.205169354513855429e-01
1.519696969710599976e-01
-1.746780836688391347e-01
3.445905159889474656e-01
1.052058101494079412e-01
1.070271672465765711e-01
-9.760370476682539431e-02
-2.677799599895391292e-01
1.154095065024038497e-01
-3.300024634253489464e-01
4.818494779256392996e-02
-3.212717879252526276e-01
1.896397535222172637e-01
2.573884462855472455e-01
3.117557580688356533e-01
-1.459348998223214955e-01
-5.695479037228079466e-01
-3.215142437284546628e-01
-2.256899685098125510e-02
2.558120343348826431e-01
-1.756670148614329074e-01
3.152818653780086744e-01
2.674206414200546583e-02
-4.453422618811129774e-01
1.637253495171716589e-01
-1.941309952333535038e-01
4.714496213670667929e-02
5.567248104582635249e-02
1.213739618607052317e-01
3.318783440692257142e-02
-4.675765541092331556e-01
6.607106429808967674e-02
3.528880553270695164e-01
-3.945348379355716473e-01
-1.586687550338007902e-01
3.533140771875238617e-02
3.004993026948853951e-01
-1.846828952615197639e-01
4.083531262680322599e-02
-2.783658056596397673e-02
-3.686044339678760107e-01
-1.465118242752196098e-01
4.203365259896834072e-01
-2.138774230938498278e-01
-4.212603703315868642e-01
-5.166351665312943903e-02
-3.952407590372523233e-02
-1.150752149675444702e-01
3.121988191412358726e-01
1.711536830962625266e-01
3.097850022742714704e-01
-8.520293983966922835e-02
-1.068511707841231229e-01
-2.307006027072909526e-01
1.685851593202057908e-01
-7.871443110538874077e-02
3.311460699220606929e-01
-4.928650744495430280e-02
9.297712215115874756e-02
1.408646496655500523e-03
-1.926268211284565268e-01
1.747681308266779698e-01
-1.782605819201582842e-01
8.965982875812762709e-02
-2.800079387912822737e-01
-4.286905441854557686e-02
-3.492637038584056053e-01
1.489563346782433184e-01
3.900320208683581008e-02
-1.047350972803926250e-01
1.280698627841821147e-01
2.473715022001390582e-02
4.021335255565016559e-02
2.079197292324727053e-01
8.199351635127823112e-02
-2.332000547250010769e-01
-9.931639152172846985e-02
6.476223857571360154e-02
-8.176695873943953807e-02
9.734389040157873096e-02
3.017828138889129264e-01
-1.867659256215272456e-01
-5.717750316950584444e-02
2.917085019436997939e-01
-4.022759507919364264e-02
1.348914959114665135e-02
-1.588733179975770071e-01
5.281298689033412375e-01
-3.929276335277661070e-01
4.684059713512588874e-01
-6.164266615992730625e-01
3.541388240856770953e-01
3.493666598700815862e-01
4.392457517686548241e-01
-5.607804060027307136e-01
-6.008744018735108841e-03
-6.858467388607866755e-02
3.423280689611934435e-01
-4.811069834252300337e-03
-2.864348982522817444e-01
6.325075732345680768e-01
-5.021931322743753562e-02
-4.130522620558262359e-01
