9.652288085181404131e-02
2.264607935338461608e+00
3.254699980849926622e-01
2.711577375123649936e-01
5.503174220521407367e-01
-4.010385255619308698e-01
1.932617145242907786e-01
-7.760425439909096612e-01
-2.527660501603016738e-02
-2.348790642291300468e-01
1.746012324064364352e-01
1.675772873973570554e-01
1.300834236286663448e-01
-4.279925012808260543e-01
4.953231108117908121e-01
2.299306767173575974e-02
6.866659309790817955e-02
-2.446242867190241976e-01
5.680112746756112163e-02
2.110658574695475076e-01
1.365952015967260118e-02
-4.181077109015615689e-02
-2.918167036241299805e-01
4.165195986695433561e-01
-5.170821417779940254e-02
3.833493036094816064e-01
8.827177652216439130e-02
1.099459543792846494e+00
4.265121599756767634e-01
-2.856283787411350028e-01
-9.517373376842409860e-02
1.040595877863054186e-01
5.215152945842832510e-01
3.211864483140409732e-01
1.694914348169163365e-01
-6.011127045223598753e-01
-2.465947889973772178e-01
-1.379730315997154677e-01
1.407875345523158073e+00
-6.140631597836033739e-01
-6.534877738699210181e-02
-8.164581754466379571e-02
-5.700484444555085906e-02
-1.098943575806719392e-01
7.794097607175323739e-02
9.613931390694492596e-02
-3.037617274340456697e-01
2.905295664265775124e-01
-3.752231295843482251e-01
-2.310193793117304439e-02
-6.484051308748553510e-02
-2.091642040135590630e-01
1.048801323205988123e-01
-1.682792115046293502e-01
1.582953373331044133e-01
9.580389311903532434e-02
1.045083218370278094e-01
-1.273057709142018656e-01
-9.572489509214142378e-02
-3.212864667582724376e-01
-2.743750548245448284e-01
2.147992473186149595e-02
-8.344517356866354429e-02
-2.028395738218916333e-01
4.665488023688831032e-02
-1.202482322191849168e-01
1.307501442063047359e-01
3.171794548523731300e-02
-1.296483989892830702e-01
1.071234053494214133e-01
-1.608993369267612550e-02
-1.470128538563924558e-01
5.092787416176906834e-02
-4.128160189682198999e-01
-1.496594100577883502e-01
1.315922614276142100e-01
-1.186613909184502241e-01
-2.944088225630482891e-01
1.647729357081917367e-01
-1.263818460050423476e-01
-2.312228427993841262e-02
-7.375624399568183609e-01
-5.276227821323114381e-02
-2.291842621797086366e-01
-2.418232978972543468e-01
-2.763696646569931414e-01
7.486990185564330880e-02
2.710817652317925042e-01
6.992270658821012064e-02
2.898580250267938571e-02
4.705564374916786780e-02
-1.243290453660649136e-01
-1.250471164219139342e-01
1.587384823223998986e-01
-1.571970190857016336e-01
-2.218270564238037160e-02
-8.402140045240158450e-02
-2.048806181831304765e-02
-1.303366603402845991e-02
-4.003923225350021486e-02
9.379723166827799719e-02
1.255663889578530895e-02
-1.303124402246070290e-01
-9.549442219916304264e-02
-6.096304376808925340e-02
-3.697607687613803373e-02
-6.754409180132479873e-02
-1.694193597532318296e-01
-1.993243710110182698e-01
2.080326350370333699e-01
-5.998455367496478147e-02
-3.722230847940134063e-02
-1.284657804692838357e-01
-1.166799409628268974e-01
-1.537897857391547218e-01
3.344871256934800474e-01
-9.248309474705580097e-03
-2.329926996123189986e-01
-1.414087626367283024e-01
5.805799905039883413e-01
1.965662815994805544e-03
1.532878611460616880e-01
5.529771108778544497e-02
-2.919202624937826118e-01
2.871689297276043273e-01
9.437952941262764406e-02
1.035506790916576186e-01
2.315396627804111596e-01
-1.105873838732438635e-01
3.771945608759539881e-01
1.919967831419323312e-01
1.376304668237009199e-01
-1.696291804595058128e-01
-4.471707344095785831e-03
3.967704417238755998e-01
-1.034678226746919838e-01
-6.677263043030920442e-02
7.537161835428310419e-02
3.491421114446770502e-01
1.642492260346354038e-01
-3.061269185096260337e-02
1.974226306349869675e-01
-1.310755673087111717e-01
2.868442068370943843e-01
8.840317245611682695e-02
-1.375623504545210041e-01
3.235727072971926466e-02
-1.762049291492624736e-01
-1.191638845711266194e-02
1.455600277471638671e-01
-4.996876404717995324e-02
1.381182185503702919e-01
7.200227868430478240e-02
1.386224968510142153e-01
-3.218842438270956563e-02
2.546974585519378165e-01
-4.029660650166157210e-02
3.869607069459586601e-02
-5.266326573718135146e-02
2.474099518168783041e-01
4.804705461660475629e-01
8.356165386793489025e-02
-2.378571440201459330e-01
5.460761750894508326e-01
3.396015454230344455e-01
-2.385413569333000861e-01
2.838120568777136032e-01
2.229551186767482485e-01
9.176862531798363198e-02
1.772752404885368782e-01
2.711154384233354642e-01
2.713682602145066625e-01
-1.403470830128347446e-01
2.867021999379941732e-01
3.704127746593409154e-01
5.180465525622850453e-01
1.600865946007522300e+00
-4.913028683844775091e-02
-6.286103065689194747e-01
1.091440198269944650e+00
4.197799174601493100e-01
-2.484049941028729502e-01
-6.628109246765993834e-02
1.665923670118590319e-03
-3.432113192245682398e-02
2.411243661916523395e-01
5.945981868655637187e-02
-1.422940488724371011e-01
1.702215976228064337e-02
-4.890055301737991633e-02
1.883566638159171192e-01
2.406015132193385087e-01
-2.642893046719544947e-01
-1.586740441729929674e-01
-2.165951538217746331e-01
2.103573324029606173e-02
2.671318377393740520e-02
1.207801772489245085e-01
-2.906752297476929980e-01
3.078225338298084535e-01
1.942015287585835415e-01
8.293271398013019047e-02
-2.471829278852745171e-01
1.690131837794675296e-01
3.659435561081990640e-01
-1.224404951228936882e-02
3.533706822279861215e-02
1.428487411733161128e-01
4.890584695915974750e-02
3.752022790333120472e-02
-1.053927684844015306e-01
-1.554706329036055490e-01
-2.057992429478042729e-01
2.330631831617632210e-01
-2.054204382699051090e-01
-1.153814787793895208e-01
-1.406474756142653271e-01
-1.744484359254775685e-01
2.751710124267127688e-01
-1.184941949612969697e-01
4.273698807251907067e-02
-3.449131949393451912e-01
-7.691137554001696575e-02
4.183975169891457173e-03
8.176257244703633020e-02
-1.066903458408452049e-01
-1.387368275335212342e-01
-1.177008335582372112e-01
3.439749417158565609e-02
-7.974701091424804544e-02
5.912143580632122503e-02
2.685553223395894529e-01
-7.777541915552001195e-02
1.986725716459569746e-01
-5.318598586223214839e-03
-1.240147682712680471e-01
1.417615842556814998e-01
9.506480136890334276e-02
-1.811875010972304190e-01
9.436169718668596315e-03
7.707431687044756508e-02
2.581671826144824045e-01
3.031730501570021816e-02
4.100149060876899787e-01
1.647802469270682468e-01
6.992362295364118463e-02
-1.406685408764537515e-01
8.598839050234668990e-02
2.039647394801066133e-02
-2.286320754279527467e-01
6.375286831926570141e-02
2.688164318807943071e-02
2.172144764138308759e-01
1.514718372931009027e-01
-2.454551649598571417e-01
-7.198967478866272196e-02
-1.123329889157201750e-01
1.231172096649275349e-01
2.053221887736045859e-01
2.509047038679230734e-01
1.531909180107806634e-01
1.929369768285136288e-01
2.155578146681658147e-02
5.774244089528711710e-01
-2.562778801422176955e-01
-4.526466041816880614e-01
1.564668698110167344e-01
9.352154417995045543e-02
2.452346548777142518e-02
7.502797479462894326e-02
4.619364839935772848e-01
-2.694713926383553518e-02
-2.283989142587110888e-01
3.670180800703824742e-02
1.474052354870578896e-01
-3.493722235527615266e-02
-1.175530440701077345e-01
3.250727709485314310e-01
-2.257849361381990827e-01
4.486807141239194108e-01
3.875100432265942557e-02
-6.228841662178829369e-02
-3.216314065195153421e-02
3.260613266573220703e-01
3.089195300050885939e-01
-8.687001073351746649e-02
-2.132912596018629869e-01
1.453715073699404607e-02
-2.526769163373941973e-01
-3.627105245266205175e-02
-4.344391970616447440e-01
6.260216892139801315e-02
-7.246588102919619863e-03
-2.960917317937500903e-01
-2.050161241034178239e-01
1.580881365573997555e-01
5.776394393951503892e-01
1.635639056557155191e-01
5.039615339116848558e-01
6.641975589676595293e-01
-2.365496031863102977e-01
5.151370644489437073e-02
-3.427691376356998415e-02
-6.868912016396468145e-02
1.136469552033384234e-01
2.293150523287963427e-01
1.199726443112507784e-01
-1.490734881089626485e-01
2.388938326646538116e-02
-1.471958910084242844e-01
-3.713585429382879055e-01
-6.994057857777043197e-02
-2.544227555967823462e-01
-1.003536348977498160e-01
-2.612107213349997847e-01
-9.834574212050305186e-02
-2.169266678511413970e-01
7.655692224977496407e-02
-4.873492010249013684e-01
-2.074756509597237286e-01
1.257875171716936469e-01
2.376685171940509933e-01
2.422797314014320802e-01
1.296651931093644738e-01
-1.009266510212020740e-01
1.418761726775701337e-01
-1.005513334039533219e-01
4.905086197763159489e-02
-1.739903047870536290e-01
-5.002593996317070352e-04
-3.023263115337510715e-02
1.406190405953225975e-01
-5.895194130745022854e-01
-7.802022815116137211e-02
2.092822795659233237e-01
-3.467792508381810079e-01
1.251012382148452250e-02
-3.984826925776423917e-02
-3.081854826837369110e-01
-1.016808628880668391e-01
-2.279479890788436158e-01
-1.605564803035645083e-01
-9.133158430559229490e-02
-1.021188236458972776e-01
3.690700030536815147e-03
1.345947565159011372e-01
-1.835722478027105031e-01
1.492453776568722634e-01
-6.816404820634330841e-02
-4.124862913479198090e-01
3.133531092367299042e-02
-5.898010949933368136e-02
8.651467455108792504e-02
-5.719387107581438423e-01
2.536776653267855050e-02
9.125995714992096719e-02
-4.259129609028062396e-02
3.062700919770632302e-01
1.533261088520147808e-01
3.328736809145981662e-02
-1.467327612034430295e-01
1.000310343278684594e-01
3.646242195641264949e-01
-2.453573587502076991e-01
2.648875600655100637e-01
2.321243702381274310e-01
-2.607677093312033012e-02
-3.439249725139850722e-01
-1.865206387785700304e-01
4.543529957517625228e-03
-1.224748264739229653e-01
-1.181622881387423690e-01
-4.018305643703701940e-02
1.795834630104493901e-01
-1.319717895859098544e-01
-2.318689927764426909e-02
-2.606177957717276117e-01
-3.023073014527907776e-01
2.870569550032751882e-02
1.575054292431084246e-02
3.024200216445059250e-02
-6.707026484808893685e-02
-3.645687616700087341e-01
1.532060960985416609e-01
1.203578148299307982e-01
3.912727859436401084e-02
-1.200692568763019608e-01
-2.850645103152224351e-03
2.431090540118798216e-01
-2.796120740393374590e-02
2.582354823334232288e-02
2.866126898074108365e-01
-2.567469017634431416e-02
4.312538834112432384e-02
1.669398436434497979e-01
-5.307294027387185475e-02
-1.235350670422459829e-01
1.038536494884381156e-01
-1.359591109560331079e-01
-1.425461577193689877e-01
-1.537811986241918727e-01
-4.680144948705379782e-01
5.143359494724287356e-02
-2.278481035427057932e-01
-2.199230063606736063e-01
-1.329130314058314943e-01
-2.068154934254430588e-02
-8.822483093819381839e-02
3.720468357835271522e-02
-2.345411610926991519e-01
-1.040784115922605141e-01
-4.927921268594120940e-02
-1.484785118505429491e-01
-2.187805659405919478e-01
4.744682856057204356e-02
1.201461309651027654e-01
-1.102914612672529077e-01
7.882919081116632198e-02
1.685418956329280959e-01
1.817893323393701688e-02
-1.056538135466627004e-01
-3.361935135195549817e-02
1.165251204287347381e-01
2.600046724236869111e-01
1.496083164741501270e-01
9.555840285911404441e-02
-1.722387638709541591e-01
-6.198085585593050145e-02
1.527814402420619444e-01
6.988703803116713686e-02
-1.626582912217387489e-01
1.582163434002558378e-01
-4.901129012387738654e-02
3.396701551426202503e-02
-3.917925855419556597e-02
7.142972343021453119e-02
3.027371732731253817e-01
1.355488186751337143e-01
1.990679634736641501e-01
-9.632488543248626453e-03
5.313668806147320983e-02
2.878296022690045031e-01
-2.475771084440314407e-01
1.756041730480946972e-01
-2.928286190695961189e-01
-2.496092758030644954e-01
3.068316383867469160e-02
-9.295955372938898009e-02
3.319006235455435050e-02
-1.351343995927913322e-01
-6.687567218033281524e-02
-3.042546094825000491e-01
-4.727805274922158851e-02
1.572238346178499724e-01
-2.560699965827458735e-01
3.066098786258363296e-01
3.280199188854790449e-01
-2.336195522469972363e-01
7.150971351466525738e-02
-8.882058472365414459e-02
-1.079536851222869381e-01
7.537945429002537723e-02
-1.130433293985681487e-01
-2.751322013239831943e-01
-1.509131291982776513e-01
-2.016841437801513426e-01
1.122720701935198545e-01
1.374758919685177549e-01
-5.090744180195214130e-02
-3.431411232093167785e-02
-2.325437655230185030e-01
4.687738790065890671e-01
5.307900602562411890e-02
4.424851000216723645e-02
2.997188518109682349e-03
2.112380325933226055e-02
-2.187284162876629301e-01
-1.174415393869669838e-01
2.754990431609908308e-01
3.557594807585074195e-03
-1.677709663134520357e-01
1.915410863010419407e-01
-1.242151469908834155e-01
2.456149505826419610e-01
1.492624677808703226e-01
1.239255221053562062e-01
-1.472507545093710846e-01
1.673111636521782131e-01
-4.796684856986016543e-01
-1.113067414309815428e-01
-1.979571519657678455e-02
4.170713465698375200e-02
1.789640700716304267e-01
-1.151212852939179632e-01
1.201019627121527739e-01
-4.978257037410471070e-02
-1.020613541229018623e-01
-2.605310156115621043e-02
8.192559158057455271e-02
-4.670299774383595702e-04
-9.610272425414888298e-02
3.692299607412963952e-02
1.693586333399486610e-01
1.519558660193736921e-01
1.573427953377737054e-01
-9.132477764800595033e-02
9.344285740032014231e-02
7.513040415895276027e-03
-1.959790763886146425e-01
1.999209433448393969e-01
-5.139113228750726015e-02
1.212201588961140525e-01
3.920193657376257884e-02
-3.042303157216941778e-01
-1.521928445860156187e-01
-1.004952663804237478e-01
-4.315615418859865271e-02
-2.842718541333320026e-01
-2.291555267601640689e-01
-1.351253692243707116e-01
-1.567098702010418509e-01
-1.768811448089654959e-01
1.529619794093987351e-01
3.710304750484338943e-01
-3.979371434743488034e-02
4.045047936258280852e-02
-7.274103821581115459e-02
-1.934590319490665442e-02
-2.336723262165011153e-02
-2.861266247378806971e-01
4.230125099557190405e-01
-6.547326087105967418e-02
-2.484198225721280517e-02
1.256722110396455566e-02
-2.309785066932706077e-01
8.257925957020215146e-02
-1.881766780490702895e-01
4.077927320671912576e-02
-2.637577730748770499e-02
-2.825922193545921668e-01
-1.297977186681688322e-01
-2.571133119992951022e-01
9.363790427493484669e-02
4.823422871947952856e-02
2.000240792890358213e-04
-1.683987066451115289e-01
8.920810641600492030e-02
-1.931499128252500974e-01
1.671309120583112096e-01
-2.906538588684115087e-03
2.257861029042915468e-01
-7.266500957756073797e-02
2.773630746539246239e-02
2.284422685232045946e-01
1.236782999453942683e-01
1.301655317745186169e-01
-2.646770959633449327e-01
1.003806139598159564e-01
-4.540956913210924401e-02
1.102506133118518472e-01
-3.708995832809170584e-02
1.179661309194806607e-01
1.398325190828026976e-01
1.306051787135978359e-01
-4.126731684571108283e-02
-2.227939595960395092e-01
4.260646424484029748e-01
8.790103056707815332e-02
-1.654421348598493491e-02
3.126024240658518277e-02
7.631898490379561417e-02
3.793010815401935687e-02
-1.614492662390377975e-02
-1.590795761340093317e-01
5.779804931601422585e-02
8.917282499880661850e-02
1.094942939503615181e-01
-1.481364661698418850e-01
7.833412601446869405e-02
-1.644658554105080106e-01
-7.673461323046353033e-02
-2.678971694256947478e-01
1.014301015083454299e-01
5.816059401218279246e-02
8.478204731691475760e-02
3.879833555491161712e-01
1.281275735460959686e-01
1.122225973403242621e-01
1.092912252019020009e-01
1.179274295636705550e-01
-8.252413434295431671e-02
-2.399341896479247338e-01
1.343639038608938352e-01
2.630711909126573489e-01
2.725190799503804384e-01
-1.842006262228937652e-01
-2.047541673639006465e-01
5.788271516415261636e-02
-8.286815531070221286e-02
2.049656784797001391e-02
2.930562492394728907e-02
-1.051214049137417367e-01
-3.940796530225008226e-02
-2.268188949634944718e-01
-3.827699578003500303e-02
4.538211440927511497e-01
1.714740656200864077e-01
2.309118702413832935e-02
-8.813181603312525425e-02
-1.089184225326522287e-01
2.831098167852572067e-01
-8.907679970195846175e-02
1.150301181362868297e-01
1.608252179502761003e-01
2.263384726289266180e-01
-1.036406171516147390e-01
6.307074053427232097e-02
-1.080614644708929595e-01
1.472483643802429965e-01
2.289553809815784713e-01
-2.994422185813703230e-01
2.269491957037440832e-02
1.546098402446024200e-01
2.359888328831956927e-01
1.445796885888937511e-01
1.058678646206264728e-01
-2.471354241312459232e-01
-9.369917730460661232e-02
-2.028173681714018073e-01
1.341855195503913467e-01
1.663883060445930234e-02
9.738005879591619951e-02
1.019079365155599048e-01
6.848925865898844445e-03
6.852266167872230959e-03
-2.054724843667714851e-01
-1.898390038744860453e-01
-9.374807274204956242e-03
-2.319189654055488492e-01
1.370203018525203986e-01
-3.099221892414283364e-01
-2.589384865581633166e-01
1.812608912374648329e-01
4.075719472632189505e-02
-2.413077288905013107e-01
1.362730991889650745e-01
-4.018397722125812560e-02
2.624416628724838829e-01
-8.909008759506893693e-02
-1.146773845104091943e-01
1.156350185484806420e-02
6.336041256825256096e-02
1.220749343755338362e-01
-6.272842182535159905e-02
3.597176717355631687e-02
-1.249350415590421426e-01
-1.892151034580061564e-01
-1.122041837436195955e-01
4.207730709232396921e-02
-4.125916521649432289e-02
-1.408200142459515858e-01
-3.154263316529627020e-02
-1.580934450037587702e-01
-5.792545664005944311e-02
-2.822865767938949055e-01
1.664795815400290924e-01
-1.421132724126362712e-01
-1.711871018230877797e-02
1.226631906174548287e-01
1.613772570698060460e-02
-1.327817621615335619e-01
-1.068327901175844391e-01
-1.242762775207705700e-01
2.519931673402012878e-02
1.215843256801687061e-01
3.315752278095298045e-01
-9.628295627534037837e-02
-1.838980138590572966e-01
-6.117953037601076005e-02
1.708206683755700839e-01
-1.116316275930615831e-01
-3.506985183847877163e-01
1.662060384949051728e-01
2.201252648038252158e-01
-1.456664895269627058e-01
-7.252601159928401264e-02
-2.211614402424091630e-01
6.370573193839007380e-03
-1.523957533736483849e-01
-8.585755342221433606e-02
-2.489902867026192249e-02
1.484339214458137435e-01
-1.234879961029545087e-01
1.875950629638791778e-01
1.687623683762964066e-01
2.089405453430974793e-02
2.809706006854195692e-01
8.056432248867100021e-02
-1.408853765336505817e-02
-1.407704675330809230e-01
1.615491303030280879e-01
3.341900907957102290e-02
1.240291956928110673e-01
8.602985501303254956e-02
-1.394580397668019889e-01
-2.592393479839427695e-01
2.201212862729376718e-01
5.185406521327315388e-02
-4.045251110483800705e-01
3.019239278461651188e-01
-1.833441919698214073e-01
9.408277808676816095e-03
-1.354947334122982572e-01
-6.099606904425739634e-02
6.001524629844969677e-02
-1.418379080348866339e-01
-9.457815647271453074e-02
6.302604129155485457e-02
3.898541717462131739e-01
1.861043266292724541e-01
-1.152868190278607576e-03
-3.472599684303748768e-01
-2.891160521219211521e-01
-3.220667078094605063e-02
2.040141201039109287e-01
3.624201820719069600e-01
-1.366731523132081252e-02
2.606123501628053174e-01
-9.651021654262777194e-02
1.786504163401490819e-01
-3.816569642363516479e-01
1.041842591631624154e-01
-6.791218186893852038e-02
-1.491371109886076574e-01
-2.936719926589979601e-01
6.521106430156597446e-03
1.049224019958259202e-01
-2.418324059831909734e-01
-8.576698455221373751e-02
-3.424589302972589344e-01
4.286516074613130334e-01
-6.160128660009670659e-02
4.314061514707711043e-01
-1.541051545532356737e-01
-2.404112376596032052e-01
3.377029886511088153e-01
-2.147904223469123894e-02
-4.166811256656349077e-02
1.509987490750180905e-02
-1.045416199034072541e-01
2.060293162748319529e-02
-1.330571347912535562e-01
-8.083205727025390142e-02
-7.377845559788233365e-02
1.832723998007180222e-01
-1.923360465949408571e-01
1.481627691109477230e-01
2.526675172313418982e-01
3.280849942268811159e-02
1.415834149627827609e-01
2.243066708006587473e-01
2.921691510947862017e-02
-2.879286949199137413e-01
-2.725279851644070717e-01
-9.660006613552675481e-02
2.152979267608649550e-01
1.012595543046241470e-01
-5.255307967003230822e-03
1.110437209037102857e-01
2.267579586889791055e-01
2.933547146757933821e-01
1.135549940870116542e-01
-1.916336318620058543e-01
-1.661337009223871064e-01
-3.390919557530169132e-02
-1.298772523849464344e-01
-2.041254102820082295e-01
7.590191963488335247e-02
-6.175067682145849585e-02
6.619662787860500219e-02
-5.244872808985472784e-02
2.202463987648513311e-02
-4.999651917316438876e-02
-7.213063689371139453e-02
-4.701930690761798779e-04
3.870447351951198170e-03
-2.219795349597186440e-01
1.210430024281249073e-01
-2.556189919314561521e-01
-1.254248713638258517e-01
-1.364881069993890694e-01
4.609087922465176373e-02
-8.013616111985376322e-02
-3.064922487548634167e-01
-3.540528391845969292e-02
-2.679347280127563138e-02
5.686558031320745193e-02
1.729621370501149922e-03
-1.930465045182419292e-01
2.673788727953386180e-01
-2.999406026381606916e-01
4.176472931916694331e-02
-2.327131206225040994e-01
3.764494588648453766e-02
-1.024710935502477910e-01
6.832833128340021211e-02
7.148501027436468536e-02
-1.704605836963008214e-01
-3.017805781262915266e-02
-1.339221803050040516e-02
-2.352266507160503672e-01
-4.786633919749645055e-02
1.284875944984790186e-01
-1.931618140860341948e-01
1.633049083206380980e-01
-1.769672718619510476e-01
2.408625423624452810e-01
4.950729856107444898e-02
1.836506593145915134e-01
-2.767702848027332463e-01
5.970292169215177941e-02
6.039406900877489215e-02
-4.429867358901301566e-01
1.396959619364318561e-01
-1.913224962426531006e-01
1.726241105659190034e-01
3.696093397570859862e-02
-3.093657031488166176e-01
6.615612655309155432e-02
2.242839546568267950e-01
-8.267513489217420686e-02
-1.419044878439078838e-01
5.174167993153642314e-02
-2.587988816093964028e-02
3.229296729768665331e-01
2.020653685522927345e-02
7.046156308388668021e-02
-1.147396693379056781e-01
5.304210529020848353e-04
3.115535440705256565e-01
7.965804466307752074e-02
-1.669034627594523923e-01
2.055542317873775837e-01
9.841289812960185568e-02
-2.889213706160426720e-01
5.547049148901257026e-02
2.197295580461202380e-01
-5.949675059458939957e-02
3.505760086107385654e-01
2.132591286555968885e-02
2.125317968169371796e-01
-8.488246360271466118e-02
-1.981585640864104991e-01
-2.313141638510050196e-02
1.067012038804309865e-01
2.549993848974570210e-02
1.414099233106496170e-03
2.806044783583250823e-01
-1.320707437399383233e-01
2.661873127500817282e-01
-1.253495056807247821e-01
-2.550052150135628248e-01
1.985170742154956092e-01
1.349027192953135973e-02
1.439085615190642820e-01
2.377050336328505042e-01
-1.097529125703769481e-01
-1.096732167751550135e-01
-6.658573997412357837e-02
5.114372597722485064e-02
-2.710947112137290227e-01
-2.257586148755476030e-01
6.863084326216355169e-02
-1.220471036192273817e-01
2.008046296472585646e-01
1.060027316397613856e-02
-2.253602387234216187e-01
1.661337189182113261e-01
5.565112461352680340e-01
3.421316497242928717e-02
9.574725012676575664e-02
4.163388651127515605e-02
1.368996081281975349e-02
9.501033097362822366e-02
1.621419667631844586e-01
-1.743656162298615198e-01
8.456720073950191319e-02
-9.589172920698553482e-02
4.302689766063912125e-02
-1.302498670191444552e-01
1.006027740787163588e-01
-5.918948676662058594e-02
-4.215221293036022776e-02
-2.261106959890383239e-01
-1.218839044168679719e-01
-8.411951795067665327e-02
3.079259155489344479e-01
-1.773468890037537826e-01
-1.416869543803303266e-01
5.066245556099847613e-01
3.891520113855151397e-02
-1.092553368963906230e-01
-2.761881249217773907e-02
1.284762587964786984e-01
3.204295352180584061e-02
1.023730423451253563e-01
-2.545185027571167935e-01
-9.169831783573118011e-02
3.552593280505901840e-01
8.877726142975952972e-03
2.807568095526578045e-01
5.812063114090172400e-01
1.933688495967866849e-02
-2.461673467058097392e-02
2.057386551745964687e-01
-8.289315549707373595e-03
-2.211499820523168403e-01
1.266827118994450496e-01
-4.093496863285918108e-01
1.571002980508430236e-01
-1.796961199518349456e-02
-1.361949471832176427e-02
-7.715203636965412004e-02
1.181199263036512570e-01
-2.324068423800748628e-01
3.531299375859476841e-01
-1.636478450920443861e-01
1.313119263041724084e-02
-9.966227654547919756e-02
-1.241071327480086917e-01
-5.442292321566376961e-02
-9.039044042932375955e-02
3.862878589199278401e-01
2.636873286170930974e-01
3.925527024184571195e-02
5.539695520162622039e-03
-2.204333182330752428e-01
-1.034770946569059796e-01
2.093543372032790895e-01
2.676470831028168740e-01
1.623933047721926592e-01
1.505136965885701394e-01
-2.308960327500316767e-01
2.219832075993170006e-01
2.589157292024119039e-02
-3.328836952779085784e-02
1.233144281606985415e-01
-8.327331304566016820e-03
-2.433140566080617961e-01
1.952236901540482239e-01
-8.801010426646824203e-02
2.038754208041349545e-04
-2.684654000378991490e-01
1.835022578567717666e-01
1.687335281238699358e-01
2.828317566049850518e-01
6.092234907248705866e-01
-2.716881115474720221e-01
-6.312667647834496742e-02
5.204927948983869568e-01
1.968989784996032222e-01
1.910365837752486806e-02
-2.947344332219626814e-02
-1.536855072152730484e-01
8.263135743114867482e-02
2.423181402591094435e-01
-2.943360326921421952e-02
-1.716107150491086308e-02
4.268768442054670514e-02
2.196131794160213202e-01
2.091932817720635884e-01
-7.661246018609478570e-02
-1.338441225502031151e-01
3.650122007910428512e-01
1.495744989112360590e-01
-3.369486987379939347e-01
-2.533638692728030356e-02
2.964635848872401724e-01
7.670536710661182700e-02
1.013501077783512255e-01
-4.823827752049597573e-02
4.730053753087078844e-02
2.336212743511272283e-01
-2.058010444925504612e-01
3.386289160779309970e-01
2.557297426708826649e-02
4.576141469844384191e-01
-1.001687781652523118e-01
-6.581297471050369385e-02
3.377692345835554000e-01
-1.776583565877640769e-01
-3.090456415149010413e-02
-6.229868636125462239e-02
7.701688644867417388e-02
-3.134207257239827737e-01
-3.897230661252986117e-01
-1.799777457946128978e-01
-3.295868461447729603e-01
-4.214935954962070186e-01
2.791495962124544428e-01
1.527509811790032923e-01
-1.771713179411646966e-01
-4.712743733522463396e-02
-4.105565318255008922e-01
-1.545796291182031101e-01
-1.737595826243658603e-01
-3.237815447947667291e-02
4.689265946649901484e-01
-9.758992409583611138e-02
-2.361192041200226577e-01
-1.615071079793672648e-01
-1.362526558145057409e-01
-2.075525044069712402e-02
3.493304735902819785e-02
-7.185230642266506040e-02
-1.366441262885936259e-01
-6.261876120136029844e-02
-1.256347140039579431e-02
2.578267011556050758e-01
-2.638208808247165527e-01
-3.565564160619468792e-01
1.306896854055495105e-01
-1.264291545347056289e-01
1.034330075131425913e-01
7.581608970002917669e-02
-4.425371388246328030e-01
1.109493203476722700e-01
-1.822860340528552336e-02
1.788987225206255527e-01
2.547271637660301069e-01
-7.910296908326795717e-02
1.895054235289681532e-01
2.100468646968616307e-02
4.354667920916816676e-02
-9.475154435027860478e-02
5.667117278619582948e-02
1.096191431876345629e-01
3.121936679346007382e-01
-3.100778312815937188e-01
2.254615141130396697e-02
3.180287898015298764e-01
4.391966439103951042e-02
-2.933478753850505757e-02
2.696417566229609153e-01
6.559872924748668711e-03
2.985531905525288798e-01
1.758361863878873665e-01
-2.220336991387669157e-01
2.166476067849541082e-02
1.340647526787659694e-01
1.540323619020639578e-01
1.634845838981476840e-01
1.269644620390489864e-01
-4.120080893621098223e-02
3.840208011641386976e-02
3.450497099372890064e-01
5.338516346340171914e-02
-1.832122128518146598e-01
5.791990759864920624e-02
9.307077434584072606e-02
-2.763379299985544921e-02
1.229396701441690457e-02
2.539317452280987486e-01
-8.955812845777638698e-02
-3.365969927660725780e-01
-2.688377492119763956e-01
-9.681172437279729481e-02
5.872972466130304409e-02
1.042820862401946103e-01
-3.229389704491537061e-01
-5.841804742917223320e-02
1.584041214987069457e-01
2.035009300368039245e-02
-2.718978067502477169e-01
1.080134727602788808e-01
6.656027643788518799e-02
1.704031776687727207e-01
-1.837975512939122105e-02
-2.746670285585031124e-01
4.018279823600585249e-02
-3.358554151047272729e-01
8.948890563678944809e-02
6.558800790024740812e-02
1.575417081292653787e-01
-2.888829008154758515e-01
-1.135880883659936696e-01
-5.943068258202884036e-02
-3.377897845479057026e-01
9.041014683626232007e-03
-2.708113017556559865e-01
3.143612289097929002e-01
3.645364700013016268e-01
-2.448249164684753593e-02
1.264090136509855578e-01
-1.664718684116680281e-01
-3.981805427254294510e-02
-1.121051278234465737e-01
9.028648054957717772e-02
-6.400722788406683350e-02
-8.460849161755634729e-02
1.552730300494425120e-01
3.234374833874055777e-01
3.314361348677383884e-03
8.714694630055877522e-02
-6.747869984390975073e-02
-9.189905605892710605e-02
-1.023560364925434341e-01
1.884468822754096773e-01
3.078824773856294120e-02
-1.357417324094158106e-01
1.127490486863539226e-01
1.397384352389204887e-01
-2.501819561632081731e-02
-7.905759561312364347e-02
-3.113092126344304059e-02
1.162387892779973286e-01
-2.617990566633754956e-01
1.160251841899561098e-01
-1.187531177155394108e-01
-4.649523088632597223e-01
3.653721767973246437e-01
1.108184772655962380e-01
-2.423134262173110565e-01
5.146076347795413425e-02
7.145712359421579896e-02
-8.132210883309906602e-02
-3.434501892632514652e-02
-2.042144803724063595e-01
-1.636385534126264451e-03
7.873432294831325673e-02
5.660606321989822276e-03
1.641750076830930938e-01
2.497782760330007415e-02
6.604182613240845712e-02
9.602564955950811110e-02
3.320997630108013521e-02
-8.908543743537075676e-02
1.262657442863592168e-02
2.447483204872923923e-01
-1.677736891009329323e-01
1.931851229151405891e-01
-2.521215738486804955e-02
3.815007386541427459e-01
-1.951815016534582392e-01
-5.389743448637989570e-02
-2.053752501674443176e-01
-2.527208796601936314e-01
-3.516103706440616983e-01
-2.261605659266561485e-01
-3.077767227461204458e-01
-2.055351943053265740e-01
-1.206520570385302138e-01
-2.416621895280524346e-01
1.901768666499794314e-01
3.034379888440135176e-01
-1.640267489630742662e-02
3.662136885250865531e-02
-9.963159484145832356e-02
4.400067982438873870e-01
2.489718015371763793e-01
1.874315204934592360e-01
-4.676051655906421703e-03
-3.672093972390606809e-02
8.206691571006345665e-02
3.165654071395010982e-01
1.200357714022205280e-03
-1.743294441528530081e-01
1.630470686372376687e-01
-2.892274943424849032e-01
-1.509855760709044870e-01
6.151143640123458989e-02
1.698015285214515280e-01
-9.749970896591729497e-02
-2.029053930975154851e-01
-8.103477240766823742e-02
1.775899192981715558e-02
-3.838310153783356382e-01
2.299489964271828057e-01
-9.585932749668704678e-02
3.133015788236430121e-01
-1.372894243855365959e-01
-8.726955563979300542e-03
5.617498852375305690e-02
-1.300311577244947503e-01
-1.481248300070649448e-01
1.956469679672381556e-01
1.069316070977627542e-01
1.944561322169154616e-01
4.857405174785155849e-02
-2.278960303983579017e-01
1.455051333487081544e-01
-5.794801825227827718e-01
-2.018347517551761228e-01
-2.509836676697517199e-01
-3.422321175588290409e-01
6.054078410153573148e-02
-1.331626663483189144e-01
1.058815720042654840e-01
2.577175700752472598e-01
1.549219720376662085e-02
1.627827567846069218e-02
2.836215885098592460e-01
-8.942253018919166241e-02
2.589741499386428725e-01
8.049567138670023908e-03
1.465546276768817623e-02
-1.836888960537822746e-01
1.526071669027520283e-01
1.413513327901923244e-01
-1.315088939430984205e-01
-6.654304726582743745e-02
-2.256869408257775322e-01
-6.163936697445518940e-03
1.679509504814660423e-02
-1.062645336949133573e-01
-4.730350275337706634e-02
1.011923119911180696e-01
4.080331485212445042e-01
8.329678730433803802e-03
-1.975602690242796999e-01
-1.938638884500030746e-01
1.021602859134392305e-01
8.575915186757007702e-02
1.368959991642632323e-01
-3.393454507622529204e-01
2.770451926671441689e-01
-1.964905346580692602e-01
-3.765861416425684855e-03
-2.716384028161097572e-02
-4.864499623782304188e-02
-1.581097502145566158e-01
5.027224503445618803e-02
1.700638669969300742e-01
-1.991162515774045350e-01
2.685704444395802665e-02
-8.043801025834632773e-03
1.174995340193765586e-01
-2.109919324029111906e-02
-2.580397356876371062e-02
-2.858380195705838012e-01
4.658921049417220211e-02
1.291302519474484337e-02
3.718739248224816468e-02
-1.666922019780232855e-01
9.347035348185089854e-02
-1.810566691237257553e-01
1.450644505717960664e-01
-1.516780993329120975e-01
-1.838131140243494388e-01
-1.304144140880130753e-01
4.270985447236470001e-01
2.023501281460617085e-01
-8.413521248910678374e-02
1.067759910183385258e-01
-1.748128018212781742e-01
2.359225176811857172e-01
9.911861880850554585e-02
-2.604831446259740502e-01
-8.410853199194140428e-02
5.101173206004891436e-02
-1.233021633200808848e-01
1.115019210428395552e-01
1.177387839218455717e-01
8.191416664585803031e-02
3.165794534280811506e-02
8.655234312992463042e-02
-1.978560686871125296e-01
4.229755729187521102e-02
-1.255017114502043341e-01
5.029753475238837174e-02
1.241577890618202756e-01
-3.502438467113611065e-01
-2.766687383639279685e-01
3.828896716258262667e-01
1.366528525182580667e-01
2.798313216308616624e-01
-1.821317128209426484e-01
-6.354722233936568876e-02
5.201297980949185634e-02
2.770731472737163470e-01
-1.581857977279943761e-01
1.840147021670691108e-01
2.005113598751520620e-01
7.115781659408540460e-02
-6.832918908664459279e-02
2.329620153110832648e-01
4.638431843609213123e-01
-3.494784746824718402e-01
-1.127607929645138701e-01
6.063879131017769764e-01
2.273997028042883117e-02
1.247130438376714834e-01
-3.169633589072601287e-01
1.043431951020072773e-01
-2.865392223005375771e-01
1.611741526307875969e-02
3.722484707251853542e-01
-9.646581096931475252e-02
-4.142572574234965610e-01
3.023884599307224419e-01
-5.105953786739926281e-01
-8.020785067280696012e-02
2.154708210127835033e-01
-3.603874614705583346e-01
-2.825196081753121313e-01
1.565510167696469168e-01
-3.151796517001598241e-01
2.995064628305962318e-01
9.473798670617145090e-02
-3.880476566660862048e-01
-5.803139571722256557e-02
-7.191687060678127186e-02
1.330947934418242329e-01
-2.021237375791483937e-01
-3.494945430057295188e-01
6.486463377776985513e-03
-2.136841368019802845e-01
-5.759946171715102370e-02
5.396719438419810000e-02
-2.682104991352825540e-01
2.184288470671175153e-02
1.170986877695695400e-01
-3.759935317623558588e-04
7.857696375757800694e-03
-1.186013496714266174e-01
3.886886083340101300e-02
1.460392260401215114e-01
-6.829567625370680517e-02
4.835968914070407076e-02
2.143645102488249132e-01
-8.555483069955890918e-02
1.609688284535345237e-01
2.757998657362297212e-01
-1.335361137315512758e-01
-9.404802982877473461e-02
3.535832333552153817e-02
-5.687719638816442214e-02
9.578427810088516181e-02
8.365019871929832429e-02
-1.964601744394981198e-01
1.217743026707808623e-01
-1.814653333278853087e-01
-1.345498801822151702e-01
-2.871312275623938981e-01
-2.234874960662600329e-01
-3.300915803702089701e-01
-3.232276404382730117e-01
-1.051800278724970006e-01
1.812330292480148486e-01
-2.029355018108104092e-01
-2.698714297458654765e-01
3.568987586441531995e-02
-9.272004032279373975e-02
2.527728066366684012e-01
-2.232357640486908046e-01
1.212253177092730283e-01
6.466478320922852685e-02
6.242862397778164985e-02
-4.681574045628147940e-01
-2.213873187936534707e-03
-2.408828792603722735e-01
3.692046518430718849e-01
4.357065446750835180e-02
-2.989042000023484635e-01
1.521891594459677532e-01
4.322975445427721525e-02
-1.384012662906197039e-02
-3.787524998674517661e-03
5.872190982744796700e-02
-1.866802759449260329e-01
3.458916010526197349e-01
-1.193214694545997601e-01
-1.474666262292064212e-01
-3.693412512553073679e-01
-8.051472803982637205e-02
-3.290219141637483746e-01
2.329172693042049214e-01
-1.798639308350414023e-01
-2.817517395880191899e-01
-6.213427338247716480e-02
-1.969840843157814880e-03
1.299258678618817921e-02
3.469012955962835765e-02
-3.552614094111780085e-01
-1.184587305022114512e-01
-8.214620184757387422e-02
1.303023737650643998e-01
7.581061559572906117e-02
9.557863529146684578e-02
-3.002061209753874652e-02
-9.051994568682415754e-02
-1.199582316472328214e-01
2.466215441696750776e-02
-4.209972090975412293e-03
1.889549666539637462e-01
8.397208309498386744e-03
2.193563159648528327e-01
5.072019911270542192e-01
-1.018228399878353674e-01
1.210441892917976832e-02
6.291787998529740911e-02
-9.578624045910749674e-02
-1.453551328031990886e-01
-2.302667610449636859e-01
4.094192910421883824e-01
1.178969131104554424e-01
-5.824129016728461783e-02
3.340068128429534711e-01
-1.990411519011599795e-01
-1.832061871327355651e-01
-2.051479142171719339e-01
-8.197941577394618484e-02
4.170619534126859818e-01
-3.155260827375550026e-01
-2.304716405103608701e-02
1.686260562089306470e-01
-2.260157393682228621e-01
1.269182015120730589e-01
-2.731519434582099781e-01
-1.335838678379798750e-01
-2.300565636616519125e-02
7.050950388045582051e-02
-4.150220130517981443e-01
-1.787131973316173975e-02
2.011966563474410219e-01
2.805933246747381316e-01
-2.752707315887508721e-01
-2.592246457810700594e-02
7.925890556663170092e-03
9.157018567220663596e-02
1.444903435335221920e-01
-1.331185291984390839e-01
-1.809723710315824796e-01
-8.507622776221183958e-02
4.550425195650667498e-02
5.697311622307576172e-03
9.303568569248441694e-03
2.560652825238828867e-01
-2.770082091246181717e-03
-5.026649967165190969e-01
-4.434209740537187194e-01
1.386464405232562813e-01
-2.393738676414433053e-01
-5.426228450553308158e-02
3.587080722148058842e-02
3.097123874278751576e-01
1.540130734411512547e-01
1.966512352767334215e-01
-4.630960190534018361e-02
-6.058143988646225858e-02
-5.106462474504034482e-02
-2.975769618286557838e-01
8.125868164204683164e-02
3.265810469303837560e-01
1.344948448972247412e-01
-1.817317175684595443e-01
-3.969705553168176998e-02
-3.714613689542881764e-02
2.705995254628387192e-01
5.531915896929334719e-03
1.493353828701146357e-01
-1.061303077733095762e-01
-3.447216120165331743e-01
-3.504379336360647496e-02
4.078148489150167089e-02
-1.543107747215147207e-02
-2.024698593091989185e-01
-1.676076231418853757e-01
-3.393714055170086175e-01
-2.247067674246980562e-01
7.270533033213594232e-02
-6.773920915720590963e-02
4.906968643566227140e-02
6.995298857403230153e-02
-3.718133814468804199e-01
2.643386946368298518e-01
2.471940577063789224e-01
-3.863470930903066258e-01
-7.710357500792724972e-02
1.758703981957625562e-01
7.625283861714664269e-02
-3.655162293486978742e-01
-2.176496513140489808e-02
-1.537100576905651717e-01
-2.026475910183174467e-01
1.949810655643434698e-01
-4.267880685241494387e-02
6.079561572768873295e-02
-8.501547884720260517e-02
-1.808953475922315812e-01
1.157439389437353722e-01
1.727890623206107534e-01
6.849389206895358483e-03
6.634337355724372054e-02
1.952992221737022693e-01
1.439900415810334844e-01
3.256185309231264813e-01
9.807311934564235875e-03
-3.482663246741675434e-02
-6.693888907810734146e-02
-1.875007278123643276e-02
3.920329076149645653e-01
-1.523928437064646542e-02
-8.410222777820518247e-02
1.113995507543270730e-01
-2.449309241415460192e-01
7.973249351591947531e-02
-7.408597321229010157e-02
6.711618471643313044e-02
-1.436042500824756263e-01
6.556187401032929907e-02
-3.360727257169804361e-01
1.782965593371957647e-01
-7.570652803415608978e-02
1.983388787354300187e-01
-9.293113866970212356e-02
-1.275285800097871736e-01
7.903216388477680709e-01
8.168340650896249722e-02
-5.599268168907649973e-02
-3.905840376495113564e-02
6.155596205056245579e-02
-2.326159757002211337e-01
9.825466460924198175e-02
4.933200780397912349e-02
-2.731519456467697005e-01
2.498524198336008473e-01
3.272246506479097872e-01
-1.211585041683718306e-01
-1.425784990802348440e-01
-7.757051619774722739e-02
-3.189357731328357204e-01
-1.003433946404119759e-01
-1.492147372428849206e-01
-4.486990845692981900e-01
-2.690974281254966960e-01
5.337594128393912118e-01
-2.388066733056999624e-01
-3.598137049354320771e-01
-9.055600839270494529e-02
1.683069507037495693e-01
3.402301872793844773e-01
1.482197433132901310e-01
-7.585255599598487997e-02
2.151363524911814318e-01
-3.993354167964534296e-02
-7.872715168321453572e-02
7.207080959201139780e-02
1.053962035291131361e-01
2.309151573173463812e-01
2.814563420070913535e-01
-8.793835038485833810e-02
-2.902595621475519486e-02
7.974781939067765446e-02
-1.164872554881670515e-03
-1.244688981049923843e-01
-2.268489468747379167e-01
7.209625867353720574e-01
4.996814099240546453e-02
3.023740873255560957e-01
4.290647669200599590e-01
2.049917755143691386e-02
3.253309811961601072e-01
6.526240944940087108e-02
-3.932727906398372220e-01
-2.049209638127187094e-01
4.721801113121283644e-02
-2.565517777238451869e-01
-1.752133756745052895e-02
-1.215354428317149370e-02
-2.375685280366216789e-01
-4.665470846236839386e-01
1.521203801626998531e-01
1.581306766372504169e-01
-5.555684976962788763e-02
7.206762177816480874e-02
-3.971691674823418783e-02
-5.481191946428560363e-02
2.273469950728782829e-01
-3.187902433136755587e-01
3.685354303133596132e-01
-1.378682782065432100e-01
-2.476161860741294685e-01
7.468677423223806650e-03
-9.741547187404672736e-02
1.213871107418566520e-01
4.461205091649123045e-02
1.888487866698219941e-01
-1.595413615722279244e-01
-4.063380981025687538e-02
1.846560059844498392e-01
3.339457185505500525e-01
-4.695123041442879619e-01
2.949102534000467291e-01
-3.017505285274838314e-02
-1.640265199716620659e-01
-1.147816987776846959e-01
-3.198879915876304270e-01
-1.241680967749171499e-01
-1.299529295520930328e-01
-1.801973741616589575e-01
-5.733783991879054520e-01
6.932897221798692278e-02
1.831407077317069310e-01
-6.339275642027283886e-02
-1.963144676160416199e-02
-2.858129407579380055e-01
-1.004683511247396882e-01
7.405313983272078515e-02
2.734681845374644163e-02
1.376109302991248562e-01
6.418638171932818104e-02
1.007871888404430205e-01
8.190274058460704498e-02
4.848077421615086258e-01
-1.312305165910270244e-01
-7.226620681113737465e-04
3.656684801153318731e-01
2.310754206952559189e-02
2.970161072953845793e-01
2.002819406012223136e-01
5.655207818595159308e-01
-5.725304045415462451e-01
-5.360803429154435001e-02
3.299792007978011310e-01
1.542290734458219743e-02
2.567120355018047695e-01
2.175169509792853895e-01
-8.877079689169187215e-02
-2.946666225848821111e-02
1.432765572506201346e-01
-2.046545729495400645e-01
1.216509617769653412e-01
1.646087894217296566e-01
-2.341710960171956846e-01
8.574738475887797029e-02
5.969578126836681126e-02
1.286493019769554269e-01
-8.093003966819659056e-02
-1.534144832086214716e-01
3.783871001617337138e-01
2.702435486398678255e-01
-4.909969822503069126e-01
-1.983436773371809736e-01
1.974655717557445827e-03
-1.122376233536304668e-01
-3.527221862590376733e-02
1.113906424517231153e-01
2.539484489411747981e-01
3.008036921619405279e-01
-3.840930835147884914e-02
-8.135622269396326767e-02
1.161665603583244555e-01
-8.290456383584055011e-02
4.365583702297423652e-01
1.444936311695932674e-01
-2.373928851821350550e-01
-2.873606987913676636e-01
-1.213825972394978608e-01
-7.857168084951281217e-02
5.183145822721163531e-01
5.989924000571538593e-02
1.461770199904959266e-01
2.896042190788032378e-01
-1.665050079304606911e-01
-6.481929933073087013e-02
1.865276778808655500e-01
-7.258027611730720474e-02
-2.408665831461040407e-02
-6.447812727375036579e-02
3.112641606558089746e-01
5.878911003755159237e-02
6.571629582121256419e-02
4.000980710857772460e-02
1.482270748833969809e-01
-1.254263797985586126e-01
1.505731632674767173e-01
4.267250605815507969e-01
3.106783150560275542e-01
-1.125892340807414238e-01
2.679639373848330952e-01
-6.342528524315163563e-02
1.987875671456501014e-01
1.728268813560545625e-01
-1.533458257165637873e-03
-1.493115380567750783e-01
3.071195371352301029e-01
6.640002799883469586e-02
-1.472308666470203975e-01
1.230530336518679546e-01
-1.249701717356245662e-01
-3.765366649071405503e-01
-1.608228310062860197e-02
-6.158840776012265705e-02
-2.237087565783051346e-01
-2.897625724885735665e-01
-1.124491866425678943e-01
-3.050754016564181104e-01
1.694183394628474559e-01
1.197633235553401676e-01
9.289228710776525899e-02
2.683459658323444352e-01
-6.269757116796893792e-02
-1.213671989780680527e-02
2.114771860022895134e-01
1.556632699611736059e-01
-4.726512218059835124e-01
-2.297413884620196634e-01
1.086418230588380718e-01
-2.229542556751644977e-01
2.110758849416713434e-01
1.614944624120424497e-03
-7.401957187387325776e-02
7.204331279356231132e-02
-4.910704549271790315e-02
-5.047230386324325774e-02
-1.634975975591051456e-01
-7.910839059017906252e-03
-2.069137227197355988e-01
-6.424340001055482696e-02
-1.409714137022900424e-02
-1.998013488003546612e-01
1.287065074156454325e-01
1.388641317292859528e-02
1.922822193057054929e-01
-4.895412558893716404e-02
-1.071045648505885295e-01
2.216168516636312855e-02
-1.377450289090363378e-01
-1.626912990109150303e-01
-3.530090842488081138e-01
-7.816924446100377566e-02
4.647040242066322741e-02
-6.584695391020246868e-02
2.288501277803267342e-01
-2.662726697666675801e-01
-3.854774145822169040e-01
6.250246539344043173e-01
3.102740977788874810e-01
9.062249738247395159e-02
1.163386529939018504e-01
2.305830934449994152e-02
-2.768045016339951148e-01
2.610983055763568816e-01
-1.498958158771959148e-01
-1.882549100878614379e-01
4.533728635504817861e-01
2.301564005784575984e-01
2.169609857069510206e-01
-3.371953355176400824e-01
2.199926558439925794e-01
-3.262818812500919430e-01
-2.894380788379163905e-01
8.091823882506399279e-02
2.076624537369544943e-01
2.266094852754612643e-01
-2.790611557986323876e-01
1.143890342236924575e-02
1.685020540875810102e-01
-3.033072792418459174e-01
2.999214719430967624e-01
-2.986110437843640386e-01
-2.436262204582936297e-01
1.121140153613055107e-01
1.407712769649893392e-01
4.707790601525094903e-02
-4.039534609696929235e-01
2.179794377475833544e-01
-3.303364118626485602e-01
-3.145086819606876527e-01
-2.300544422275721534e-01
2.320282606071021603e-01
-3.439960128299704989e-01
-2.524704131044100061e-02
1.299791492749277078e-01
-2.943445022118651444e-01
6.878264163673435128e-02
1.740381329421013812e-01
3.643476876618960414e-02
2.573965337843377860e-02
-4.513939376113270674e-01
1.867931760237758615e-02
-3.291083146753367439e-01
-3.716529388409114260e-02
-2.523969626919831954e-01
-3.112217741497559920e-01
-8.646878781019955162e-02
-1.100185308808462464e-01
1.794389755509735729e-01
1.848729317380979342e-01
8.277637094795670114e-02
1.335236932459329395e-01
-2.344487130875700653e-01
5.183475035308166869e-03
-1.047578012755416288e-01
-3.672950669788834221e-01
-5.400941120809719109e-01
-1.876778089779440606e-01
2.438373485862016243e-01
-1.118877788319748157e-01
-8.724884408540974079e-02
2.846841642036720965e-01
-5.931718063928938245e-02
-7.156112361984817705e-02
-1.671829382652436358e-01
-1.329639748554173606e-01
1.588067733199828857e-01
-2.553996540839819154e-02
2.506940138651351721e-02
-9.357723427240867420e-02
2.768894538013849660e-02
2.026688288149024186e-01
-1.905075936819595195e-01
-4.853655377420268979e-01
3.959980476849293135e-02
3.052358813403659166e-02
-1.752446047259363093e-01
4.027282452453072037e-01
1.904881953401074968e-01
-1.678424176414198832e-01
2.273015354834070911e-01
-4.318979763061931570e-02
1.888009170861355140e-02
2.263958652461830201e-01
-1.379936160567192815e-01
1.702254537243116927e-02
-1.781674036142429918e-01
4.415335096911337381e-02
2.857761075311661680e-01
4.261202809248570977e-02
1.229051714601771955e-01
1.654480397281323512e-01
1.161918470592171182e-01
2.734876845047657379e-01
3.551648014788199581e-01
-7.168149352274830188e-02
-7.079836658042829023e-02
2.097961577361990571e-01
-5.236973770562112357e-02
4.325103019802079701e-02
8.848588900270092095e-02
2.829254558242022544e-01
-8.120111291225459715e-03
-4.087407486776585275e-01
1.119419324783555575e-01
-8.246181035212318822e-02
3.413137371469366910e-01
-1.187720720847725009e-02
-7.135787430838468190e-04
-9.793962654299474824e-02
7.454843641110200578e-03
-1.128238957398094017e-01
1.406383484369924108e-01
2.777385604353864168e-01
-2.657469085531596886e-01
1.019817433332571577e-01
1.721987854374851246e-01
-1.618621790464026822e-01
-1.530672302005193219e-01
-3.183964745817074310e-02
2.587895239228295632e-02
4.864567920403611301e-01
-3.801949510814868760e-01
-1.074599277296659494e-01
6.158388274302534909e-02
-1.915786795748074534e-01
-1.061561753887593634e-01
-2.627633923787049408e-01
-3.082399444367082131e-01
-2.590246987274171242e-01
-7.789529995384777972e-02
9.823026511447206788e-02
-4.892903457767188158e-01
1.900970896236167662e-01
-6.556044298416094374e-02
-2.560094996903015674e-01
3.537144373658301366e-01
-2.014462474824887106e-01
1.441937492973645041e-01
2.121170336314997795e-01
3.336005453219348382e-02
1.147156358863103964e+00
5.297439786113585652e-02
-1.280875297437266691e-01
2.347035449128624107e-01
-1.947372351816670233e-01
2.372683147628950467e-02
5.011543006561294811e-02
9.514216999839247846e-02
2.239745189115543555e-03
3.573462526653282678e-01
1.895642513156578501e-01
-1.497398279726381252e-02
-7.052477473977819544e-02
-3.937013608813158538e-02
1.878264477791998788e-01
-1.275259188294036172e-01
-1.197785275794518017e-01
3.941157326968928731e-01
2.798097498414550133e-01
-1.046335275811080268e-01
-9.569394416326114372e-02
1.213464956748981083e-01
2.593229567203489405e-02
2.611452424301549113e-01
-3.201990704446486258e-01
2.574848462441753014e-02
-2.007698649362116977e-02
-1.375494332136360243e-01
-8.878051847637566385e-02
-3.283348187380228933e-01
3.626609601708534469e-02
-3.308406023052213873e-01
-4.830213900675168759e-01
1.137495200619953184e-01
1.271185098509555744e-01
-3.455457085137422224e-01
2.551920139126811482e-01
2.113057668692238378e-01
1.647877766016003775e-01
-2.644168880465168001e-02
5.285608941574068513e-03
-3.920184989972000933e-01
-2.787157893836716416e-01
-2.031401973759883739e-01
-4.571441623643467123e-02
-7.854803277904211234e-02
7.654124069196070745e-02
2.644381391811592152e-01
-1.088132620668207234e-01
-4.188175334711297104e-02
-5.650982831133987139e-01
1.078550073906531515e-01
-1.458839422659868323e-01
1.082152414474624874e-01
1.094757458189974941e-01
4.507572568049604822e-01
3.638349759120604321e-01
7.067941273310499040e-02
-8.472411012296042487e-02
3.828250682944596694e-01
1.280344662139880851e+00
-6.203025860562584315e-01
2.382749396931018449e-01
-5.965892874638972082e-02
2.922218107200859061e-01
-7.040694662246561875e-02
4.351200358914412980e-02
-1.172582009516771190e-01
1.327293776890703936e-01
-1.479332328939638730e-01
-2.155797673718123919e-01
2.931914785942402527e-02
-1.357929081228300139e-01
-1.159256876546261722e-01
-1.153382877793765332e-01
1.315485105190310026e-02
-6.587935438754355388e-01
-3.870289826223439755e-01
-1.345230885941091359e-01
7.226548654096080770e-02
-4.813674299725004269e-01
7.540715577858386753e-02
-6.963093633424452533e-02
-1.247759927628095122e-01
-6.637772897904900549e-02
-1.794546964686684898e-01
1.138378105361355641e-01
-2.007594237133096537e-01
-1.379043989154648264e-01
1.100157725816216930e-01
1.615084837613249003e-01
-1.137252797799947063e-01
-9.685021820782552249e-01
1.384339584077622087e-01
4.726875167660833377e-01
2.776576776391840862e-01
5.456120212701113248e-01
1.924811596778416498e-02
-6.872858447226694312e-02
1.732469688682528042e-01
-7.094222830094893961e-01
5.613995768857481528e-01
-1.841001059589483235e-01
-2.235518616815846127e-01
-2.698581364996488485e-01
1.185711627167876786e-01
3.360633877804901082e-01
1.574719966151702788e-01
-3.815428556387354120e-01
1.838058618852330683e-01
-4.145242067107424849e-02
-2.576207052423003518e-01
1.656466277916781860e-01
4.915923550767424821e-01
-1.948351971826111639e-01
3.544425901874945911e-02
-1.606124204468843408e-01
-2.303575260643557221e-01
-1.996312288487886791e-02
2.563090281494648411e-03
-4.975266626267701650e-03
-6.643080318107481563e-01
2.453543780386254480e-01
5.998693348717971663e-01
5.734575575435733180e-02
3.624403666457655104e-01
-2.217265179581957759e-03
1.992440644260416172e-01
-1.222034618490476510e-01
1.810977876550348697e-01
-2.462347843752097087e-01
-1.086002480933992154e-01
2.078688516350053195e-01
1.034338619696187761e-01
9.064046542102879855e-02
-3.116234579147540429e-01
2.429842436997716737e-01
-1.104585123964770960e-01
-2.305971605362165944e-01
5.730653878569837989e-01
4.330490093476606350e-02
9.081591243734264685e-02
7.089073145412834454e-02
-9.306505163694671345e-02
-2.646570025089132333e-02
9.681838906741742357e-02
-5.546564026283834492e-01
-1.979753017497625986e-02
1.287049985674451613e-01
-3.036599696121624128e-02
2.582172221818020419e-01
-2.425185432337226277e-01
3.657448453964509683e-02
3.610882920672188467e-02
-1.267434753469936226e-01
-1.480698886174748770e-02
-2.053521516613643905e-01
4.017733955387838840e-01
-4.837123712554573518e-01
-1.433368276347927461e-01
-2.267536559320773235e-02
2.524861952438654800e-02
-9.953280191293548129e-02
-2.000630216558372254e-01
4.861120189061413077e-01
2.699404872420849491e-02
-6.659933207075822981e-02
1.039941620522855936e-01
-2.532370355646109197e-02
1.721115145437195348e-01
3.179122954390177225e-01
1.476830626776830802e-01
2.737542547994127884e-01
6.761672976871282992e-02
2.162346282344767001e-01
-2.204666245693070736e-01
5.858799627819618605e-01
-2.323443773404813284e-01
-3.832439078951561107e-01
-1.014526491625390991e-01
-2.280908501411276768e-01
1.725461397896989046e-01
-1.939740869634505593e-01
-8.290824757603487694e-02
1.361683476161602291e-01
-5.842056471666275952e-01
4.760473877661978159e-01
-5.672423612666011028e-01
-8.005071583619821629e-02
-6.982278503442520545e-01
-3.449779392953100099e-01
-2.962618799936685976e-01
5.475294825048098758e-03
7.110524151233489631e-02
4.286166195141026258e-01
-1.532122594400429361e-01
-1.999435379728196072e-01
-1.133076641837486576e-01
-5.826331478114408352e-02
-1.496927230150414678e-03
-4.436761299899962679e-02
-3.461639145788423244e-01
-2.975274502249796726e-01
-7.994572499772768515e-01
-2.874210236598268020e-01
-1.682075191064300035e-01
-6.325846063470090819e-01
-2.347339636066551327e-01
-6.812261032564669305e-01
1.749113323537050679e-01
1.032302592501901928e-01
1.266407842636009806e-01
-5.749989800252739425e-01
3.877104973041333169e-01
-5.957077587612151781e-01
8.838010379439312225e-02
-1.305727036828399079e-01
-2.614206867913868026e-01
-6.546994118071203239e-01
3.647791405543280296e-01
-2.792952575262332843e-02
2.271558479478556491e-01
-2.424250410507396425e-01
4.592279514068696722e-01
3.828822574701319370e-01
-1.872228630774097347e-01
-3.699672779391682820e-02
-2.604152050763778870e-01
7.152121623668279693e-02
3.318796247895523105e-02
3.774677385029890364e-01
5.105457657991025605e-02
-1.961742325882957425e-02
-4.585982344835762281e-02
-5.949377906358398888e-02
-6.004215401673721614e-02
4.563641273419091760e-01
-3.195698437737728437e-01
3.135353103189232882e-01
-4.904957358905321502e-02
-1.411808359173723493e-01
-3.528319657860330260e-03
4.766961315199952920e-01
-1.238720668707948835e-02
-2.988288739886984513e-01
-4.913142867151620297e-01
-1.415967689303909427e-01
8.739135999150279832e-02
5.985445345516045984e-02
3.194094107457386145e-02
-2.360315358480332137e-01
-4.598410730478059705e-01
3.532518972308347771e-01
-4.398825199859700552e-01
1.477093607832681843e-01
5.476887364688624079e-04
-2.438204384044536099e-01
4.281082604071902997e-01
-9.907124809381444297e-02
-3.196061800904845263e-01
-8.251795302604737412e-03
3.119440430970586986e-01
7.784704209505637074e-02
8.925204508931552927e-02
-3.142486120500655178e-02
-1.964731297397953255e-02
-5.241357423031257901e-02
6.303691412672085548e-01
2.192743343438801618e-01
-3.649246132920336283e-02
-3.299130124741429526e-01
3.485842519546243357e-01
6.237908279069708656e-02
-3.412490612939437368e-02
-6.524839848878979942e-02
-6.826255225907242041e-02
6.789717608506053159e-02
1.259030582418582678e-01
1.641159389431992854e-01
-2.513492629904900966e-01
-2.535231261671396993e-02
1.311326256388489764e-01
2.802070875841715034e-02
-8.594781674119660042e-02
1.420188414940514073e-02
-1.884349367575324230e-01
3.296617916150504368e-01
6.534466293482395216e-02
8.843012454041359119e-03
-1.244815978937544726e-01
-1.499818769120841166e-01
-3.220079009576283791e-01
-2.154409492934942216e-01
1.001205686559926561e-01
5.002750337400119901e-02
-3.515158273925411692e-02
-3.163876890174184275e-01
1.058218396772360320e-01
-8.143852371546263236e-02
-1.787978301994750385e-01
-1.002465554581826457e-01
2.289858849565385157e-01
3.275234636733757032e-01
1.024532686120465802e-01
-2.781221670714335570e-01
-2.860676601765529958e-01
-2.136482249242220299e-01
7.576619837438305916e-02
-9.917942182698546993e-02
-3.722528884041450409e-02
