1.887310318578671875e-01
-2.339518949092986022e-01
1.129007162565476563e-01
8.465543623690059694e-02
2.192187076968902804e-01
4.006917912008470251e-01
1.013148569795212506e+00
1.579826628969388524e-01
-2.674833937501687187e-01
9.327618468736076363e-02
-6.870567135169882711e-01
9.181984167163412813e-01
1.910813019201062612e+00
2.640391320521999763e-01
-3.799452318839359743e-01
1.889614567539889267e-02
-2.742130230767746979e-01
-3.917545605025945510e-01
4.155423398036366817e-02
4.941265615367873565e-01
3.657186330434288868e-01
-3.490521409421874499e-01
6.136175180105508664e-01
-2.334976943351248502e-01
8.421542373192486552e-01
3.571812865626911027e-01
7.152036888290396188e-01
9.461587272874893983e-01
2.778419091430496257e-01
-3.239408763780785017e-01
-1.111568530077897826e-01
-2.718234667952577066e-01
5.682803904378975757e-01
4.821049675758649067e-01
7.480096383259530191e-01
-1.761521947440037039e-01
-5.174144354136670509e-01
-2.969931416569644433e-01
1.120566779588732659e-01
7.703142519343851857e-01
1.810066416787011745e-01
-1.257598954559873382e-03
-1.339826618656073665e-01
-1.558433113915047574e-01
9.120889633520516682e-02
-1.603733544318788340e-01
-4.129273364561845960e-02
9.222196591696731061e-02
-8.790143893577014034e-02
1.694215801740074356e-01
2.534656949854126665e-02
-1.890575633743130923e-01
-4.320960413269399163e-03
-1.010387080942151336e-02
-3.352073905852750446e-01
-1.709644811454281432e-01
-2.993032041040243896e-01
6.678026031059967893e-02
-3.687244040785823684e-01
-8.903203974826603972e-02
2.708370423777044927e-02
-1.304262845184441244e-01
-3.505184362143879961e-01
-2.335899266134238705e-01
8.903648096971726600e-02
-2.251894717874644014e-01
2.167593797553811832e-02
-1.312670307265973446e-01
1.652093171710661626e-02
1.992069875647209665e-01
2.743498985858347158e-02
-1.139950962872984114e-01
1.329187835184107991e-01
1.906595345981191569e-01
-6.913899037305439033e-02
-1.470002371508788985e-01
-2.805498254887617837e-01
-9.964833233016258396e-02
-4.449601995185681336e-02
-2.795118445077584557e-01
-1.497059555966329947e-01
5.787847666967244065e-02
-1.527189035890092472e-01
1.175276095198235365e-01
-9.394667190536902524e-02
-2.410256381529117253e-01
-1.971619851210990038e-01
6.456513082479951871e-02
-3.305642003219796260e-02
4.455320319709050493e-03
3.450141151284332186e-01
-1.967568920084964978e-01
-1.670292442013204814e-01
-1.644896396549864470e-01
-1.045790537552593047e-01
1.702073727022682392e-01
-7.555258776106280050e-02
2.145157180358657767e-01
-1.525659966996839589e-01
-2.337615379099771545e-02
-6.993256389585625343e-02
1.081846061102511802e+00
-5.055108726620526766e-02
5.596614364932118724e-01
9.730980261564603495e-03
9.314026208616828229e-02
-1.050383298297390307e-02
-1.907035813305578420e-01
-3.069193290133813423e-02
6.900471988417118674e-02
-1.975232242982580960e-02
-4.925771134360613229e-02
-2.478743471403266063e-01
-2.050411773040289043e-01
1.372972484886102462e-01
2.644372814533690885e-01
1.483274212433058903e-01
-1.185605033589884338e-02
-1.524355115759227497e-01
-3.354700914720706688e-03
4.519097223279168740e-01
-1.549365784094984821e-01
1.662174472308825535e-01
-7.356448923748139246e-02
-1.228614412161041641e-01
-4.552283115783704037e-01
1.335837879245212745e-01
-5.759909543189843661e-02
-1.006317399876262703e-01
-4.717580716690236708e-02
1.611037023061995255e-01
-2.816620661295155537e-01
6.886772693300378945e-02
-3.791116509693644998e-01
5.190975373111012675e-02
2.274201419627913112e-01
-7.029092137755904579e-02
2.974810919058978320e-01
3.219298491473667201e-01
-1.343895932312876851e-01
3.740958930913289293e-02
2.319828499532302357e-01
2.455248517077537329e-01
3.252802892761320064e-01
-2.588395058697258097e-02
-2.137803436624601539e-01
5.072842772749052570e-02
-2.224715279389865435e-02
2.753595667816396628e-02
-3.388493811838510505e-01
-2.015183577443739327e-01
-1.459557908831419504e-01
-7.274774565549963976e-03
1.339187549461605745e-02
1.707578169316210925e-01
-6.697427232358998950e-02
-2.686600983749297747e-02
-8.698469292110727613e-02
-2.036062329611338928e-01
-2.328424880511283102e-01
-6.801762033005456266e-03
-3.588257430688677752e-01
-4.449339279070160802e-02
9.342738594518135847e-03
-2.014175543702523552e-01
3.641994494769860702e-01
-1.262272042661612415e-01
2.969395169474709634e-02
7.340213953335088248e-02
7.575649756717280081e-02
2.774701655600411709e-01
1.297148864959251635e-01
7.550658447361631442e-02
-1.370331110719665846e-01
-1.007946449284148061e-01
5.807589868215545792e-02
7.117254029731086284e-02
-1.246762064902086353e-01
-3.380278596369079569e-01
2.647668084427219903e-01
-9.129841759696576131e-02
9.816467975888509834e-02
-1.774484912852905549e-02
-1.138187157875575478e-01
9.017713432403778873e-02
-2.997445187022711524e-02
1.549902458887631174e-01
7.179956337577862724e-02
-3.372277955819137640e-02
-1.695697081825565666e-01
-8.600458564056581712e-02
-3.556041966797243714e-02
-2.618499592607809179e-01
-3.626946411562778083e-01
-3.548884538759725787e-02
1.347262267076127645e-02
6.580434943842987383e-02
1.710341027629814700e-02
2.026324676709643710e-02
-2.412962429519405205e-01
-3.118366447055637494e-02
4.920398252362610803e-02
-1.068311709476644222e-01
-1.657455262933854312e-01
7.170288217062155411e-02
-3.623610786600541256e-01
8.059279771615614207e-02
1.336471694046028336e-01
-4.057397237278457247e-01
1.873083277096253552e-01
-1.280122040308094566e-01
-3.469158388231227130e-01
1.582168831496972086e-02
1.201768285978445094e-01
2.388255596169600592e-01
1.860091044958963602e-01
-1.750273316775352028e-01
1.532032600016805246e-01
-5.129952220699943687e-03
-2.128662418999509309e-01
-2.701283205730424242e-01
5.140657131263356994e-02
1.342740853281371438e-01
2.140718931940000236e-01
-8.610584463465296642e-03
2.573473607919056841e-02
2.401393940702614971e-01
1.626655986480396790e-02
-1.995703869061264124e-01
-2.845912725379617925e-02
-2.953104667699799624e-01
-4.412932231941909395e-02
-1.388998982885011717e-02
-3.950821683147989760e-02
3.684701695690157930e-01
-7.220376267325880060e-02
7.314862988742430738e-02
-2.816176265441994175e-01
2.530701402040358428e-01
-2.185864565851985686e-01
1.240550914510303027e-01
2.651280492018182056e-02
1.052453745413285263e-01
-3.161936536601286374e-01
1.159193780140823499e-01
3.146394854054860302e-01
-2.066777792880548914e-01
1.299053258605218641e-01
-8.367813749591852812e-02
1.305177433119137920e-01
-2.359951701943558550e-02
-2.786243449118831067e-02
-9.659060913567260598e-02
-1.663313121042902520e-01
6.171050305529321434e-02
2.529557498685538475e-01
-4.829939445390375730e-02
-1.474671320399451868e-01
1.119676108493900951e-01
-2.304575371324420197e-01
-9.870744726053604090e-02
1.107203790603338012e-01
-8.984470589102291904e-02
-1.443709188604295202e-01
-1.071966252211111331e-01
1.697368555712006760e-02
3.568191508198718942e-02
1.823157367031594256e-01
5.195045996956557154e-04
2.598959026740773615e-01
3.947702015557685157e-02
-1.053799513072036370e-01
-1.211549032827461958e-01
1.138365576693280423e-01
2.331836942455515205e-01
-2.159323731550981118e-01
-3.933193636805069615e-01
-1.710283005946465137e-02
-2.972530695966843495e-01
-4.659507791098600471e-01
5.057460588363265480e-02
-9.491602719652963982e-02
-3.837726755508515941e-01
5.700166530917814833e-02
1.139335120916989130e-01
-1.261263173565417839e-01
-3.853955403027381488e-03
-1.770419575637363907e-01
-5.617304949496134542e-02
-2.317239909012470678e-01
1.186357012845670883e-01
1.879672536465464561e-01
4.113184747642738281e-03
4.434345044768880917e-01
-1.164384857967417919e-01
-2.342720660930655285e-01
-9.154212210453527288e-02
-3.233225104488455376e-02
7.979303668177738229e-02
6.695737858545078303e-02
-8.358844414736280037e-02
9.347741097499337459e-02
3.367048531318176385e-01
1.323163243600735117e-01
-1.285977900949070336e-02
-3.618345664450631216e-02
-2.642009457626913124e-02
1.285002431481159224e-01
-1.640243926145091846e-01
2.258706760658544255e-01
2.505903993884671110e-01
-3.903418110832455878e-02
-2.487559120367747456e-01
-7.445119058825659664e-02
-2.037269103550066185e-01
1.280726938706209794e-01
2.048811946553890928e-01
-1.275284156863124851e-01
-2.096077825872692257e-01
2.163390251583216517e-01
3.013933954549488092e-01
-2.043366893314445612e-02
5.683867307341821107e-01
9.968260097843935075e-01
-1.367565930404021912e-01
1.071048431060092204e-01
3.619125119865123086e-01
-8.136720664478054588e-02
4.725691707439624205e-04
-3.140886802812475342e-01
4.032784839599917563e-03
5.764216838284182826e-02
-1.459617771022654331e-01
1.342683728906483021e-01
9.071908791029821562e-02
7.417820175495489117e-03
1.850718158187278917e-01
9.170945538056138324e-02
-1.574806167950456026e-01
8.795263618170187647e-02
-9.923417053126702692e-02
7.857912072923980973e-02
-3.199331236372382481e-01
-2.335708754255682307e-01
4.053483281491622181e-01
1.427242287314788895e-02
1.245115864244436543e-01
-2.052583751414049223e-02
-2.860404554620262774e-01
1.111892229756764397e-02
-6.353552389231446884e-02
6.856754677318216418e-02
1.404673798473967394e-01
-1.765446977245568594e-01
7.252498243913080289e-03
9.750341589470669368e-02
-1.437302185985478431e-01
1.973338464780038659e-01
-3.436037119794744382e-02
6.137091353357963103e-02
-1.683749381741339868e-01
-1.335793388882905719e-01
-5.258364969677875589e-02
-4.130268779401423396e-02
1.056629165009348864e-01
1.204249172082812319e-01
-3.210435348051716709e-01
-4.126330809607325900e-01
-2.082296562898927894e-01
-4.812189553441797996e-02
-1.475155704480397567e-01
-9.184014857006629617e-02
-2.202892559564432473e-01
-3.772504157438715672e-02
-3.960808185044082386e-01
-5.106079923416546179e-02
-9.578044603037874638e-02
1.279952313951746301e-01
4.426402462977386820e-01
-1.852907800752951473e-01
-1.604504538536460079e-01
-4.411042465001653590e-02
-2.511969216573771146e-01
-2.498436710864456456e-01
-6.799745508824928120e-02
-4.154033561283740350e-02
3.702858670987544537e-02
-8.266576176837574230e-02
-3.363323605458316129e-02
-1.233657479698308385e-01
-7.994264245228477339e-02
-1.640537823241856874e-01
1.082018789761836908e-01
4.707148674042847813e-02
3.599052917900251187e-03
-7.047898075247507367e-03
8.065028743602466188e-02
9.896542999810299668e-02
-5.204595867585309205e-02
-7.031848553754886655e-02
-9.459033052033637146e-02
1.262702860016388928e-01
5.737761040740433499e-02
-1.260165912497206164e-01
-3.677243738750171631e-01
-7.414874803128906899e-02
4.158627495944749487e-03
9.857286565378730638e-04
-3.246707510326010682e-01
1.088751385376431208e-01
2.388720375876792201e-01
-5.926072076932362154e-02
-5.189499881661890218e-02
1.175123857446236514e-01
-7.271518057951585623e-03
6.576700297028457987e-02
-3.352318288921873196e-02
2.450515033269464182e-01
2.899185786570860346e-01
-5.152641437188141930e-03
3.180966971810142430e-02
-1.609947900438939705e-01
3.120176077023545727e-02
-1.434052839127107071e-01
-8.039269408236297820e-02
1.052530103175715048e-01
3.802310503970655065e-01
8.522943287899799325e-02
1.982055969241950932e-01
2.216385894559768088e-01
-2.251406154804194704e-01
1.349229874097191036e-02
1.121882306243846827e-01
-2.873668490151235488e-01
-7.433672339193457546e-02
-1.345353424164902612e-01
5.074795974441789412e-03
1.197981438410695709e-01
2.184258224627921019e-01
4.377235199753130579e-01
-1.962520833088734484e-01
-1.802530317170566165e-01
-2.752367149247682554e-01
-1.313741965963978187e-01
-1.719944900400048882e-01
-1.393119372444385218e-01
1.019909891370569116e-02
7.622688817537549844e-02
-1.660739040059826532e-01
1.994426897193282144e-01
-4.741815199133719155e-02
-1.649444051788794829e-01
-4.622900823384833158e-02
-4.275060526560096191e-02
-4.980047355095035266e-02
1.767758986039152935e-01
2.542978170004557281e-01
6.135922297992794233e-02
1.943540225535616561e-01
-6.713518223898001618e-03
1.757819326264309714e-02
1.081420499077357239e-01
7.929444295778512175e-02
-2.617686191797607975e-01
-1.485318983135515969e-01
-5.720251289069683970e-02
-1.224990584649291725e-01
-7.982442096640236795e-02
-3.852677780452796671e-03
-1.227672193056317859e-03
2.453856435020629889e-01
1.723252762393262527e-01
1.061521960158306466e-01
3.045669484644503155e-01
-2.155718896354058278e-01
8.996018628565652375e-02
-6.994068732260242879e-03
4.257149000892192225e-02
2.119510716227017144e-01
-2.305007394022045020e-01
-1.278686132924895524e-01
-9.803923098095827793e-02
-1.242993074147387966e-01
4.736120851041278890e-01
3.744613174626174601e-01
-3.422044635947315006e-01
-4.396444686868045126e-01
1.081970826819429465e-01
-2.076148713307024440e-01
8.300961367864628793e-02
2.558823552288707615e-01
-1.604362008732810596e-01
-3.286132603880577707e-01
-2.205635308962832219e-01
4.261815810363209223e-01
1.766853414744637973e-01
1.163689691066995824e-01
1.307262957367070697e-02
-1.240959941407876882e-01
-2.406502235200249085e-01
6.210054027799994936e-01
8.276793715763582082e-02
2.656388548904887736e-01
5.892183284948800948e-01
-5.093300696451656950e-01
-1.378610485875432223e-01
-5.238883645666339572e-02
1.534392692593455620e-01
1.276152864957145749e-01
9.482872822738508400e-02
1.174755694737653067e-01
-7.317237238302758129e-02
8.997920877840188958e-02
1.323890766724640233e-01
-3.210170231098349869e-02
-3.079278207547006888e-02
-2.082364702557917557e-01
-1.208814399757896126e-02
-2.480824635215483076e-01
-4.476475049580445897e-02
2.363890849419826579e-01
1.887965727554463680e-01
-1.377392785966136124e-02
-1.549028427047630368e-03
2.678052300896973867e-02
-4.577491712361835691e-02
1.496404515564948579e-01
2.016956034306889578e-01
1.877829022838120587e-01
1.420776914735598639e-01
-2.598435839071966749e-02
2.768686885074251314e-01
8.374877475799455406e-02
4.777245565545890776e-02
-1.404805697589727731e-01
-3.341339264151911292e-01
-5.669923745136047633e-02
-1.750499406329975582e-01
-2.651549756140246239e-01
-3.799572361897036177e-01
4.176149617524559793e-02
2.512668705414746739e-01
-2.378835821820435292e-01
-3.701487912350884257e-02
-6.424578096275894434e-02
3.018137849830939690e-01
-1.870462664311933199e-01
-5.668470291633239538e-02
-1.449192850768831961e-02
1.328795725781735382e-01
-2.542522420637229885e-01
-1.035887939469297275e-01
1.119758756431230989e-01
-8.752383247157281831e-02
1.963440081692796324e-01
3.022419829006549666e-02
-4.165769804085071859e-02
2.023172977831051988e-01
-7.928621206252250975e-02
-1.527523786608407930e-01
-2.187030693204711773e-01
8.764075447612974801e-02
-2.387477406265453572e-01
-4.068841886766749738e-02
4.299543878950011500e-02
-6.615151321752731767e-03
-6.432662877787866107e-02
4.901529403800433671e-02
2.213214621091951495e-01
3.738494257326239328e-02
-2.880589556598414647e-01
1.967983378380650794e-01
-2.425195495168702420e-01
-1.672298774366273999e-01
1.510141220852585231e-01
7.898638082263972904e-02
3.869702278423730601e-01
-3.121116208869158526e-01
-2.330039317563550594e-01
-6.083792808690228343e-02
-1.950406917087653957e-01
1.947391118483189631e-01
2.149812091942572001e-01
-4.608958435322267622e-02
1.022807192186181852e-01
-1.493983431063894141e-01
4.480281130288377711e-01
-1.399627479832923037e-02
4.154859310631091318e-02
-1.284385401029321805e-01
1.285305944591261795e-01
1.197704078772559855e-01
-1.217307777399239399e-01
-1.800300822022313507e-01
1.979256002130815872e-01
1.401631778170192022e-01
-2.613415998870052478e-02
-2.450760000276921702e-01
1.897856681396434542e-01
1.849307136289612685e-01
1.700618038992363634e-01
3.332368723674163924e-01
2.436652846058012800e-01
-2.753782651254985669e-01
-3.985490660497102017e-02
-3.046422978245604263e-01
5.881298669410116829e-03
7.324758259810720817e-02
8.371941122460700713e-02
2.424051141898415571e-02
6.074544095503966318e-02
-1.070856707714362838e-01
2.718268540075664541e-01
-6.596591383905286987e-02
6.228047442058587402e-02
-2.470956370691461956e-01
-1.597739064105759832e-01
3.331488026882867964e-02
-1.414083051997847007e-01
-3.550978998593465330e-01
1.793061882718720648e-02
-1.604200421013698627e-02
-1.522302258999748414e-01
-2.626093700785979146e-01
-4.913603528416451288e-02
-5.095869006334326212e-02
9.597110689878549095e-02
-1.117924847204147532e-01
-6.589266014320128984e-02
1.889099924917739259e-01
3.426525668850839423e-01
-3.934333830484708638e-01
-7.404409045985446691e-02
-1.918148908488450932e-01
1.997435344844618321e-01
2.315230864182228343e-01
4.814701318022679422e-02
3.109180369907426078e-01
-1.974347754704339486e-01
1.248810255994446533e-01
-4.440911157364239026e-01
1.956425873972346130e-01
4.353145147707135898e-01
-4.257363879803446882e-02
-2.440624185941301372e-01
-1.266505586930067595e-01
-1.213742248582097699e-01
1.190403712041074487e-02
-7.224013974510125335e-02
2.590232877333578099e-01
2.465883725073174659e-01
-9.004605192887210618e-02
-1.097529353577514355e-01
-1.815965891619981676e-01
3.052839290513955639e-01
-2.069760879346778104e-01
1.089349819095577349e-01
-1.823726620278145749e-01
-2.125297732514271898e-01
-1.555611928997501781e-01
-3.974191274752592595e-01
1.115397766220390385e-01
-2.968386107626358461e-01
-2.083759330840133928e-01
-1.958534813175117628e-01
-1.219058257974701132e-01
-1.733535193890952675e-01
-1.299356360397014021e-01
2.001761738307748784e-01
-1.532591309889966003e-01
-1.271542063426379099e-01
-2.162158129794193584e-02
2.253434684877767546e-01
-1.090094412435759080e-01
7.948213391035968689e-02
1.336510874653024650e-01
1.029912533859212026e-01
-2.165905893180363195e-01
3.677795170489712301e-02
-2.576855545415682736e-01
6.827543348423321945e-02
1.250149392123009184e-01
3.471607247963802712e-01
-1.334286706857128746e-01
-2.641258460051107981e-01
6.504105262206287541e-02
5.573045901899279647e-02
-2.033503487246365871e-01
1.857367219663738633e-01
-2.120427740608954725e-01
-4.162090793801069555e-02
-1.381165522517913968e-01
3.162677769746300993e-01
5.985531782529607270e-02
-8.706692309755592607e-02
-9.285730722390821493e-03
-2.934466006689033166e-02
1.379298716747129894e-01
-3.968122031988183251e-02
3.206052007186904751e-01
9.297991660263746350e-02
3.044651850151209108e-02
-9.959986325228516180e-02
-1.376969156940327788e-01
1.371248585056474290e-01
-1.137286973304985349e-01
-2.633865075488289187e-01
-9.810533944564334141e-02
-8.611931900357566727e-02
3.753585365510543614e-02
-1.741125803698707064e-01
-6.854501502507608091e-02
1.573294474099519724e-01
2.528783828173033488e-01
-1.253131259764166394e-01
1.973562055569316742e-01
-2.517031696241655084e-02
4.012666883774985704e-01
1.369461901114594517e-02
-1.285594332586425526e-01
1.015063851862689492e-02
-1.913739270956220928e-01
-2.774207144424834653e-02
1.172357911883332576e-01
-1.691494025877335675e-02
1.028484616506068622e-01
-1.897857977527758755e-01
-2.031029897551593910e-01
1.521310779328567397e-01
1.219822622616534707e-01
-7.712262434445427139e-02
5.146672343399112670e-02
2.539005700161166557e-01
-1.205193948410710342e-01
2.767255817729194489e-02
1.616484365627663539e-02
-2.061680414718014553e-01
3.508648431296169934e-02
6.553342831975939031e-02
8.918452297773533932e-02
2.372109459974034162e-01
1.706099944269360014e-01
-1.787156444105229142e-02
4.441022947991696834e-01
-1.334850214700852022e-01
-1.638850302619294930e-01
-7.427467011837778077e-02
-2.602492438180999956e-01
-6.923951902507763378e-02
6.761648448927927262e-03
2.734354977039624504e-02
-5.898407892600105590e-02
-3.195335395957777380e-01
-4.971886154079730447e-01
2.115679620063290745e-01
2.888839567331550895e-01
7.492705192910316114e-01
-1.510417744731711309e-01
-1.365561101326209226e-01
1.928811169888248467e-01
-2.224324176942542308e-01
2.119180703133910770e-01
4.216324090024566318e-01
5.135211510792749012e-02
-1.342152094882506086e-01
-1.701477429236345207e-01
1.201852497871892453e-02
7.833613506942447291e-01
2.931351058630494999e-02
6.102071980364018877e-01
2.123568207437841193e-01
1.308336976432723509e-01
-1.245776323608236980e-01
-2.382272488129049959e-01
7.110771686955970061e-01
-5.423604468451985461e-02
1.020889715937742075e-02
-1.421526996218239192e-01
-9.069834330538056877e-02
-2.262156288556378125e-01
9.537787804165027972e-02
5.092734029353147840e-02
8.444543909997413722e-02
1.231267317556140328e-01
1.396842662641537836e-01
-1.124722125029349318e-01
-6.462437922617900177e-02
-2.482776327263493676e-01
-1.582278581757385824e-02
9.894607526732003555e-02
-6.160821615754058511e-02
-2.779756818936613416e-01
4.311235567701659499e-01
2.823199923809805237e-02
1.206335772259990308e-01
3.339386333691656827e-01
-2.527314016202154151e-02
-2.127962179409531238e-02
-1.780869273119000881e-02
-2.357075563156427189e-02
1.660832755887490242e-01
-1.449360691010819491e-01
1.956848774872834429e-01
1.668367716857600269e-01
1.936899890854000550e-01
1.698506495138052061e-02
-4.361020596775878888e-02
2.637795338154929822e-02
1.678066055855964578e-01
-1.553557830053637345e-01
-1.104619964527661230e-01
-3.636214725507064260e-02
-1.114943942967547702e-01
-1.147198228181250806e-01
6.168377727762885260e-02
8.766511690285928859e-02
2.271287651392939200e-02
7.189007826750345997e-02
-1.727354970733067652e-01
-3.511089506566065221e-01
-2.477486650036576921e-01
-1.047263424202358600e-01
5.035447302503529704e-02
-2.891969686608369394e-01
3.280780871292668290e-03
-1.248171139841921422e-03
-1.820276761264158494e-01
-9.067545492412698582e-02
3.340413863245332571e-02
2.263732574055508096e-01
-4.230343042080885740e-01
-7.097312584071732711e-02
-9.166938114140264771e-02
-5.823511520829207644e-01
-7.467620889932280459e-02
-3.464124144637125147e-01
-4.586578863848457810e-01
-3.514670972840718832e-01
-2.922930067751285943e-01
3.927248279277937293e-01
9.036886813516073480e-02
-3.877899406448780950e-01
1.226888821313315281e-01
-1.306919667273411245e-01
2.968708222161562382e-01
-9.709158235876849045e-05
2.512735720016293639e-01
5.141430104260501233e-02
7.100186558475932164e-02
3.342415895217867861e-02
4.926264607678747243e-02
3.426864599170617587e-01
-2.844924082652658948e-01
1.106093992867220044e-02
1.038049918497556401e-01
-2.739529247380810828e-01
-5.741250183447946936e-02
-3.482210250993558187e-01
-2.244544452320851868e-01
-4.091566850262628452e-01
2.038668482915750521e-02
6.300024186866312048e-01
-4.884804180138199725e-02
6.656421215729655394e-01
-2.909943905692872201e-01
-1.362581240820138762e-01
-5.333222140935952454e-02
-1.803935393125155051e-01
1.247835107233660618e-01
-1.662654722472073632e-01
-2.353215534117505114e-01
-8.427387890773969936e-02
-2.132384891228925050e-01
3.145469012646950890e-01
-1.668494064814409761e-01
-2.003782081749762994e-02
-3.443413258424236900e-02
2.582567001044321353e-01
1.530534725129682272e-03
9.808115263031789988e-02
-1.310376533791908771e-01
-1.285327582487232612e-01
2.195102638731747657e-01
1.285256152859923229e-02
-1.882502629455811982e-01
-1.982533003056905982e-02
5.422397724843241312e-02
1.505694810922443005e-01
-3.580754951942489994e-02
-4.960433477283753001e-02
-5.300017261991041978e-02
-1.880033208518782917e-01
-2.334885955067218799e-01
7.030265594607335022e-02
7.216270950133556183e-02
6.895393767882163072e-02
7.812770566474501466e-02
-1.436143870406188794e-01
1.547294736464774681e-02
1.837862890348583023e-01
4.324125584568183633e-02
-1.988532545227030823e-01
4.225926846742217302e-02
-1.505593080487650504e-01
1.733412646606999896e-01
2.567298877747332606e-02
-2.004756473640243730e-01
-1.531733734210042330e-01
1.634901707934809656e-01
-4.317698324116310549e-02
4.715768982577516269e-03
5.891306463027923962e-02
-2.661696206559908684e-01
2.931530755141134592e-01
-8.511966476638091125e-03
-4.872462770033295087e-02
-6.482290884685991406e-02
9.293460446889402135e-03
6.679223595470755448e-02
-2.230231652503761319e-02
9.342095553052774670e-02
7.736991035855940446e-02
3.712060652065189981e-01
5.441949168864265163e-01
-2.675124015603948767e-04
-7.158977341770703107e-02
1.236994529233355206e-01
8.821130950435983331e-03
-2.591867844989014305e-02
-2.252305811950019443e-01
2.724786731577918605e-02
-2.541335423618559797e-01
-2.936698270871919772e-02
1.446491282979887605e-01
-2.117441454525382516e-01
4.308724642282756034e-02
-3.496334358345817850e-01
1.626333096877408679e-01
-3.244823923984735403e-02
-2.280802025203786665e-01
2.342091646325495657e-01
2.121016013281989132e-01
4.381255949221112694e-02
-2.012831609584922465e-01
-3.241254256013045842e-01
6.952843990539668562e-02
1.145178451241282425e-01
-2.721428485043551060e-01
6.722880361356224632e-02
-2.933481041949825840e-01
-1.749539439771347071e-01
7.465475618697733906e-02
2.012769864776676743e-01
6.337759171253025681e-01
-1.041185325280415408e-01
-7.330875759830188243e-02
-2.660960328995963867e-02
2.052062627101351455e-01
1.743921060925935351e-01
-3.140663158228920726e-01
-3.420904216810475851e-01
3.362007458301781437e-02
-1.106266750175266128e-01
1.826573212453131978e-01
-1.260540160572705126e-01
2.217914484941475306e-01
-1.564350235456596350e-02
1.332145286648964977e-01
1.076162751108940135e-01
7.648927072942077188e-02
1.196749830126262598e-01
2.407639995157420110e-01
-3.991889784007042752e-01
-2.469668900068500705e-01
5.062268808945160486e-02
1.362113336302942512e-01
-5.718751796935819809e-02
-1.932454559169413319e-02
-3.970095678900769677e-03
9.055554458534821605e-02
2.536647458155156798e-01
-1.415959400153151138e-01
1.514741656035469564e-01
3.800840872227882056e-02
1.639542626324075672e-02
-8.958081778972978859e-02
-1.934090155220083984e-01
-2.353257178521164228e-01
1.617653548039049149e-01
-1.580778252416520091e-01
1.988914058327807266e-01
-3.119968150332509960e-01
6.202625684615482859e-02
-5.556689398815851076e-03
3.084658864904634909e-02
1.967952004907427832e-01
-2.224417121396394387e-02
-2.209587938467733881e-01
1.141251567628464858e-01
6.280709103788222059e-02
-2.324210627048737821e-01
1.714304064747012094e-02
1.442894160049942587e-01
-1.981000911480380600e-01
2.034564918940937051e-01
1.924450894495237929e-01
-4.090403764653818830e-01
3.766299170692091747e-01
9.800288853648599086e-02
1.338218139932568496e-01
1.455677978349590451e-01
1.068459430004245342e-01
2.894492153212604446e-01
8.982692238108123950e-02
3.262803851495934548e-01
-9.121642067914668972e-02
6.699843946737135333e-03
-2.631103110162699155e-01
-9.458834559344936332e-02
-5.900150356245891653e-02
-3.574825236496856351e-02
2.894473621599086832e-01
8.708878331549471663e-02
-2.650077187268450318e-01
6.179100880302587639e-02
1.957470261905087383e-01
1.783307826049075062e-01
1.150168125993920737e-01
3.065622814441346100e-02
-1.315954135830752769e-01
-3.120661887305496429e-01
-2.094306747654280793e-02
8.432484515553362314e-02
-3.419590836791769894e-01
1.678523506299288981e-01
-1.238519857647537442e-01
3.630441673764904786e-01
1.553346524344631843e-02
2.868402228880656546e-01
-1.978207710560406229e-01
3.177397270635917530e-03
-1.478187143486276844e-03
3.596779181959369048e-02
-6.687316239652756067e-02
1.936034969769161174e-01
7.832147118973842304e-02
-3.629475398318240259e-02
-1.492459787260748405e-02
4.228591513597517587e-02
-4.071340571266460207e-01
1.733535927373309471e-01
2.834605947869549281e-02
-4.136214293140220988e-02
-2.687001523730184749e-01
-3.212989033057571386e-02
1.897738032954160436e-01
-1.012179566775655570e-01
6.192341276682897938e-02
5.474951913765897099e-02
9.287693147916137315e-02
-1.619768614653477323e-01
-1.628557714765018968e-02
-8.123798677756809139e-02
-1.793814480917150234e-01
-1.157036162820744007e-01
-6.812296273490231480e-02
-6.423685099347331562e-02
1.778883981358428748e-02
-1.845547605511419498e-01
-1.573429860715867268e-01
-2.523372032733228187e-01
2.547170090235038528e-02
-1.704469367445391459e-01
-2.919631084131044108e-01
-9.390641968533942202e-03
-3.298907205125636843e-01
1.400943362217487442e-01
-9.065578252451537977e-02
-1.032658364241194338e-01
1.860484800274994632e-01
6.806068181418672980e-02
-2.657133563778713709e-02
-9.670465644059958454e-02
-1.234740667886419924e-01
2.676110217775444222e-01
2.105407956186357982e-02
-1.278864869436146245e-01
2.639416494557518811e-01
-3.436220870344273287e-02
-3.093023163939916942e-01
-3.632511714040317224e-02
-1.975103675299634820e-01
-4.330289132661108847e-02
7.989747998695453934e-02
-2.117785557140335340e-01
-5.384722723253883986e-02
1.682823573682179844e-02
-2.304589110010774322e-01
-6.091624298998900636e-03
2.955085463495484843e-01
1.076995101440502839e-01
4.207347241790670989e-01
-1.567745536182933719e-01
1.458054504084870528e-01
-2.709856806953306330e-01
2.121960540570348372e-02
-1.566809182145866564e-01
-1.360014580185284760e-01
-2.993498151421927767e-02
-1.317661649195732698e-01
6.233127563685589984e-02
2.508002754241839272e-01
2.233238467605656030e-01
-5.839065671955802339e-02
3.245352309488524489e-01
-1.662534594907011665e-01
-3.996859117045198362e-02
-3.164720925588220685e-02
-6.844258624542674807e-02
4.237678114517650502e-02
-1.683611658438019243e-01
-8.046128679675300377e-02
-2.929995086342878641e-01
-3.052207890750650021e-01
-2.236001124690559505e-01
2.553811625246219658e-02
3.299174284105684252e-01
1.477972058367927055e-01
-1.228833183394895806e-01
1.532857108980817396e-01
7.034886637491814809e-02
-6.088875766656672711e-02
4.265329405165008830e-02
4.275750002799300065e-02
4.956957150504499865e-02
-1.633064279363292681e-01
-2.097914755562736433e-01
2.137940978726024233e-01
5.505245467530586745e-02
-2.230972074955915874e-01
-7.220328834932081274e-02
-1.373674693926175139e-01
9.911205640742594414e-02
-1.533302147548107064e-01
-8.665500060320724396e-02
3.332714011833659007e-01
1.967952980857886822e-02
8.941540442489236129e-02
-1.330821305102252577e-02
2.070159559877016164e-01
-1.019192815795256363e-01
2.970913635276897433e-03
1.175858124308052505e-01
-2.512275476188837176e-01
1.351034382566106418e-01
-5.225277624622565176e-02
-3.921678940311453254e-01
1.866647472601777047e-01
1.156056226958743771e-01
-1.298999526377584146e-01
-5.445834948523686075e-02
-3.018745474489062386e-01
1.793037428181081527e-01
4.591957522810346526e-01
9.533072216952491462e-02
1.014858606160679994e-01
2.213066392691612483e-01
1.337062974566366816e-02
1.304443024149646024e-01
-1.672386733844891671e-01
-1.276130734452675941e-01
2.771742506335981293e-01
2.137062408462645779e-01
-1.635129426081340376e-01
1.073102855593463106e-01
3.272087842921488771e-02
-6.443690327160574161e-02
3.572075448400162390e-02
-6.322534676783431173e-02
-1.701003100155249470e-01
1.500527351164498147e-01
-3.383533170556924374e-01
4.381405023646061103e-01
1.205863177950956266e-01
-1.718447064490399301e-01
-1.325265542924732864e-01
-8.371155195410912020e-02
3.577229536820994427e-01
3.896256915063149862e-01
1.794267211352391367e-01
1.678052218400782059e-01
1.479643069584510862e-01
-7.962137755733708633e-02
-2.438653606760043668e-01
-2.365500882980679440e-02
9.838828537971272548e-02
2.703671806269591915e-01
1.644968574351069746e-01
-6.196689875189876906e-01
3.583904433423490410e-01
3.610490296590700421e-01
4.620785467507462774e-02
-3.624591536384035306e-01
-8.707305940945142542e-02
-1.333912308955727821e-01
2.377515700084870953e-01
4.923059714198986803e-01
1.903058844415439488e-01
-1.801379236418959306e-01
1.772672599254541959e-01
-1.466898487449331545e-01
1.201514838770919857e-01
8.560887910128844869e-02
-2.415301060771067598e-01
-9.078247843850542620e-02
-8.208587801445391130e-02
2.804532364270379344e-02
-8.013589983507676817e-02
-1.576279856825148484e-01
-3.559067223242733807e-02
-8.937489204902719642e-02
6.428233122752077811e-03
1.770519819566912512e-01
-2.503692056369926644e-01
1.731401051792693380e-01
1.386920942326596851e-01
1.078478831746591815e-01
1.432349896405940397e-02
-1.939581286944708216e-01
-1.179035864107481901e-01
1.366579696854505199e-01
5.915621245831540614e-02
9.174396183084715384e-02
-2.903815526237246147e-01
-1.069041998780599356e-01
-5.832787404545822924e-02
-1.613826173773558748e-01
-2.049655905057252148e-01
1.235164656153217577e-01
-5.602986382104780949e-01
-1.513400133348592191e-01
-3.395567460729614906e-02
-1.999793539014583232e-01
-2.267615698302430025e-02
1.309111351306276316e-01
2.518649457315465939e-02
1.167926166368642715e-01
-1.741449969810901222e-01
-5.953018442539229071e-02
3.379098312938058797e-03
1.963338904159582787e-01
8.212794926976622889e-02
2.111722706945087791e-02
-3.222282759388566675e-01
1.976550330329689131e-01
-4.889882189219619812e-01
-1.530308100274525296e-01
-1.587794614761386947e-01
-1.095810354666670317e-01
-2.842481284958053855e-01
5.336643029139981342e-02
1.822256201091714267e-01
1.419753606656833922e-01
3.664082000754398383e-01
1.472372295313120194e-01
-1.350786100561578718e-01
1.852775795866326847e-01
1.551430598200808850e-02
-8.372591466823581241e-02
1.296346532781755823e-01
-2.008012852944190685e-01
8.684254186282054644e-02
-2.163390244822502584e-01
-8.127154376463432625e-03
-1.478548331606646107e-03
3.658258417734549517e-01
-3.718530090984902836e-01
5.118553545660289861e-02
6.353370065991489901e-02
-1.192408255287621954e-01
8.220213532202074597e-03
2.915955454606219965e-01
3.039858521057608315e-02
7.782610236386089397e-02
-2.213921500110798968e-01
5.787650560938403799e-02
-1.306053300496125558e-01
1.378823259575771842e-01
-7.106341232163411459e-02
3.244897829318058730e-02
-1.880729477775510972e-01
9.358134431853797064e-02
-7.777794420463836345e-02
1.098558689438234801e-02
2.360955752907903105e-01
4.789842262935839479e-01
-4.210452179654592397e-01
-1.687566222070793487e-01
1.038790608404871335e-01
4.020527118427169033e-01
2.435176424185146460e-01
1.762642028295096364e-01
-2.000497903298788516e-01
-1.333235460190074217e-01
3.230010782668244484e-01
-1.120990563045711069e-01
2.840886701918494128e-01
2.355163367681244874e-02
1.653811468830270470e-01
1.098661557576878500e-01
1.966796571782794545e-01
1.402785027200763868e-01
3.070772327681399738e-01
6.181093864449997977e-01
-1.546870085818555784e-01
4.356441092617741040e-01
-5.060636200698476889e-02
1.282778219340086345e-01
7.705323201905661668e-01
-1.657196306047809681e-02
-9.126216548299714848e-02
-5.534685980619566958e-01
-3.653144852793196312e-02
-3.894032454937995658e-02
-2.511110117002820497e-01
1.714779515967401746e-01
7.685726925544551502e-01
-2.931588787288938111e-02
-9.245671893851020728e-02
6.686856212690850398e-02
-1.086105669733366114e-01
1.260401538413157274e-01
2.498689880175820055e-01
1.613593067129852898e-01
1.907656271487809252e-01
-8.206774004816819179e-02
1.492042609428831657e-01
4.488424456911517257e-01
9.658059911440777107e-03
2.545643590100151732e-01
-5.522425492808224340e-02
-2.571473557409263005e-02
3.100525689407788998e-02
-3.412016346956927570e-01
2.359567939282526672e-01
1.526710146124213574e-01
9.402684131958838343e-02
-1.071476060039791844e-01
-4.740102133702889242e-02
2.251294019212122799e-01
-3.222043931511139325e-01
1.060897152995756050e-02
1.280424464819961139e-01
-1.776091881182634974e-02
8.247614125835515952e-02
-1.050447888977362743e-01
1.106348648201042895e-01
1.802714432867239813e-01
5.398242853535517582e-01
3.024184779265142731e-01
1.207452269316998256e-01
3.004021185149871251e-02
-2.791831778855750623e-01
5.073284338249137160e-02
1.223024754149242971e-01
-1.246760723413270072e-01
9.832615686890464057e-02
-1.486471000864321712e-01
-2.118411855055441495e-01
2.038551096137913576e-01
1.845750725466117903e-01
-1.186524948691562026e-01
2.279288184151420926e-01
-1.531981234966777183e-01
-1.117118523402841901e-01
-1.445618353689915037e-01
-6.550800757984465150e-02
-6.098336325372242378e-02
-1.064534193447316257e-01
1.745157075717572726e-01
-1.068627289419113169e-01
3.951845742537064554e-01
-2.328339999777002955e-01
4.015488712276107236e-03
1.523478606083299158e-01
-2.569710882911087624e-01
1.033065000926140647e-01
7.836192618199173954e-02
-2.959301931505157746e-01
-1.288523329332573741e-01
-2.735396400855549248e-01
-1.968147409338150411e-01
-6.853999249164714758e-02
2.877352387046125393e-02
-3.315721322877403510e-01
2.281667257957156192e-01
2.742410145629701756e-01
1.751866102513638113e-01
-7.042800995441872436e-02
-2.785982558388367392e-01
-2.925802352411049911e-01
4.462071771902232850e-03
1.382348061330493927e-01
5.386710151146125586e-02
-1.562523948155463693e-01
2.890450169393247726e-01
3.214400570104003485e-01
-2.314501886607193415e-01
1.032788492595069912e-01
1.514949499446966719e-01
8.761041851164376448e-02
-7.363462342714516273e-02
2.231560995521890967e-01
-1.144212084207954505e-01
3.031616821438366527e-01
-1.928840761225271080e-02
1.581320255220914073e-01
3.567441499798581495e-01
1.024763735457787095e-01
-1.616298978963499888e-01
-1.239463552831841613e-03
7.599864482216756034e-02
-9.474896504805030428e-02
1.849495010497876624e-01
-4.864134755202208504e-01
1.404829484825951824e-01
-6.691374916538791844e-03
-3.137808384461545641e-01
4.092948517612206294e-02
4.020815136808377765e-01
8.061228101094028431e-02
-2.623542526170709599e-01
1.670666563985039044e-01
-3.083584669643405496e-01
2.157809090185483503e-01
3.971986656621951939e-01
3.490544191661283380e-01
1.862407416714723096e-02
-4.243033680880707870e-01
8.041527053709383865e-02
3.830425034143388197e-01
1.771387411093601205e-01
-2.932213378824411604e-02
1.102166230205476188e-01
-4.886262302661187884e-01
-8.072848603401233669e-02
1.071947852898569309e-01
-6.100913882864485160e-02
-9.617057768814378516e-02
-2.036789233271108224e-01
1.894570614044450985e-01
-8.839208675609890389e-03
-1.839615768348150937e-01
1.031707310753277214e-02
-7.289411678184759547e-02
2.401378996207773064e-01
2.580852251011888157e-02
-4.261278941741354909e-01
9.159892256353277529e-02
3.035915396138981204e-01
1.180980560722730971e-01
3.042009508149140506e-02
-3.536208175399997711e-02
-2.280519081355143751e-02
-3.416235304684242524e-02
-8.539577658979470576e-02
-7.965492533045086254e-02
1.836036539023271630e-01
-2.228582754368609586e-01
-7.038024370423669185e-02
2.790583526026927386e-01
3.220018345076920419e-01
-3.351194196909686451e-01
-3.513829491715325659e-02
1.702711249086001355e-01
-3.821304122604463060e-01
-1.701324532591277916e-01
-7.555409676271546138e-01
2.898696987193592409e-02
1.951950392487940000e-01
6.044338158731109578e-01
8.585092473519764789e-02
2.843087571464116281e-01
-1.355600430236363896e-01
7.315304460463365466e-01
-1.954884624734196108e-01
-1.825175919718187434e-01
5.677434708243172742e-03
2.516932953552138419e-01
-6.798532767926158960e-02
9.991078309617483499e-02
2.631273919876653961e-02
8.404133695382899616e-02
-2.426672440358627891e-02
2.127502026139453661e-01
-3.796501793294786847e-02
2.900219286494954418e-01
-1.481861423369273678e-01
-2.771067016051584689e-02
-1.100931722584550104e-01
1.005627382859279328e-01
-5.772795237789741379e-02
-1.075848082043804471e-01
-5.109152328533783649e-01
1.566146114429934066e-01
-3.755583267613181730e-01
6.398614485467890578e-02
1.558157257748833679e-01
-5.316978021180025771e-02
2.752793248551706554e-02
1.776683434190992616e-01
3.582990231540214010e-01
1.597719197764990440e-01
4.863076263059159521e-01
-5.450496578543247844e-02
-1.798015446191839894e-01
-7.178479557282384065e-03
-2.115633351466573719e-01
-1.029523981993607090e-01
3.481790244476625218e-01
-2.629888502938594885e-01
-2.133272733368119511e-01
3.531163741768243436e-01
-1.982496215277354534e-02
3.245851895090134942e-02
3.199299620681683165e-01
1.240706452091798195e-01
-4.558392812430839269e-02
1.016175828324568792e-01
-2.949058554030783985e-01
2.644328851433342953e-01
2.479731784043728016e-01
1.003630034804478821e-01
2.693468926618003967e-01
-2.019831831015215517e-01
-2.285107402407221544e-01
1.159540749592980202e-01
-6.158186016925153439e-01
1.998705819605328671e-01
3.559123962371507632e-01
-2.459016420616340327e-05
-2.695156064530872531e-01
7.369046540586193794e-02
-9.867387038368539975e-02
-9.371705376844348401e-02
-1.192238038534099501e-02
-2.263398473432013183e-02
-6.334217472363770120e-03
3.127770367737340851e-01
1.015557544190294759e-01
1.224010251018691903e-01
-4.520744931570448988e-01
-4.782693869492972427e-02
-2.096256059645379144e-01
-1.218687644466994596e-02
-3.329829499217326072e-01
1.512410215943616743e-01
-1.659312954390445016e-01
4.429472609134927907e-01
2.898996668964547163e-02
6.805236619006330145e-02
-1.389306741192241346e-01
8.116641743696255407e-02
-1.549749747644234010e-01
1.015726588236100791e-01
-2.110971036594452288e-01
2.423601531843237733e-02
2.459806359818470303e-02
1.687631439781024367e-01
1.184401767134492106e-01
-1.068016069443401134e-01
4.812912100414172278e-01
-2.430774472235193440e-01
1.338846050318318881e-01
3.761103885931000451e-02
-1.638565628988995033e-03
-4.037871876522444725e-02
-2.845178336267124020e-01
5.029102423301928804e-02
4.881513834096675060e-03
3.933631512059982405e-01
2.940294286386470057e-01
1.715769251631432679e-01
-3.039021289690789218e-01
1.604100553472813384e-01
4.765096204149660286e-02
3.523366268420426439e-01
-4.882071087752130889e-02
-2.095596845998558971e-02
-2.223544682425189767e-01
-1.816527176976496377e-02
4.031762732036051761e-02
-8.658566338521792027e-02
1.675571331402533892e-01
5.945014960963444089e-02
-5.847782988254587311e-01
-3.662415083293851792e-01
-6.558050823998785583e-01
1.054592959978142286e-01
7.866287892850640229e-02
2.810606758980274678e-01
1.663715540649150781e-01
-4.656098841765096696e-02
-2.742559619033065332e-01
3.809529444386596797e-01
3.712966896893750146e-01
-9.078031229129901458e-02
1.595756843517108781e-01
-2.844897751675348196e-01
-4.576639144356618449e-01
-1.901961370334083815e-02
2.325090212117169874e-01
-8.932584536283517951e-02
3.396448876346296053e-02
-1.159544392631670223e-01
-1.011494672354632529e-01
9.357140902774634117e-02
-2.741952960930666983e-01
5.780139527755357581e-02
-2.239654141296407441e-01
-2.432768628801561805e-01
7.671774626317134915e-02
-1.495457303838857721e-01
1.704016527012424120e-01
2.885721364562953556e-02
2.864010555741827169e-01
-7.648822893632059583e-02
-1.244676237536544022e-01
-8.348328199354321244e-02
3.482164501753128721e-02
1.415956206216854169e-02
4.785122156507801670e-03
3.071475906550852897e-01
-2.157088010378165888e-01
2.033550156968944866e-01
2.933861151303710987e-02
-2.640857585798957463e-01
-4.393602757685754340e-02
2.280417307895840351e-01
-2.327761544498707091e-01
-8.756218380616165309e-02
-1.361616141668572644e-01
-1.612215498567630134e-01
4.850301287525560223e-01
-3.540637021312439958e-01
-1.889367653633447219e-01
1.410897928353582395e-02
-1.160134547338386585e-01
2.985942261112597418e-01
-1.140900533848133308e-01
-5.565496209368187008e-01
-8.084195512552558305e-02
-2.403511398525241538e-01
1.208054333815390263e-01
1.609645419855805504e-01
1.792342688884361046e-01
-1.024746969565739491e-01
5.691598802838548909e-02
-6.362933129049999290e-03
-3.644173077403721484e-02
7.617161049550844054e-02
-9.806834753813883920e-02
-2.252978386068398564e-01
2.337772016658415108e-01
-4.793515658100594989e-01
3.198630818768993800e-01
-5.626080787623307516e-02
-8.080377218325109079e-02
-2.333084527937276664e-01
1.462097203174184401e-01
-9.562913894293963157e-02
-3.270011608115734880e-01
3.462872094385508609e-02
-1.500586983524067053e-01
-3.414046581180529838e-01
-3.132144094064118200e-02
1.352292235686443356e-01
-7.023134168874520800e-01
-1.773550085328306491e-01
-4.108768579301561030e-02
-7.259689654201847975e-02
4.883192000552912249e-01
3.031445517217115082e-01
-7.436095636630665195e-01
1.634281824173613173e-01
-1.126541755016344931e-01
-4.492999923663811290e-01
2.513981069237126165e-01
-3.353209897825422114e-01
-2.710451245336374382e-01
-2.749830066919731197e-02
-3.023925425300153513e-01
-5.932942253061292831e-02
-3.357436162194068485e-01
-4.041467821500820401e-01
-3.589506065782161470e-01
7.370778595806322386e-02
-4.851191994520127060e-01
-3.373061842116238662e-02
-2.216294527026893280e-01
2.463581656765142236e-01
-3.202171468128337528e-01
-2.523264049665713271e-01
-6.926040757225408739e-02
3.952034625714437310e-01
-2.419340872212686344e-01
-1.372751739680231897e-01
3.747139674450054164e-02
-1.669075090089786051e-02
-9.465022409660787950e-02
1.757516142141015425e-01
2.425485520702333753e-01
-8.265398601638636322e-02
-5.860398749120544065e-02
-2.002775932045391255e-02
1.180777407425937647e-01
7.540296120611544178e-05
4.370811306054522838e-01
-7.925600721111286662e-02
-1.835133635996053780e-01
-1.822626698974931791e-01
3.660866693394154714e-01
-1.123784689687594568e-01
1.372912666336596199e-01
2.200296385177570591e-01
8.574975792330671864e-02
-3.296922403477322433e-02
-9.490307103225587015e-02
-2.479274524345399244e-01
-2.546145549502372707e-01
-9.503144054312594180e-02
-3.234031818608167075e-02
-1.871936025319722863e-01
-7.803851321527528750e-02
2.300362744902698375e-01
-2.403030984544664017e-01
-2.350162645974844533e-01
-1.090483709469870499e-01
2.722928070477700913e-01
1.203770518575966453e-01
2.529667897077378935e-01
1.438831703930245343e-01
6.378622500475139567e-02
-8.534304157501441945e-02
2.570320720336837228e-01
2.975667591334600348e-01
-2.975512520573485586e-01
-1.121990734057845551e-01
-4.322694552127323564e-01
-3.124064032321404241e-02
-4.634251110299991185e-03
-8.748542448343359090e-02
1.722311542734945577e-01
-7.452271117217895702e-02
-6.639258046211449216e-02
5.078247155796038470e-01
-2.400333455639902247e-01
9.952482308740342662e-03
2.200742082451122295e-01
-1.033397154139473056e-01
2.024838849892201253e-01
3.261657135536849550e-01
1.958905709997561528e-01
-5.846803926307555521e-01
-1.499967614811637817e-01
-8.969610843335638906e-02
-2.672382734865627607e-01
-2.477616130418269780e-02
2.614276309432427836e-01
1.434583644612711650e-01
-2.142083409683898376e-01
-3.399772299607303760e-01
2.988665067529125419e-01
1.553346018184952049e-01
-3.298549093035971769e-01
-2.753319720048981178e-01
-1.427442441591360127e-02
2.868130534484355509e-01
-1.777038350030949732e-01
4.339651202990659623e-02
-1.116304163011413164e-01
1.013829122638665592e-01
4.187385696838699101e-01
4.836584375361429981e-03
8.600301234275224693e-02
2.869950501705563206e-01
3.580372067688896709e-01
2.398035502857366330e-01
-4.423591588608448699e-01
-5.668694672778944871e-02
8.603129765637028761e-03
-9.517268728512152942e-02
-1.983329913380079967e-01
3.679087481494818235e-01
-4.905245279208949594e-01
1.667188690148860009e-01
2.187634950589250130e-02
4.599601899075803080e-01
1.432569790392118625e-01
-6.802130222941987769e-02
-5.102836765908073113e-01
8.094690050573939699e-02
4.155486029808505566e-01
-1.731428653733141643e-01
-5.264815363057406827e-01
2.377058237884720204e-01
-1.530142479722255457e-02
1.599580137001632152e-01
3.337239202037214914e-01
1.620237310491876304e-01
-1.044976451938084590e-03
-8.307599798801593161e-02
-2.402887935960300661e-02
-1.643497332056818028e-01
4.928135168736760136e-02
-2.144549411429290953e-01
3.434412208622220075e-02
-1.310078537996700078e-02
2.871107919639043771e-01
6.005384180886402801e-02
6.009051729414427445e-02
6.823596865963693636e-02
6.820568105664391867e-01
-5.336586761473008922e-01
-3.761969112210161725e-01
2.768580593512398602e-02
2.605869735198230730e-01
4.731253175073394518e-02
3.256330241749469945e-01
1.042493465640984329e+00
-4.866288749452667844e-02
2.165259814031327279e-01
3.311514074289054199e-01
2.497387036564041318e-01
-3.183325245739985765e-01
-2.656937926704654451e-01
1.208259296518456316e-01
-4.251706830530032066e-01
1.286666931996363339e-01
7.283284031683906479e-02
6.745509451697513648e-02
1.517995494116890220e-01
2.692134117601495680e-01
1.849043991526118647e-01
3.425400514010965569e-01
-4.342753628104790153e-01
-2.349064753273711337e-01
3.738584682305580720e-01
-8.943415982922713059e-02
1.250333378676128648e-01
2.531640061495483152e-01
1.434054584717511238e-01
-2.039454511678386039e-01
2.845261383358907784e-02
2.305106684635423731e-01
1.130467119158778122e-01
-9.247985770794153737e-02
-3.561839256222161521e-02
7.498336710520367432e-02
-1.392343973379603916e-01
2.073741954077389094e-01
6.340483738527115387e-02
-2.712596579241324801e-02
6.092523815979389301e-01
-6.264582697960845159e-02
-3.390109874794238198e-01
2.130300804776986412e-01
-5.519686288806117253e-03
3.305299289581211664e-01
-2.754828470544875008e-01
8.583434849519071264e-02
-1.052016323150826438e-01
-1.308982381777530624e-02
1.386220678622796243e-01
-1.778622303870168730e-01
1.023726576362321700e-01
-1.974626654157819183e-01
1.684665895770864619e-01
1.777900290132185257e-01
4.893229413977280562e-02
3.232820263242524444e-02
-1.692922457985114870e-01
-2.661827593893767996e-01
2.389390887355640758e-01
1.510700364110930949e-01
4.272314825212672473e-01
2.469068089930321896e-01
1.760778479654766249e-01
-7.736344764840234756e-02
1.859180731158667499e-01
-2.880002581418574237e-01
-1.275708672458064109e-02
-3.576042585895386483e-02
2.103503497627957908e-01
-2.054951988456817924e-01
2.532098264381684172e-01
-4.399465401516821084e-01
5.059501228571493259e-02
-1.085505066364987753e-01
1.057780254143541876e-01
1.150586538309839035e-01
9.977337306850759396e-03
-3.913439059285925975e-02
2.376995456540961227e-01
-2.429691069061005182e-01
-2.672502833849093040e-01
-4.921291298761834576e-02
1.260276085529987433e-01
1.219879548334529100e-02
-3.251496584192024031e-01
-1.620599595815696570e-01
-4.435513808043992645e-01
-6.302947893262222934e-02
-7.218993324285172437e-03
-3.338459831690024360e-01
7.880413735824892685e-02
-8.560979124345600988e-02
2.184854666160161718e-01
1.067368046518388514e-01
-1.436383547921416814e-01
1.122312906612066286e-01
-3.291583519862115170e-01
1.616413382684885047e-01
9.463801849297955038e-02
-1.883543509427707263e-01
1.773290414781643620e-01
2.223023242035392644e-01
-4.336355376752318996e-02
4.092381431813089665e-01
3.079556889218906801e-01
-1.368851070852251939e-01
-7.930920547558037437e-02
-4.725063460582826225e-02
-4.155704963939990115e-01
5.744331807328811965e-04
8.027394600740107855e-02
-5.214520062461709682e-02
-1.434527049505106566e-01
-6.912792499226878551e-01
2.440396575609720675e-01
-2.869687499100028738e-01
2.351449219590517892e-02
-3.269255034794227993e-02
3.723203795491959456e-01
-3.987198179883148091e-02
5.217211344908295745e-02
-1.337413697605976670e-01
-1.893282824490820637e-01
-4.596214974307915035e-01
9.515758468648759238e-02
1.783790973946964842e-01
8.634134679805845203e-02
-2.628087619369041672e-01
-5.207175568067464594e-02
-1.884541683478865581e-01
-1.275779554384922909e-01
-5.877025853029911595e-02
-5.408799772364110137e-01
1.724189163282788817e-01
-1.692504563542055751e-01
1.760928983874312237e-01
-2.796979765937144258e-01
1.474842132543018602e-01
-8.203777941978754318e-03
6.425405616433648159e-01
2.635830390659363309e-01
-9.529359346156765498e-02
4.350478272783810801e-02
1.210484798416854718e-01
-3.937054476352536136e-01
1.428315449824196781e-01
-2.481606873131574353e-01
4.787715215090382892e-01
-2.030893341117652739e-01
-2.370245410515557927e-01
-7.009436777077204805e-01
1.092412233343468056e-02
-8.999001836238425256e-02
2.431950525425733978e-01
-9.881209445241877221e-02
-3.613870689792056390e-01
-1.438846926183337711e-02
-2.273337909644986832e-01
-3.044543698906817530e-01
-2.472584816096649873e-02
-2.078291022521604192e-01
2.417116480023407121e-01
-4.228424648351268855e-01
2.890436966109267702e-01
1.281535152338179051e-01
6.578914927243044442e-02
-2.812243281868513356e-01
1.397074879927210633e-01
4.331348479989620692e-01
-5.727947286532360238e-02
-2.227014949773249430e-01
-6.015542189801051931e-01
-1.732994485427677700e-01
-1.414825173250628954e-01
8.610478480825112246e-02
-4.195037836447906843e-01
2.506945131987162179e-01
5.445713246458151746e-02
7.583648434797486682e-02
-1.215321004546907196e-01
4.506606864339530172e-01
-2.262027385153692616e-01
-3.337201440823792664e-01
5.853676218146882659e-01
-2.459954284360816035e-01
-2.355650878885415522e-01
-7.439537885941800710e-02
-1.100286165496910246e-01
1.562026624323927804e-01
4.674071446571515520e-01
-2.787082002512635340e-02
2.258542708557024214e-01
-2.673992859293006785e-01
5.409731384366671392e-02
-2.566433866111328399e-02
3.347353118463304855e-01
-3.302164074417772432e-02
1.306503908087725263e-01
-1.235531978655587948e-01
-1.348969938394209769e-02
2.937969059592246759e-02
1.039858507081066197e-01
1.847343160408617957e-01
1.639452800549469624e-01
-1.115048939864928257e-01
1.636159275747369911e-03
1.765334897014482762e-01
-2.919780027750849549e-01
5.354586770124923900e-01
2.495928342639185671e-01
-5.485122041625473122e-02
-9.570670357456403932e-02
-1.226731690799840596e-02
3.572507931029680200e-02
-1.790213035489571225e-01
-2.727813884987958515e-01
6.779276398373691725e-02
4.922224264256258586e-01
-3.293846565346578159e-01
-7.362886425746112407e-02
2.219656662788015503e-02
-3.635616665098417299e-01
-1.881436979171610679e-01
-2.427194712927507325e-01
-4.539990994408609204e-01
-8.110272269282531310e-02
1.570519273267203808e-01
-5.422400333549683982e-01
-2.921524989174420495e-02
-9.433422495436059874e-02
-1.654390192547930682e-01
-2.490253569714290516e-01
-4.228458010039745085e-01
3.357791206330369982e-01
-5.065047520848046103e-01
-4.034777708144661190e-01
-1.533946306408323912e-01
2.127042912391482327e-02
1.995579246680019292e-01
4.153862444828984590e-01
1.605229703620456860e-01
-7.511957905506946864e-02
-1.163605666071004352e-04
7.461873213526223902e-02
1.480575805678339130e-01
-3.169742168377120278e-02
1.014965306371551218e-01
3.017838387940543488e-01
-2.908686849802247232e-01
-1.583308017327991202e-01
-1.445813511196309409e-01
1.136548512545114964e-01
1.102916303777121271e-01
-6.271011053516692968e-01
5.976702399866334198e-02
1.033455836520999205e-01
-5.080309497526467322e-01
8.962523807145189592e-02
2.013995364874962557e-01
5.296446989200916805e-02
-1.169691711140125462e-01
3.370437743706875544e-01
1.872529920756496047e-01
-1.255735050543439202e-01
1.555947651629757122e-01
1.687864466067924285e-01
-9.241792216104081914e-02
-1.956177778299351966e-02
1.177700201634959143e-01
-3.174132045831709603e-01
-3.167310121415357616e-01
-6.640708401874506617e-02
-3.019729976677634764e-01
-1.152297238719375561e-01
-3.224547236671601591e-02
-7.220504766172967936e-03
-1.965826032790773115e-01
3.499876157567090584e-01
-6.317971082418610829e-02
-6.970848670954332693e-02
2.486042268977154412e-01
-7.429380427892943173e-01
-2.749706097625221335e-01
7.779170839282714689e-03
-1.892011550742363768e-01
-6.508911411699632721e-01
1.378990942357839200e-01
4.083344966745628413e-01
-7.643285431681127173e-01
6.962775802870935227e-02
-1.832527327994847022e-01
-2.177944923003785060e-01
-2.233774869867786173e-01
-2.034455323051665432e-01
-2.389710229506264438e-02
7.012448047456943945e-01
-2.814258025657260728e-02
1.093799447945958681e-01
-7.378509702812445781e-01
1.539758208647175608e-01
5.013155607782971979e-01
-4.011135115572695420e-01
3.606527639075323560e-02
-6.417984044501626184e-02
2.675742675587979846e-01
1.079076001633680615e-01
-1.427538174413778838e-01
1.280065237426001867e-01
4.612111807813145670e-01
4.933942346824281289e-02
3.748433864104634416e-01
3.707062785310638042e-01
-2.592867162509354673e-01
4.409650843378989937e-01
-2.192528203615086158e-01
-2.522919876281022322e-01
-2.218837203341626207e-01
-2.792204269262590910e-02
-1.575711954665480474e-01
2.732373706675288449e-01
1.271620524813144859e-01
4.375663588174092955e-01
1.038923331571633552e-01
-2.295000446501892482e-03
5.094797215302474674e-02
3.268787796896320264e-01
1.052348895663348105e-01
-3.068425966814652961e-01
3.754913086515578868e-01
6.318524506986737677e-02
-8.473296702794677615e-02
1.953777065217623399e-01
-3.273384471969187914e-01
4.448472961451004903e-01
-2.729640809752784669e-01
-2.298833625517554824e-01
1.558065901299968969e-01
-5.809799520039755638e-01
2.317303442249525960e-02
-1.940631508349127121e-01
3.583172557055959162e-01
-1.476705798821779381e-01
-6.812050269585707696e-01
-2.610112396493723397e-01
-4.553946984273083733e-03
-9.386773580242153969e-02
7.287934452087810322e-02
-1.157073780173226707e-01
-5.045223156950152665e-01
-9.738186441275564764e-02
-5.339696938324939302e-01
-2.167098371000508727e-02
-2.015866060764309742e-01
1.811439936389900029e-01
-1.605038285032234224e-01
-3.464494543561775219e-01
-3.873769637125050735e-01
6.671883276653048367e-02
1.380730874675903386e-01
-9.757164343191630784e-02
-7.729562649533794350e-02
-4.798452232848244292e-01
-4.385677025603831325e-01
5.064313799087095669e-01
-6.544237923028317638e-01
-2.470572066923153870e-02
