-1.097830834308960099e-02
-5.935844109864006901e-01
9.119687527269016991e-01
1.698507222775404168e-01
6.144520370811432652e-01
5.703110090299855495e-01
3.206326893114204601e+00
1.127234352850115195e+00
1.390249631909931949e-01
5.330536730306172366e-01
6.666476451177892892e-01
1.802471136295661150e-02
-2.053464142300916173e-02
-4.143316167027011887e-01
9.401461894497184502e-02
7.229398045186177235e-01
1.962688093784715759e-01
-7.698441631675202040e-03
2.087157062123295159e-01
1.803100604026889320e+00
2.714317723560049078e-01
2.723710128280641407e-01
4.175491897697661270e-01
1.353723836633352051e-01
-3.849912321501376411e-01
-8.004199983836743360e-02
3.488311558275566937e-02
-2.132027482351144254e-01
7.818046597761331429e-02
-4.657298221803225780e-02
8.437529992366089859e-02
1.431329432617615138e-01
6.503631672861254209e-02
3.135641488392371806e-02
-1.668281149817945064e-01
1.508482804454150117e-01
1.148846338161943897e-01
-1.221838840668998116e-01
-3.204029553955254905e-01
8.560164338639746073e-02
-3.287624895463147484e-02
1.644800300833024753e-01
-9.588614448685525704e-02
-1.409823674407886529e-01
-2.286332035397753704e-01
-2.839126709593456366e-01
-1.956452438681973272e+00
-3.519402314127299536e-01
-7.668380150031423037e-02
-7.783565509918806413e-02
-1.643613025502284608e-01
-1.458527266489633711e-01
-6.567639573278513665e-02
-6.138941097748221859e-02
-2.875413911800774741e-02
-1.050744088298064816e-01
-2.772195813498523620e-02
-1.893748276218012172e-01
-1.949899910637854505e-01
-5.014667047985139625e-01
-1.377536000917121417e-01
-3.934900553695315217e-01
1.253594277120670675e-01
-8.054862185636114946e-02
2.075398148560582967e-01
2.851139406957644562e-01
4.666198175360908307e-01
1.291226737247346823e-01
3.458205668316108317e-01
-1.921764783132338672e-01
2.013360936881135876e-01
1.662613237531459509e-01
6.486126906464101394e-02
-4.840614894461397338e-02
2.959732581791658657e-01
2.814076004066015102e-01
2.533229382822216880e-01
-2.983979360577020401e-01
3.700970104495814872e-01
3.315515680825965594e-01
-2.194246470248083503e-01
1.721831379013329111e-01
6.777720025186481645e-02
-3.190001781712874934e-02
-1.888927898271651751e-01
-4.249620061077539201e-01
5.067368992027371233e-01
-1.192737295371740572e-02
2.317213901829089373e-01
-3.688272408593380042e-02
-2.099758868221287267e-01
1.427581141283870148e-01
-4.315683570092118670e-01
1.848063373401011844e-01
-6.356210476686757760e-02
1.379327263353175848e-01
7.931732702858092232e-02
-1.030774376647385582e+00
-3.162410992589353986e-01
-2.352972820131703502e-01
-5.151629538458331048e-01
1.535377887586793222e-01
-2.096398230417655661e-01
2.323427770210300392e-01
-1.126074681355163087e-01
1.114032070804456681e-01
1.468083796822596820e-01
-4.608115394449400215e-01
-3.559956034864831254e-01
2.227152140138366661e-04
-1.079098123476646826e-01
-1.726093554660459717e-01
-4.666052518094757073e-02
-1.817153711480382072e-01
5.394797460609352530e-02
-1.864731445577688107e-01
1.688182957492763425e-02
8.968868017429907843e-03
9.540671199022525695e-01
2.303874551383840175e-01
-1.784139397523701320e-01
-4.398022800908850116e-01
-1.156192755374616382e-01
2.284892688898706170e-01
4.408943768432457833e-01
1.233676014913010488e-01
-1.065570927922152994e-01
-5.773844319491545918e-02
-1.134378851725621751e-02
-2.157923264991541967e-01
-1.360292406639070362e-01
-1.085612301734536489e-01
1.588932454544456432e-02
3.083843896656109362e-01
-2.093090356358858484e-01
3.555139486694802731e-01
-9.659326574320084569e-02
-2.072299187238295926e-01
-8.588276550192791570e-02
6.136273135759096053e-02
-1.756990769304781763e-01
-4.221094055187224470e-02
-1.369240076695085739e-01
3.946283267067733636e-02
1.995221676718531012e-01
4.704292668846661307e-01
-5.306586950066451841e-02
8.893920529451253276e-02
-2.111282655985862733e-01
-1.818456840706042243e-01
-2.911257288211907546e-01
1.019920141690738719e-01
5.646777196454586673e-02
-1.016953724395808396e-02
2.109315902585954042e-02
3.289595675378374495e-01
-2.086542922415236534e-01
-2.546358422763110863e-01
1.250602511874814859e-01
6.366879839833115007e-01
5.323818392333370397e-01
3.532451195202331862e-01
1.720416435841929104e-01
-2.513755434815693329e-02
-3.430306666649834968e-01
6.915832404529949351e-02
1.346416955098438395e-01
-3.127954098321062970e-01
1.637806838450809876e-01
-1.333796689120261281e-01
-4.826658704883587392e-01
-2.350885362411370416e-01
1.976533189928482981e-01
2.884869433314388720e-01
-5.353500944062389993e-02
1.453375317205369832e-01
-5.109194553635652836e-02
-1.003211801008937754e-01
1.861913056076494599e-01
8.752735003988332263e-02
-6.429655999470303973e-01
2.658009577416942659e-01
-4.981552696861244467e-01
2.215787006352078203e-01
-2.246508977164063670e-01
-5.367537305914573675e-01
1.497768220349509072e-01
-1.431528170610885664e-01
1.576044748007889573e-01
3.883429526479300481e-02
-2.145662139810790570e-01
1.332476384960001037e-01
-5.410437612277010228e-02
-4.150727133405084368e-01
-3.147738179241365009e-01
2.391706410507092040e-01
1.317092672041623447e-01
-7.168408254598455098e-01
9.660295940900475165e-01
1.624781056022138070e+00
-1.504921481235575176e-01
2.019329555591398706e-01
-1.996075317042011465e-01
3.706352039870044329e-02
2.373015145692166650e-01
5.113246294838954542e-01
9.159770341364127655e-02
-1.401658811626918244e-01
1.235799267147585506e-01
-2.216955383134436020e-01
1.303951961656939218e-01
-4.529755454669019410e-01
3.141611945246376991e-01
-1.333457989305700947e-02
-2.070027851509774197e-01
-1.651488938802089246e-01
-1.294221757590984234e-01
-2.355182190165572842e-01
-1.791151516951613176e-01
4.423132449972234093e-01
-7.220303396078602172e-03
8.703211176356208389e-02
1.344342532797987710e-01
-3.833025147738894356e-02
1.384306661185893961e-01
-5.658563284415307759e-02
8.557044362701952955e-02
-1.223265114256852359e-01
-4.003288782284967762e-01
2.597508796606657483e-02
1.213765176347422758e-01
1.096781656169562580e-01
2.598974453774784976e-01
1.905440557738762863e-01
1.496041796761695408e-01
-1.595104879790622820e-01
-1.779488925584947756e-01
2.085749745966609253e-02
6.401972503230828060e-02
5.520753477223918487e-02
1.323526320286894098e-01
1.877077187130758162e-01
-4.621787095996725790e-03
2.522245483980878888e-01
-3.555520267313164867e-02
7.529165527073850006e-02
-7.510904951975133637e-02
-7.300623839671048498e-02
-1.805448866179840128e-01
2.242916661107421106e-01
1.555410137112495372e-01
4.090866276903502852e-02
2.826612411776419087e-01
1.372403128867710764e-01
-3.880719058446132075e-01
5.466657484287942154e-02
-1.393697158493121535e-01
-4.377712570531924058e-02
6.887166931894954380e-02
3.851569867602753217e-01
-1.565710413399391820e-02
1.930308161756561641e-03
-4.340342201431860447e-01
-6.035866020132132220e-02
2.516404261614164084e-01
-1.485603890496675072e-01
-6.614134016143830008e-02
7.959775694260609602e-02
-1.951447775463292511e-01
3.863190220735036040e-01
2.793499248978711380e-01
-1.536268873641965793e-01
2.340600696523324753e-01
2.423913691788935898e-01
-8.791570769633029470e-02
-4.006817320740714561e-02
1.188426918690538431e-01
-1.324731931903034010e-01
2.632463519973706201e-01
7.219035681850077824e-01
2.079891303771355116e-01
2.815079218757052248e-01
-1.404969181990533833e-01
7.016680447334233640e-04
2.892212441642523224e-01
3.946176569708678694e-02
-2.420244099830452522e-01
1.354670457036167286e-01
2.469563726475353452e-02
2.909477821768944317e-01
-3.824546597655498203e-02
2.111915930826351318e-01
-3.013948918997873538e-01
6.774165665132478309e-02
-1.462035462460854196e-01
-1.216727863763827217e-01
1.802569375331181389e-01
-3.181407436795030685e-01
3.086033033193602004e-01
-3.329690070875002683e-01
6.591198988858390506e-02
2.691063910533951220e-01
4.277563881866727202e-01
4.645907581952188163e-03
-2.448380775919620916e-02
-8.754655714573079672e-01
-1.431492091770737440e-01
3.076373577939253146e-01
-8.715674935282543764e-03
2.715559390208406865e-01
-4.434138536643867923e-01
-2.267188346170810609e-01
-4.803413258553764775e-01
2.261947504770516273e-02
-2.205866173375873873e-01
3.328740258208159331e-01
-3.499982740479105070e-01
-1.300203693105960456e-01
-3.028681194728279902e-01
7.064827339056164307e-03
-6.596241231564210772e-02
2.429324629208049202e-01
2.849478411185324966e-01
-3.231856518743673190e-01
2.861115855866543933e-01
1.574106727031253095e-01
1.293718497469391882e-01
-1.971741639634055354e-01
2.475837362160849264e-01
8.980379515003668323e-02
-3.344886361525904739e-02
-1.220033064920176546e-01
1.270049808690177640e-01
1.273240234151667427e-01
1.247924744553756821e-01
4.142229405706600032e-01
4.297347565754319754e-01
-2.101419717760484585e-01
-4.752692838217466020e-01
6.673642138749621977e-02
-2.030457053191344896e-01
7.654597591270409507e-02
-2.485704754364225499e-01
2.316252824715801240e-01
1.991088388671467257e-01
2.619099666739637192e-02
-1.163791082410375599e-01
-3.791320557738344088e-01
1.862274847461968807e-01
5.724830132339453481e-01
9.421033775521575615e-02
2.787745429847865442e-01
1.227591404220491900e-01
-9.883716882502849299e-02
-2.774942663145195040e-02
-2.532395742319091259e-01
1.304670312112014841e-01
1.316537758434334071e-01
-1.645544813975187703e-01
6.367116651761020596e-02
-3.390707838466541779e-02
2.094486904356349655e-01
-3.181506469640277279e-01
2.593549602333469761e-01
-3.002622273687797008e-02
3.428163726351912133e-01
2.872097410629273137e-02
5.724547723611311811e-02
-6.228077400374088662e-02
-2.994663329165530019e-01
4.514899857273898393e-02
-5.359458101505773508e-02
2.114582694724562451e-01
-3.745096182172028554e-01
9.221357154515132104e-02
3.648668003876919808e-01
2.537960147106118128e-02
1.298871531886815478e-01
4.860830091282283827e-02
6.292734150388796799e-01
-2.327712482385445036e-01
-2.503413805142084003e-01
-3.234229514150572388e-02
2.874652258068342014e-01
-1.738241414899188986e-01
3.532872878558046548e-01
-2.082803957869355446e-02
1.934276178432408622e-01
2.478655084529013675e-01
-2.898077191123130114e-01
-1.050268665309391503e-01
-1.068198263249789948e-01
-2.332174070595021687e-01
2.139238409751394177e-01
-6.159598362917856340e-02
-2.304136908885504043e-01
2.094618981147634840e-02
-9.048930219657831675e-02
1.432815609471798923e-01
-3.370485503706186492e-01
2.429069954557253747e-02
2.912939436237954038e-01
-3.180595047802218800e-01
-1.117805012561304406e-01
7.588164077668192731e-02
-3.489324548924996328e-02
1.034582339437592757e-01
-3.306226011127700315e-01
-4.609903807325940184e-01
-2.711196270419368171e-01
2.101792778875588297e-01
-3.992214581772075138e-02
3.841768402463504595e-01
2.925644316672642090e-02
9.158696641270083760e-02
-3.376760018977476713e-02
-1.779170600001700464e-01
-5.266201818560626441e-02
6.623269955871247117e-02
1.023476159373110650e-01
6.167467406200353996e-02
-2.879632537873693665e-01
-2.547046271343803014e-01
3.255124201573382225e-01
1.589297274884839406e-01
-7.398143341813423479e-02
-1.341767305703771840e-01
-4.039330512541100537e-02
-2.784381409141623576e-01
6.710522765027154835e-02
1.354045331138679642e-01
-1.822604499260747357e-01
3.573989842667129463e-02
-1.028557343093214616e-01
-1.948219298034162827e-01
-9.572117112900288549e-02
-1.357762880707637787e-01
1.224008484357555770e-01
4.490414064651769843e-01
1.234087448704352941e-01
-2.336497481605195881e-01
4.033605495237972405e-01
-2.534970965713183588e-01
2.231844734798965058e-01
-1.511348704677685229e-01
-4.996226179685283458e-02
2.541190409671736372e-01
-3.835313504725039180e-01
-2.764072295985138816e-01
2.689290868606222101e-02
-2.850707862256720015e-01
-1.076286450816875961e-01
2.211199802029733819e-01
4.413943427872015768e-01
-3.709795381598479103e-01
1.662925275203510078e-01
-2.275501791395983381e-02
1.439332240093591786e-01
8.437352925683244687e-01
1.115322313177141478e+00
2.888872299432200183e-02
-3.123632600414734672e-01
7.658836406520638795e-02
5.255698468958323183e-03
-2.413212973788826932e-01
-2.702886991424074958e-01
-5.612251457961218298e-02
1.243664694111804719e-01
1.783732688733930261e-01
-1.511762631672427248e-01
2.091950792405230519e-01
-4.424770120840876980e-02
-3.440360809396458830e-01
-4.385483425046830114e-02
1.243461930735833137e-01
-1.760973799117272198e-01
1.254660692669348210e-01
-4.933479462866403875e-02
-3.915988804366792864e-01
-2.638709008559925184e-01
-4.175705369239449682e-01
-1.550721747170553944e-01
3.700426348009593774e-02
2.152533070343430333e-01
-3.327129341639443183e-01
-3.751184780494552506e-01
1.996954248062755288e-01
-5.035018059974772919e-01
-1.468750968568652282e-01
1.173742992169894278e-01
1.579803795174057335e-01
-3.859244801165682692e-01
1.267529230848881416e-01
-8.636621207165073866e-02
2.846875634365128235e-02
-1.823717967505363718e-02
-6.765588129885975743e-02
-3.421523401550155552e-01
-5.492194737059798160e-02
-3.844731432783532465e-01
2.588239769517435840e-01
-8.291366270956891660e-02
-3.957001533588870856e-01
1.182094647510415764e-01
-3.360838856610037784e-02
7.829715384220403696e-02
-1.094309554276170077e-01
-7.402739553351438406e-01
-1.378813493029620585e-01
-1.786408949325534248e-02
2.182734825454926697e-01
-3.636048344222470585e-01
-8.723508757430789573e-02
2.651205957411725822e-01
3.823960847500004062e-02
-1.073041859830933253e-01
-8.053621281505762841e-02
7.660424400573464035e-03
-3.979364854721986061e-02
2.546573207239619108e-01
-4.022240535210583334e-01
-2.446981244369628994e-01
1.026116203664979992e-01
-1.052426792848003972e-01
1.897840776641524230e-01
8.427788560158196163e-02
2.508013180364757067e-01
-5.639973110950885493e-01
-1.713432096083813971e-01
3.288212269359967483e-03
-6.467852688666736460e-01
-9.873093364963499152e-02
7.933513797853490590e-02
7.741472926941241062e-02
-2.962380013502640685e-01
-1.369936187106230926e-02
-8.927350304159974159e-02
-6.636075909839252163e-02
1.531808584205823602e-02
-5.041977583008651065e-01
-2.324311731329309350e-01
6.635310744282650608e-02
-4.627124618826699426e-02
1.506800886460336608e-01
4.737199349423218409e-02
3.286837058256826816e-01
3.686690567407116537e-01
5.320879569859110481e-01
-4.444497331387956551e-01
1.184947283789366396e-02
2.270870036292726712e-01
-4.900960255027093232e-02
-5.225961443360641751e-02
1.565252349214245609e-01
1.177535572807661135e-01
3.090701951742067660e-02
2.556448952390623641e-01
-4.827076740616430967e-02
2.033852452716747305e-01
5.731058006497165014e-01
4.089151324901822704e-02
3.582040114231048178e-01
-5.704864818052140379e-02
1.152814725600891516e-01
-9.406865926315924331e-02
1.034100550900750176e-01
-2.060608380826769170e-01
-2.824417410486626534e-01
-3.806888246729123182e-01
-5.379483946238640124e-01
-1.090765676123729433e-01
2.686147862162684974e-01
-3.029009409273350495e-02
7.400012759766116943e-02
3.051362547722474491e-02
1.287137910459464629e-01
1.129638677669072278e-01
-5.204251357496383207e-02
-4.005389833332981264e-02
1.526203344966234332e-01
4.052390082388756393e-02
2.455079701938344544e-02
-4.781591894010728816e-01
3.409963756194203111e-01
3.540160810936815450e-02
1.085931646488313418e-01
1.167344341434101013e-01
-4.961418310810623566e-01
-1.037821894274806173e-01
-2.797017311712203802e-01
2.214517300935211486e-01
-7.925296017434703064e-03
2.101458013277235637e-01
-2.439560279066386173e-01
-7.234992799862557944e-02
3.751222329230682329e-01
-2.556263259989072778e-01
-4.974185744470165094e-02
-1.012114114210153348e-01
-4.838345853896369037e-02
-1.359774892124225934e-02
9.795899254180760740e-02
-3.431710425438874029e-02
-9.194870999762856656e-02
-2.328034157202874266e-01
-1.687977319103382001e-01
-2.926654930175431879e-01
5.575655838246080728e-03
1.551131766011543955e-01
-1.585081181875909462e-01
1.160074251398471451e-01
-7.386209487486368463e-02
-2.540001244756862619e-01
9.124851624898114300e-02
2.346987209381832043e-02
-2.346997877361044552e-02
1.494411866331675498e-01
-2.468864643704045056e-02
-3.112111310736340175e-01
3.837755750897455798e-01
-2.718409029760996964e-01
-6.910905879842511590e-01
3.413149049866473494e-01
-3.705807369821604302e-01
1.747197216391332963e-01
-2.437329197553769200e-01
4.556930387099852875e-02
-3.499661623538830590e-01
4.360032221199390823e-01
-2.114139708926146832e-01
1.405425180342636804e-01
5.469152371942190283e-02
2.805874584287311804e-02
-2.756239454847307924e-01
-2.298197418702119799e-01
1.937566806682500253e-01
-2.567159647269173228e-01
7.658551889781674282e-02
-7.880886121214106255e-02
1.042180924584142632e-01
-1.276133898955852664e-01
-4.330029978666336543e-01
-1.096579379098908263e-01
-1.292685853341650759e-01
1.499711269702531657e-01
-3.923831462959025962e-01
1.693677621338167127e-01
2.293558227972914143e-01
1.697772403998888333e-02
-4.543286704293540701e-02
-6.357910551708238767e-02
1.615490723201472856e-01
4.482197263021441003e-02
2.670565115769388265e-01
1.633643401178009880e-01
-7.742464905247851970e-02
-2.661751216141675647e-01
-1.538892512276737561e-02
4.449128406300116301e-01
-3.864221903171206063e-01
-2.106579082704320982e-01
1.333402716802087329e-01
-7.877713698582182456e-02
1.435722446930868812e-01
-1.588568468202801176e-01
-1.668825152353438368e-01
1.939998479036474099e-01
1.071069318281360622e-01
-1.674800028506777394e-02
-6.183564670674214503e-02
5.849466620631781077e-02
1.743871732874804556e-02
-1.268967725569394855e-01
-1.196873187342737122e-01
-3.383576032071748153e-03
3.566025347372181464e-01
1.575070933754178781e-02
1.573181812843307270e-01
-4.896213870082677388e-01
-2.910920345571013645e-01
-5.395624662435723889e-02
-3.997716132588309823e-01
-9.425154431320159620e-02
-6.850505683188607975e-01
-5.716165460758730887e-01
-1.555806659780095136e-01
-1.278686646286815998e-01
-1.305061700036745653e-01
1.640644108865793593e-01
-2.816655042565422429e-01
1.636766515153169066e-01
6.439211085129081802e-01
-1.692279176389885897e-01
-3.315240194251907642e-03
-4.431840032799302387e-01
-8.923436767038678968e-03
3.799949100674796520e-01
-1.034961189644653251e-01
1.063484619413688215e-01
-9.500825811381752306e-02
8.131322463577843329e-02
-2.192730651049845103e-01
1.087408552271629525e-01
1.281639012753301721e-01
2.755298763290918718e-01
-1.639524751966468519e-01
-1.141392346401960516e-02
-8.348679229013064584e-02
4.252654935804975334e-01
-1.198832002284621889e-01
4.843550593689229244e-01
2.583104069261102365e-01
-1.437247847115824262e-01
-1.263920171944712123e-01
-2.157701225639416798e-01
1.617025053810186574e-01
1.092415935480423178e-01
3.286495462459753519e-02
-1.299643488177200101e-01
5.089980181932345776e-02
3.088425525625662083e-01
-5.216487792282559904e-02
-1.018416164720445105e-01
1.020281596732849488e-01
-2.037437287479982595e-01
1.153708369126824479e-01
-1.811559301798486288e-01
-1.380373541354935341e-01
-1.266130264565642483e-01
-2.207719624154978917e-03
2.421705256385172367e-01
-1.237774860295030588e-01
-5.743488965844902039e-02
-4.898936410976883343e-02
3.691644071443223735e-02
-3.060943593355262143e-02
1.634096180621908423e-01
-9.994461526779163663e-02
1.579860058963700187e-01
-2.784988354001503019e-01
3.403221954816346151e-01
-2.407429722970074182e-01
-2.168670367355757522e-01
6.113129630210146354e-02
-1.774534162053283404e-01
-5.571471154525842878e-02
1.671870830309497846e-01
-1.387409527479220306e-01
4.557950993684246194e-02
2.799219395101829599e-01
5.458743161506655894e-02
-1.637860468269854153e-01
-2.566345394466253982e-01
6.412392561867694130e-02
6.105672647642136630e-02
2.086406486714734720e-01
-1.135802959253923161e-01
2.300822462516269595e-01
-2.993919120075616558e-01
-6.127074665251890789e-02
-1.349878252342537853e-02
4.831721278097040329e-01
1.824993220810774697e-01
-5.897252386907452237e-01
8.564522215100110747e-02
-1.833202817705440746e-01
1.235445843455236087e-01
-1.651895362666895017e-01
2.563709377199008821e-01
1.479347579368730792e-01
1.449764891989024362e-01
1.054494527043725177e-01
-2.647184221462001164e-01
2.626423648888103757e-01
-2.263613018691556511e-01
-4.639240987692086482e-01
1.490143964979443181e-01
-3.210435420419534280e-02
-3.988597917995109765e-02
3.119728551064478855e-02
-1.191845651870722111e-01
1.890640162368536215e-01
-3.394503066480762388e-01
2.881496238763350815e-01
-1.645264490708923250e-02
-1.327515430337478097e-01
1.566151253897592188e-01
5.484194870032368940e-02
1.241292342731743908e-01
-5.938175060017100715e-02
2.218770357238237026e-02
-7.318886100535222650e-02
-3.476522046529940679e-01
2.270301327264988289e-01
-8.468751573081896578e-02
1.425583243587101867e-01
7.103147015438450451e-02
2.064997054999111181e-01
-5.986036313469542819e-02
3.096871643312520961e-01
2.757968684907645129e-01
1.887040619919200940e-02
-1.612705472007705254e-01
-4.840327367113211321e-01
1.603422505530179842e-01
-1.079263771134012645e-02
3.112585112287556965e-01
-7.134788112856249587e-02
-3.295497841496416447e-01
-2.376607161244323127e-02
1.288305771999884164e-01
-1.060463485170436010e-01
1.479233131116174452e-02
2.382946930136834243e-02
2.601788567411779038e-02
3.055532741513027895e-01
5.430788274931303179e-03
-4.175040992541406148e-01
-6.965146695581016234e-02
3.637412883097590477e-01
2.966842682249519747e-01
4.508133196774326279e-02
1.533220132924280332e-01
7.807259038440249321e-02
-2.743317458299404099e-01
-1.371427289684585826e-01
-6.174296403024547020e-02
-6.397298451300348354e-01
-8.246723668754181447e-02
-3.418121142834457671e-01
-1.364726767828360332e-01
4.419986763347835690e-02
4.386098124439054002e-01
-4.063527262648066601e-02
2.467852893488145516e-01
4.194596232331953001e-01
-2.037520036707617666e-01
-5.513649403789645520e-01
-1.497010980316648421e-01
-8.945708275276594837e-04
-2.125364895101263807e-01
2.069935456909725302e-01
-2.770863340388827756e-01
1.557023532944219468e-01
-2.733572074276995334e-01
3.253865120656384002e-01
-1.853604404974028563e-01
5.334731706759601733e-02
-2.243306627212618420e-01
2.209829879798534957e-01
-4.848485937360663689e-01
1.971067732058075783e-01
3.479664371720099791e-01
2.152252786569960052e-01
4.499415312861715921e-01
-1.062572530983882796e-01
2.872333388956447298e-01
4.709724257725485946e-02
-6.010517856956821420e-03
7.636636276472450469e-01
-5.381579480336585730e-01
-1.057891943251975525e-01
-4.225243094883489037e-01
4.144951106789134254e-01
-5.767852259702783702e-01
6.616452974219301231e-01
-1.965115538759055758e-01
7.951878573113718707e-02
-2.917743784929979767e-01
5.171906072122488957e-02
-5.301993029047776806e-01
1.691031918593043915e-01
4.910403046944319949e-02
-4.828942670572609064e-01
2.859789561010179226e-01
2.711960874826873855e-02
1.133889793275347502e-01
1.595781928843613140e-01
-4.018222209825005747e-02
1.193207800738296465e+00
-2.252957117476439008e-01
-2.851116090563437511e-01
4.814706331109429305e-02
-5.673723867736945037e-01
1.122291644226656726e-01
-6.285975471152707716e-02
1.159963473172977155e-01
3.946457614922354584e-01
-9.109994816695487010e-03
8.950402207397030463e-02
-5.346057720935781798e-02
-3.760371198758584721e-01
1.401157036357383694e-02
-1.409799775629304586e-01
-6.004130845703731234e-02
-1.422757445859879066e-01
-1.853833260404526284e-01
-1.267797905481534981e-01
-3.689680787185078970e-02
-4.193321793243626749e-01
1.583109857967147649e-01
-2.214109902018113751e-01
-1.311036087779865467e-01
3.567698528873316371e-02
-2.394742754378816618e-01
-1.386587339937206120e-01
-2.506847819276098940e-02
1.761249547980777985e-01
2.400276520475908837e-01
-9.256561464452879584e-02
-1.657563342067935319e-01
1.069868603081826908e-01
1.010211131319812272e-01
-3.921328848469800010e-01
5.026242649286168096e-02
-2.635612546189968208e-01
-3.859953202002250339e-01
-8.248976310857381034e-02
3.502550742148951568e-01
3.674857404422429141e-01
-9.658182921067932913e-02
-7.354404859731926425e-02
-2.042067832364713176e-01
-6.008966703736060705e-02
3.692665436431447068e-01
3.693294358878882466e-01
-5.834598433812279716e-02
-2.052369638087394033e-01
-5.633119181505496370e-02
-1.564176632751403950e-01
1.070355691001035198e-01
-2.620699533524963672e-04
-3.449631781118557561e-02
1.870281367799815284e-02
1.802797432380854326e-01
-1.575868323907866630e-01
1.718742334857872173e-02
-3.087646251455800767e-02
-3.924190776571474526e-01
-1.811059757454446806e-01
3.706134691893839261e-02
-6.694929645792300210e-01
3.196477742807722344e-01
-9.862907233157409970e-02
-3.264310717314379273e-01
5.792889360631661155e-01
2.331494000463730717e-02
3.605361163228678056e-01
-1.255372902298535487e-01
-1.149966909302768403e-01
1.031450986112878720e-01
1.717124240520878989e-02
3.194220531597417867e-02
-4.001502871167617603e-01
-9.168474516059559043e-02
3.031919872955853856e-01
2.806341275106005728e-02
-2.974775442070379805e-01
2.364475585158002657e-01
6.932666351674258987e-02
9.646502704754453261e-02
1.674207863703384980e-01
-2.523494437308193561e-02
2.966862275869265875e-01
-2.244574080451101350e-01
1.229736593049390314e-01
1.120877719536878259e-01
-9.107464315754548734e-02
8.143536709947753194e-02
6.648798077020070044e-03
-5.482014158436910867e-01
4.009221712128875348e-01
3.674282631748352901e-01
-3.284983569234075085e-01
7.477712516979749535e-02
3.563385533749659217e-02
-7.837054983972081834e-02
8.237101510503551383e-02
-3.102542802262053256e-01
1.867719350011035062e-01
-1.966964112143543015e-03
8.046038745123020031e-02
5.938388264717185949e-01
-1.322515138925297318e-01
-2.988196225261943173e-01
-5.410637360668413276e-01
5.589444441195362545e-02
1.757852157050488751e-01
-9.932867176129080156e-02
-1.119509558510517339e-01
-2.672578289650738917e-02
-2.101164495583577596e-01
-4.328820920654681548e-03
-2.186779204773277308e-01
3.609137834930635589e-03
3.368535870802893406e-01
3.414928939335909464e-01
-1.251284604970496483e-01
-6.167191418257435970e-02
-1.497944354664187960e-01
-6.100330259932216538e-03
-6.810137085517449507e-02
-2.191796651715394173e-01
2.583111159286079483e-01
4.273959625670782358e-01
-4.201619087405714659e-01
-1.267886299693446461e-01
-2.587282372024538035e-01
2.261939276600305471e-01
3.708620707012267870e-01
-1.003944773490402786e-01
2.133690615984652206e-01
-1.178095297796021568e-01
1.682972560513035509e-01
1.263400835557933755e-01
-1.599004762452927719e-01
-3.700962593102899989e-01
3.145335379110448248e-01
-2.175614179965155714e-01
-2.418357102642444967e-01
6.798580335451394341e-02
-2.697962797483203362e-02
3.648339123427647712e-02
7.018204128438611245e-02
-4.303177722704494557e-02
-1.300922476022137869e-02
-1.265983517440933404e-01
4.206335598459974567e-02
-3.196074778553405493e-01
-2.099186656006077067e-01
-1.969426159435956961e-02
-8.609887342304062274e-02
8.063991871013025114e-02
1.089860035982254255e-01
-2.554908408748191584e-01
1.607825435220808508e-01
2.325829688215769464e-01
5.240069956287885661e-02
2.386006631021598268e-01
2.064410349140045342e-01
-2.176609453574808450e-01
9.322883903566836494e-02
1.788709195491179627e-01
-2.351314148787067015e-01
6.133422089461795235e-01
-6.778247682507144989e-02
8.963738037630168687e-02
2.851297652420851647e-01
-1.897920748016635462e-01
2.151916346557962989e-01
-8.329023529912665813e-02
-2.189040790415783533e-01
9.569315978126458067e-02
-3.079050174517590777e-01
3.707986778153220531e-01
2.723086616932632875e-01
2.070690901180319010e-01
6.293533567789190430e-02
3.344342265650985802e-01
1.881121418556496172e-01
1.044091637560340818e-01
1.495974639433754472e-01
-8.078710619146110827e-02
-3.613386523458602100e-03
-8.660703455524042249e-02
3.589010150481571348e-01
-3.817121712434555225e-01
-2.673057304534879816e-02
-6.614922144341561783e-02
-3.386759321759024166e-01
-3.151482463211074947e-01
1.562783497698144175e-01
5.519804330741254900e-02
3.843755715908764997e-02
9.818443775454059608e-02
-4.895614686884943723e-01
1.236429328330053423e-01
-4.969434759785318345e-02
1.103462869103314786e-01
-2.645487771302109103e-01
9.838582882073665381e-02
-1.713355784827022988e-03
-1.969834672972327894e-01
2.946753049881348382e-04
-8.158269411433233254e-02
2.997765612737762209e-01
-6.117043493159055739e-02
2.521876119132029359e-01
-3.202576384707755963e-01
5.452909112250801937e-02
-3.317243881195052757e-01
1.522418591886485206e-01
1.857849532284983896e-01
-1.731460375025060117e-01
-8.367047706523993156e-02
1.033690320072402774e-01
2.377052047312268879e-01
-7.831076701811058582e-02
-1.447961239024498636e-01
5.593910872644582977e-01
9.773526897019406412e-02
8.619491596898244332e-03
4.435412492567483156e-01
3.210702890039145441e-01
-1.574928767319346279e-01
2.514083677371478295e-02
1.594994977492296406e-02
-1.545401009607766385e-01
5.426352619727001919e-02
-1.763006677484633411e-01
5.319240065555563834e-02
3.294504219357848318e-01
1.884202837159546229e-01
-1.062829754973126373e-01
-3.488357386311881081e-01
-3.873280821403189966e-01
7.131896031590274909e-02
1.097060011681828956e-01
2.694362101453495750e-01
-1.767793282130534493e-01
1.914655520528594224e-01
1.172970940498017228e-01
3.634872490709415566e-02
3.651710962830329033e-02
2.811130630790188989e-01
4.647504829188340292e-01
1.079978449263282320e-01
-1.802211603082204683e-01
1.872252964212500481e-01
1.163574637662312533e-01
3.115736046460212405e-01
9.920702001373336854e-02
-7.476614854139763174e-04
-2.693647231772093309e-01
1.747107112229763226e-01
4.583068955671471684e-02
-2.594931313443393783e-01
-1.910315033214005920e-01
7.517524561355533319e-02
-3.189331048227109222e-01
5.979760300144274510e-01
-9.462542790250151603e-02
-6.149735148377460936e-02
1.384380647149346111e-01
3.161185842356283859e-01
-2.059651186155581071e-01
-8.632648353676003472e-02
-2.104868861066594432e-01
-6.735260977078386113e-02
6.154273664741172212e-02
-9.063213827507655973e-02
1.627175178850356618e-01
3.551737477893036898e-02
-4.775406723590913116e-01
3.015920555428718286e-01
4.650654773696899502e-02
-5.615772077171754528e-01
-4.852746324517632770e-01
-3.326743688434928570e-02
9.781404112134324536e-02
-1.348772970864068887e-01
-1.322338382518824587e-02
-4.923357542497373146e-02
4.917154015419393509e-02
9.147816061543162514e-02
1.067905259724600577e-02
-7.300584529156353697e-02
3.298521090629998875e-01
9.372716584357607128e-02
-3.382232767245240551e-02
1.775349116492574986e-02
-8.438912568932288583e-02
9.491091229742380786e-02
3.046181979927465311e-01
-4.259641665169844327e-02
-1.361930757920839230e-01
3.122036584391444936e-01
-6.315127686831746578e-02
-3.848890947988829470e-01
-1.520703660630426390e-01
3.669983139526376559e-01
1.076779735949215111e-01
-1.940158836970281575e-01
2.853651977688784758e-01
-2.045550201843781002e-01
-9.942170057482882517e-02
2.939582456151213496e-01
-1.559173239883000217e-01
-2.760923815196336673e-01
2.273874249136667580e-02
-9.141831616151650797e-02
4.253005273757031190e-01
-7.028764285727996663e-02
1.336202453395946566e-01
-2.915967106513572479e-03
-3.804091762160725088e-01
-1.696116421142816744e-01
-5.961845248497472244e-02
5.904482103574764523e-02
-5.964703161809630644e-02
2.139657240072426470e-01
5.633769663475392264e-02
1.470973974464889200e-01
-3.854742339199181134e-02
-4.394358474266379377e-01
-9.246028024779556764e-03
3.605431868821255548e-01
-3.871667846494417642e-01
3.192391635545767381e-02
-3.757212615938515521e-02
1.319592656561010546e-01
1.071716373731867594e-01
-1.428814397971163008e-03
-2.226829503881599392e-01
-1.796913485792580312e-01
1.141747122337276321e-01
-3.758875216754660187e-01
-1.237959602760316663e-01
-6.291405665094215727e-02
8.565979481545739349e-02
2.978142175615725029e-01
1.557902594357608861e-01
1.425512873626357813e-01
-1.611414587526850406e-01
9.825704533812340546e-02
-1.159959986417681693e-01
2.455539793386183611e-01
3.200050247847254781e-01
3.914447439824390862e-02
3.357333108151298040e-01
1.443429004616585687e-01
-2.118328195764052901e-01
1.233081816553889716e-02
-1.921091758642951702e-02
4.250643661639544879e-01
-8.904997627547116268e-02
-5.186499904698613911e-02
1.778462689072298972e-02
-6.365344777125821196e-02
-6.888332194234063344e-02
-2.015561328541520536e-01
-1.128447953319730752e-02
-2.008179144809718042e-01
1.255285538528616018e-01
2.462671771864100023e-01
-1.500906731419052176e-01
1.021231978096039106e-01
4.078441419994546790e-01
2.481739590837829246e-01
3.347941595738723741e-01
-9.029976967128390541e-02
-3.626130291787855141e-03
-9.936373879269952414e-02
4.633141896698076551e-02
-3.864710056932166293e-01
-2.392842475748744591e-01
3.238893774891506427e-01
-9.216956773667944747e-02
7.239719193060331626e-02
-4.297096515636202041e-02
-2.429521150219818848e-01
1.174705147752596740e-01
-1.623421112009891254e-01
-4.595291488593702955e-01
4.845180544403984019e-02
-8.816327155003959859e-02
3.139161805191569288e-01
-1.076635660711724451e-01
-9.241951929973819813e-02
-5.535665176555255168e-02
-1.142850886400581661e-01
-2.215594794679572321e-01
3.555335034930347526e-01
-9.541965259418316858e-02
3.355136508360922476e-01
4.411807205464529646e-02
-1.112244203953476479e-01
4.735151150034003220e-02
-2.459319183876142734e-01
-2.134935131210905779e-01
1.783574813142197457e-01
-1.820296008760186740e-02
-1.217470810883570231e-01
-5.157049910889455885e-02
-3.285745875231541602e-01
2.687654230327050225e-03
-3.545537739751093431e-01
1.356322863223358155e-01
1.085507220739163198e-01
-6.224443020770452362e-02
1.295775879605198799e-01
-2.114722319287622165e-01
2.595791677562001715e-02
4.682230936390295861e-01
4.802688481680912891e-01
-3.037337988854680107e-02
-2.726572968823594567e-01
-1.488031228056965749e-01
-8.057504749531088639e-02
2.360762723875158009e-02
-2.340757650893343644e-01
-1.476819766712963999e-01
5.241863762938483301e-02
-4.109925696208601709e-01
3.268342347501229095e-01
-3.743049982797448383e-01
-2.201885544230383907e-01
1.574733014859016345e-01
-8.783400714986977498e-01
2.349790692154269944e-01
-3.819357706510906891e-01
-1.519152429438965501e-01
-4.081823324776674422e-01
-1.029292436822478243e-02
-2.426805111431224252e-02
2.249383270237521326e-01
2.992706660159273890e-01
1.577756539283691750e-01
2.459178186348491557e-01
1.885708722473722621e-01
-1.579184328844253360e-01
-3.141167774002722735e-01
-8.636105163102665572e-02
3.777180458432594090e-01
3.422917711696088494e-01
-4.089927395756362549e-02
-1.297493124374279605e-01
1.329103262585810963e-01
-1.344273005025978518e-01
1.415604675373423327e-02
-2.776960789073704139e-01
-1.727226942903334062e-01
3.823510293310022345e-01
-1.289066266102464886e-01
1.120880888549577598e-01
1.326463349049388785e-01
3.656746088549905349e-01
-5.895522350508785037e-01
-2.229957357614515967e-01
3.811430792406605289e-02
-1.666130995664854841e-01
-1.366655222229225808e-01
-1.977053555609720736e-01
-1.295862130721203431e-01
5.031683108563704820e-01
1.241421890637284600e-02
2.172322772460025253e-01
-2.253844187024325041e-01
1.838725651728542465e-01
1.539284997786917186e-01
-1.775453093447416641e-01
3.478019084842299269e-01
-2.252976034789219706e-01
-1.613057507849234018e-01
-3.460678262848475989e-02
-6.849390820729701901e-02
-3.213715922884787801e-01
1.039598169287748314e-01
3.135685453799545441e-01
2.701000343914781721e-01
2.037905187467636825e-01
1.604204413561874099e-01
-1.691065451309460843e-01
-3.794512709909211162e-02
-1.078108174169626343e-01
-1.634082522690788464e-01
-3.397777512821579388e-02
1.735360468106427190e-01
-1.084559080971678885e-02
-2.964970294776335669e-01
1.605366799412239476e-01
-3.136657823466743600e-01
-4.706502460192924647e-02
7.094916244063528832e-02
9.150345761528087818e-02
-2.108964508685000627e-01
-3.410930168276520291e-01
-3.024847409567101852e-01
2.106302404532910399e-01
-2.536122263986488323e-01
-7.822361577006850530e-02
-1.868593213434820710e-01
-1.430309933745527451e-01
1.553560256345375978e-01
8.625234528598908421e-03
-2.754049208828845963e-01
2.247307932585441703e-01
2.953511201644461875e-02
1.183799049337202897e-01
2.916322762546915692e-01
-1.512617998474771464e-01
-5.392750609633307768e-01
8.484567058043185339e-02
-1.182869106705203566e-01
7.720461678881214429e-02
2.887624068154463070e-02
-1.181489821638534166e-01
2.967884972924440534e-01
-9.483803309201327414e-02
-7.202932374481073319e-02
-3.850789201100731085e-01
8.833910400448716227e-02
7.693201964073438258e-04
-1.538487297360568717e-01
4.444526972864136782e-01
4.784999155898758683e-01
-2.591700422794240288e-01
-1.533831017909254024e-01
-1.549969702284111073e-01
1.701894565273853743e-01
1.214905974454528331e-01
1.121450694045211527e-01
7.980798991792707742e-02
-1.245143890777553747e-01
-2.310265363671249184e-01
-6.538502332154332020e-02
-4.436811561479076516e-01
-1.330092177883653859e-01
1.701016755709448824e-02
1.737315305068534155e-01
-6.112110423238589774e-02
-1.599543521695649118e-01
-1.007551519804568418e-01
7.608013271533310869e-03
-1.771510542630473639e-02
-1.400443735238089127e-01
-5.867203460473506549e-02
3.898112703061520218e-02
2.715815215907231850e-01
-4.200571541900075673e-02
-1.965873114631268570e-01
-2.271551440374028341e-01
-3.209040310289019288e-02
-5.567116140746010133e-01
2.906863924720763381e-01
2.360105547378011093e-01
-1.230732453253376574e-01
-1.359728845446289136e-01
3.194187216275578556e-01
-1.814746135480979627e-01
1.426780516671743715e-01
-6.008007193979945058e-03
1.442903593144144736e-01
-1.193388054784005892e-01
-9.994074371563869963e-02
9.955276685360700539e-02
2.749963246056206373e-02
-9.105667802621501827e-02
8.092335153600908881e-02
-2.268431661600085920e-03
2.670764035130428482e-01
2.747590766892746283e-01
1.736574818928087738e-01
-1.671014339174760679e-02
-1.591903572420916846e-01
3.439905530145276336e-01
-1.304186315747150049e-01
-3.869016759248153914e-01
-1.695308227966326187e-01
-9.478936515219268943e-02
-9.488324003989417887e-02
-1.945833769407591951e-01
4.213587601167522595e-02
2.457191684279810273e-01
1.951167665285685401e-02
-4.282614338394013370e-02
-3.387800703295458238e-01
-5.834250143054713934e-03
3.979668175652052720e-02
-9.855296713429886890e-02
2.442691105347393754e-01
4.375381086550687026e-01
-3.265292414100544049e-01
-2.768588285836868224e-01
-9.940486637787726565e-02
4.211418143312790213e-02
-1.182948787468020464e-02
3.846835956192958678e-02
3.314756961408985014e-01
-9.724970170425928373e-02
1.063749614788707804e-01
2.382480271645628089e-01
-1.074150340912109619e-01
-3.593771920096942019e-01
-1.480611736485473728e-01
-5.160970022070636432e-02
-1.475048535760367374e-01
-3.322594588603478005e-01
1.665681742778579721e-01
-8.038331232637298263e-02
5.238264986639567383e-02
1.398006647585365858e-01
-1.478790623883202704e-01
-2.191063741658610953e-01
7.742983696961032447e-02
5.400721305594299304e-01
-1.493605978350137121e-02
1.444419970883180082e-01
-6.605084127295619556e-01
2.148418649807744534e-03
-5.871327707248538696e-02
-5.549252473406213193e-02
3.182836667746889447e-01
-2.990324616564630222e-01
1.197000438954529816e-01
1.962672430456721684e-01
2.399640112332977471e-01
-6.290213994487003912e-02
-1.448319226662232173e-01
2.317595671741146668e-01
-2.456086259860990606e-01
1.675624723972688190e-01
1.705594891746603503e-01
1.360414320806211941e-01
-2.674944732648083523e-01
-2.387716727595556865e-01
-1.932696408966917967e-01
-2.893761597420213549e-01
2.987842240200602392e-02
7.717131968555226984e-02
9.832527230930346307e-02
-8.045726157757986108e-02
-5.192137564473832123e-01
3.929930083938980301e-02
1.739730088349870918e-01
-1.650934833821611492e-01
-3.338459842805208827e-02
-5.524648581784611517e-02
-1.362290624923606468e-02
9.758191751804173864e-02
1.037340623915606330e-01
-2.075820911822610082e-01
-5.430003715098791900e-02
-1.437968152456639004e-01
-6.664056511340876732e-02
1.550649888935776433e-01
-9.050070593990992840e-02
-3.081935297632529824e-01
1.329761569502743712e-02
-5.190572871729966231e-02
-4.639004043634702146e-02
2.882906048013144859e-02
-4.020756714041353042e-01
4.616687404248980831e-01
-8.399081307105267513e-02
1.905552281233271750e-01
5.152202528648426594e-02
4.459047519216679384e-02
5.236825957039847879e-02
1.801626802293670726e-01
-1.047688903348954065e-01
-5.791999895517335739e-02
-3.782614780071819061e-02
-7.701962746154505934e-02
-6.714836201690395356e-02
-2.249901217207858628e-01
-1.303193178495467008e-01
-3.650226237535006413e-01
8.844409590177175484e-02
8.812677165148932734e-02
-5.922059176561023791e-02
-3.880461530522316127e-01
-3.447716354368932090e-02
-1.618648721291050530e-01
-1.432416297805526317e-01
-5.465073699213405245e-01
3.007473940634685650e-01
-2.837576752767487567e-02
-6.186793229194947636e-04
-1.373205111315924931e-01
-1.046117076976506993e-01
1.257240784766611164e-01
-1.760861556535327777e-01
-1.494431727613308725e-01
2.210324682324873447e-01
2.177827105208137992e-01
1.858363635584106832e-01
-3.259155076880191487e-02
-3.291966336722014219e-01
1.347493468367230440e-01
5.040790022750275545e-01
-4.506573407744418613e-02
-2.118417814283553302e-01
2.476827009249202016e-01
3.810516020319896779e-01
-1.842736310994704529e-01
6.859958001587097842e-02
-1.985919683445977121e-02
-1.255262494923803374e-01
-7.321175200805495331e-01
-3.981323541854266956e-01
-2.600690724879317628e-02
-6.359143958288997894e-03
1.205381886001600789e-01
-3.960183242698328554e-01
2.769269588819431999e-02
1.433330545452434490e-01
4.363733096374283749e-01
-1.936699465804920250e-01
4.861247169239314714e-02
1.067142409251997659e-01
3.536005243897077238e-02
3.057038483860951561e-01
3.175903231124186932e-01
-1.652323496419837862e-02
-5.397996343765657651e-02
-1.646910819173616480e-02
2.815644677209085400e-01
-2.073420288900024999e-01
5.569810850750226416e-01
-7.923999009533121141e-02
1.404423818139675095e-01
6.177461679990660110e-04
-2.074919578888578808e-01
-3.243555982465590182e-02
-1.581686613484293846e-01
8.771172284599558500e-02
-1.625643788822211944e-01
-8.953908202331806176e-02
-1.522220828903718681e-01
-1.488629360052762807e-01
-2.162451757022482435e-01
1.661760754999523915e-01
4.216218017349462194e-02
-3.331750005434453432e-01
-2.382532532210773490e-01
2.854088553636638381e-01
-9.786350609879769513e-02
-3.405573475248124121e-02
-1.463216539848842535e-01
1.670228980057293644e-01
3.144087208957654367e-01
-2.345313552855301034e-02
1.951965596964565786e-01
2.662300611500365011e-01
7.964784595598059513e-02
-3.672792248097591639e-01
3.691756823129671572e-01
3.299463628955116856e-02
8.954938073912251106e-02
2.449576188300599255e-01
1.330157713170515288e-01
-1.564691948702717217e-01
3.835359930981956378e-01
2.985729144623585074e-01
-1.319417416749860406e-01
-3.618316863227320490e-01
-1.797293915493766159e-01
-2.483251439575444308e-01
-1.740435122258765233e-01
-1.945461865287833880e-01
4.533478801966051713e-02
-3.633518733535378020e-01
1.362026247228750042e-01
4.190379632669137544e-02
-1.177991099449671314e-01
6.085923734538556396e-01
4.030409883107200497e-01
2.009596361644928886e-01
4.883538225457895732e-01
2.700790829022779449e-01
-1.487840653562425564e-01
1.657515567733471029e-01
-9.567671855378719059e-02
-2.426246118219935743e-01
3.920313992684396620e-01
8.462868260515450658e-02
8.376561330760784463e-02
4.096155539368203091e-01
-2.601610729105571229e-01
-2.852083930375839960e-01
-3.446371619765455085e-02
4.151832601568097858e-01
3.554360532698869202e-01
-2.199072849880034375e-01
-2.255604576226422908e-01
3.160882820734640108e-01
5.004817060329746353e-02
3.759081611804948597e-01
-1.271543660415470622e-01
-2.411299282134449218e-01
1.742858614927836336e-01
-3.927956640484372430e-01
1.432408484643181434e-01
-1.379418790910662274e-01
-1.468358216244491088e-01
-3.406516961479284789e-02
-1.021803737107461474e-01
-2.234271469605403071e-01
-8.686835641276655084e-02
1.160048812786055872e-01
-7.737767665548754559e-02
2.394141572173781041e-01
-5.073831440113540925e-01
-2.853479801220829004e-01
-9.884343028260057784e-02
-2.185532531626739605e-01
-2.702855609438793993e-01
3.609917837043411515e-01
1.246695147367758300e-01
-5.867621179877834381e-01
-6.184056534332033062e-01
-2.515280505948646605e-01
9.449020757092664591e-02
2.176726540604271079e-02
1.602079995736276422e-02
8.680179743668812401e-04
6.074730048335603705e-01
-3.060036967315613587e-01
-3.895499595877869869e-01
-2.689494816983103997e-01
-1.654843701955254279e-02
-1.743137505540713061e-01
1.486264732099213670e-01
-1.620208619568691277e-01
3.714103796547952308e-01
9.221881222553128532e-02
-3.815865415557022269e-03
3.501599313032487809e-02
4.714915908490853458e-02
-2.703681112704403033e-01
-1.640042891802060143e-01
8.130487218875894762e-01
1.070209087114180474e-01
-2.371255149137725671e-01
4.157862843657134100e-02
-5.790086848426061472e-01
1.828986811661081069e-01
-7.672119679974778172e-01
3.082494821679001573e-01
-1.146121037975406654e-01
4.677071812785807414e-01
-3.824461161722407521e-02
6.412858571008123176e-01
-5.279712942913905582e-01
-7.003792920539398947e-01
-2.120005902656285635e-01
4.567461278119066548e-01
7.219120047640840143e-01
5.334332929712228832e-01
-1.521541993051612474e-01
-9.241944331963776460e-02
3.053844935802172977e-01
1.442139273275959976e-01
-2.021507505964795226e-01
-1.042203321647876095e-02
4.197969929412066065e-02
-2.291168506111201653e-01
-1.761605931172089690e-01
2.239284441606289311e-01
8.903868120669689024e-02
3.166025963437806845e-01
1.573921049629882218e-01
3.087205125094347746e-01
2.539008702952144092e-01
3.384755015895513086e-02
7.289718047252910504e-02
-2.433946887152398098e-01
-1.213362787447792857e-01
6.543886500329144928e-02
3.267676331214465490e-02
2.457136427734056827e-01
-3.433389595325467974e-02
-3.115671548156030979e-01
-3.267319797265545028e-02
-1.906527395470714314e-01
5.656106744108340550e-02
-1.735822956365327407e-01
-1.978190100775834015e-01
-2.656048404525286899e-01
-8.848281484216354020e-02
-7.465825027928230627e-03
4.678111515456140901e-01
-1.037247232237213379e-01
-2.656454779230978391e-01
1.968113137069035512e-01
-9.189015699490925282e-02
-1.729956123870871887e-01
-1.101977814029239111e-01
2.974096884291531073e-01
6.389815187526133589e-02
-2.391644993386901619e-01
1.022616276265503471e-01
-6.116419452995074113e-02
2.515138471808441856e-01
5.167741753419621276e-01
6.313889987054113195e-01
-1.257925766689511546e-02
-1.139926457016100375e-01
-3.095841941759528981e-01
3.050295661083497478e-01
-2.086806028058444118e-01
-3.346613859049609174e-01
-2.531898273961400991e-01
2.714585750534532216e-01
-9.522966913227227936e-02
-5.167591327485344666e-01
3.399062844206667822e-01
-8.420212190956430365e-02
1.765873718474506582e-01
-9.299775879820716684e-02
-4.038008832657565272e-01
3.403440868501118599e-01
-2.073793591495400324e-01
-1.674490700757328976e-01
-1.265867409322101178e-01
-3.009399943401366850e-02
-2.691671273057077429e-01
-1.372370595536408222e-01
-2.958073351343724067e-01
-1.302436819404895474e-01
6.970557586223177782e-02
-8.793682924517277552e-03
1.713650707145021046e-01
1.032849755148693843e-01
7.567904348153281502e-02
1.590145217309748837e-01
-1.317337289540307932e-01
1.824307091615828477e-02
-2.963376758065817129e-01
7.789924657157827614e-02
2.525557487215372987e-01
3.198735212893426966e-02
2.191923654501179985e-01
4.456676005434207499e-01
1.117436090083352151e-01
-1.779525393838582159e-01
-1.004320958153362420e-01
-8.774417672860509998e-03
9.823314089342773114e-02
-2.288925752750595524e-02
2.518923568541864277e-01
-1.939799213174268344e-01
-1.831273713212500792e-02
1.111176747094393957e-01
-3.543432056926947848e-01
1.329164628766344169e-01
2.773995368281069185e-01
-3.895705822395402473e-02
3.219991700103283505e-01
9.658400826364590963e-02
-7.345241135272571886e-02
-1.007823801950259723e-01
-3.743414336333727443e-01
-2.473864961973031573e-01
1.672348977873428510e-01
3.022331108502920860e-01
2.729707138265644040e-01
7.334277058511148861e-02
-1.808396194014425251e-01
6.791746584679994592e-02
-1.418752592081260755e-01
4.291588582146774189e-01
-3.116944963845761918e-01
-5.346035431914721719e-02
-5.578329594698279263e-03
-3.454663542386810643e-02
4.341231022754510338e-01
5.391849735974643121e-01
1.244917618386045810e-01
5.560476647308396636e-01
1.385406132811005109e-01
-8.181755022325204463e-02
-1.552412322251879064e-02
-3.145711669648768027e-01
-1.624226971839574096e-01
9.641704220086914912e-02
1.508744841909840650e-01
5.049762855956090035e-02
-3.525310808489522801e-02
-2.030586614739859075e-01
-1.911310808974272801e-01
-3.176283549804626571e-01
-1.146374857426571414e-01
-3.557605301373903406e-02
1.528925119027610413e-02
-8.517245391543823430e-02
1.323979132835271522e-01
1.141113901277472226e-01
9.210741203822564449e-02
6.987465940433265979e-03
1.879990740661416360e-02
-2.508437868090075962e-01
-1.393892673280990313e-01
-2.756160958211344436e-01
-2.624710064134971876e-01
-5.960044518422854543e-01
-2.384504180675904306e-01
1.539258599480801959e-01
9.183156507010062364e-02
4.057092819891517377e-01
2.872290545295765329e-01
-1.170998406679020776e-01
-1.386473857609753779e-01
3.312187270006847206e-01
1.445138207730363999e-01
-6.202519042585422637e-01
2.452897363194037617e-01
-2.780459857965397741e-01
8.505509538639621780e-02
5.587823019485973347e-02
3.281709424780435841e-02
1.991338905098004597e-01
1.054380843516996569e-01
2.014515932512579433e-01
-1.235150738852009850e-01
-3.999814469334555533e-01
2.750681564560223946e-01
-3.531645821288104115e-01
-2.116533622527017322e-01
-2.237279860766927531e-01
-4.417573791907571101e-02
7.484949572245132299e-02
-1.304573215573252842e-01
7.438555253894401503e-03
-3.632575245391001517e-01
-2.191075835348647687e-03
1.580606841462172396e-01
3.487331804448129957e-01
2.041066936801774201e-01
-3.806801887595784861e-01
-6.410127259216100715e-01
-2.585786590650394068e-01
-3.704737834194150037e-01
-4.049589597192346235e-01
-3.686217580059142906e-01
1.561082536794783093e-01
-2.176153368822170975e-01
2.982911957537996983e-01
4.180191667345971307e-02
-2.161377851568289654e-01
5.207607919915158839e-02
2.593892103638730795e-01
5.961309517792405810e-01
-1.929173697813635346e-02
-2.459533160902333260e-01
-1.961816196610471907e-01
3.799147581063030410e-01
-5.725235128787697914e-02
5.111690291560406357e-02
1.418133174088809512e-01
-6.270198380489820644e-02
-5.457516120573570328e-02
-2.014504150387891046e-01
-2.592409964378071252e-01
-3.533323730412951669e-02
6.461334406423582810e-02
-3.412166205509105099e-01
1.470513465070694137e-01
-4.463702100090048697e-02
-2.505867035407072785e-01
-1.105619927491892363e-01
-2.283527385566311574e-01
-7.975357187856010888e-02
1.025864888339592888e-03
-3.831420727541728910e-01
3.251653248242623861e-02
-3.725708812474866072e-01
4.860599817252888033e-01
-3.349583242851738446e-02
-3.331620863789015036e-02
9.786815790496257439e-02
1.817142750414265512e-02
3.822956401055915276e-01
3.428836853820459996e-01
3.245756998339766608e-01
1.953715191240597282e-01
-2.956188028037534665e-01
-2.828606762460445304e-02
-6.688814028423578639e-02
-9.327139360530027623e-02
8.757186937985442232e-02
9.198447394281539236e-02
-4.988397976630217640e-02
1.783833302855802796e-03
-8.259072008377206509e-02
-2.237473877493623142e-01
1.065698651601783009e-01
-9.925029305779767275e-02
3.723213641103224059e-01
1.520156821920298600e-02
-4.323094229227614216e-01
2.907494379954198571e-01
-5.222294741609630891e-02
1.908945593320945933e-01
6.476929748265412845e-02
-8.570983438232511464e-02
-4.769815050647806531e-01
-1.550741380673943959e-01
1.084413330985523477e-01
2.727459807128598257e-01
-1.970128055836201375e-01
4.139144090055402181e-01
6.514880987442333016e-01
2.338824935830872698e-01
-5.776794970323995138e-01
-3.295978964718447868e-01
1.780595275103272479e-01
-3.104186946490666288e-01
1.924504770351481986e-01
-4.763907395753232410e-01
3.648719483148742115e-02
2.120095928700559684e-01
2.415413848670148467e-01
5.256482635537331610e-02
5.824291915650601364e-02
2.972052993584180930e-02
1.927207836583625655e-01
2.404967467335804021e-01
-2.059409472025509891e-01
5.397570200043800837e-01
-2.602158225041228401e-01
-3.367734595461584490e-01
-1.307475021963654949e-01
-3.217889954042849054e-01
-4.453470301907682116e-01
-1.993605300449937529e-02
-5.097943038000254390e-01
-2.135060062927088553e-01
2.251127532753885718e-01
8.813335901307806086e-02
7.414759044164542789e-02
1.867182974462121281e-02
-3.115332440303010264e-01
-5.126706960227413179e-02
1.814919063831753887e-01
1.694348921387098250e-01
7.797035600285084911e-02
5.131091613364463511e-02
2.874698065617758980e-01
-3.411846511781952973e-01
2.291120714760591648e-01
8.004779101286618737e-02
3.352031453061710131e-01
-1.924866241336583572e-01
-2.139756179096092004e-01
8.415371600145853115e-02
-2.959751196322461531e-01
-1.639419707746556654e-01
-5.663655627804455028e-02
-1.004158864041853755e-01
1.562608839220001322e-01
4.032460644058941113e-01
4.227385727706406415e-01
5.698425150606150069e-01
1.606576280124114714e-02
-8.490349406964090018e-02
1.270734659193836942e-02
-6.791093076838400355e-02
2.807584376331287435e-01
-7.771532419487374443e-02
5.925291098539833823e-02
-8.245533775474110649e-02
6.073552485127404754e-01
-9.532558281017088075e-02
-3.241112232074543353e-01
-8.847116471164474111e-03
-9.382162108029326597e-02
1.114420611971299740e-01
7.666363734631524707e-02
-2.064888198022353169e-02
1.170241523343895362e-01
1.769911987646821672e-01
-2.860100254498649797e-01
3.924758478490003588e-01
-1.024873944299627415e-01
9.504268540965604695e-02
-1.513963534328050531e-01
-4.917081808828576706e-01
2.438717488153805957e-01
1.617657958051078176e-02
1.413878873924128698e-01
3.044683506613597990e-01
1.664872253503614161e-02
-7.282083172786908698e-02
1.170023460757054455e-02
2.671841485334097155e-01
-1.984544120644680387e-01
3.683095087822610969e-01
-3.937260805294702237e-01
-1.289961558167627975e-01
1.482911532766601481e-01
1.104922574629616377e-01
1.692028042785209685e-01
-1.412202084982730199e-01
5.731483629514382283e-01
-2.807506432500559909e-02
-4.362744002388252995e-01
1.270682671078521564e-01
1.911109540860311540e-01
-1.043419990576463924e-01
-1.370844074010527658e-01
-4.234047688581019098e-01
1.422730852085910269e-01
-1.422083418214921957e-01
-5.505177066523575524e-02
3.189688556169651412e-01
-4.023696674420054187e-01
1.778483461766026119e-01
-2.011400759006751748e-01
-1.159028077999133266e-01
1.787459564280416968e-01
-4.722927258255003036e-01
-4.687732525498109482e-01
-2.448586647128178639e-01
-1.054317682555376556e-01
3.409469415736310349e-01
-4.473101674128345251e-01
1.631489372446648101e-01
-6.660666927228647838e-01
-1.524121019205531280e-01
-1.920911812661322410e-02
1.764213660970269104e-01
1.319499135412086632e-01
1.183785407317330257e-01
-2.988512117725788259e-02
-7.679236033203886702e-01
-1.338454786486361833e-02
-1.704058581084306745e-01
9.636837210991493208e-02
-2.919688979897159808e-01
-3.113481105828585019e-02
-3.239816908084237612e-01
1.179573586506447586e-01
-2.056839975958511535e-01
-8.572085804517010077e-02
-1.157989914091195061e-01
1.332191609362594897e-01
-7.528531131985222169e-02
2.962054053931997832e-01
5.053737790570438093e-02
5.069963461754598555e-01
-1.226471667130137472e-01
-6.148127408353035728e-01
5.524438519194418279e-02
3.316981820132990089e-02
4.748677337228428275e-02
-4.774123283088286263e-01
1.155609002112177180e-01
6.878262994686402260e-03
-5.967147473346120501e-01
-7.198177817674687728e-02
-2.044794511103201484e-01
2.739029303507361512e-01
3.061969281683712407e-01
6.035612516032577979e-01
5.339250253009164560e-01
-4.233032525949192992e-01
3.407174065659201445e-01
-1.709613076300999512e-01
5.192340018517159761e-01
-7.893331583500094728e-02
-2.786954847875917629e-01
-4.749005968806954692e-01
-9.002733985263462746e-02
1.897277299961463992e-01
-1.126276693335556550e-01
-5.274004073567670758e-01
-1.188873359289810971e-01
-2.505598838203774714e-01
1.021863905170040596e-02
-7.338439402121162136e-02
-5.864779506615028781e-01
-7.046370974299003276e-01
-6.497693718130107543e-01
-1.342256933335976010e-01
2.899549285548481681e-01
-6.665620062565790205e-01
3.511586674912026140e-01
-4.404798626186802180e-01
2.584086217592390655e-01
1.391080476051701487e-01
3.979168905378624443e-01
-6.714897559203238109e-02
3.382648303603606466e-01
5.773655351603267372e-01
-8.077682737249100020e-01
2.546762114181252423e-01
-4.188551208387775171e-02
1.696762730190723989e-01
-1.154651535798457695e+00
