-7.422758002372877029e-02
1.319688285225660840e-01
-8.664893163802703246e-02
3.823572229650002985e-01
-7.010100246137016544e-01
-2.467371613817473386e-01
-4.548015639696678103e-01
-1.289024314985598996e-01
-5.591773907779840763e-02
-7.568756114797017265e-01
-1.222155165739971933e-01
-2.732216990963772241e-01
-2.339917572254849532e+00
8.011098751008669527e-01
-2.577066053412582214e-01
1.393059537395874292e+00
-1.307313496996970859e+00
-9.523486019531847147e-01
-3.261922344972521537e-01
1.115092005100421391e+00
3.214461795967906710e-01
1.853890630733989395e-02
-2.481366904666582052e-01
1.968699968000194034e-01
-3.792182154613386175e-02
8.629608536310758027e-02
3.511297632491276743e-02
1.336718267431283580e-01
4.008234836987192296e-01
-2.655135899894639495e-02
3.520781230336385015e-01
-1.871657195113346772e-01
-4.663219082897920170e-02
-8.991168278562075220e-03
2.168798780587339659e-04
-1.113416279695547684e-01
-4.852892485440374326e-02
2.080098525282638444e-01
-1.155741860909592633e-01
1.268987771382224794e-01
-4.104512804872383902e-01
6.099128294121266419e-02
9.300910906534596428e-03
1.673609851843031737e-01
3.853231578579924266e-02
7.312457690213949868e-02
-1.880683722409569048e-01
-1.427064443924038473e-01
-5.048135504497693049e-02
-1.371472725692973460e-01
1.385461556096237723e-01
-1.906472904311329875e-01
1.241960999470948845e+00
-2.327994751670791063e-01
-2.429868744959668703e-01
-5.296145489517711802e-01
-2.824204369875583931e-02
1.670295570538773422e+00
2.800628000786890945e-04
-1.159524740720457719e-01
2.310876470738984778e-01
1.291058500371664586e-01
-2.911627215923656350e-02
-3.467249099464836948e-01
-9.306600099767688150e-02
-2.265014258728868524e-01
-8.551212818423174766e-02
-2.957657009334905829e-01
-1.629862670005486902e-01
-5.844330334342458938e-02
-1.241638823109118411e-01
2.216731447675883426e-01
4.040467246177750771e-01
-2.335998031983166356e-01
8.601641371712933151e-03
-2.947257585307165306e-01
-5.376638501332693665e-03
-1.921993131564364576e-01
4.505963729004643786e-02
-5.352728854491001914e-02
3.010398109315305937e-01
8.858309988163773352e-02
5.722281287518384690e-02
-4.269059273158555823e-01
4.727045258374622527e-01
-9.093840787697029734e-03
-3.051534909918431349e-01
-2.686690027856455942e-01
2.686733985173598849e-01
-1.210988006244045762e-01
-3.279170451511326800e-01
-3.835579953068771752e-01
-4.039401973437095061e-01
-5.424399675704300039e-01
6.825605883962562737e-02
-1.212320934272275580e-01
1.179826313651005237e-01
-3.162530180539226826e-02
-1.583488077391833337e-01
-2.429350404156523924e-01
-2.775432448628968318e-01
2.454779780178711623e-01
-1.436615714669790544e-01
-6.137425674328998021e-02
-8.298211066691789373e-02
3.172367117285969096e-01
2.110612166339576323e-01
-1.164627997011749017e-01
-2.658798110314575247e-01
-5.073836586302498536e-02
2.074607557145971282e-01
1.681382099127279595e-01
2.014330103891535939e-01
-3.409185342566978250e-02
2.617011987614824564e-01
-3.460220182811891143e-01
1.184570793461238308e-01
-3.224474134211458010e-01
-3.247782883248775398e-01
2.950508561146106268e-02
3.736762148363510089e-02
3.964701895623049671e-02
-5.734016170944364332e-02
4.017390986129926178e-01
3.742971481403931100e-01
4.358442628199799690e-02
-5.338766868421089377e-03
1.679967784331883388e-02
1.860348179643855349e-01
-3.883914351554478284e-01
1.636772197976396892e-01
3.095880616979120314e-01
-6.347052474871229810e-01
-5.819863570304656397e-01
1.212298636964667664e-01
-3.415412705256478110e-01
-1.655104599360853260e-02
1.193310804887295629e-01
1.735375387953719262e-01
-1.067430059195295794e-01
-3.713210638599529489e-01
-1.206449908069830851e-02
1.589927852638403361e-01
-3.339255778295265875e-01
-4.904609460885139827e-02
-2.523787179775917600e-01
-1.996571550892011215e-01
-3.883840276450196694e-01
5.156602643649330631e-01
5.231360463839045127e-02
-3.365687642050126799e-02
-3.816642141187044923e-01
-1.071979140692138344e-01
-1.876289657331772498e-01
2.003278042209495069e-01
-4.137060849906585430e-02
-2.337088382278890500e-02
-9.565811245715197253e-02
3.165140944162322945e-01
-3.191708350515007897e-01
-5.016776742784432308e-01
-3.903098142114173608e-01
1.622089208800166771e-01
2.797007182547826543e-01
-4.492634997557333754e-01
-2.181140469057271103e-01
9.982239147986490813e-02
8.505815350812366560e-02
3.770148825122505293e-02
5.556874629837618706e-02
1.907473534951387509e-02
-1.795256634502036264e-01
2.698492914162192724e-01
-3.061858007434876960e-02
-1.681476376624391200e-02
-1.686780253344236091e-01
-3.610004264500261684e-01
-2.288341990037712909e-02
8.511271728050398555e-02
-8.289801652182003655e-02
-1.339485245971007155e-01
1.950791153581297177e-01
-8.111845671444406491e-02
1.500464422156301270e-01
3.040856585634817977e-01
-2.865773056845303812e-01
7.397118146615891399e-02
-1.508669761651898200e-01
2.204992390695201948e-02
-7.471335857543892622e-02
7.918135749585064609e-02
-6.281345263983433014e-02
-3.000664026580228683e-01
-3.626957862016272349e-01
-2.924882953125713114e-01
2.494855424424506918e-01
1.850197237891001434e-01
2.963818584371242029e-02
-8.847163667453515623e-02
-5.576427998673083586e-01
2.124249410365797730e-01
-4.257000971254395472e-01
-2.971277972513146626e-01
1.584531851444758721e-01
2.436885121386273556e-01
-1.241421928185090229e-01
1.180997223283291979e-02
-8.945566883232836108e-02
3.039777303460082236e-01
-6.903395933846223631e-02
4.505471031550651873e-01
-2.332219987944690598e-01
6.182354992290340912e-01
8.632265737907724584e-03
-7.605872064314628256e-02
9.597226924149382388e-02
3.726434735354363648e-01
-2.523062276737818577e-01
-2.186799925705716074e-01
-9.711873667599056625e-02
1.141935245795165504e-01
5.845344754931834641e-02
4.613796441078321653e-01
3.307494783708489483e-01
1.887773976781434437e-01
-1.258357034312956868e-01
-1.469702530736446966e-01
2.983118508960231341e-01
-1.815274354430761877e-02
2.308909620893674353e-01
-3.556633431815440782e-01
-2.090768746559303337e-01
1.977917466044133987e-01
-8.379127394924389127e-02
3.087675270437477137e-01
-2.728036479847253948e-01
1.557564780189297227e-01
-2.452352231002461608e-02
-2.512999438946557085e-01
9.050143060822968266e-02
-2.948310437909708592e-01
-3.368427411858374021e-01
2.958209608409210767e-01
7.505562918903832537e-02
-5.497033995470950174e-01
-3.948635844887981583e-01
-1.590950507484476251e-01
-1.080957022542127360e-01
2.387565601374154299e-05
-8.526887640158428705e-02
-2.761323337690365851e-02
2.247780133602344799e-01
3.898113018136274699e-02
-6.354237757238868634e-01
4.635983657502972255e-01
-4.687589883503605614e-01
2.950268194535654032e-01
-2.256533166539527457e-01
7.039293147747713655e-03
-1.793921139288823241e-01
-4.477655526348330306e-01
5.075862615164756786e-01
2.301631270288621023e-01
1.198751005045232965e-01
5.424546197199404084e-03
2.257368612544852771e-01
2.710422047940975743e-01
3.523027710781119204e-01
3.165794559737695191e-01
2.538808321744332464e-01
-2.299995097256122001e-01
-4.883566164107602803e-01
2.457737070808347635e-01
8.340635152156034016e-02
-1.524754153063424267e-01
1.328161310916536331e-01
8.321508129694656919e-01
-1.433247023991134246e-02
2.240842758511588373e-01
-3.334250768276612181e-02
5.567330109363485130e-02
-3.945425564440189353e-02
-1.728795861797510214e-01
-9.375038805818305954e-02
-1.951366303698330029e-01
-2.146322825557784586e-01
-4.494435157257744562e-01
-1.258263158698904594e-01
-6.168317693528230228e-02
-2.282782370189815474e-02
-1.543497529407265867e-02
2.398473546973321768e-01
-2.025505615210420607e-01
1.418103853104626944e-02
-5.920953726165981840e-02
3.545329250591067183e-02
2.473536038006154403e-01
-3.106106640292438104e-01
-4.683662208720182907e-01
6.213274694194104511e-03
3.821328197990661590e-01
-4.556211044954897038e-01
1.499017909324280862e-01
-5.435491333508388756e-01
-5.474328651139266366e-01
-1.330399534653555982e+00
-1.249708276044390276e+00
-9.263037348227989298e-01
-1.956663778493243910e-01
-3.649583937115998267e-01
-1.049068884417451719e-01
2.566169212883372408e-01
-5.778467247728837908e-01
-7.416747701744416110e-01
-3.161440254176158260e-01
8.731803325849636643e-02
2.329726302465871465e-02
-7.669785742877830437e-01
4.779523414112130802e-02
-4.071260623126723988e-01
3.331923022129813505e-01
-1.971747153774896233e-01
7.868853436144043756e-02
-2.142946245604884781e-01
-3.903934487417932697e-01
-5.911368411567381048e-03
-6.582260537783173326e-01
-3.987546616832935986e-01
8.629545711657698505e-05
-5.288872515082463505e-02
-3.042023297596604392e-01
7.699115512795667859e-02
-5.511046037882931514e-02
-4.095164909110179385e-01
-6.981056727950859520e-01
-2.686301140073611982e-01
1.995369179365509837e-01
-1.681495359997321193e-01
-5.614251092149264571e-02
3.524377182281338561e-01
-7.948749563003972007e-02
2.476888220007598951e-01
2.046857847429964516e-01
4.199608365854734515e-02
7.449237326049221175e-02
-1.258491795281352181e-02
-2.366636433503142012e-01
9.889829399861022052e-02
-3.158307019019608863e-01
-3.552020259009865399e-01
9.183022969249704515e-02
1.415025122928386114e-01
8.885626409984587193e-02
2.720426419418136080e-02
2.218305266374414053e-01
-1.268564995506070436e-01
2.824612960481927559e-01
-3.980152608660679214e-01
-1.036622903829197834e-01
-2.025359654378163510e-01
7.099484904895753123e-01
-1.803372488777875426e-01
2.049495574690149147e-01
3.512548271645407616e-02
-1.985106300240645494e-01
-7.554151246557527788e-01
-7.763228900699318258e-01
-3.678696264924060655e-01
-5.273901387927896200e-01
1.198270517299819260e-01
-2.784498092567996852e-01
5.361290575183479401e-01
-5.857261624672772254e-02
-2.776933425079308182e-01
-3.161119164217686128e-01
2.229189769759007400e-01
5.721944534007124966e-02
-2.119958256167251143e-01
-2.289267802693755460e-01
-1.042813671198170866e-01
9.554392083417358184e-02
-8.676918716728274084e-02
-5.150066557922957644e-01
5.106406364343640814e-01
-1.987204997296502518e-01
-8.379569144611666021e-01
-8.415233595092189711e-01
-3.533507315928947623e-01
3.559331961911180175e-02
-3.388906364314472897e-02
1.014303579809544970e-01
-6.830408672328436293e-02
-3.273217169778589453e-01
-3.824172115306305741e-01
-3.443057128496119779e-01
2.837350733349522369e-01
2.052456990099502665e-01
-1.651067852791381074e-01
-2.741820671343428439e-01
-2.365305828425075252e-01
-6.043299591145048083e-02
-3.872516271503803620e-01
-3.697909032619111080e-01
1.379714868840957731e-01
-4.654892941961258912e-01
-5.174056012769691071e-01
-3.451337527265314065e-01
-1.694844230915001360e-01
2.590196396781146992e-01
3.068917197658796447e-01
-9.456570519588586299e-02
1.289341982746872728e-01
-3.965171908009816337e-01
-9.401896773838658294e-01
-4.649707604473010680e-01
-2.108233966385245350e-01
-3.555451201215772961e-01
-9.014763311327184114e-02
-3.660174888248188818e-01
1.666279968721013846e-02
5.288827898657811472e-02
-2.383965918695416519e-01
1.069256362109690245e-01
2.432523990073466036e-01
-1.833923132602959805e-01
1.398353758886745624e-01
1.696949465895461195e-01
1.841379153989578243e-01
1.527964121705029654e-01
-8.448441106944770684e-02
9.006430824669516000e-02
-1.948666322521322991e-01
2.971459044398480631e-02
1.674249463125357940e-01
-2.423923298144323168e-01
-1.027860465210527208e-01
1.441244478609639557e-01
-3.050449792099208524e-01
2.434756319681449510e-01
-2.557973762979059429e-01
2.948920989707841667e-01
2.288088457939487785e-01
-3.552540022963213140e-01
2.653628699328359763e-01
-3.992218456442662711e-01
-4.256271676334808518e-01
-3.345576116720545001e-01
-1.495161996889038392e-01
-4.392175573448779402e-01
-4.350947950458600721e-01
1.664220413176687174e-01
-1.970357472385607378e-01
1.909519959758406438e-01
-1.430350687299443702e-01
-8.911113710269810695e-02
3.671631066455147141e-01
4.377866986625869984e-04
4.523013816312298485e-01
-2.286390686624226454e-01
-9.854300433292119410e-02
1.388800923650519714e-01
1.709892636932346457e-02
-1.276601564032918967e-01
1.087520881880832749e-02
3.780375084205761516e-02
3.526571928914932208e-01
6.074556033249972620e-01
1.088140343861185022e-01
2.030760690279919106e-03
-1.088676598205897267e-01
-1.465358566563916831e-01
-1.846983251291646824e-02
-1.081463014869362832e-01
-6.501329472467441695e-02
1.129186127290149888e-01
-1.452443878329151006e-01
-6.691220229419801713e-02
2.694002906813569020e-01
4.949072798489566327e-02
4.055436796910102948e-02
4.252276017540500275e-02
-2.691019842582219046e-01
6.571175512000230470e-04
-2.985460242923876351e-01
1.072881518824411323e-01
-1.413060296420661464e-02
-7.069341880360471841e-02
1.781923487888080193e-01
3.891225524614148057e-01
-4.413982458485399274e-01
-1.324159446411240781e-01
-7.142695380139536809e-02
-4.982327000647240878e-01
-1.046721263720498257e-01
5.870047921364740517e-01
-7.089368446882179930e-02
2.172118020723934617e-01
4.003452679203801101e-01
1.528864429411961601e-01
-8.467987198996808351e-02
-2.279537042560906418e-02
1.392558621995746565e-02
-1.388565183140480774e-01
-1.908390224624088860e-01
-7.385855306985698865e-02
-2.844198042089802758e-01
-7.092647387463739406e-02
2.919328982637380832e-01
-3.914224306751083460e-01
2.469665686841064633e-01
-2.929824190376549217e-02
-1.571401729140309289e-01
-2.445750697926617478e-01
9.706175654374657458e-02
-1.821082241661750312e-01
-2.020131032457980480e-01
2.223424917434110304e-01
5.753595319591680440e-02
-8.041816724734016097e-03
2.230062739190577792e-01
9.692563369987611255e-02
-4.336666642572203911e-02
-8.338925969270209737e-02
-1.505935313300332257e-01
-4.463256028305018774e-01
-7.862646964791585036e-02
-3.088145148539583017e-03
3.266136518649287446e-01
2.114695421973648015e-01
9.345615383194019743e-02
-8.716747011485265206e-02
8.321606184511180782e-02
-3.578105926535225523e-01
-7.846088072108785283e-02
6.784778120415014754e-03
-3.830506576654399975e-01
1.930222037073274777e-01
-1.774065335164474455e-01
6.519616404114293717e-02
-1.747603917545910712e-01
-3.615974070835782216e-03
-1.361301720171269880e-01
5.840253335652195732e-01
2.960065246687230700e-01
-2.946454716080754155e-01
1.599008700864932853e-01
1.064324184630382197e-01
3.548351320221884153e-01
-4.511692279443330761e-02
-3.485488673312503449e-01
-1.826748478580096646e-01
9.808382393043962866e-02
-9.787232904853150617e-02
-2.192650621166326030e-01
-3.941788346688633871e-01
4.327054267022984596e-02
3.209609760074260687e-01
-2.621202792177835250e-01
1.548299673873551607e-01
-4.053376687589007599e-01
-1.275613118584626726e-01
-1.215453240766851684e-01
4.254275188712267064e-01
-1.835074439751440967e-01
-3.995892982325100484e-01
-1.108660425870225952e-01
1.777268130795634504e-01
2.144667652720090023e-01
-6.076607927975993112e-02
2.762667346405945357e-01
-4.934406897582064438e-02
6.189572958612493681e-01
1.135585347713888027e-01
-6.697852113154238382e-03
7.189791824817824695e-02
-5.623812413367166446e-02
-3.541440994798082387e-01
3.691349521049488991e-02
8.512234364812069909e-03
-1.739714018768525050e-01
-4.459386131012049032e-02
1.367963856199515271e-01
2.334262147878672367e-01
1.008358428275155094e-01
-2.320772029510823342e-01
4.089680805867998425e-01
1.489595950867444452e-01
1.580724938336284524e-01
-2.642761833874999189e-01
1.631429684071022734e+00
3.749491981228817439e-01
3.130785196806096238e-02
3.583181454380318653e-01
-2.132425814403800801e-01
-8.459507219388413823e-02
6.551049317982029496e-01
-4.221971898541647672e-01
-4.186881999690695438e-02
-5.204996170374546205e-01
-3.387640262032725474e-02
3.175082423127432163e-01
7.834511703331776822e-01
-1.075512237385464476e-01
8.924992379242184526e-02
-3.804930952108535880e-02
1.160861244566546990e-01
1.322068149959491901e-01
2.242371840731520807e-02
-4.455730426256790389e-01
1.152689701449517434e+00
-1.288036056963696996e-01
3.644544265710541325e-02
9.278453417827546845e-01
-1.694697967606428185e-02
-6.579400504969833141e-02
1.400145610012210884e-01
-2.135775266571590669e-01
1.257633445294348840e-01
1.165741379306323572e-01
1.943438774595223628e-01
2.999073623936271416e-01
4.528678933030785281e-01
1.255139165368441938e-02
3.175436273301950330e-01
-4.300856410090452830e-01
3.242884509146506389e-01
3.548307875699451275e-01
1.684404489608543887e-01
7.541233584463573336e-02
7.832345598964739475e-01
2.082436902660705913e-01
1.726036158037829588e-02
4.816970866992622557e-01
2.292042478580901543e-01
9.086607625031319080e-02
2.722236090469000724e-01
3.978097112152538528e-02
-3.023024948949340485e-01
-3.231511017363235261e-02
2.624968604868632704e-01
-2.508183500009669720e-01
1.292087430095553990e-01
6.842129460300820920e-01
-2.601853344287095166e-02
-6.924480128433584125e-02
-3.178746640189003547e-01
6.594327703991144547e-03
2.141489060872210082e-01
-2.981438231953814078e-01
-5.696986793085695444e-01
-1.102024164411005008e-01
6.677572118886164476e-02
2.339991229720425059e-01
8.282047259455654344e-05
-7.010330278610115151e-01
2.477592501274382408e-02
-4.757320559760961493e-02
-1.904217156784793197e-01
-8.912921364670042812e-02
2.565553883463529417e-01
8.007289595587945008e-02
-1.280470600366966361e-01
-5.213968992748179571e-02
-1.802441875283705697e-01
-4.651947337433635227e-02
-1.278019130144346094e-01
-2.115993225454327054e-01
2.058331222467388866e-01
3.494887852466624922e-01
-4.965911356406435551e-02
2.995815943578986618e-01
1.187334150765898544e-01
2.650849074544739947e-01
2.176967823103682365e-01
-3.384341551311869645e-01
9.852428526465048519e-02
3.617221766460961274e-01
-3.511164120328506555e-01
-6.242923360780676389e-02
3.662523217767650885e-01
1.826321540577719171e-01
1.442372088946803632e-01
2.868692042420733015e-02
4.080785414174447311e-03
-2.416770347230057583e-02
-1.609503527966616165e-01
-2.910083403799533681e-03
-1.877172462952819698e-02
-4.739834199580131996e-02
3.479201365538650559e-01
-8.796779574395130474e-02
-1.650515563850987466e-01
1.157480636106447691e-02
2.964745882030219160e-01
-1.370063943105236104e-01
-2.394863307053345380e-01
4.378844320797556366e-02
3.638332637094096045e-01
2.827620616111596319e-01
-9.907036035506190663e-02
-5.592436361097843367e-01
-4.514112435992129746e-01
-3.612353033002980562e-03
8.929909100739032157e-02
-2.621846885503155769e-02
-2.841876644903167937e-01
-2.499430765827252710e-01
1.583260115993091743e-01
2.330951614435962105e-01
-1.193588414102689788e-01
-3.654513469978116352e-02
-5.054417375912958477e-01
-2.816336051230404827e-02
2.973450055419403215e-01
4.989475313627906305e-01
5.194819055238487637e-01
1.286302219476564423e-01
-2.160808641941175390e-01
1.550794561301106211e-01
2.360896520040341173e-01
3.279833853588401404e-02
3.779159271279029508e-01
-2.937190373397058907e-01
4.280789053810106215e-01
3.104538009577052504e-01
-1.206521541218992803e-04
-4.921403551396012072e-02
-1.402001264946382275e-01
2.070518095974253348e-01
1.902676615037665608e-01
-1.017603986662508758e-01
2.684078980990148994e-02
-2.932335225605614808e-03
-5.594783147161592335e-02
-2.770444948183403353e-02
-1.047442275283051866e-01
3.452878610005261639e-01
-1.176876763845735863e-01
-6.666332960137894004e-02
-1.518637493802143211e-02
1.361226028644104413e-01
7.080386804892674357e-01
-1.116214237308827267e-01
1.007950871394673181e-01
-2.038043753369387923e-01
-2.545025025856778589e-01
1.007648915144971485e-01
-1.821593340679377448e-01
-7.064361471057148401e-02
2.136602993025388253e-01
-8.098651700338945769e-01
3.331283581072573829e-01
7.294209162052210926e-01
-2.215721139383690919e-01
2.253311767902331786e-01
2.930364023171254662e-01
-6.222080750597926840e-02
3.815051219181072040e-01
-1.851426393362058109e-01
2.205640662516777928e-01
-7.788203558984199693e-02
4.498848375881849271e-01
9.289244510183458647e-02
1.965197648486108617e-01
-2.582611749447021321e-01
3.244584449046596097e-02
-4.743589172604807669e-02
-1.442784425270599025e-01
-2.046296483161975932e-01
2.383190834903815003e-01
-1.122975387184555196e-01
-3.730163374970500711e-02
1.778259336139244862e-01
-2.062285887670722295e-01
-2.450373460802117709e-01
-8.248429371432085266e-02
-1.121004413066260114e-02
-2.664327600075356850e-01
-2.234963284896483160e-01
2.707475829166646752e-01
2.224579724424153009e-03
9.635911127140836530e-02
7.798287373834805747e-02
-8.470412833065462180e-03
-7.604362851124744915e-02
1.008605656290153113e-01
9.193211767175860083e-02
8.600723689532652205e-02
3.269053787781729947e-01
-3.911052810381318579e-01
-2.316589046014256026e-01
-1.293005031031533580e-01
-2.070005756405835506e-01
1.357638470004241260e-01
1.741291463311743781e-01
-2.037307118221654001e-01
-7.604453711881863087e-02
2.881906861384496421e-02
-1.769099564557414794e-01
-1.665473075293502333e-03
1.847835533595438076e-02
-5.262045492141259606e-01
-2.132433776320879007e-02
-8.427029472868287352e-02
2.205360633332594245e-01
-6.811086212573101706e-02
3.242698676006959269e-01
-1.496018960098038364e-01
2.566952064592857852e-01
3.473603954333701616e-01
-3.576652221394353015e-01
-1.748220655576724486e-02
6.302133867817187596e-02
1.176761645764523856e-01
-2.115002042141204269e-02
-1.899651947993079570e-01
1.569465394227879118e-01
-2.390737028598145519e-01
-6.778420894845643696e-02
-2.309881552574278851e-01
1.962453244489730311e-02
9.827377472106016421e-02
-3.073261326215767641e-01
4.303472444389154217e-01
8.160387203709364157e-02
1.651109094950528322e-01
8.833608685551222472e-02
-2.544640661078420019e-01
-2.513756997465646514e-01
1.362247528831520005e-01
-7.708346872730646032e-04
-6.045447896929568854e-01
-4.102810820560803817e-01
-8.584101621056562659e-02
-4.230644544038672517e-01
-6.243420076981211209e-02
2.615394242320317475e-01
-2.114771859694768164e-02
-9.423783156632419000e-02
9.348417047705144534e-02
4.090003987978927391e-01
2.203840174252625905e-01
7.884762589165965341e-02
3.532742495356185342e-01
-1.079815179847122136e-01
-1.079667192635673373e-01
1.552956520693079823e-01
4.106019431862817370e-01
-1.094793738050511417e-01
2.455204133832171731e-01
-3.156241028185343116e-03
4.664378908556382486e-01
2.248512765332471575e-01
-1.053993804070884471e-01
-3.097164067996672210e-01
-1.935393656715576338e-01
2.572884001116345076e-01
-1.241989928681423994e-01
2.674749186522391020e-01
4.788697583507898342e-02
4.003048084725086553e-01
7.522584580734353876e-02
-3.104558094411677058e-02
3.375055656854215047e-01
3.822126548075072128e-01
2.771056971209690523e-01
-4.348670029476323778e-02
-1.174597363324613314e-01
-2.020966670725105607e-01
3.994001408008778231e-01
1.152111670449975783e-01
-4.848470060444084323e-02
-6.281192750783806678e-02
2.851345187820740201e-01
1.956779157274758929e-01
8.625056290643096091e-02
-1.070676384490218055e-02
9.188596980757542110e-02
-2.772348394838844987e-01
-4.771809930553449347e-02
-1.441794438334326744e-01
6.098504708789757173e-02
-1.244109747646428427e-01
2.414458995484735915e-01
1.253890800578671139e-01
-1.592656693655926659e-01
-6.551370004004355985e-02
6.999676836382914824e-02
1.019601964289987145e-01
9.213050781786254195e-02
-2.695249275056138538e-02
1.100473973695668684e-01
-1.901025849439047788e-01
-2.008403438589828061e-01
-4.719469911786903366e-02
8.209114451718056704e-02
-1.444699734175071242e-02
3.703977556951233013e-02
1.320221049543730263e-01
-6.264941240742630257e-02
-7.310960386597968076e-03
-2.499234055396952758e-01
1.094122737492249642e-01
-1.126134826711241294e-01
8.442503125354053339e-02
2.022007451690323865e-01
2.749311605264547209e-01
1.973606340431469097e-01
-2.694539661944756609e-02
-4.421080507998116915e-01
-5.712893844484913386e-02
-1.293137852951688760e-01
-5.372027289967543778e-02
-2.733838600480904546e-01
-1.042824259313169799e-01
-4.582611145702452093e-01
-4.227713661744951501e-03
-1.046872670272357836e-02
2.208665460178820539e-01
3.928607400055173504e-01
-1.849831942985694366e-01
-3.290859577400048752e-01
4.852588629941791132e-03
-2.318442448041259651e-01
5.898002746765266258e-01
-2.615172700572030440e-01
-4.263479033125495699e-01
4.151816497610638645e-02
1.497856473989578330e-01
-2.152073000958448779e-01
1.970674730619308146e-01
-2.792507614763753976e-01
-1.679735278938184473e-01
-5.435358111734469450e-02
3.669435960257286800e-01
-3.306661694853241240e-01
-1.902481303446762750e-01
3.855389064925669046e-02
-1.562047734179755065e-01
6.577452749213337502e-02
2.201662794392182099e-01
1.807919833492260819e-01
-6.654589206226509124e-02
6.448592655529685608e-03
4.504851403717482355e-02
1.407081188474687550e-01
-1.161287089091145031e-01
-3.360148021441756172e-01
-3.254126837336234201e-01
-1.150835627634064495e-01
-4.633042900577021839e-01
-1.487932111105863819e-01
1.267394932587110612e-01
-4.556794867485170625e-02
-4.790042649319098400e-01
3.840605631268490666e-02
-3.269281262423782697e-01
-1.681375471129425425e-01
-1.257083823431893455e-01
-5.479295871435931747e-02
1.759968544020621946e-03
-2.378449892015265799e-01
-1.356159523294515334e-01
-2.978287981077124003e-01
-1.696255149292328623e-01
3.876274152797948985e-02
-3.236290404066582971e-01
3.277791693506149073e-01
-2.897639515525644582e-01
-7.556797175981835521e-03
4.046168795476240421e-01
-1.580427202744981996e-01
-1.693507035392703697e-01
-8.774555743342608849e-02
-2.614855143413993277e-01
-3.372181935813678422e-01
-1.656444325873741297e-01
9.118955452309254750e-02
2.150058685267881575e-01
-2.443688436631626659e-01
2.302289659117978324e-02
2.131249441650638343e-01
-1.735944848798375295e-01
-2.750636993528505769e-01
-2.234130923850501382e-01
-1.233519067287273396e-01
8.007412183093616520e-02
-6.436832614527798757e-02
-3.525778002492752777e-02
7.672852012246572651e-02
9.598835113054801638e-02
1.895456354743374483e-01
-1.555503603024891227e-02
1.756328824173022107e-01
-3.694826485066260435e-01
-4.471567419241580521e-01
1.335517433458668080e-01
3.041878996327947449e-01
1.896616912012225320e-01
-2.062400299953248695e-01
2.586340920336172577e-01
-3.205425386149673289e-02
-8.534396001793635722e-02
2.662073690518906299e-01
8.099588026411798369e-02
2.178917980706600865e-01
-7.158949592513955129e-02
6.163446702442801350e-02
3.429443745763447460e-01
-4.114969500768983490e-02
1.604929382001246407e-01
-2.127408946448856308e-01
1.607736168762221030e-01
-1.863939532833459312e-01
3.193231164085071905e-01
-3.694882834199645916e-01
2.462221416840627009e-01
-2.260744246511038613e-01
-1.648914760529674450e-01
-1.900579683166106759e-01
-2.665010241092008458e-01
4.614727684714514666e-02
2.034790432260372983e-01
-9.340844210096260758e-02
1.470670532972023770e-01
7.762157058843528745e-02
7.251675948683525275e-02
9.930045605976056677e-02
8.074362856265156208e-02
3.976389524808854325e-02
7.521098994420191697e-02
-3.022382133165537055e-01
8.423608634749434054e-02
7.634311585880501627e-02
2.314829631272519450e-01
1.204814054900437900e-02
-2.660768414106071678e-01
-8.831304820120183807e-02
3.994427534620855619e-02
-2.977315374201354725e-01
-2.101867027151820555e-01
6.643177242037932861e-02
2.695070481995343048e-01
1.862421117579804788e-02
-2.900320932486448733e-01
2.494022002327712650e-01
-4.428060618072403587e-01
-1.294236185589183741e-01
-9.087598279985116545e-02
3.039716415969659358e-01
-2.961504399608896332e-01
-2.856148060089643281e-01
-2.337602041601697378e-01
2.955789711696567013e-01
-1.104766363588368383e-01
-3.533636064423310158e-04
2.896585414805961656e-01
-1.389405623999651618e-01
3.065102939391627923e-01
2.766171988218719680e-01
1.108865151486933438e-02
1.470665022105153708e-01
-7.200337878702432748e-02
-5.812915656127148889e-02
-7.561608493413917165e-01
-3.712795186868653730e-01
4.427063847723830547e-01
-2.175106343950292398e-01
2.715903916513267569e-01
9.810255766202263805e-02
-2.912730326325850827e-01
-1.417884886001102296e-01
3.209644226314063431e-01
-2.966988345573172425e-02
-1.790929384243238887e-01
3.108628508657185208e-01
-1.116194913188907623e-01
-9.325889342470210577e-03
-1.309177484077774234e-01
3.426886443935860393e-01
-1.919592055320696045e-01
-1.461603714379311469e-01
4.789338816491605644e-01
2.385634457729289559e-01
5.308353759760415791e-01
1.214697959849803527e-01
-3.937502180678500996e-02
3.508945883551867206e-01
3.817650349185987002e-01
-4.164462375016647067e-01
6.271550269704271319e-01
-2.713871174272137199e-01
-3.966979333897904247e-01
2.097624106625034235e-01
1.053588246046572197e+00
-2.218804899580910928e-01
-8.467805189669831423e-01
1.158837216731019477e-02
-3.091406710986318099e-02
-4.814691239039060044e-01
-2.185504834910102431e-02
2.283473113622188754e-03
1.053031447794791631e-01
1.587580461208909777e-01
-2.138190913867359932e-01
2.241102076879551985e-01
1.384490721541156433e-01
-4.398685900281738559e-01
7.366831337311437189e-02
2.413996301173564896e-01
-1.997840576440778060e-01
1.719808910918768086e-01
-1.559499155925098968e-01
-5.368422396507741001e-02
1.823842808015575800e-01
-5.143657029206256670e-01
-1.111386578712134504e-01
-1.441230010631701641e-01
-1.641143811056925417e-01
-8.662880368713717083e-02
9.041990017914350308e-02
5.386988087499630096e-01
3.229633404012225983e-01
-2.656929894335904319e-01
7.589887999499704552e-02
5.324957884113106221e-01
-1.549645791572558662e-01
-1.557143470160486931e-01
6.348975871481625510e-02
-1.134061896941900294e-01
4.136347369121078782e-02
1.563415726062362676e-01
-9.497836925544372866e-02
1.090237869817144989e-01
-1.408266775767778589e-01
1.354913310627423040e-01
5.003356494529395682e-02
-1.982346540312951155e-01
-1.793768841465690628e-02
6.319299618569296229e-02
-3.276895029190520781e-01
-9.597963810708440291e-02
2.175523897685271713e-01
-1.152975592783664072e-01
1.118334998562495297e+00
-6.777866642090886462e-02
-1.326508480259814271e-01
3.021915511506311214e-01
5.276527068992534902e-02
-3.265297905822608371e-01
6.765657963600288927e-01
-3.434098131248989327e-01
-9.314397822704514884e-02
1.062174062298491956e-01
3.969479843222552262e-02
-4.147792183268161348e-01
-1.381737916393319110e-01
3.086339643972008662e-01
4.207250960577422760e-01
-2.424962859549742167e-01
-6.260831590347436422e-03
2.779178643136304694e-01
1.505713686082215536e-02
1.393366671819634972e-01
7.059486129336257909e-02
-1.243240144989668505e-01
-2.281056345757531412e-01
-2.420949461654330892e-01
-7.126986683577989090e-02
-1.537765932423974524e-01
-1.926832718228441710e-01
7.429955355353048962e-02
4.067240600570235509e-01
-1.993173512197813357e-01
-7.297174109345884452e-02
-1.539789017057001941e-01
2.509159571279816897e-02
-1.824328983269170590e-01
2.829018057869828878e-02
4.315661728125418095e-02
4.246684325037695662e-01
-7.442422505766042862e-02
2.791242171864264932e-01
2.977825859764215641e-02
2.197977694905952351e-01
-6.654248107821062463e-01
1.054618829762536264e-01
-8.600459736849248860e-02
-1.270629668882994612e-01
-2.563599612399277139e-01
-1.242100862933809280e-01
3.684619693983191835e-02
8.830318009745372065e-02
-2.005974121885075179e-01
-3.869342138830011296e-02
2.278471844398165524e-01
1.717896444833187652e-01
7.315809143287105298e-01
1.259267205507226886e-02
2.952799636497764335e-01
2.958685168827902556e-01
-8.726575593633702221e-02
6.001351757109747720e-02
1.021051688099922083e-01
1.619781016996118261e-01
-2.596437353864386455e-01
-8.381889496788642868e-02
-4.820753084752985550e-03
-3.291330646829435103e-01
-1.228602146823039483e-02
1.909488584554896451e-01
-6.106525346653164090e-04
-4.700520027041767412e-01
1.261205832646522251e-01
-4.346463954922107596e-03
3.956448559924080066e-01
2.198119839757873076e-02
2.010659883230128953e-01
7.267765947775486381e-03
-2.266523811083935025e-01
2.913180505840201051e-01
1.772818418486403202e-01
-1.076861436745403522e-01
-2.763437450641837989e-01
1.480686126744940601e-01
3.154524324033970428e-01
-7.100208897681582754e-02
-5.666927636387261713e-02
-6.250394399106469212e-01
3.398275389390970624e-01
-4.251367158660628864e-01
3.365098223140770561e-01
-7.370267889583292931e-02
-9.976072270865456171e-02
-3.669347585536686385e-02
2.763375015959124506e-02
3.262368779018804399e-01
4.728282731602283517e-01
-9.507015595402507069e-02
5.788105198969393378e-02
2.528798393876907635e-01
3.255360790520489545e-01
-1.205623622443555282e-01
3.515538701280291334e-01
-1.381612779334234486e-01
-3.829067718176911161e-01
3.604849843107711393e-01
2.847542681735151238e-01
-1.646484115260780645e-01
6.970289076888101787e-02
-4.431834240575472927e-01
2.415106447222597208e-01
2.081908489684239083e-01
-1.644117734572562439e-01
6.305966593850532709e-01
1.794329836993000249e-01
-9.933770854361695379e-02
1.284097540501944468e-01
8.458935771962772243e-02
3.117752552538385347e-01
2.228620442897073506e-01
-2.395674090344310225e-01
-4.908638749340452773e-02
-3.416135824291450240e-01
-3.570095265024338937e-01
-1.020557915529615722e-01
1.231339666955927475e-01
-4.162095035316764058e-01
-2.643991485476336334e-01
-1.944013861037174606e-01
2.471992275148785778e-01
9.887697383043128618e-02
-7.315545382094388802e-03
-2.278190624341592391e-02
-3.173797386400282750e-01
1.908954604120945142e-01
-2.530165017539656030e-02
-9.277595866897180021e-02
-4.609331399174140115e-02
-1.588383111864645481e-01
-5.650117242387225902e-02
-2.185851558087798241e-01
-5.418335887812428427e-03
-2.202304216115883173e-01
-1.955660574297653775e-01
1.610546513838261029e-01
-1.053703036635338791e-02
-7.505880644811989411e-02
1.305721579495421059e-01
1.093054549447767254e-01
-2.853353336808987090e-02
-1.788970182717298241e-01
-7.064793129409650818e-02
-3.717406796281769177e-01
-3.108825499101737500e-02
-2.620054918456125592e-01
-1.688475350085370807e-01
3.719453795517948524e-01
-5.588676646548297600e-02
-5.335406557982860093e-02
1.317765924266174615e-01
2.331482880394148138e-01
-1.331081189927034100e-02
-2.565726928407244256e-01
-1.636687604984154165e-01
1.289417176699990050e-02
-2.086859997839892178e-01
-1.374988296852247827e-01
-2.928762066735743352e-01
-1.730234023488025352e-01
1.192078147185140352e-01
-3.377876679155873418e-01
-5.100375051841083973e-01
-1.621710042055572454e-01
-2.109346642911526792e-01
-3.950322996559411659e-01
-1.073213379274358392e-01
2.237828515909860705e-01
-2.681625184649399918e-01
-2.866429985534249547e-02
-1.841453429813762477e-01
-8.149691195183808579e-02
-1.697374036030726563e-01
1.051734545062425058e-01
-3.736457764687125399e-02
-1.483598957787879424e-01
8.454857105537029460e-02
-6.487588206043942707e-02
2.053332732917756975e-01
-4.310269199147467312e-01
1.377698288022232709e-01
-6.001529082004974924e-01
2.244285546013762289e-01
2.830097136083612464e-01
1.632810952582405550e-01
3.362844154685686315e-01
-5.640871446741262812e-02
3.039106363006961742e-02
3.039117615594082444e-01
-5.882525540346066339e-01
2.847638837558073011e-01
-3.027607630969529895e-01
2.301288060951733883e-01
-3.241876786304679903e-01
-4.377563849763912995e-02
2.164467760382823291e-01
1.360925712206123017e-01
4.211046595163401435e-02
1.461911948285760376e-01
8.542024405416563659e-02
8.214570164852312562e-02
-5.264866614053106408e-01
-4.753090557763018364e-01
-1.477946506872853394e-01
-1.274057026082328903e-01
-3.152864162596749620e-01
-2.962955688005478594e-01
7.367199592789798468e-02
4.861015337942539150e-01
-3.720559821425796776e-01
-5.080581065984863393e-02
-5.785273956734746786e-02
-9.323495314358784536e-02
1.315289845016136550e-01
-2.454437588473578138e-02
9.961600616990962109e-02
-3.672132572188304689e-01
2.770258811985008007e-01
3.098600803806882409e-01
-3.808365255921609960e-02
-1.647919594458881476e-01
4.202879136163352736e-01
-4.145718190149907945e-02
-1.556849593954288680e-01
-7.106507320940010086e-02
-3.014916195499494078e-01
1.985578652180559900e-01
4.562312431759521503e-01
-1.565640916075336231e-01
6.431392484160315393e-01
2.593903359331340974e-01
-9.360446838517907930e-02
2.185276928008060213e-02
2.261981102214505601e-01
7.741522789147300965e-02
-1.992620670724058740e-01
1.789286147257315995e-01
-1.837363656097668607e-01
-1.862246696053924955e-01
-1.150044087634750217e-01
-5.988636693227161051e-02
1.514671061812538852e-04
2.377134235640406545e-01
1.925594761803610666e-01
-4.484450726228168121e-02
5.340077243400662144e-02
-2.831956434934208566e-01
5.391614136103442187e-03
-3.460170885154508769e-01
-1.724363198575338263e-01
-2.680752042077388930e-01
4.619745221854260619e-01
-1.672977967275035005e-01
5.435266387751545025e-01
5.241013893039339067e-01
-8.905508451164891037e-02
-2.205794072092121805e-01
-1.049158343099648727e-01
-2.288060022950568206e-01
-3.294590888262587947e-01
-4.172787290687738349e-01
6.478199296183878575e-01
5.113464026167041654e-01
4.132561089932467735e-01
-1.236012312331752488e-01
-1.092647449285188976e-01
-1.256038327134647269e-02
5.140513746992083632e-01
1.031112667611224915e-01
6.515582659731602444e-01
6.618832879811903380e-02
1.836259517777473482e-01
2.868276270647239223e-01
6.733700151755182828e-02
-5.290300391354433307e-01
-1.072180129216081523e-01
-2.390565489225442153e-02
-2.549683797770743166e-01
-1.533955353058840954e-01
-2.372251882010555368e-01
1.654784628869581525e-02
8.205236211895399201e-01
8.155019761659869360e-02
4.859609600395489726e-01
1.134611515950696876e-02
6.702364383125576364e-01
2.578946041793949220e-02
4.081082793256917557e-02
1.142690554048149815e-01
-1.260487097422260949e-02
3.424265145348776018e-01
7.390876326533318830e-02
-4.683783992190133638e-01
3.219942904919306792e-01
-9.974143018262780769e-02
-1.967121533293539615e-01
4.395287987927863904e-01
-1.070018909592532728e-02
-2.713494601166027698e-01
-1.425844001614872403e-01
-3.093758897229891836e-01
-2.420954997220242100e-01
3.280204123390224047e-01
-2.075965627595043328e-01
-4.698947647558911200e-02
1.974346051343045527e-01
-4.797494094141688814e-01
-2.094063075645375971e-01
-2.731798242699325918e-01
1.402940665352753469e-01
-2.851039484292205439e-01
4.830200352705982247e-01
3.202375148741094524e-01
1.446748267814031153e-01
2.160847070362463818e-01
-4.338348602235960610e-02
-2.002417873655939207e-01
-5.860942904890641819e-02
-1.410308586635219963e-01
1.209003423458794163e-01
-1.472846234405946440e-02
8.364241259168209153e-02
1.916615907998324708e-01
3.722371985827911678e-02
2.372128063657242755e-02
-2.057040782282091862e-01
7.273765669378370879e-02
1.487467072271924338e-02
-4.198351781604405669e-02
1.702033494148018355e-01
-7.961030158102662402e-02
-3.266535189545148321e-01
6.465955828501402936e-01
2.272324822497213404e-01
-2.562334422636001752e-01
3.740238360999748046e-01
-4.418993239283315888e-01
-3.057690253334592878e-01
-2.107161793429483676e-01
1.822289125441259872e-01
-1.924704575807576618e-02
4.378929995093767125e-01
4.327814283051016897e-01
1.168089302654654327e-01
-1.650017171208059408e-01
-2.491099852051183172e-01
-2.297902092748183023e-02
-1.736847019393949476e-01
1.979347207284935795e-02
8.549920270189007368e-03
2.173199066678851293e-02
-4.647450707500393879e-02
-1.937688936901999781e-01
-1.842364734209362698e-01
4.193224219912729256e-02
3.121450345927917827e-02
-3.117417502542877417e-01
-2.793274964723712062e-01
1.619256438313392832e-01
-3.720430109763385729e-01
8.636052298093860324e-02
-1.632061210360676307e-01
1.524918913962333145e-01
-1.792599906368753659e-01
-6.965951800640167446e-02
-1.934650957933309601e-01
3.264997858481595849e-01
-1.905122459003673052e-01
4.519855336332126439e-01
-6.337818156353937082e-01
-3.320870275907749081e-01
3.464527308841971465e-01
4.378733156040431895e-01
1.902496724005509621e-01
2.512488284936283955e-01
9.000348290873523560e-02
2.842918590954319601e-03
-3.913822458699602880e-01
-4.212896604028013026e-01
1.282027493975172738e-01
-2.941667778987291926e-01
6.704317347982187425e-02
-1.620785812009311599e-01
2.167738930347100634e-01
2.170722453232666049e-01
-1.645840409503064317e-01
4.356146001583685590e-01
6.687050545023323633e-02
2.282525251451235915e-01
7.566617939725948094e-01
1.302825186397776336e-01
4.912228521039473800e-02
-8.612324178004955588e-02
-1.063932596263940655e-01
-3.679491719396223159e-02
-2.474683227321864964e-01
1.876267989126374769e-01
-3.228405595942301226e-02
-9.782284856460787825e-02
1.078012625688929277e-01
-3.598705440594807681e-01
-3.336767309850582341e-01
1.757236742069192836e-01
2.778414041874667506e-02
7.795615397318766959e-02
-4.196462732025962872e-01
-4.815660505895718452e-02
-9.713617788620726445e-02
-2.238014902437407763e-02
-2.073926539714024408e-01
-2.697629551633149436e-01
-6.997086166328868317e-02
3.872577195438473702e-02
-1.030994174124454654e-01
1.594419913583464687e-01
-2.602916864645229977e-01
-2.306320237877443891e-01
1.751773641267553860e-01
1.537929194346238648e-01
-4.193496797281678345e-01
-1.500661603718122239e-01
-9.179697107216776286e-02
-1.007550495494724391e-01
-1.870406072888147198e-01
1.893878599967026843e-01
1.139791179508656827e-01
-3.015982836196244854e-01
-1.583547622369994579e-01
-6.225121914913133575e-02
-2.377232881195505410e-02
-3.160749586928573995e-02
9.051007717054092294e-02
1.460687113011117366e-01
4.478033380163171095e-03
1.316096853356374108e-01
-1.667513968687617809e-01
-2.999164691210980949e-01
-2.741104236512168987e-02
2.192386164626597411e-01
-1.906961169425351599e-01
-2.782010664429246383e-01
1.656631894096762259e-01
1.697727726877051591e-01
4.717008596174995239e-01
-1.835120270933305806e-02
2.432333753641205687e-01
8.596437634499719260e-02
2.936324773045749237e-01
-2.917033261201746729e-03
6.854542297603441470e-02
-3.729987039172666941e-01
-2.309695742345715952e-01
4.413347814106790418e-02
5.719957951869883983e-01
-3.098978567510030438e-02
-3.580870672256369902e-02
-2.230910498543629550e-01
1.713453163639930554e-01
1.696753944253192592e-01
2.390899279307717173e-01
-1.345842127262318888e-01
6.516695172314128370e-02
2.735825012409567880e-01
4.520790551905134458e-01
4.407601426755051316e-02
-1.510466451154817702e-01
3.312481148252783281e-01
-9.597391571332068716e-02
1.767592514600397624e-01
3.321627673394426106e-01
-2.056453382975912125e-01
4.545363892896675528e-02
-1.207817816253676929e-01
-2.307179696571703617e-02
8.623024390351480273e-02
-8.338336976048008053e-02
-2.058683355311664853e-02
1.147664179373752980e-01
3.521555461384472119e-02
-1.731213953055063259e-01
9.869627072569345239e-02
-4.956523164470443832e-01
7.632117282793540736e-02
-3.186576070658102555e-01
3.395213569166827261e-02
-1.094762295681142167e-01
2.218271560548587193e-02
-5.291017427549256080e-01
-7.965394696953410902e-02
-1.684602910043396795e-01
5.984610824205791740e-02
-1.457411831806292857e-01
-4.373637363175241211e-01
3.248566897265418030e-01
2.326028671189595554e-01
2.843171928047530383e-01
-4.187091973018184921e-01
-3.491632300800806554e-01
4.014388568471218277e-01
-1.809589569968844333e-02
1.680338605866300572e-01
-1.116380832813441554e-01
3.962084765407698772e-02
-1.821309926841855886e-01
-1.034774977585009720e-01
-2.211949663110881481e-01
1.836176580179202031e-02
-1.927538505336605368e-01
3.152161447342317624e-01
-5.327532730590035515e-01
-5.087841868802143175e-01
-6.401773862287538086e-02
4.014222504313765261e-01
1.560613561732182020e-01
-1.644814076917216206e-01
-2.015481292146012113e-02
1.348434018254372757e-01
3.815026580610429985e-01
1.402031608060490819e-01
7.110916796913760440e-02
-5.881280161884169244e-01
-5.074828373319792973e-01
-1.242003385135413418e-01
-9.896421424559123659e-02
-2.759353102177009021e-01
-1.888052690756956142e-01
-1.172083710807816787e-01
6.102910114629110927e-01
-4.808696336856172621e-02
5.059854926911826201e-02
3.419391170966287752e-02
-4.476067459790111780e-01
-2.373446419281207143e-01
2.190715864366125920e-01
1.860205572000469543e-01
-2.547025108537693816e-01
1.927411972064575485e-01
3.399031894910070628e-02
2.001066129814563499e-01
2.853055439123987069e-01
-1.297142502157935251e-01
3.329688786790661603e-01
2.365544918302967259e-01
1.474936698609038699e-01
1.793729855346691271e-01
-8.112551839599706216e-02
-5.097980806393974662e-01
-9.247129694888034379e-02
-9.907351121412211192e-02
1.338246134008281296e-01
-1.803747922200187592e-01
-4.368455352393905144e-01
3.464414540312808488e-01
-2.080957978103494810e-01
3.118656068762923339e-01
-1.444139121647203539e-01
-8.196039497018099695e-02
2.031883219793889916e-01
3.850330221220481519e-01
-5.117638375551964575e-02
2.605273790487566341e-02
-3.484972789151668526e-01
1.595292334620880270e-01
-4.622673384045186129e-01
2.349645958356291475e-01
-2.535066600556816763e-01
-3.000943714134378104e-01
-1.448467907180525094e-01
-3.019150393199340199e-01
-4.304881640837355805e-01
-3.908375611247199011e-01
8.661110949664620196e-02
1.363449898124108606e-01
-7.910838336687785188e-02
-2.552592461387608314e-01
-1.242852867341415340e-01
5.795017034922135546e-02
3.438857341252003243e-03
-1.055229373329854559e-01
1.574447184107126765e-02
2.054980263067961166e-01
-9.899118348214093477e-02
-5.620340076748397973e-01
-1.138828968197855285e-01
-2.421922633213763609e-01
2.483228454201685531e-01
-6.559390740572875605e-03
4.814525318973361112e-01
-1.547851089329256025e-01
3.658978255032505622e-01
4.721411839854235404e-01
-6.285112176858306809e-02
1.371200852169693896e-01
2.176233861825251636e-01
9.000549702080169745e-02
-7.668636587348512390e-02
-1.408587954836982847e-01
3.844743673669082790e-02
4.331270721270454871e-01
4.481818412999021284e-01
2.899942734990687554e-01
-4.778985330045943530e-02
1.357519180430366290e-01
2.569203997408971846e-02
-1.501804685112219928e-01
-1.223049096099167350e-02
-2.188963893325615584e-01
-3.380885095397170303e-01
-4.426708899440258416e-02
-2.462883561480402536e-02
-9.782737873504270334e-03
-1.372947768367540899e-01
6.036486914695931433e-02
-1.413095433776465903e-01
-1.782051107957409175e-01
5.325342974970972282e-02
4.670135195231616687e-01
-7.494501651464029190e-02
-1.437353429875021793e-01
3.623822563374330952e-01
-1.195513728861460206e-01
2.339800130591890570e-01
1.335678771226225248e-01
4.855017876947007593e-01
-6.948895805592278374e-02
-3.233622657596652711e-02
4.912623459961839578e-01
7.798515246052445393e-02
4.492791510009473688e-02
-1.294319696472647219e-01
-1.977833332177547365e-01
-9.717514622657317429e-04
5.030163718933389205e-03
-2.285749906815343763e-02
2.228835774403745418e-01
2.481605403202090943e-01
-3.332791549603088543e-01
-2.700730144618033179e-01
4.637712351327714089e-01
-2.737772770896655383e-01
-3.039216885313053007e-01
-2.470989263356459242e-01
1.052075106771374613e-01
5.148604830912292263e-01
3.649182375351330276e-01
4.463445984706096437e-02
2.815798048015938360e-01
-1.052539971575868760e-01
-1.697841541210817207e-01
4.700083937378341514e-01
9.202104989713691396e-02
9.375222635009353156e-02
-8.287011058286142262e-02
-1.293283414841724377e-01
-2.917114722633506463e-01
4.178473086915041601e-01
1.325191519266789297e-01
-3.006691646409505592e-01
-1.164393212313210441e-01
-2.596131939066086969e-01
-1.969520263736269580e-02
3.216070464527995276e-01
2.474500651493992676e-01
-2.088880042719233054e-01
7.611186090532809367e-02
2.959539546316825032e-01
-8.371457929992436042e-02
-3.460958484062870988e-01
3.865748090933495695e-01
1.127733653339003245e-01
-5.670828078990608478e-02
1.445493429299537225e-01
1.799688749310469627e-01
-5.059546220744134404e-01
2.553482293408067538e-01
1.130788436194639646e-01
3.968005784907860933e-01
-2.596966569857466212e-01
-5.225795418278159632e-01
6.418206964245791457e-02
1.622442702291158612e-01
1.399867429211469338e-01
-5.023987918749886657e-03
1.548952169555781709e-02
-3.752836094530423439e-02
-1.156617968120603329e-01
3.181177785266051106e-01
6.619548246327860985e-02
-1.687331025118210259e-01
-3.473221214535714418e-01
-2.702564996721636970e-01
8.128729184867172775e-02
1.874083279178081207e-01
-1.924034284807986939e-01
1.615733291524506510e-01
-4.544821132716421463e-02
8.929365651461627917e-02
-7.484240049940905914e-02
4.489842433625590434e-01
-1.665687998099831535e-01
-9.292444483101983121e-02
-1.641299436736218254e-02
3.663281637372657884e-01
1.079377497458152702e-01
8.953658352956014865e-02
2.295937339733537252e-01
9.231834756408971660e-04
5.742042218131349768e-02
2.198821498760426818e-01
2.646504522894699285e-01
3.590844102946134653e-01
-4.879020519495361197e-03
2.307157060546603244e-01
1.481346560645886157e-01
3.343908072119726183e-01
1.817598546924307362e-02
3.104026290399626853e-01
-2.463263840251825321e-01
2.222138937821889759e-01
3.666787885839316030e-01
-4.662048254661314006e-01
3.157896141753490510e-02
-2.279298144183402042e-01
-4.099393533890535735e-01
-2.434139314331261739e-01
7.343295130705793095e-02
1.836890728511199056e-01
-9.781031571581702555e-02
-3.216929406391708102e-01
3.936670680137940304e-01
-3.021118049513680237e-01
7.027896749055061176e-02
2.739839606997889199e-01
1.362427380495388578e-02
2.078460607100348634e-01
1.110603524726169883e-01
2.730419711658484960e-01
1.658057035227822884e-01
1.351613622060509889e-01
1.718482014326221663e-01
-9.152956684544998056e-02
-2.252598849640121415e-01
3.058066717598726947e-01
-1.879942544934075713e-02
1.983970593629041657e-01
-5.333844259733695053e-02
2.880022698533433734e-01
1.689934761676124136e-02
-2.519133854994906052e-01
1.763680014789889838e-01
-2.189647733290657483e-01
8.689888094447278943e-02
-2.498089957925426485e-01
-7.207435141665489986e-02
1.951488308514228998e-01
-2.531436094528064507e-01
2.812243357143107483e-02
-2.090060521693813400e-01
9.077785899782181422e-02
-4.758171301890580518e-02
6.455597176022501160e-02
-1.649647134014506911e-01
1.384523706521202380e-01
-2.615037222646434123e-01
-2.205699544427478231e-01
-1.676920012625742473e-01
-4.471831052597575185e-01
2.470842892081140385e-01
1.534526221127593959e-01
9.876648536207516260e-02
-9.436471562888443243e-02
5.617007978422145636e-02
2.138419626419114095e-01
-1.904741968734140201e-01
1.108703867762964868e-01
8.516512669054425444e-02
2.649268406612645399e-01
-2.490718386483972147e-01
2.013270370664433928e-01
2.348338552590008288e-02
-1.409390882597648942e-01
-2.177934334868112110e-01
2.408235293537183963e-01
-4.034107137793936371e-01
2.917250816475639996e-01
-3.628776735758957317e-01
-2.356300850384201451e-01
-4.256682723082204356e-02
-2.590851921056729762e-02
2.130239311000972288e-02
-6.951483123180229873e-02
1.485292181055084676e-02
7.150418151369986042e-02
3.166892665630955950e-01
2.085295439131925055e-01
-3.180530529931866468e-01
-4.148258687200688521e-02
9.657232404004310877e-02
-1.846886050964325898e-01
-7.792967000089391638e-02
-1.660616822927689917e-01
3.007588942977794041e-02
-2.382641066053962087e-01
-5.760706449138034424e-01
-8.623633987616037555e-02
-1.685067333941725198e-01
-1.077999591208238517e-01
-1.786639305633002384e-01
-5.235265206717353709e-02
2.416568243008473671e-01
4.182447076363198790e-01
-5.059874386724046991e-01
1.929733794830723950e-02
-1.955388490789183309e-01
3.162509983322519536e-01
7.811076811182336987e-01
-1.787441193836399045e-01
-3.421792315131724216e-01
-4.188667444811597917e-01
1.427828303961043432e-01
1.059327688225244618e-01
2.846681915422361597e-01
-9.869607945142792882e-02
8.100346226999846078e-01
1.388600966612189014e-01
-2.886512954102241624e-01
5.589999537111835226e-02
-1.487123792640362707e-01
3.498276940230329174e-03
-1.138728029067672259e-01
3.075286578015273137e-02
1.345362338546193109e-02
3.123214383461902707e-02
-3.464433455991657307e-01
1.599741498123512795e-01
3.967979688245819037e-01
3.456128019342603191e-02
5.669798642258688098e-02
5.035536379166829363e-02
-3.337448572777503286e-01
-1.241020640222780247e-01
-8.624244528042034064e-02
-1.116535735113217548e-01
1.654686791867067408e-01
3.822467323269912454e-02
-1.433597259173642335e-01
2.967613934776517914e-01
-1.119007023924561556e-01
3.903025981578414627e-01
-3.737520738338148685e-01
-1.650990341069019096e-01
3.337911030999187734e-01
4.094834734503016715e-02
-3.413259923663199136e-02
2.239938196482226807e-01
2.280098003628951431e-01
1.769569609270842392e-01
2.359182306280346586e-01
-1.049341005643844027e-01
-3.703405168776259249e-01
1.357616765631566857e-01
1.554518823776011305e-01
-1.196924489998184293e-01
4.523473078465805042e-01
1.174268267789344983e-01
-2.174371164926002242e-01
-2.163055087674502497e-01
-4.354855244470847153e-01
-1.494078659821135649e-02
-4.824712179326407641e-02
6.865009994068359267e-02
3.500701529493379094e-01
-1.458333746491438931e-01
3.177025131953661180e-02
-1.336546807502707671e-02
-1.203508911092878025e-01
3.219367699428549168e-01
2.479121635086598274e-01
2.925866453403899170e-01
-1.470436321436794647e-01
-7.775896441181497391e-04
-8.883937446360505585e-02
1.294977131092601118e-02
8.547383956391144122e-02
-4.295827494723356010e-01
1.458390514228891377e-01
2.376576060839588264e-02
-2.155764375883693351e-01
2.466550072940212057e-01
-2.195569890026817239e-01
-1.421853604754373668e-01
-2.481664027315533538e-01
-8.681039308886173700e-02
2.799315721738712681e-01
-3.013570222222334838e-01
6.106136203677076102e-02
1.871339640166780893e-01
2.990426749318546035e-03
1.730293709984369044e-01
5.530622478312498952e-02
-1.980587422245631002e-01
-7.419041838879707196e-02
8.294059117921449842e-02
2.117850078355517085e-01
3.761455351558636861e-01
-4.226991561359529359e-01
2.010138472306366719e-01
-1.537935573571763137e-01
-2.208519503601536760e-01
2.707812214655798688e-01
-1.321465302504326034e-01
1.324907145886973503e-01
5.281215223270218084e-01
1.418453511128244804e-01
-6.201478837538879768e-02
3.025890225937034050e-01
3.257114906424950496e-01
-2.612282545174179349e-01
-2.402086617773623034e-01
3.368268001200143413e-02
-8.446849820808763343e-02
3.790044477245056026e-02
-3.582534902018387202e-01
6.208539275007282088e-01
-1.063254001637511659e-01
-2.235831031957103143e-01
1.692390683646288196e-01
4.118777805109641310e-02
7.092710716674692495e-02
2.933947765399231300e-01
-2.473329263299428871e-01
2.146991128518518921e-01
-1.867830959134079982e-01
3.455367249162661497e-02
-5.603422094600645637e-02
-1.679862070322577228e-01
-2.844238055993474901e-01
-2.111801991118387456e-01
-1.403316492721927433e-01
-1.817182773245329952e-01
9.895306875735580820e-02
-5.273113102775748295e-01
-7.308487808098906857e-02
4.289055420134679220e-01
8.746119288669958192e-02
8.610310993495573495e-02
-4.170383659984480129e-01
2.337392896293354339e-01
1.202394977585961866e-01
2.208775403497884038e-01
-8.268677347574908409e-02
-1.117275776285776984e-01
-8.760709831184741725e-02
1.685938745608362155e-01
1.750965027481972691e-01
-2.649797992533276317e-02
3.402820834913701520e-02
-1.884234779824313644e-01
1.573739636835114197e-02
1.980639736856927013e-01
2.508758520495839583e-01
8.706134288530785470e-02
4.605405409418845269e-02
5.047132682049339930e-02
3.115942611379735605e-01
-3.660400452555804818e-01
-7.165906404842753430e-02
-4.352169922854577933e-01
-1.000946538271973857e-01
-2.355959555759605528e-01
-3.125086053572955769e-01
3.701336896840475010e-02
5.456396809288429628e-01
-2.909928133958120666e-01
-2.896077875788873879e-01
8.073853512220046102e-01
2.871729178656546866e-01
-3.509790628315747618e-01
-1.852838043376676125e-01
-1.413877327195009470e-01
-1.294608508831216198e-01
1.728728560891170107e-01
1.259281928969339104e-01
3.868195314533491858e-01
2.075764795938871143e-01
3.008286740415560545e-01
-4.540018224171292749e-01
-1.988181099391930218e-01
-3.731470554071933399e-01
-2.899568352557025386e-01
-5.562587127261607867e-01
-8.884042066976036156e-02
2.284219912426665444e-01
9.218305035174645390e-02
-6.758031373729668223e-01
-1.033052054196450381e-01
-2.781936006349441590e-02
-3.140548570516016325e-01
-4.226072145071915198e-01
-9.525844858652790514e-02
-1.819637328432999746e-01
-3.256000169152735713e-01
1.737788250855511196e-01
1.586505810035085395e-01
1.628135224544986492e-01
-1.144050163136922649e-02
-3.381959646593790114e-01
-1.242165312432042396e-01
-3.372404842594267094e-01
6.271177176457778391e-01
2.056874778807979420e-01
-2.686933450895904740e-01
3.510375882064148412e-02
-2.283696501716410698e-01
1.190689812635335049e-01
2.438700519259361099e-01
1.312644931159298867e-01
-1.720025071614300627e-01
-9.624790410906441940e-02
2.881517951150275869e-01
2.251630467839451089e-01
1.125297031501524270e-01
-3.258659520793351083e-01
3.084561650105765995e-01
6.347687908072782714e-02
3.303740518990264108e-01
1.165932738187666802e-02
1.249462780540516044e-01
1.339710136975219568e-01
-5.104017994309727468e-01
5.612337895430117435e-02
-2.279051243511775182e-01
-5.464826033490405299e-01
-5.126912099930059918e-01
1.277270526490143776e-01
3.997896504835943970e-02
1.224239207913839361e-01
-3.593585678029044828e-01
8.519786391106956569e-02
-6.219803061678997463e-02
2.707420797202379492e-01
-2.730366302455783933e-01
3.926412941864599881e-01
-6.728643733220716905e-02
-3.832615398266405737e-01
2.140131620558519132e-01
6.873717699408857240e-02
-1.407382350640919155e-01
1.717895215611741147e-02
-6.085919945386226299e-02
-3.173140096311126146e-01
2.706947755483429252e-01
-9.947479176499203490e-02
-2.449030110616153832e-01
1.918175551031819914e-02
3.675116270051626000e-01
3.488473471302175888e-01
3.755967046670948828e-01
3.039127469846402696e-01
-1.679858128858072452e-01
1.334176949193082162e-01
-3.139290450136560939e-01
2.467659022573752692e-01
1.461336679529169069e-01
-1.614408743702951399e-01
3.411653493299875162e-02
2.222091787106182312e-02
-1.745455834393331573e-01
2.147886324180542372e-01
2.441267513787536703e-01
9.456500594537911586e-02
1.355256183984729634e-01
4.667206511011429693e-01
-1.167741552199923899e-01
1.710715269340760125e-01
6.161189841015853041e-02
8.105989142638295175e-02
-9.221568451084831419e-02
-8.220812603711696864e-02
-8.696722918976763916e-02
1.169611245344557987e-01
-6.388479483361907130e-02
2.215318097123832874e-01
-3.080298708272786734e-01
2.241921987596515176e-02
-2.616379061577944198e-01
2.659389026130889455e-01
9.063144018829601134e-02
7.000086918383358059e-02
-2.268778105109692522e-01
2.128378145024817647e-01
-2.522974539517067738e-01
-1.087708225355376451e-01
-2.473130923445581997e-01
3.644036813689511267e-01
-1.313332050765558257e-01
2.828712680121003853e-01
-2.382449398566193477e-01
2.230933683506879373e-01
2.221487999917804990e-01
7.131111271140173902e-02
-2.178196613006707916e-01
-2.336275384454799819e-01
-2.333273636771549808e-01
-1.508580205104725902e-02
-2.445773731535191564e-01
3.510279331759294519e-01
-5.367109565751781997e-02
-4.245598197622839631e-01
7.272297679852521290e-02
3.033174707193854736e-01
-2.295187582770026255e-02
-1.464060019840557059e-01
2.756342093368293611e-01
-4.661518144676763398e-01
-2.618890089478911332e-01
2.381763654215425519e-01
3.661444811820159240e-01
-3.274297747578542861e-01
-8.419257985088676732e-02
-1.145049790490770270e-01
7.873296323352717563e-01
-1.033885960136396998e-01
5.177053053903497154e-02
-1.149441357057189861e-01
2.414889005439911918e-01
-3.234335407327212364e-01
-1.049573106952074453e-02
-1.170651275535469077e-01
4.889629301523551463e-01
3.967647526075454567e-02
-5.409081396755855559e-02
2.811614368012077536e-02
2.308220808875746100e-01
3.045895373331192757e-01
-9.714875163023943550e-02
-3.554782786266447725e-01
4.132579562722819566e-01
-1.432127059279401093e-01
-4.051307193220493597e-01
3.874524648921051639e-01
5.257871484552640862e-01
2.003249937997488850e-01
-3.118959215651542216e-01
-1.524804930944847481e-01
-1.373836619991629926e-01
-3.069847316639390256e-01
1.589727448011170330e-01
5.702333675492850251e-02
1.427695006387546262e-01
-1.045169341807485226e-02
4.373303101751081085e-02
-7.334246083309328701e-02
-2.962728382149417694e-01
-1.264683875491983134e-01
9.742760283553810255e-03
7.507501007334755824e-03
-1.087253520862568879e-01
-6.807007702647048519e-02
-7.336150556869944217e-02
-5.014108950537793201e-03
-9.208167450218794625e-02
-3.474395085101477099e-01
1.127455423513838706e-01
-9.467676006725635196e-02
-1.673359610766186334e-01
5.975771043452914322e-01
-1.730935445989931556e-02
2.235802642910418581e-01
3.867723961312098391e-01
-1.515741750583261549e-01
8.950147894187931996e-02
5.018128314443923849e-02
-1.829629608260452955e-01
-1.155800352932200570e-01
-1.359770819497842509e-01
4.102879497202021469e-02
-3.721681390266728950e-01
-3.940441657835907358e-02
3.610716779854431652e-02
-1.115405012602757456e-01
3.421936482486587910e-02
1.516463544950736875e-01
2.056650294066638129e-01
-1.313830634876032378e-03
6.192164218856446162e-02
-1.327275895056506672e-01
3.554735173672557424e-01
-1.701294917197069267e-01
4.890918977045054239e-02
-1.549318579880755442e-01
1.772457713386920430e-01
1.823803094861930207e-01
4.145445259762841617e-01
4.140157650624676777e-01
1.862515326859175424e-01
1.048392215595913973e-01
4.489277740141453532e-02
4.538957362120570049e-02
7.844856198760220833e-02
-7.957791455146540072e-02
-2.974291488669448258e-01
2.590765407848957813e-01
-4.557168517323192947e-02
-1.089648331817164306e-01
1.702730544878396923e-01
2.159846254471668170e-01
-1.073323959683472953e-02
-4.838906440048752061e-02
-5.099599226151481091e-01
-4.018508233109137073e-01
-8.123098510051950105e-02
-2.653957056989778018e-01
3.180599720576443024e-01
3.035592757117103746e-01
-3.485765083147095988e-01
2.518439361432506796e-01
-2.206239816470351514e-02
-4.978286696957255897e-01
-7.467168990514594373e-02
2.597592303090368038e-01
1.827687313888507470e-01
-1.439335965059210243e-01
2.727464189091854396e-01
-2.353785862530597128e-01
-1.122126553651654479e-01
-4.458423273626120342e-01
2.603014217532857028e-03
-7.413359413772221962e-02
-9.808071748423970171e-02
2.327666327934257706e-01
5.032773711283151236e-02
-3.671739821583173691e-01
-4.666929771434082941e-01
-9.393161566833049814e-02
6.662004797345021101e-02
1.106360236058361868e-01
1.339407272739044086e-01
-1.226803181140908791e-02
-3.053895625611019807e-02
-1.109415607248661201e-01
-3.404541816269558013e-02
-3.068960847623267152e-01
-1.131317307076896983e-01
1.987363597718314612e-01
1.738424317596003466e-01
4.982857731552792768e-01
1.896386404831635619e-01
1.221795926228694956e-01
1.015648613244823917e-01
-1.100685776485979712e-02
3.802843034777595999e-01
4.549661986946679781e-01
8.860323245726280106e-02
-1.957658772984928741e-01
3.846593614405122846e-02
3.413385925834525603e-01
2.750582700111367518e-01
1.110479659652340578e-01
-5.856878215755699155e-03
4.171529721234887994e-02
1.340214482918953946e-02
-6.603487776970090595e-02
1.379595640283921287e-01
6.026659633919893011e-01
5.620975595768435557e-02
-1.674079727084209768e-01
1.334546538064198540e-01
-2.073304398101142448e-02
-3.773615456719942030e-01
3.776880152791517453e-02
-2.127133436756596385e-01
-8.145587327377112885e-02
1.540322973429333053e-01
-4.374472074142853224e-03
5.525730540275617386e-01
5.276409823529430998e-01
4.808415739063246486e-01
-1.023015031304018718e-01
-1.549122168033585101e-01
2.113125300459065270e-01
6.004871217030753883e-01
9.035116133696761975e-02
-1.620020322365293142e-01
-1.836326253782257500e-01
4.461405541890568760e-02
-9.077308016236357302e-02
1.706428029386304612e-01
-9.727090386073485029e-02
1.216475680610281107e-01
-5.584629229857823729e-02
5.126210084646944803e-02
4.863484343965981949e-02
-5.603888610073103349e-01
-2.305269888829372393e-01
5.225431840440705189e-01
-1.685787341951207330e-01
2.485956543128559904e-01
8.787536305751671162e-02
3.754092747639074107e-02
2.891581511158474171e-01
-2.675775463418793021e-01
-1.683138515541651448e-01
-1.782017097172426956e-01
-8.060742795006574368e-02
5.009532745224863637e-02
2.780900306423639834e-01
1.901220961614204230e-01
7.690399656874321102e-03
2.286500657499026812e-01
-1.841661744697305481e-01
2.637707085965628750e-01
2.363845150008868912e-01
-1.946187048100131156e-01
8.782636059359853753e-02
2.021053282573343213e-01
2.293760554736369306e-01
2.354932991635795003e-01
9.665973227683505309e-02
-1.813189483636720375e-02
-2.819675869365511622e-01
-3.102192713120410228e-01
-1.206266408553697822e-01
-2.393899053312814051e-01
6.588619846624765852e-02
5.825072961511909009e-01
-2.638091979599254885e-02
-1.078310727073286401e-01
2.486657516482861791e-02
-2.445314255746343646e-01
3.892169049730720976e-01
-5.970615883588632072e-02
-9.644142726122531539e-02
-3.857681231613525052e-01
1.144603424951496223e-01
5.737284809590433715e-02
5.811388671661028155e-02
1.389315122256964963e-02
7.477124879312216366e-02
1.467481352492799318e-01
1.347579971807871257e-01
-1.070525703682910779e-01
-3.480597123195808967e-02
2.430115549207584602e-01
-1.845130760550892646e-01
2.447574113017951802e-01
-8.722004153182229269e-03
3.848236454039909438e-01
8.984157455725302888e-02
8.419482674262653010e-02
1.642300053997366440e-03
-1.116672073985364028e-01
-2.191481568126860402e-01
2.576386363909155541e-01
4.051923259069688532e-01
-1.775540686039052685e-01
-7.308023629871354676e-02
-2.181088453706657611e-03
1.699878316108094922e-01
1.501126149115581676e-01
2.196352400796522664e-01
-3.884805435248506189e-02
2.886949562919571277e-01
2.444104636590925805e-01
7.994406593350902868e-02
-2.270932876766108277e-01
4.321834375175244158e-01
1.767637957949218797e-01
-8.732740522153924212e-02
-4.524599934115244304e-01
6.449171746852294662e-02
-8.389932795724854009e-02
2.928479377386445509e-02
2.252759263533673367e-02
1.913597845935967601e-01
-2.244290555738878701e-01
2.712863686051940060e-01
-9.542106959657506438e-02
3.713509161067798242e-02
3.800028365402701169e-01
6.781103439787763976e-02
2.297891672133978158e-01
2.667017493075845014e-01
1.277536210176169196e-01
-2.688496864650739560e-01
-1.268129209390678747e-01
-2.265502910853537943e-01
3.308022983363849701e-01
3.655994233499982871e-01
1.032558192152904925e-01
-3.283150150527748834e-01
-1.496191528543623639e-01
1.287511107863925364e-01
-1.687293246705684480e-01
-1.732236101372881809e-01
2.019923302144624178e-01
-1.894512452912046618e-01
1.383525851420712993e-01
-2.057510585953608098e-02
-1.922001759434208701e-01
3.603261917975785628e-02
-5.975846858521209892e-01
5.277883744362691365e-01
-1.900480744994014620e-02
4.682036755926098914e-01
-2.678009668035447391e-02
3.343094332496213683e-01
-1.348122797036762077e-01
4.362724359355971138e-02
-1.131068883701248223e-01
-2.247063802811469502e-01
2.372498019584405038e-01
1.999699649867422713e-01
2.756694474621514401e-01
-6.361855271676625234e-01
3.701919853654082604e-01
9.590216372434210573e-03
4.713597375753740271e-01
-2.495712258711333884e-02
-3.618016462718222082e-01
3.944641278049713928e-02
-3.067804915099924257e-01
6.696395508484691561e-01
-2.080079837872444715e-01
1.060948561487103231e-01
-3.006128791452586033e-02
-5.000604339176713958e-02
-4.775460277093147576e-01
-1.653844671286388013e-01
-5.778504130168236885e-02
-3.595182997230705890e-01
-1.340678204144699903e-01
2.775998096931805992e-01
3.388077219040471211e-01
2.731866554364129063e-01
-3.016512996287814673e-03
5.822934209758111324e-02
1.157952688363983879e-01
1.899287749186903129e-01
-5.326807629864466209e-01
-3.487991404677436291e-01
5.821060056935385089e-04
-2.345674748510766516e-01
-7.476280787543757023e-02
8.528482280026120077e-02
-4.699934779645855709e-01
2.771734003901052401e-01
2.194413165495175955e-01
-2.777860840455623204e-01
-1.042244837869068380e-02
2.588892444895871670e-01
-1.404617971042741165e-01
-7.317832333680956980e-02
-3.337910069285599524e-01
-8.819287107362494549e-02
-5.109583878394416412e-02
-1.482325710697657284e-01
3.184262667564430327e-01
-4.006832323536462792e-01
-7.919222018579186173e-02
-3.354298833313844597e-01
-1.866768650675779823e-02
-8.011844618993836653e-02
-1.306015376988806098e-01
2.188136302531621113e-01
-2.839594914769960621e-01
1.542264877564178058e-02
-3.327135841203346933e-01
5.405317212029207147e-02
1.093485487628769043e-01
6.937404126724613929e-02
-5.923710009557620754e-02
-1.064821297301337955e-01
-1.421678662088587952e-01
-9.042176290513834203e-02
8.228412756283000340e-02
-2.235690538255061428e-03
9.806542493944515881e-02
-4.908278438455159209e-01
-2.338539600692317866e-01
4.870044396904092687e-02
1.960358702400372133e-01
8.081465033558894728e-02
-1.699060698656854052e-01
2.688729138563661358e-01
3.246343992823020330e-01
8.439198383668508607e-02
-5.884510156994106067e-01
-5.524870221815095239e-03
9.722637941921953575e-02
-5.435670467869701400e-02
-1.272722706816877825e-01
-8.524268691379419116e-02
-4.119090897992294664e-01
-5.705554759716691127e-02
-4.760631752001678874e-01
-2.156072565766411486e-01
-5.944121360272845711e-02
-1.247634633881971739e-01
-2.153314631703958856e-02
-2.265077767041456802e-02
-1.345726439258189281e-03
3.384916105549721360e-02
-5.260582545526935883e-02
-1.848450405617832748e-01
4.485873904530396361e-01
-1.008791886887862449e-01
-1.808916500943518191e-01
2.952807729011008298e-01
-3.008225107428371681e-01
2.464622201852723071e-02
3.499174445402977174e-01
-1.448462275625375488e-02
-3.698071453339100978e-02
2.019122936086542308e-01
4.488654611009825768e-01
-9.926455103295525606e-02
-2.413308529159908511e-01
1.215124546592207255e-01
-1.349474906471765934e-01
3.271930020153720475e-01
-1.062689674192379523e-02
-6.994170591145296156e-02
1.243455542688345489e-01
-4.207807041467671594e-01
2.514402120392796210e-03
-1.227121888010006268e-01
-2.020961786084968237e-02
3.313565405683206455e-01
4.710909912523506549e-01
2.263884490539812833e-01
-3.456655872384246653e-01
1.470088377540242630e-01
-1.522725122110993590e-01
-1.951712304986691904e-01
-1.056632234047251429e-01
-3.526805307657764899e-01
2.107060346942921381e-01
-1.018662832195429691e-01
-2.832642255254729236e-01
1.894089977570261041e-01
3.179875828753556122e-01
-1.049711548547055812e-01
-1.544484427961639872e-01
-1.271343412869151146e-01
3.224918207778276064e-02
3.599275280291038270e-01
-1.797954914454794051e-02
3.261686833603711921e-01
2.170818520091438025e-02
-1.208266835552675306e-01
1.451048208912649080e-02
2.126832814736903110e-01
1.540222446549120994e-01
-7.756830980286784361e-02
-1.058217819817935251e-01
-1.050269369322347074e-01
7.705929733256504377e-02
5.282199943273161447e-01
6.230049427950424823e-01
1.195904122602941128e-01
2.688336961908004974e-01
3.804512953836441391e-01
-2.681005340074325231e-03
-7.517237417749003670e-02
7.321952065909090313e-02
2.811618467971017110e-01
-1.700270996490044761e-01
-8.521767072047481406e-02
-5.210122413860662771e-01
2.593303637233416170e-01
4.468722237552148757e-02
2.732775626739139541e-01
-1.474572903750760722e-01
-1.379311805679289960e-01
-7.681205736360109670e-02
-1.442639800101405967e-01
-1.200119311800208061e-01
-1.267152691634005832e-02
3.215595141867594320e-01
-2.965985712329658464e-01
-1.770099589021825182e-01
1.857899294499634479e-01
-1.917629568053172417e-01
2.741549378240974999e-01
3.527924837990716045e-02
7.185392700332167773e-03
-1.839210583848820413e-01
7.344944831106751948e-02
-6.131020195290894093e-02
-2.059783777491370205e-01
-3.559381218789923751e-01
1.258886369285341922e-01
2.225150395949123394e-01
-2.162855921321258923e-01
1.429194973444290473e-01
6.443487837071909530e-02
5.503099962740656270e-01
6.985590796251326231e-04
1.544747899850142103e-01
-1.071950468613967200e-01
-2.345130836948813163e-02
1.360764021312912964e-01
1.286744467271102310e-01
1.268120762958010461e-01
7.274795465628531958e-03
-7.201718687959553222e-02
6.419177521817555354e-02
-2.990283983162014270e-01
2.088929781791044327e-01
2.064002129960683940e-01
-5.061685348839476406e-01
-2.281469649943808076e-01
-3.487554153406035445e-02
9.427350498187836436e-02
1.575397556403723004e-02
1.509195025009910929e-01
1.075054397093109237e-01
2.965594705587320523e-01
-9.003305285057271179e-02
2.314702527903175766e-01
-2.677485303973912711e-01
-4.973595311398165686e-01
1.802686836684784522e-01
1.510155667051277517e-01
1.643700379369967546e-01
-1.190711800424496952e-01
-2.275111558442935444e-01
-1.330555402412767207e-01
-8.522484859656083434e-02
-2.367990735841600247e-01
6.261662825007568989e-02
2.321244275869956408e-01
2.544888796300343037e-01
1.048884605528106195e-01
3.294189100647648694e-01
-2.624492066117178335e-01
1.157668031283871080e-01
2.546422015786535820e-01
3.530453456195926931e-02
-5.859089295430649352e-02
6.751049931867897369e-02
-8.227191828691809983e-02
-2.046662014016687459e-01
2.025789225655736936e-01
-1.602685061697557700e-01
-6.331836984222248832e-01
-3.218486320686498869e-01
-1.789674915891060203e-01
9.059519542699165373e-02
4.154884047797398616e-01
-3.363380670497320146e-01
1.399429261288406556e-01
-7.697975840681986481e-02
-2.737870240596291735e-02
4.660240357547778545e-01
1.055148920053174538e-01
-1.118757255523991218e-01
2.470026320264479824e-01
-3.206286771221220633e-01
-2.189042398176721874e-02
6.886957576229200129e-01
-2.900874148322115653e-01
-2.807211133243003309e-01
1.077830359120560966e-01
-3.131385264253614964e-01
1.888856139256378519e-01
6.311336338307579896e-02
1.135141790351977820e-01
-1.382962461643715002e-01
2.580703594331140716e-01
2.517797974964623361e-02
3.873025368622423636e-01
-3.234039432972912742e-01
1.949454788714069173e-02
-2.541351950479446287e-01
-2.505878035910064638e-01
2.531134002434948793e-01
-4.341218068835623889e-01
2.701020210654193066e-01
1.234440523212411989e-01
-3.368648681444778026e-01
3.693553708137430891e-01
-1.078183413949007768e-01
-3.607518697180214229e-01
-1.610738036642331561e-01
6.154309212951242225e-02
-3.768925335569481838e-01
1.766953385933755505e-01
-3.087613947600768571e-01
-2.063405006081791282e-01
-2.251674774121585274e-02
3.444537798504669346e-01
5.587916126187405380e-02
-1.987419777295304779e-01
2.280451988265994323e-01
-2.615952885268014172e-01
2.010811459072897600e-01
-7.358843094739950241e-02
-7.314267851534678178e-02
3.557708392311682566e-01
7.528065371581416088e-02
-2.620747422741909194e-01
-1.212844772273728201e-02
-3.334804197338216841e-02
-2.966276629769913908e-01
-1.547622050256163562e-01
-3.696529329196812652e-01
-7.326214607833181347e-02
1.070065499231070416e-01
-7.673716240969817581e-02
-2.445734709218254921e-01
3.797190439255173078e-01
4.708373608736520777e-01
3.750255796766547856e-01
9.108984676046913420e-02
-3.466001517176667615e-03
1.618636784304283427e-01
-5.780603872335240423e-01
2.076093476592539289e-01
3.997388987431862994e-02
-3.447862667806051440e-01
-2.904082188408367293e-01
1.280284605265069320e-01
1.673145278505513145e-01
5.507447457045605566e-02
-1.292226447675749387e-02
-2.275367938044761951e-01
-2.087623502086022043e-01
-1.488981052080956269e-01
-2.035811041254649290e-01
3.875016466118039876e-02
1.162599882934560597e-01
2.153867710473522934e-01
1.670093586461642021e-01
-4.800314533260375410e-02
-1.763908415307986199e-01
4.235439914470646161e-01
8.492656424789007952e-02
1.493425262989268032e-01
1.962042603139337038e-01
-4.393456410198299245e-01
1.614707295847185031e-01
4.223156230188268578e-02
2.453079657926818813e-01
-2.272589980987226865e-01
2.076835701591290551e-01
-1.501724300485326735e-01
-2.016524078620097471e-01
1.129177392179608365e-02
6.986460481096103126e-02
1.088339953525089138e-01
8.685024148071034122e-02
1.504098343582241926e-01
-1.397846384287495247e-01
-1.977008307430715497e-02
-2.047352104713608678e-01
-5.212809102093966807e-02
-1.448337860120844645e-01
2.872227861833430151e-01
1.347999274951194315e-01
-5.960522355519006638e-02
6.144599600803455353e-01
-7.557148856832841821e-02
-5.545849599776900979e-02
9.016663277094005835e-02
-5.330553527923974633e-01
7.327462005584102489e-03
2.381765604752123511e-01
-5.451296517113854989e-01
2.235202912680417028e-02
-4.900724525551808930e-01
1.322730300893392441e-01
-2.864758773236320555e-01
2.033263054378155188e-01
5.619383132020887572e-01
1.976765481919774137e-01
-4.875952496800088354e-01
3.751507523240904529e-02
8.437884661068047187e-02
1.320680531698441018e-01
2.109905233843338210e-02
5.255441171514073639e-01
2.268745189993270628e-01
4.030682817270726109e-02
-1.817389845082165167e-01
-7.269630765185557293e-03
3.142647080077757421e-02
5.014414968032052666e-01
1.053714504463170304e-01
-2.252157493906067898e-01
-3.150687157380833714e-01
4.630787206633656117e-02
-6.752114780717867470e-02
-4.179176209338753001e-02
1.584133151985247512e-01
1.563744660215757587e-01
-3.371189387753800726e-01
-1.048970874852834939e-01
-1.523556589653059790e-01
-3.916361646503412064e-02
-3.945149742219650757e-01
-3.101948040365004600e-01
-3.846544904402310894e-01
1.228150470293573326e-01
-1.807035387593222686e-01
3.875234787803267800e-01
-3.842380849300582879e-01
-2.695367936741180359e-01
2.134941497223722395e-01
-1.340186023930512449e-01
1.362351089432128348e-01
2.048475438564376638e-01
-2.122836056795243675e-01
-3.417805306128781639e-01
4.388012873419117055e-01
3.288195089071169197e-02
4.608158012491672673e-02
3.022567298665160274e-01
1.934558497594994833e-02
2.694717099003078320e-01
-1.071843267699069263e-02
1.501788235075034172e-01
-3.249687198374453384e-03
4.600025084752124571e-01
-2.454490893767708737e-01
3.999896754464193349e-01
-1.747864949279384350e-01
1.905079135456302919e-01
1.522197959074758078e-01
2.162052182807392142e-01
1.111417919544962774e-01
2.549851102134275127e-01
-6.701670100786905060e-02
-5.059069462646925697e-02
-2.389124603357930532e-01
-1.333035995327815637e-01
2.665334935655049309e-01
-1.527732136324281009e-01
2.739296412730309882e-01
-2.975485458511235026e-01
2.640703865319868685e-02
8.200423147900000320e-02
-4.681383639477548764e-01
2.215522258689066326e-01
1.329415860648967829e-01
5.344619315318434316e-02
-1.851666795025152523e-01
3.322540801353988660e-01
-1.221530470001782609e-01
-1.143089219251532396e-01
-5.234914490971288581e-01
3.011290479326491631e-01
4.366272289270288209e-01
3.525940247879151279e-01
4.584634575916663457e-01
2.436143962154864728e-01
-1.927385630287146712e-01
6.358760265849374704e-01
-1.215120650520126883e-01
1.150573911401224642e-01
2.741453325053543333e-01
-3.769458205590081601e-01
-4.755925100459384991e-02
4.027044414465155153e-01
-1.958420809713978528e-01
-1.682131419477982393e-01
4.162824447457322274e-02
1.280935752559134444e-01
3.592436685761783016e-02
8.213114732067816615e-01
