-9.520244549994371086e-01
-3.910869893523296059e-01
7.482242494442292724e-02
-8.262910821858384658e-01
1.204680400805670182e+00
8.867359206237560576e-01
-4.194421451666785483e-01
-1.041686628977008394e-01
1.222975395367569051e+00
4.521216234203913609e-01
2.309157372695409105e+00
-9.946212964471123907e-01
1.045479352886240720e+00
-1.702380565499645115e+00
-2.818091101116042552e+00
-1.138590990653715052e+00
-5.406247768220038274e-01
-7.014027960138997653e-01
1.072227086048078704e-01
4.512961849435685457e-01
-9.187296172057045351e-02
-8.457424187949760253e-01
-1.532894555512403778e-01
-3.345856239162798840e-01
-1.644004248150464642e-01
2.171982118837031961e-01
-3.405596892001874071e-02
1.100879850993703168e-01
2.143802422700853416e-01
-4.189263509235833793e-01
-1.966653962157089153e-01
5.774298127239287926e-01
-3.734061492909685476e-01
3.138962514347074961e+00
-4.177651710377669581e+00
3.303297282571512894e-01
2.499838639361820145e-02
5.243140937912211808e-01
-3.605649112074559536e-03
-2.996541869804464353e-01
1.311671490768870629e-01
-5.444992629636580261e-01
3.048949613232004863e-01
9.604037293497154071e-01
-7.877302388315959858e-01
5.498318395061442265e-01
1.416610857963918231e-02
-7.813110932385860519e-01
-2.356193691665342815e-01
-9.805865256303127886e-01
-1.985211717049141900e+00
2.557826420193923811e-01
-3.579047879489320461e-01
2.751409788148166946e+00
5.370736348830902340e-01
6.569581926408629702e-01
3.455896503445115009e-01
1.254796947175401134e-01
3.987606563412758598e-02
-6.194131359683406890e-01
1.456939033445166058e-02
-1.673757466812981765e-01
2.382059360230307787e-01
-1.070586330308399420e-01
-7.876472254533263551e-02
2.817466975094972126e-01
-1.788269032707542061e-01
1.412337644965296068e-01
4.415409683329151735e-01
4.490588825381438554e-01
-3.808327527699655324e-01
7.171048463436883180e-01
-1.722586187471820129e-01
5.237442749276054466e-01
-3.010044407055726956e-01
-3.724735899391740102e-01
9.242912944261916230e-02
-1.341675090073314869e-01
-4.340535331598968649e-01
-1.460492864784601608e-01
2.078233300164107900e-01
-5.183174711534158791e-02
4.947613824150284834e-02
-2.456007102604808590e-01
-6.211994618869416396e-01
-3.335546134946874852e-02
2.481507831564020994e-01
-3.242579389988323180e-01
-3.722930740986080123e-01
2.364158812106667840e-01
1.298106044117928737e-01
-4.362318794854052606e-01
2.284005664419406223e-01
-2.463486419788079307e-01
1.060365877922285309e-02
3.401022410504970783e-01
-3.396768868935183538e-02
1.471739048417417539e-01
3.936302975184435282e-01
1.013947681826713049e-01
-2.902328991971285174e-02
4.309956542723802908e-02
3.779919797460559172e-01
9.664168725032686036e-02
2.880649586641383930e-01
-1.620219742246599703e-01
4.333401581359329346e-02
6.701891766182829779e-02
1.345444208757610172e-01
-3.065118624372420442e-02
-1.118340701217158603e-02
-1.164189739861806877e-01
-3.638623400815104315e-03
1.415496629072539037e-01
-1.679318353251386398e-01
2.277894666381427291e-01
2.131306542374236390e-01
2.403864083291871734e-01
-1.088043731261726099e-01
7.399736249684671363e-02
1.067895517424892332e-01
-5.702823717658590530e-01
-3.878418297049069929e-01
-5.083948266659551324e-02
4.751714937348360812e-01
2.295562034974808208e-01
-3.382927448366227375e-03
1.632988938475182783e-01
-1.198891061402813929e-01
1.968672324589963163e-01
-5.227588692097931977e-01
-9.698837122348576145e-02
-1.735003084912865035e-01
4.637796077682505014e-01
1.134433199727419572e-01
-1.809459284598855799e-01
1.765911797539386763e-01
-4.272677956531572008e-01
-2.726042814395047142e-01
2.402723354282016235e-02
-1.333808696140260583e-03
7.520732531021678824e-02
2.726390780996320595e-01
3.664531335370575099e-02
-3.117399898389301427e-01
-7.745053493291842450e-01
9.690220188338934115e-02
-2.769889702656119779e-01
-1.737424614823927793e-02
-2.135376423917340616e-01
2.923681044027089948e-01
-6.338439543296852108e-01
-7.191844771059087427e-02
-3.109973666679267112e-01
6.845626955763015609e-01
5.834831120151136308e-02
3.477873485815670129e-01
7.913056639908766510e-02
4.506262200980840626e-01
-1.828347695162608477e-01
-1.096296052823558798e-01
9.374579043933796429e-02
1.146590872901494390e-01
-7.744639951371085074e-02
-1.642541067730489135e-01
-2.267307209885626451e-01
1.556247280011028300e-01
4.739932674527993356e-02
-2.833948704929977747e-01
-4.178691298405766141e-01
1.531681231948339439e-01
6.684855230307081009e-02
-4.307201500743791378e-01
-5.162848074204040572e-01
-1.410374590296686326e-01
1.723472947037936742e-01
1.201557903808124911e-01
2.185170890903555263e-01
4.293679937549775283e-01
4.066638824572761934e-01
1.736347808534090542e-01
1.779548231822743187e-02
-1.253342555334451269e-01
-5.475444374025814631e-02
-4.537760413782206959e-01
3.185804896165856936e-01
1.014161031667640406e-01
1.306757335155941668e-01
-3.641343979585396490e-02
-2.426530363919329747e-01
-5.820504441985567545e-02
-2.214249811932212653e-01
-6.241540282517526149e-03
-2.346469607760441611e-01
4.367617726137443257e-02
-5.296371375591986397e-02
-2.593043062800279297e-01
-3.844724976279674800e-01
1.477527861153542579e-02
1.456314670500931940e-01
-1.042892546458012853e-01
2.379980971138149493e-01
-2.759078183490979996e-01
6.006477269307983757e-01
-3.842898167534327669e-01
5.042723202055350573e-02
2.055799482063268568e-01
1.556143795754112991e-01
1.926000034105776471e-01
-6.854493400767269762e-02
5.667172857994827728e-01
-5.457145129471898670e-01
4.208406179786877005e-02
5.033595716031779438e-02
-3.379401269887719050e-01
-8.159301647259299684e-02
-3.730629875812422891e-01
1.976169212036034684e-01
3.305714472345062660e-01
8.868333524451993410e-02
8.343121346655851811e-02
2.966886269068855775e-01
-1.432936152835704580e-01
3.347720864518878847e-01
-2.336621371325510732e-01
-2.746174391800566550e-01
-2.940814441431713333e-01
3.968749133276482932e-01
-2.414640870928321248e-01
-1.043991881209731659e-01
3.393741995526090016e-01
7.023539585474624092e-01
-3.630298670004335482e-01
-3.010532496521968748e-01
2.769307566637512208e-01
-8.287577807971341359e-02
1.066421506556596843e-01
-3.977743695528648260e-01
5.055039693809629253e-02
-3.879783560959476629e-01
-7.437112033548996803e-02
4.016676745039935437e-01
4.458762322395906641e-01
5.316543456487863306e-01
-2.293000546525053029e-01
-5.806660908511269703e-01
1.135800649561484049e-01
1.732327244723587054e-02
2.050859411080730998e-01
-2.159868445641999202e-01
9.469155222807117134e-02
5.635413376296627419e-01
9.698087814045255883e-03
4.405813973576484105e-02
1.178751963947690523e-01
-3.368979343445879238e-01
1.682585903580385012e-01
3.090494453039673295e-01
2.968599184203405406e-01
1.431431805090706277e-01
-6.671057058443215226e-02
-1.209521742262615884e-01
1.188565867027821105e-01
4.065444792410182751e-01
1.195707150906669680e-01
-5.260289958248105524e-01
-6.554275861496479394e-02
-1.769385853440450240e-01
-4.042496354120071050e-02
-5.077631110508856738e-01
6.275962502727440162e-01
5.686164894314418294e-01
-7.363606508879894097e-01
-9.045568225858005018e-01
3.228945172926842577e-01
5.059869727159896913e-01
3.251581219289529923e-01
3.168056476017049872e-01
8.024562923578432150e-02
4.364858565293994741e-01
9.915697007656287809e-02
-3.439791733956555353e-01
2.584609418127036817e-01
-4.411529359875233647e-01
5.211762751663373550e-01
4.155794452649682058e-01
-5.117707589467200557e-02
-3.640936748343286955e-01
-1.558337000671584927e-01
2.299580295087872983e-01
-3.853535788247500204e-01
-4.897560607427612900e-01
4.243101110649843966e-01
2.154611840369115294e-01
1.396166463662513457e-01
-1.217761564744720554e-01
-4.360943001740904233e-03
-3.540120129680601746e-01
-5.226870522892739235e-01
-4.747211073869666664e-04
-8.150814077441823069e-02
-6.038978369561280590e-02
2.356630579778209722e-01
9.636435597269220332e-02
-2.324373132358613925e-01
-1.985075187641108796e-01
-1.881223256772765751e-01
-3.578625123749894499e-01
-1.045372119144517831e-01
1.122548780675010488e-01
4.762432890176423461e-01
6.053958877845273534e-01
4.190275435443419766e-02
6.168876867237746420e-02
-1.570037185523346090e-01
3.034004653289754661e-01
6.065620823115885213e-02
4.397298540617729512e-01
-3.676537676909709396e-02
3.869927472099261023e-01
-4.819529829277185429e-01
4.616127116021883636e-01
-2.367887264319923912e-01
-1.589721485548386104e+00
-2.019749672676413865e-01
-2.458055158558158371e-01
-8.025000926328304529e-02
1.867518504306314719e-01
-1.824788237633578614e-01
-2.599858864181557316e-01
-1.093839877197529731e+00
-2.179726821293252570e+00
5.686568667891517270e-01
3.140998085277890151e-01
-6.245811604268293182e-01
-9.095179426519203192e-01
-3.968663906393966601e-01
-3.621805467713613558e-01
6.947919260961607502e-02
6.945469076437359446e-01
1.976865908372709701e-01
2.586603103420362371e-01
-2.476986758109057662e-01
-1.780215510381211397e+00
2.298878927089432200e-01
2.612433152146900750e-02
-1.591375084943189716e-02
-2.163707209660320208e-01
-2.727379271987430132e-01
-2.253761154192028895e-02
-3.371188403594704841e-01
-1.700168112982936020e+00
2.361306571572973079e-01
-3.793659257893584880e-02
-9.553839400046143515e-02
7.703081691933801045e-02
-1.476678598672733767e-01
8.971379836908700833e-02
1.854622818347930954e-02
-1.011775741638355625e-01
5.207437872393588102e-02
-2.240726304570931915e-01
-5.752469711717777406e-02
-2.670783863135042790e-01
5.211148133131544569e-01
5.490780992530527316e-01
-1.883217910982241949e-01
-6.729736553315046610e-02
6.318961292370160743e-02
1.538759042567182933e-01
6.496600733335056166e-02
-6.351737817927362029e-01
7.028696006106409655e-01
-9.858497895825620028e-02
-4.424928669104893353e-01
-1.587556866400799405e-01
-2.905026045855733652e-01
-3.413156876034602050e-01
1.867684349164788976e-03
2.538865297919059780e-02
1.851845390868536723e-01
8.370578012942599122e-02
6.082825754633571815e-03
-5.874144710054124419e-01
4.701435854006603271e-02
3.575608406533037353e-01
-4.468067683166233595e-01
-7.981969627922535365e-03
-2.539300448451300984e-01
1.259955112531884469e-01
-3.083642270969787491e-01
-9.854581054088468184e-01
6.206397368149502158e-01
2.554457985903768602e-01
1.901991993178480667e-01
-5.801873417544435585e-02
1.513566951376289771e-01
-3.371811083577549127e-03
-3.643483647487327226e-01
-3.867030672721643025e-01
2.364249633873011514e-01
-4.574504272449485959e-02
-2.183534444091776994e-01
-3.549111455465323028e-01
5.820274381363137461e-01
-1.117390103616507230e-01
-2.701004645797435155e-01
1.595405575389891306e-01
-2.325696129046581628e-01
-2.591135214881511509e-02
-8.540918807263730983e-01
-1.174575459236956304e-01
2.974392746288497813e-01
7.607870655962140072e-02
9.729354554283836665e-02
-8.115007700736948104e-02
4.114173280550550427e-01
6.468864248391316581e-03
-6.366069371916141355e-03
2.009202759808685068e-01
-1.055309232289526056e-01
-5.236614348308219619e-03
1.268168150592348387e-01
1.352028664129578672e-01
-1.859038365149433270e-01
5.545684542826703062e-02
1.544529180440254723e-01
-5.094687710373402290e-01
-3.028290132422057912e-01
-5.817831952888802977e-02
1.262850113223779047e-01
-1.219697491464805522e-01
-2.314134841045847532e-02
1.037818759188809947e-01
2.146306744120824450e-01
5.318134057390501157e-01
-6.917859862461099574e-02
-2.028138858904299791e-01
4.098260860717501536e-02
2.299164208612992644e-01
3.234562779850846392e-01
1.588661178867478152e-01
-5.466488705526154068e-02
1.203473280458493833e-01
1.355823193602026244e-01
-2.936831741695136722e-01
1.372554473425331156e-01
-1.692790523857130025e-01
1.713126666685058364e-01
3.662296033130072459e-01
-4.502926789540410979e-02
-3.200052604886793328e-01
-4.860305587143323724e-02
1.258354584059519915e-02
2.289438612948611895e-01
-9.041508626429602125e-02
-7.180500735217464070e-02
-1.120716579055487383e-01
1.804230867044492592e-01
-2.821582766824794475e-01
-7.451359442119327714e-02
-2.660589994041291928e-01
-1.671194556512936025e-01
-2.035399800034124462e-01
4.526240295989444329e-01
5.168315382103804145e-01
-3.166683315879729177e-01
-5.337644045088767164e-02
-5.215202267912117939e-01
1.040112181154349003e-01
5.266882986932228672e-01
-3.956500700216215582e-01
-1.257844597023951849e-01
3.287797366869502635e-01
-2.068957567044399926e-01
-1.059936682921827494e-01
-3.058954666071151199e-02
-4.564011423232717732e-03
-3.727610712208050403e-01
5.217244360072699205e-01
2.273040779434255254e-01
-1.938008910699898224e-01
-9.766830131680286076e-02
-7.735747149230159936e-01
-3.818760200107182978e-01
-3.576435946051779724e-01
-1.275766123396700202e-01
-1.360159400209497993e-01
2.101224547653193220e-01
-2.641001903994559252e-01
-5.831315066670257341e-01
7.969872438661679270e-01
2.496646440666099379e-02
-8.679310355847177916e-02
-2.644112935854456836e-01
4.443530348653002560e-01
-2.029295649755792907e-01
1.189664075198686027e-01
-4.469660244815960581e-01
1.092206558034799491e+00
-6.813797681304617493e-01
