-2.857233830065272207e-01
-3.270287438967369176e-01
1.227885755472896356e+00
-4.176341404315949690e-01
-2.759431641576033933e-01
-1.366752556683645148e+00
-2.198951127195528932e-01
1.290412261154046725e+00
-9.566282348314186779e-01
-6.943166501824693526e-01
-1.860506669185885698e-01
5.521756751747561309e-02
-2.317863093031445887e-01
9.667199272841225932e-01
-1.305064033118166655e+00
-2.717910238086908681e+00
-2.503084509299737803e-01
-2.772158596846198697e-01
-3.221032149137624812e-01
9.767433345122494837e-01
-7.758746032913180213e-02
9.263693361635115531e-02
-1.207251313995002379e-02
-3.080006549418802184e-02
-3.319008540485105657e-02
1.221931344018108712e-01
-5.670777121545158422e-02
4.235114056884106692e-02
1.041792801038398525e-01
-1.326682387604048163e-01
-2.180962399723243295e-01
-4.161555890112847954e-03
2.060398506504263968e-02
-8.250871931077552457e-02
-2.440312124780968928e-02
-1.124493986924036959e-02
-2.490537506700505332e-01
-1.113577375985413780e-02
1.566399098906431364e-01
-1.044097856241572031e-01
-7.408423354908354186e-02
-7.874983722585097989e-02
-1.093159755526511845e-01
-5.754639797510233135e-02
-1.176768699079952518e-01
-6.064382177922700290e-01
2.042972797500993906e-02
-3.200908977332455052e-01
5.991021782069833740e-02
7.468451985546656346e-02
5.045977704447577455e-02
-5.300882525954390967e-02
-7.419619145565564677e-02
-3.963462025963282453e-02
-3.384231792101752845e-01
1.555708459540556365e+00
5.849305108421808813e-02
-1.937108711756472257e-01
-1.238972421142742718e-02
2.204562122924335829e-02
1.644620591609057686e-02
2.121390056281644843e-01
6.197186930863106402e-02
-7.897481399582205464e-02
-4.824343926802548282e-02
1.181290249253791058e-01
3.335757867729657322e-01
-3.834197956910111449e-01
2.042304816675347967e-01
1.509240285819068716e-01
3.867272989343275014e-01
-1.130477796668967749e-01
1.985139282505304359e-01
7.951238129043181058e-02
-4.566758582800223842e-01
2.371273417009423790e-01
2.207982831791258649e-01
1.205436090211663147e-02
-7.849398062919538122e-02
1.348549985871946022e-01
-3.925253613864498892e-01
-5.271257041619502592e-01
-1.001240666157755983e-02
1.256675427002199585e-01
-3.377265280920021540e-01
-1.043781682596845312e-01
3.486271712986862004e-01
4.426493959718180715e-01
-3.717725368107677730e-01
-4.174068477709407254e-01
1.301683466123573947e-02
-2.516716770209650837e-03
-2.745848212732854843e-01
-1.504512023988805458e-01
-1.585525661872893011e-01
2.879132280749493664e-02
-8.937116698248498414e-02
2.971672680914704268e-01
-7.453950910525751483e-02
2.234868092993743949e-01
-2.595898168643867576e-01
-1.863221138845030100e-01
3.393068973548922507e-02
-2.696625603295290663e-01
-4.209046235091563198e-02
2.065113280578070865e-01
-3.422586776666541875e-02
-1.346087527463542821e-01
-2.805841437231182400e-01
2.022705412181481366e-01
1.090278040732779036e-01
3.922004960130615059e-01
1.418604780099768925e-01
4.747193657666753247e-02
5.918420288955483777e-01
-3.027550921327336608e-01
1.049078773400643344e-01
1.431950719818837481e+00
5.259431205527413666e-02
-1.174181961698331500e-01
-2.329495686164748114e-01
1.349409885929599151e-01
-2.060568784050456348e-01
-1.199950631238262122e-01
5.255582839030058934e-02
2.885456809606966599e-01
1.448824597081888044e-01
2.499259519126345863e-01
-3.975889940083142671e-01
-2.180648519755019887e-01
9.800670265704387873e-02
-4.344088731581745300e-02
-4.908554141491166742e-03
-1.746214867460057218e-01
-3.449612406737534998e-01
-6.341974997848096596e-01
6.714676193269077109e-02
-3.009960185696931162e-02
-4.188760161754263335e-03
7.297183187913584834e-02
6.966420525968046451e-02
3.253414545210171482e-01
-1.358346915850137115e-01
-1.582448022408418364e-01
4.534659029828363996e-01
-1.725437209056786270e-01
-1.716117980903088258e-01
7.671682201454348149e-02
-1.185119426375060153e-01
5.297835242758854868e-01
-2.484624898558645267e-01
-3.315540486579972995e-02
-6.955278044064074072e-02
8.552502362216700404e-02
-4.467377593281424836e-02
-2.446117607502977243e-01
-4.228457707795167386e-01
7.672604308877951917e-02
-3.288175557100243562e-01
1.683876002096053870e-01
-7.709490471174752779e-02
-2.631282934441216970e-01
8.132013580830839417e-02
-8.844653125453283415e-02
-1.175974395213803120e-01
2.417716438779495547e-01
-2.934609090185671953e-01
-2.375552549329849050e-01
1.252363442552003048e-01
-1.415164024240474494e-01
1.439606108300405807e-01
4.525369330093673148e-01
-6.468203229376326413e-02
-2.786022629648974430e-02
3.511949968280342893e-01
2.333051933412121914e-01
3.963128138772056830e-01
1.617266716624609357e-01
2.194194511323138419e-01
-1.737851088128578858e-01
-3.643096903624250260e-02
4.041517835811937742e-02
6.565878416121660732e-02
-6.162506625375355901e-02
3.282087050224256897e-02
-2.133100708839744675e-01
-1.475444809120800560e-01
-2.830183145193743699e-01
-9.470690950416184306e-02
-9.718757624335175316e-02
5.937252040017942586e-03
-1.552420443254571569e-01
1.777801119948318187e-01
-1.923228900576863798e-01
-2.065241307850609886e-01
-7.204282224956425063e-02
-3.099565039990052062e-01
6.948565663727399033e-02
-5.506022250655343009e-02
1.403882994398062967e-01
7.729167077150551624e-01
-3.923092564911776492e-01
1.810697591794366845e-01
4.919549384247135643e-02
-7.393225936371800033e-02
9.060595141275608333e-02
-9.260682513815028383e-01
-5.269937946301451737e-01
-5.247101627137324975e-01
-2.000729501829374146e-01
1.402822649311251668e-01
-3.928966184486121227e-01
2.542279770261127170e-01
4.502699321132924148e-01
1.856437932412813296e-01
-1.812413724724611652e-01
1.882159643637889845e-01
1.556585537875970093e+00
-6.386395937436688264e-02
-2.164543616855084951e-01
-2.514199104234373650e-01
-1.157583640397655683e-01
2.492214971078618169e-01
1.625801730524259470e-01
5.211532338597799074e-02
-2.968396871260317593e-01
-1.747765134444849433e-01
-4.051445722815932848e-01
1.504280737457501238e-01
-4.792187455827882081e-01
-7.956897052317477015e-02
1.522493738312836187e-01
2.720074278464290618e-01
-1.898289701093945903e-01
-3.956287842420515982e-02
2.369129401193052764e-02
-2.376961912590452031e-01
6.302462385258011945e-02
-1.693316492734087131e-01
4.011742883930635162e-01
-1.228459383549559553e-01
1.595000449924268426e-01
4.143547939837771699e-01
3.161760581384943092e-01
-3.756095596227730371e-01
-5.558301001423820997e-01
2.560679806525430480e-01
-2.855763746064489683e-01
-3.442420667774347409e-01
-6.475697524407174610e-01
1.042124209058069573e-01
5.232477012772152047e-01
-8.998451972293107504e-02
-9.288239171767144475e-02
-5.322308527436458991e-01
-5.088871973115358105e-02
-7.946529705289230305e-01
3.049854448655732742e-01
-3.922386443018974211e-01
-2.933292334029795057e-01
1.235360583380649968e-01
-1.008329801448288460e-02
2.055874289931352850e-01
-3.354000734981466003e-01
2.108377086248827692e-01
-1.711001366314444105e-01
-2.203460595097300190e-01
-4.140644781820201348e-01
3.611209583966071279e-02
-2.878188927524301666e-01
9.434152510426034588e-02
-2.003169975983841999e-01
-5.446015362214882138e-01
2.562770836068145042e-01
-1.539761446582618987e-01
1.808019331999759782e-01
-1.459851106373948881e-01
-1.598815943841919163e-01
1.573126481412652489e-01
1.622555826208220142e-01
3.723190375235260197e-01
-3.343697460555761225e-01
-1.000059867805942748e-01
2.312549180360138346e-01
2.221946749179380676e-01
-1.950724568790812852e-01
6.559314142216415844e-02
2.785632269257964921e-01
1.165877151097869345e-02
1.314308944388647704e-01
-7.338301203841290921e-02
-1.913177245990969333e-01
-5.182674930751445252e-01
-1.997226387587773891e-02
-2.472597200851953114e-01
-2.479881579753664966e-01
2.166124078465822556e-01
5.902959188619594233e-01
7.022646161837235723e-02
-4.369910965757906052e-01
1.909710476107126798e-01
1.100444506097544711e-01
-9.465921484627286275e-02
2.107224045368001342e-01
-2.578338976433056651e-01
1.541231597995120772e-01
3.974823084148001312e-02
-9.811531698159729753e-02
-8.832665284888989443e-02
5.495442012656017727e-01
-1.255986157554704608e-01
-9.747559614157601249e-02
3.943852753312536430e-02
1.331787725589344829e-01
-4.086697535207660104e-01
-1.766959556121710795e-01
-1.873819362707736802e-01
3.480328814661503012e-01
9.081038783857353636e-02
4.151613880824399361e-02
2.259893531857865290e-01
-8.618412115193248291e-02
3.862224906732571461e-01
-9.220525088380107648e-02
-3.266395973155257759e-01
3.341157975401031766e-01
1.544757447750867152e-01
2.667253734607750171e-01
-2.363691518768198940e-01
7.392260559304668355e-02
2.024422733455269185e-01
-6.176858360336503345e-02
-4.133325717975525060e-02
1.177511139531634554e-01
-6.152039405255199656e-02
-1.100867913193656900e-01
-3.186611283349401885e-02
6.253368564624980364e-01
3.279242308205231327e-01
1.396187696685224633e-01
-5.554147066142841593e-01
4.586503801255183421e-01
2.415344540029641662e-01
1.735720177775669504e-01
3.268483001010538680e-01
4.090616865146098208e-02
2.953812698316441235e-02
-2.009663994990549818e-01
-9.103658954610358012e-02
-1.269696762540580177e-02
6.577643851431605460e-02
2.831493129467679282e-01
2.646245467656135886e-01
-1.832846371616863868e-01
-2.649633403943367771e-01
-2.350890724168196444e-01
-2.801142598459530064e-02
3.242581842647130896e-01
-2.163328952064665911e-01
-5.364413075533379371e-02
-1.508566489931466859e-01
-1.954568139935669926e-02
6.875028024199414389e-01
4.411458380370416044e-01
-1.199672498721543468e-01
-4.394259354138722040e-01
4.867525906416265286e-02
-2.115128183447382015e-01
-1.638263434999585710e+00
-8.153005434233999704e-01
-3.179186375528441078e-01
5.129340394977737194e-01
3.288592794949869447e-01
-3.858966219691825628e-01
-1.159602340095191586e+00
-8.900195796289357419e-01
-1.076485200647526064e+00
1.214260430011022907e+00
-8.903125003053664610e-01
-1.338359478455396212e-01
-2.401718085321405405e-01
9.891979095776472219e-02
1.604475812649712729e-01
-8.106733928081520657e-02
1.191198343163985263e-01
-8.847871518111401212e-02
7.990255525269653047e-02
-3.063296776944133826e-01
-1.354962142340634668e-01
-2.454268640004780011e-01
1.359896212532737403e-01
-4.829299144832960300e-02
-9.400067400402101203e-02
4.303692898179681259e-01
-2.357188836383690700e-01
-8.692895694915840632e-02
2.342295178429784630e-01
-4.993492481065212041e-01
1.073759038624308576e-01
6.503822343945951656e-02
-3.009536725984347516e-01
-5.373775876230575399e-01
4.624603201612557113e-01
-3.303586001588389998e-01
1.493012414967824671e-02
-2.139598450649308758e-01
-1.524168580766065983e-01
-1.832031674890854667e-01
-9.842302950306654197e-02
4.649441297214643720e-01
-4.407124777711168839e-01
-8.317514927700378133e-03
4.291517805704272437e-01
-6.516940463900007530e-02
-4.370662970158369909e-01
2.289846825380898454e-01
-9.902229460365950808e-02
-3.659301200069915438e-01
-2.676028246251806464e-01
-2.328926629625855671e-01
5.095841323938478107e-01
-3.747095680747917351e-02
5.017708547081692894e-01
-2.860655272665989513e-01
-4.635517894177449555e-02
2.440793494211855874e-01
-2.752812217563369024e-01
1.297298503026984295e-01
-2.926635636441784483e-01
-1.944768036586906612e-01
-3.139622579874432606e-01
3.205558148488493186e-01
-2.516192906051390454e-01
5.271219224298525664e-03
4.031000879027747952e-01
6.498781670834535840e-03
5.580585540640465442e-02
8.314740205747076507e-01
6.688652906317767155e-02
3.036004616648302346e-01
1.734958979216867647e-01
4.984496034591184149e-02
3.017079535022421100e-01
6.254753106330006307e-02
-1.620670797042187972e-01
8.365029867301085331e-02
4.343319377368527745e-02
9.164317158278502407e-02
-2.060511114176735992e-01
-1.245140108715275980e-02
4.452130878155832056e-02
4.270089604791430515e-01
3.406353230101202834e-01
5.569090676601799045e-02
8.360797466624625418e-02
2.169629254224061110e-01
2.040789463708690132e-01
5.746407664992719821e-01
2.780827034676469633e-01
-2.541754600081358798e-02
4.126304212635447111e-01
1.274423230827916309e-01
4.456534584422281245e-03
-5.662304311917959465e-01
1.392084319623335675e-01
2.464595616880737305e-01
3.005491108684318347e-01
-1.690638171585457372e-01
-3.298023750952945310e-01
-4.937471395823232467e-01
-2.542318196187558499e-01
7.024131174006736401e-03
1.105599557146499934e-01
8.774950989650510957e-02
1.653844992891871646e-01
-5.711162069746771042e-02
1.887271787153539659e-01
2.990898052759600190e-01
-1.479478653259633063e-02
-1.843435325039577688e-01
4.426395215637394243e-01
-2.904440801341231504e-01
1.784718360916766333e-01
-1.257107283433836209e-01
6.188675707552451222e-01
1.025199618739957158e-01
-2.161534947134759188e-01
2.821477557619700774e-02
3.174066620828273622e-01
-4.627336617510638961e-01
-2.561772204166135602e-01
-4.360063836598883358e-02
-2.870811552893126617e-01
2.258106168452516382e-01
-1.781165725041015391e-01
4.397365351243877063e-01
1.504161932046600147e-01
-9.076369440765962721e-03
-4.771557401433135781e-01
-3.280623206925674662e-01
-4.003918812092718826e-02
1.835269893976306799e-01
-3.263306280993480413e-01
-3.427718538033462381e-01
-3.724121332437160814e-01
2.265963758925155502e-01
9.322524599946026280e-02
-3.826663464184381497e-02
2.398207890342890225e-01
-1.583605514023639638e-01
2.817375529420030333e-01
3.854694334379582532e-02
3.675077688125777398e-01
-3.453055421711072048e-01
7.657210583996865161e-02
-2.994512516554416123e-02
1.287598139811268333e-02
1.824109514159470979e-01
1.304060611036660100e-01
3.358301230666756454e-01
4.984598007451767065e-01
2.707810080018996715e-02
-6.987688651714495380e-01
-1.983699533210067367e-01
-1.141982514415826183e-01
3.590503006200187475e-01
3.418042219981298202e-01
-2.317988502848425392e-01
3.268992693498644075e-01
-3.087481455239620698e-01
2.715795976132226452e-01
-3.169236722105796267e-02
-4.020977533363657708e-01
3.537062107944112521e-02
2.286491476175706306e-01
2.588310961016791478e-01
-1.520880351287575705e-01
-2.099035672611847606e-02
2.276149385821303606e-01
3.471607905838945962e-01
-1.632402793119235584e-01
-5.735650837906675070e-01
7.321561483929599212e-02
1.752543065829258728e-01
-3.814853575459971058e-01
-1.610965021240063078e-01
2.936201674049574994e-01
-6.979786713412770849e-02
-1.580559945374981068e-01
1.029958903936801645e-01
2.161108750713373050e-01
-1.238853590726262666e-01
-3.671355764357028123e-02
1.305749260959234992e-01
1.032065019551446916e-01
-3.198912379645470205e-02
1.143148128097486727e-01
3.612421039775946530e-01
-2.590235254720430480e-01
-1.610078362789763018e-01
-2.774939374892080868e-01
-1.121188807652117592e-01
1.438288523490468540e-01
2.811696660067220521e-01
2.590035737970808674e-02
2.712910222822011441e-01
1.610038285461709018e-01
1.136401472081372266e-01
5.103634186877126222e-01
-1.650469950205115111e-01
4.117879249005600151e-02
-4.214391320783171246e-01
-3.813354129102228263e-02
1.663697616929598888e-01
-2.937155910941678313e-02
2.935776425701442510e-02
1.878783491841514927e-02
-2.811418773438311910e-02
-1.142799806887485718e-02
3.296827773395803463e-01
4.865380030474341644e-01
1.623497528787626598e-01
-2.035962840726076861e-01
-1.237601668522507609e-01
4.349580665338765861e-01
6.445029993341037933e-02
-4.761071813518549800e-01
1.146102112388819871e-01
-2.365237737503139981e-01
2.067516574754904024e-01
-9.006913152556474123e-02
-3.505441342860382559e-01
4.311886753402596195e-01
-1.082229395051574755e-01
8.921091049986303034e-02
2.186107795370237361e-02
-8.954945701295347060e-02
1.642254166784598846e-01
-6.901923972159988985e-01
-2.547594795308006921e-01
-2.436593012235742373e-01
9.468691740920719135e-02
-3.706744929236139435e-02
2.560874041006495072e-01
1.170311053081687230e-01
3.438035296289888854e-02
-9.521696129663892449e-02
-1.736259530237344306e-01
1.127915953224542245e-01
1.110760545361532715e-02
7.094264994913374034e-01
2.697175229069253156e-03
9.202815631643966598e-02
-1.162596515500704808e-01
-3.458003087472875936e-02
6.439655931344734352e-02
3.522609743263275389e-02
8.766656456022685340e-02
4.134357558354126438e-02
4.068646675943395352e-01
-1.213282211115628006e-01
-6.814713066882675807e-02
-9.553597357906339071e-02
1.104037599902378958e-01
-1.310510664153652916e-01
-1.767307321240215445e-01
3.122217792472814502e-01
3.740083686940978008e-02
8.758397640041107324e-02
2.003486176367128002e-02
3.052229228854309029e-01
4.362361952271935628e-02
-2.280926087304051969e-03
-1.263689885181598360e-01
3.362837767963655078e-01
2.274199278247159700e-02
-2.093308668822954077e-01
-1.541894532597044287e-01
-2.977264583153316768e-01
-1.605110910895488352e-01
-1.681332743767121607e-01
-5.139557297805255054e-01
2.231255934189362578e-01
2.477966340493100439e-01
-3.125665534106539800e-01
-1.720509534177823985e-01
-3.110758988760100041e-01
-4.306310007121366690e-01
1.468699819118949590e-01
1.572616499782032162e-01
-1.305053285592481793e-01
-6.494185834564158988e-01
4.904137648290962104e-01
3.728944639838603359e-01
-2.296762627162350634e-02
-2.682296205373486120e-01
-3.284284085919428886e-01
2.706868226984052161e-01
-1.401990355265289590e-01
-6.707445395767749341e-01
1.229391841522951695e-01
-2.061472358639479530e-01
4.999187534110826059e-01
5.499966432250417286e-02
1.033612863628701750e-01
5.482063493075483435e-02
-2.420207826675318252e-01
3.853125107134364735e-01
-4.478535396098971000e-01
4.492037519734057988e-02
-6.756999783115230640e-01
-2.389080781429798739e-01
-1.482187663521437049e-01
-2.413101673193902563e-01
1.213936808662562511e-01
5.914131171572545309e-02
1.514444908137596579e-01
7.511102288403169458e-02
-1.600962463254181622e-01
-1.456194464910828545e-01
-8.660968376970753502e-01
-9.907018176927526176e-02
4.269090812218060416e-01
3.113899969110427990e-01
3.419903252626051160e-02
-6.030598867788924400e-01
-8.428209816767325002e-02
-1.569787321735487406e-01
-1.030845284993610056e-01
1.733597277477982590e-01
3.671828310842962240e-01
-2.808081333441228011e-01
6.462004365427629349e-01
7.363556231844560207e-01
2.327843620852588780e-01
-1.082310431116746630e+00
2.842618987109804540e-01
1.941629007807577426e-02
-4.521492450519664641e-01
-3.846788951202708140e-01
-4.320921839912419404e-01
-4.736318605937431259e-01
2.587981499742767477e-01
6.861249409813658939e-01
2.592957550328455762e-01
6.125875372055092360e-02
-4.419637672800397210e-01
-6.239534943824319446e-02
-3.896995736544943134e-01
2.504469302866217384e-01
2.466956501738434004e-01
-2.181698017798116562e-01
3.579787356807542231e-01
-7.385256011717761249e-02
6.813358423601983960e-02
1.217119764160614070e-01
-2.085831498650797255e-01
-1.387240228333765264e-02
-2.486892360984858663e-01
-1.338623623715510802e-01
-1.584698984627863905e-01
3.697333064355184939e-02
6.556506435462293447e-02
1.980950508397469056e-01
-2.581373617820139077e-01
-3.110025996713035035e-01
-2.408879125803816551e-02
-2.103031378976734367e-01
2.027644869276037931e-01
2.215674128821947322e-02
-1.482964514892013974e-01
-1.049556488327616915e-01
-1.569877930547802780e-01
-6.366953682764918410e-02
-3.715559296678068724e-01
2.553110005653385639e-01
-1.245579861345844502e-01
-2.095413677818048492e-01
-3.795410045309864366e-01
-2.813013227512377590e-01
-6.390108633640889657e-01
2.059064830595804529e-01
1.854684803507802571e-01
5.591561588889127909e-01
-6.538542005954645076e-02
-3.002847251642048465e-01
-2.501012711704729274e-01
1.526767634245232153e-01
-1.743277344207219692e-01
1.555636494336409548e-01
-5.836273501528015384e-01
-8.815796361158902139e-02
1.529023833343111198e-02
1.418077204349621756e-01
-1.504459618455260828e-01
-1.031883832047560956e-01
-1.894741325171987179e-01
5.776671393968949714e-02
-1.147018724047959709e-01
-2.461308439679545379e-01
-7.595127311575143869e-01
-2.324482887343247983e-01
2.738080595103881132e-01
1.813948893215883151e-01
-2.171178408371326474e-01
-1.927048401655375720e-01
-1.241919836512830541e-02
8.470335066271407476e-02
-4.745843431156489545e-01
2.387290679094709600e-01
1.588955151131162813e-01
-1.043607049737036302e-01
3.162973777270667863e-01
2.008701812473721315e-01
4.392492343162763269e-01
-6.114000397567069811e-01
-2.287599659078017045e-01
8.594309450569589948e-02
-4.965889423278897485e-01
-9.777088613324208533e-02
-8.980213717823721797e-01
-1.326914009262004368e-01
1.990498941156778612e-01
4.102863107725877589e-01
1.383278887621584852e-01
-7.388359476722539121e-01
-1.587999183631857159e-01
1.490306105386438318e-01
-5.313046910347524188e-01
3.191227595509938952e-01
1.597702397733695989e-01
-5.590384817748238894e-02
5.658130393296822991e-01
1.963251014127879446e-01
3.227217172832851366e-01
-1.087380807898692403e+00
-3.658866574337447108e-01
3.422679322108107547e-01
-1.027337466974739405e-01
4.721735456435167955e-02
-9.369057976939237919e-01
-4.362024803545496709e-01
4.741648388956226090e-01
2.892924745219015437e-01
2.256017990812185792e-01
-3.533798216219177224e-01
-1.738798728737227517e-01
-9.006199300330088031e-02
-4.522740013726891384e-01
4.819040991805680352e-01
3.606847327378696622e-01
-1.112873988756375443e-01
9.223401916942267631e-01
4.568192069789884791e-01
6.176488090888244686e-01
-7.879070672801713471e-01
-1.484496121467612229e-01
3.138020330518941359e-01
-1.845949986339576188e-01
-5.988903909026733752e-01
1.338042280042236687e+00
-4.909365576334185494e-02
-9.657252260242110697e-01
-2.140759989685733777e-01
1.215488559770000754e-01
8.449994495003045891e-01
-5.926403771618529159e-01
3.591106919342217929e-01
6.095612035407047546e-01
-3.376859138901526225e-01
-3.499768167270169705e-01
-2.989575742223064547e-01
-7.386429560323626298e-01
-7.854993582004069497e-01
-4.773806075232707724e-01
9.878288699964202779e-01
-1.871666349542426555e-01
-4.344176457636497735e-01
3.089541770842408885e-01
4.638288650049415124e-02
-2.407279015012880330e-01
-2.377136030938771794e-01
2.084059504442908328e-01
4.909146091159122816e-01
-2.255260402071491421e-01
3.397257324144863089e-02
-1.032019276207841174e-01
-4.093339553168901523e-01
2.072146847443946671e-01
3.685224811949495138e-01
-1.824609053030835232e-02
-3.739002283425111317e-01
4.610266116202147435e-01
4.545784515225903544e-02
5.340273084574938831e-04
-6.229423959466995342e-01
2.238435253198053643e-01
2.139001740571492838e-01
-1.499195999717691519e-01
-9.823812124596466300e-02
4.029878148211156197e-01
-2.299063382478340190e-01
1.397100836264608126e-01
5.776709272696443909e-02
4.706438728637026697e-02
1.390197607084044384e-01
4.350523477090816882e-01
1.459494807597132293e-01
5.192738424718351675e-01
-3.167718740735924188e-01
-2.789626645566988250e-01
-4.877470277559765172e-02
3.138371302140663399e-01
-1.548701008375192312e-01
-1.164549853101587151e-01
2.798529386218120973e-01
-1.435441563686305766e-01
-9.471906007885226575e-02
-1.125409589026324098e-01
3.934958923237836248e-01
5.246918336825857898e-02
5.124938731176275075e-01
-1.173439032172860497e-01
-1.050622496125778460e-01
5.491582917613199166e-01
6.872215109709356451e-01
-8.348584872696942494e-01
3.401589412532967094e-01
5.032720485751260853e-01
-1.962576294284491540e-01
-5.352779813072695153e-02
8.285554079417664641e-02
3.927293052000687540e-02
-5.016757467057948727e-02
-3.193693475295653061e-01
7.931753569958381878e-01
-3.732327913814408316e-01
-2.710005067814736379e-01
-6.786087602969879951e-02
-4.082374093135712062e-02
-2.093091628737484278e-01
-1.980441285169362853e-01
-5.743789086567642199e-01
-2.889076678811884347e-01
1.944595628735457452e-02
-1.391373000350163147e-01
1.595486836554906029e-01
-1.752288710102873348e-01
-3.463411930926486165e-02
-1.537529918019462094e-01
-2.253169848287756294e-01
-3.349069457230473557e-01
4.492392320042948861e-01
-1.400504220513743570e-01
-1.372545713669454381e-01
1.759310444637688930e-01
-4.679311432139175025e-02
-7.594878670105270624e-02
-1.811097146568958483e-01
6.657875506814207867e-02
-1.845323857719014526e-01
-6.595778800957799448e-02
2.785790997130663804e-01
-1.134560380155327092e-01
3.559085440066897532e-01
4.444499201232660936e-03
-3.344424413850958233e-01
-6.435674990824655772e-01
9.823570850356291850e-02
-1.939276162185449848e-01
-4.762865344800175371e-02
-6.721018611572169288e-01
6.499546245353017559e-02
1.194269734344552969e-01
8.598440416894413685e-02
1.554316275427276295e-01
-4.184542018641853114e-03
-6.593732294253315529e-02
-4.306981202212742943e-01
4.092271209457757353e-01
-3.492430288234750213e-01
-1.715073561919359113e-01
1.568620480145047624e-01
3.994307334898312273e-02
-8.506096503146336196e-02
1.263290103686845467e-01
-2.914698556016611097e-01
1.977907425722043311e-01
-3.077943243286649366e-01
4.684353868521111131e-01
9.379848190692158250e-02
7.339169682788981852e-01
-1.935273742942821285e-01
-2.170753867846218765e-02
1.056464937938629556e-01
1.702868346789419840e-02
2.911433577506138959e-01
2.301237886549339084e-01
5.029667043757163336e-01
8.779509686392399093e-02
-1.290995552299258921e-02
-1.950222030257358075e-01
-3.972053449476917186e-01
1.052513090672040769e-01
1.914865269519709090e-01
1.396231494850968743e-02
5.240536380673126160e-02
3.322526091679089966e-01
8.995885929178050466e-02
-1.837673886780480104e-01
-1.742572721855483453e-01
-7.800888547139259166e-02
-1.816195468017700598e-01
1.099233865021846251e-01
2.071891454573964453e-01
4.269239174788138080e-01
2.431920189050192915e-01
2.023117551329547681e-01
-1.605803548676618675e-01
-1.435478840100873343e-01
4.195419985868139440e-02
4.638596667415490482e-01
6.496789160347443692e-01
2.139687404859005881e-01
6.847389789558978868e-02
7.353909188267321317e-02
-5.156776154080112695e-01
-2.352406709585899980e-01
2.547869683974193777e-01
4.606179019605845526e-01
7.940592651844083916e-01
7.664278654961034221e-01
-9.171255921727695937e-02
-4.924430009547725584e-02
5.607678126217088277e-01
1.444342856925270591e-01
-3.700206552263148874e-01
2.543841532327502097e-01
6.625978820498232835e-01
-5.876412383886773366e-02
7.807091275341021541e-02
-6.592787218301050522e-01
-5.209910858574807735e-01
-2.996842131133097276e-01
1.077744363792720872e-01
-1.416578971850944724e-01
6.750199481144837643e-02
2.167337211335831071e-01
3.552767844224007932e-01
-3.776059973270188830e-01
-6.538215915181245785e-01
-1.341775997343615856e+00
1.832212935979068147e-01
1.628058597611496683e-01
8.739247400277207201e-02
4.512854476719398433e-01
5.448349412915881596e-01
1.839765280535633485e-01
-1.530052182891785462e+00
2.848910304361088608e-01
-3.566669252084380543e-02
-2.460560571615420244e-01
7.877302096914659546e-02
-4.086471793424548693e-01
3.566755495022656819e-02
-7.085733733993243577e-02
3.535822668830804760e-01
3.604275447125537823e-02
7.409296173777173145e-02
-8.232883856597847938e-01
-2.868234974200804532e-01
-6.082395373709433839e-01
-4.082689914529946118e-01
1.385560990489280997e-01
-1.536799525194940119e-01
9.371224399670945171e-02
-4.435432437548790519e-02
2.705449482834869634e-01
-2.777151222734530744e-01
-5.540988623821092168e-02
1.070413005338912565e-01
2.005597664430052232e-02
-1.938906528448241240e-01
-1.978731138321119520e-01
9.706164071754463940e-02
-4.682608972083868726e-01
-6.142751271271828899e-03
-1.619738303236965826e-01
-1.578577201625578630e-01
2.452882270263219144e-01
-4.530295963295658535e-01
-4.670429748758267996e-01
1.195788467135761451e-01
6.259365918956354136e-02
2.409074671068678619e-01
1.677142805522527647e-01
1.249016162528193002e-01
-2.938142593455480012e-01
-3.645730093340349698e-01
-2.104446340937674575e-01
-2.922948044424257263e-01
-5.023567244020686884e-01
-5.021373184379761545e-01
-2.030194987060655043e-01
1.114806658712131360e-01
3.196972182914948335e-01
3.294358675582973461e-01
-1.653561799707856106e-01
1.351465741287297961e-01
-1.060184773038551354e-01
-5.792192624760843511e-01
-1.086599714827443552e+00
2.896720719540011313e-01
-3.104373947775092984e-02
-1.441026311976185414e-01
1.694936696449637625e-01
4.268105375581174865e-01
5.007845104165831694e-03
-6.921696944120905304e-01
-6.347809005692164885e-02
-3.216950732807843938e-02
-1.693106183965418510e-01
-3.234591946914598393e-01
-1.566251423831055423e-02
-3.598833718522750913e-01
6.446968189117045778e-02
3.185433370842702394e-02
-1.523804230075044841e-01
8.978101867778867651e-02
1.463410427356946208e-01
5.605866505946605072e-01
-2.308394567022104688e-02
1.229205300996083633e-01
1.193915459071138441e-01
-1.039125689577554273e-01
-1.880225678250460053e-01
3.802556726950974686e-01
9.785341999276032932e-02
6.860391735056077522e-02
-1.157125015746444940e-02
6.033698042582685828e-01
-8.668795526473350721e-01
-1.489437631145010377e+00
-3.299169245336018852e-01
-8.276136752248221262e-02
-6.074819276283772718e-01
3.080792361708116767e-01
-4.377185828935913903e-01
6.629370730169938108e-02
-3.983363223338584058e-01
-1.435266816588440797e+00
-1.127564205899144190e+00
2.818792033252357498e-01
2.786643953537578655e-01
-3.920548604182997887e-01
7.939616452444515637e-01
4.482679130763199127e-01
4.162552150110490068e-01
-1.187321243815104177e+00
2.730415345440220243e-01
-1.443785448072926192e-01
1.034716761395291368e-01
1.555259253291953747e-01
3.197728034892804994e-01
-4.744063226405593747e-01
2.573664692486395955e-01
3.242165885248429191e-01
1.703796908588552095e-01
-2.394238405508312684e-01
-7.970919652311090481e-03
-5.017243149248775680e-01
-7.250664835453449752e-01
-1.898102132836917422e-01
-6.101657804737009583e-02
-1.047754166302250489e-01
2.660906397736364504e-01
-3.387139829367132315e-01
9.313424876693449095e-02
-4.248286443841262638e-01
2.037695137069739648e-01
4.395558067835491495e-02
3.005340404042079472e-01
-2.827502798884978241e-01
2.767468710792044262e-01
-1.502012792487542568e-02
-1.990524060277822360e-01
1.663553348974771695e-01
4.711562557936794793e-01
3.964346563835433740e-02
3.135698641362879013e-01
-9.642640234913865682e-02
3.869094870802500252e-01
2.429140262519420557e-01
-2.085579220243813370e-01
3.933056949270346547e-01
9.560982483221239225e-02
2.566059199457766948e-01
-2.777958711582240170e-01
1.859303712784500795e-01
1.079614217965851469e-01
-5.709975545547167630e-02
1.775775751655217505e-01
8.609546980268030225e-01
-3.489562844871486602e-01
-4.007885268890858804e-02
2.930938293927060068e-01
-1.722535661160921328e-01
2.717073087689692579e-01
-2.283173461484907518e-01
4.319532883413383373e-01
1.212213493518013996e+00
6.704750400801061661e-01
-2.267613731922601614e-02
-2.184035427576617450e-01
3.772002129159753303e-01
-6.026213298292490972e-01
3.871165408348333226e-01
-2.060575405715914798e-01
4.158508867431263689e-01
-5.683960466837683079e-01
2.024711111271472810e-02
5.709358383864131248e-02
-2.567840420254420206e-02
3.223273324013896379e-02
3.760033934528141941e-01
2.957836540770694342e-02
-3.677460230754761583e-01
-1.265753762665407511e-01
-2.247035924364457482e-01
-3.786434945911335559e-01
-1.118586281285183087e-01
2.046352109351470827e-02
6.083648028369174898e-02
3.750241834804341479e-01
-9.337826727763072487e-03
-3.459908570728051358e-01
3.799529969922195716e-01
-2.904349002845365013e-01
2.045322695039426542e-01
-4.315395886468109676e-02
2.532372146120120612e-02
-5.000838219919578886e-01
-2.441522159927251301e-01
-4.891754698173869098e-01
-2.334147047142219045e-01
9.317810069425010167e-02
-6.575262137122006578e-02
-3.437497651620704392e-02
3.602737424877169858e-01
-3.530934872590466705e-02
-7.647610900677792589e-01
-1.014073701739049094e+00
3.065415989410069653e-01
-4.469849200488896779e-01
2.383480302799233924e-02
9.654396585927844943e-02
-3.454651567446916094e-02
7.676750795701679786e-02
-5.474266714353155372e-01
-2.781665842072715278e-01
-3.254322545070163497e-01
2.313832643142553769e-01
2.387287900750558953e-02
4.872213970017559292e-01
-3.444998980882961748e-01
-1.017435048662724134e-01
1.614351080107632452e-01
2.172992597284561789e-01
-1.753443193622560292e-01
-1.562528566604117451e-03
-3.085230111806590569e-01
2.844874166920970948e-01
-1.407707245680050456e-01
1.127179245008678860e-01
-1.060959410737082470e-01
-2.658314780796004403e-02
1.864923167698027962e-01
1.376915884544480939e-01
-2.305907152043481512e-01
2.108075117757342853e-01
-1.481660627867665558e-01
3.739535006387268434e-01
6.780970347829359257e-01
4.622332589982758311e-01
-1.380392832677496823e-02
7.177415996790376118e-02
-4.590151328825786137e-01
3.449849970612127170e-01
-1.235469776460474262e-01
-1.193969785999559469e-01
7.796283125495473421e-01
1.098727871469053818e+00
-1.601289309152394424e-01
-2.144359804195753588e-02
4.429410745011569950e-01
-3.715090472115852305e-01
-3.475147114439928742e-01
7.071308905862040695e-02
8.780680944721183101e-01
-1.590699002779087101e-01
-2.146108410614303019e-01
-1.668784830733028024e-01
5.719576569828609403e-01
7.686631393968931802e-02
1.572865158407422276e-02
-1.592948681003662492e-01
-2.220905466208331069e-01
4.026717395172609709e-02
-2.899633174974363889e-02
1.567055394251295752e-01
3.427824885986578973e-01
-2.179731561740213541e-01
1.185193220135334763e-01
1.343894745994535407e-02
-2.747066376512158348e-02
4.691635927351171798e-02
2.020771387187307311e-01
1.570153155083316154e-01
-6.168959853533431334e-03
1.679166342527012024e-01
-1.161589874724611449e-01
-2.719282829427236425e-01
2.172846969962064778e-01
-5.548264888698799246e-03
-1.800805351230240769e-01
-3.110169900572860024e-01
-6.626882610932986750e-02
-1.975281337551809679e-01
-5.104943371787382667e-01
-4.883347650664659478e-01
-7.759738389572024345e-03
-6.104407187667791890e-01
-3.839097704254408236e-04
2.644209396149055369e-01
-9.597779450315439831e-02
-6.638862560719151207e-02
3.488595916929423946e-01
2.117414237582657122e-01
-4.661591427000363330e-01
-3.051952680027437137e-01
2.595538170622034291e-01
2.261066017914639958e-01
-2.716673378938621042e-01
-1.348915490512949400e-01
1.155903452361112110e-01
4.694968716577383600e-02
-2.614842251110529037e-01
-3.903575831228811577e-01
2.916541811402812434e-01
6.132340274208503139e-01
-2.391760951993170473e-02
2.913077376950250208e-02
2.298698447938729017e-01
-1.104094272368939811e-01
2.032868725301237578e-01
4.648247852878416020e-01
-4.360836508111522458e-01
-6.914130448454570976e-02
-8.008704022344899365e-02
1.987935413249394268e-01
-1.992233770396938608e+00
1.394465340243293605e+00
-1.863172630954861887e-03
-1.738710121597124569e+00
-1.913957021717028473e-01
4.882139118729972305e-01
-2.601718187327812792e-01
1.962374561989781718e-01
-4.123210204132818912e-01
1.278247311744361125e+00
4.664047069881298579e-01
1.645518342847400284e+00
1.308804282835394350e-01
-4.669618773015973279e-01
5.650348967125807809e-01
-1.640779487758169675e-01
1.020537759395776511e-01
9.666209450978521245e-01
9.576797648513097894e-01
-1.397249954420374030e+00
5.698514837035795200e-01
