8.092850458586949847e-01
8.545892664010071860e-01
9.317123889150913385e-02
2.289337029955593461e-01
-5.464525154058571393e-02
1.152841013854617236e+00
2.143015081528685251e+00
-2.420675110934908131e-03
6.674954229248140081e-01
-3.709805114361506839e-01
6.800486282967524998e-01
1.842913763063536381e+00
6.537108070309896046e-01
2.312660414558909139e-01
2.450765918856783743e-01
-4.229301105959374918e-01
1.128478341947178609e-01
2.133922271860825504e+00
-1.164677303447628764e+00
5.257304163488425441e-01
4.639021270680965259e-01
9.827034201858507456e-02
1.969559012207104387e-01
8.390810837016366985e-01
4.672052370633618668e-01
1.194275396626784280e+00
-6.748506225127387514e-01
3.081264257475533133e-02
2.222905234559576226e-01
-4.460537006074398458e-02
1.087338257325835889e+00
3.712252653711432537e-01
4.645890430987084097e-01
-3.202941062644792253e-02
3.926998351001505516e-01
-3.047539966897386821e-01
2.333976196083168420e-01
-4.594791612641339618e-01
-2.776238752923018360e+00
7.574133944878005398e-01
-1.258272980533153007e-01
6.879581239490309419e-02
2.378194578695473071e-01
4.747022989352753797e-01
4.662149821685780404e-01
1.873391920539675681e-01
-6.255980064546438069e-01
-1.362862259135014520e-01
7.929345792796944625e-01
7.341807540379285957e-02
8.540403164865529861e-01
-4.486964815575167354e-01
1.794181397861776238e-03
-1.548535263137460968e-02
-2.228626522250236053e-01
-1.135792852198937442e-01
2.068113151745564482e-01
-6.654039968669170912e-01
7.139344628798496295e-01
1.987921601982907127e-01
-5.496608535399045981e-02
3.703712303535589556e-01
-1.061768339261972283e-01
1.358665493803791480e-01
-4.597149012523614464e-02
1.032395111441701402e-01
-3.317470559133014474e-01
4.158991919213321786e-01
-2.235562228201165846e-01
-9.045375541840372513e-03
2.077093326896121972e-01
5.404304423685024616e-02
8.972666385622947438e-02
3.230044292212754242e-01
-2.417686307716357674e-01
6.980426454820526372e-02
4.768657327615596353e-01
-2.106393467460023206e-01
9.698262918430300417e-02
-3.023013545475889408e-01
-1.385523084652815623e-02
3.345224840044100922e-01
-5.760798131787494419e-02
-5.605440942843586266e-02
-2.946936805136464166e-01
6.349483181570084733e-01
3.133214808252677286e-01
2.444703523278362878e-01
1.120514700098836358e-01
2.896279456900091587e-02
-1.676445283370028572e-01
5.281459807683188679e-01
-1.893874329799565825e-01
-5.768633386489659121e-02
2.647432214940658723e-01
2.343140710233460600e-01
5.887123827214817418e-01
-3.137110042454697711e-01
1.781123786507026463e-01
6.016369755445189621e-02
-4.220047189222945194e-01
-2.496318775277589150e-02
-2.350945132355813927e-01
-1.786170587914628349e-01
-2.622306421951910993e-01
-1.230517068549185494e-02
-4.340831555333224956e-01
5.828658190914945969e-01
-3.944643810781948146e-01
-5.802091267808555664e-01
-2.675432167055221133e-01
-2.086307843868980272e-01
-2.731019733004411143e-01
-1.300068122490061207e-01
-4.161456676350032136e-01
-3.523974420140987274e-01
-5.521280982061100850e-01
1.169419476222645880e-02
-5.014326308770244989e-01
2.346866286916387320e-03
-2.895984536228097747e-02
-1.947338669039520576e-01
3.456317410573485627e-01
7.606427587687848713e-03
5.159464151286016209e-01
-1.472787940631578307e-01
-4.091137886372939181e-01
5.176633407623498773e-01
6.247572893823831637e-03
6.562061606196716024e-02
2.880824859462202681e-01
-6.253027444243013377e-01
2.706454612301508189e-01
-1.825717281367849332e-01
-1.260043149208641966e-01
1.086349561691974698e-02
3.432022554027646111e-01
4.924131587352518352e-02
1.585533983924063139e-01
1.471320090563867922e-01
-1.055861604100010037e-01
3.665632282879646153e-01
-6.330011195416734848e-01
-3.095914600747612377e-01
-3.089871340063946037e-01
2.693095987272155489e-01
-2.918579098305073005e-01
2.014348856299422452e-01
-6.534656964550867864e-01
-7.444247302490804019e-01
-3.292143701101645781e-01
-2.343524954524643933e-01
-1.699368714564481464e-01
1.824500846476958746e-02
-3.546934138877275711e-01
6.838271688962451744e-01
-7.898592464546895231e-01
3.342228684012091833e-01
-3.215722853066378950e-01
1.442173544013743425e-01
7.568275868568264363e-03
-1.871262125751377292e-01
-4.706424264027175841e-01
-4.450660879465891950e-01
4.475891415379445459e-01
-4.130013972462334149e-01
-4.957565344644124239e-01
-6.111021662198352911e-02
-6.675455843587127513e-02
-9.745205199191565859e-03
-3.599475451136843196e-01
-4.560831730003713780e-01
-3.251944006642444873e-01
1.465405143727474546e-01
1.646655466690269964e-01
-2.419491447274783533e-02
5.823318944406034869e-02
2.287423939800923012e-01
-3.964933043849486749e-01
1.757638959259767431e-01
-1.338212563929666310e-01
6.579156972348336740e-01
-1.017994594845930967e-01
1.051017093905371791e+00
-1.506634421171790805e-01
-8.639241432724287240e-02
-6.172501889991038188e-02
7.343918909918494276e-01
1.980601090729249558e-01
-4.912253528984197870e-01
2.067155786818045959e-01
1.314936633105410646e+00
-3.099264920730390380e-02
1.337008920801578335e-02
9.604763735549387560e-02
2.578751503481407359e-01
8.052954808479931836e-01
-9.574820056288518844e-02
1.794086116462446923e-01
1.463280869309882548e-01
7.117366034505918926e-02
3.477397911765220950e-01
1.541318909303979467e-01
4.828557787943580926e-01
-8.707775999578265536e-02
1.895995612603433855e-01
-1.420690487374009492e-01
3.730556428778630806e-01
-2.690291986555486403e-01
-1.774345932429636785e-01
-8.925631129834384406e-03
1.898358415328617321e-01
1.540706044155774612e-01
5.733544174903794930e-04
-8.003749454371514305e-02
6.273230432685570832e-04
-7.391226474895025433e-02
-4.167593110465575568e-02
1.320878711828095409e-01
1.478022615019614905e-01
-6.548566734387648372e-03
-1.158682646078706274e-01
-3.233406048476485939e-01
1.448659268273952416e-02
5.175327139589332992e-01
-5.285530092883646835e-01
-1.907417036676790911e-01
-1.168785814697849423e-01
-5.291850474899294221e-02
-1.961026027395332827e-01
1.786156282634422665e-01
-7.668893471041048349e-01
1.500116581158026374e-01
-2.912625011603067401e-02
3.766997347711959626e-02
3.410365938298086652e-01
-1.982148846721256685e-01
-3.703551692288262198e-02
-6.630931814582616268e-02
9.968554943342208818e-02
5.595700065277856017e-02
-3.016189104062321213e-01
-4.947543643102128574e-01
1.942971347674990745e-01
-7.559708626079938432e-01
1.508091637311707589e-01
-1.248536949927593759e-01
2.093469698714772731e-02
-5.320688225426273288e-01
-7.959817274901859196e-01
-5.240239679894125313e-01
2.959553161333326465e-01
-3.142877431664963250e-01
1.773714050054622238e-01
-1.120610091913289003e-01
4.887886820364284457e-02
-9.811747450227695788e-01
-3.009112782866056324e-01
-8.660571395344713874e-01
7.338689495843528920e-01
-1.504996774776576618e-01
1.222046333151978886e-01
7.621658768720892541e-01
1.023699477346873554e-01
4.280070607861127252e-01
1.548939759213601164e-01
1.837013295572942351e-01
-7.190225614792719599e-02
-6.855832265295892097e-03
5.229053314855069967e-01
8.234507485814163141e-02
-3.374250819538326951e-01
2.758160860969211536e-01
-1.191302764198015895e-01
-1.090459405891636563e-01
-4.268448679679776037e-01
-4.742097939470652120e-03
-3.614642763473115833e-02
8.493959727817198546e-01
-1.242008418412114679e-01
2.180462783485645484e-02
7.314855083905175137e-02
-2.689524638139392798e-01
-2.103559653627782577e-01
-3.830891068188491677e-01
-2.563414435942718006e-01
9.351656346136133502e-02
-3.332731316159008306e-01
3.350152061255635971e-02
-3.793576886613591048e-01
-2.164626862274943719e-01
3.439766611610963754e-01
-1.826281256281347132e-01
2.683288443150992908e-01
-1.674246253361340864e-01
2.708461597713838348e-02
-6.344945681614955202e-01
-2.739032958631985037e-01
-3.115194534559759254e-02
4.943241156471547826e-01
-2.101363147818953170e-01
-3.407854507977715053e-01
1.032688023192201848e-01
3.395181012684597710e-01
-7.661963325056990737e-01
7.554638641540281085e-01
2.355752007837725870e-01
-1.043351782287469970e-04
7.649984488790510795e-02
4.861716512001681978e-01
-3.196885824748605526e-02
-6.244798195040244387e-02
4.941818842402187495e-01
1.785604172787342292e-01
-3.299476820081748141e-01
-1.569369728778871875e-01
7.765022204629201674e-01
5.164312460332700500e-02
1.763958296240259460e-01
-5.808712196182567317e-02
1.765663334454344383e-02
-4.869175270476184259e-01
2.407101793122400635e-01
1.238979942615315855e-01
3.857739568299459187e-02
-3.481391814698696074e-01
-8.786350995980558853e-02
-1.419330300872708242e-02
1.099455856058353109e-01
-3.568557701645183600e-01
9.068289233915982628e-02
1.254529225270569759e-01
4.315224531903627536e-01
-5.913688398514498346e-01
2.773539493777558707e-01
2.241402667646145638e-02
-1.124305844636342977e-01
-4.696544124453135294e-01
8.782137614219479027e-02
2.709954106566899168e-01
2.595184965782100228e-01
3.040320020849698324e-01
2.505350347228079144e-01
2.092419634291202146e-01
4.052982355699678019e-01
9.913667375193811748e-02
1.180284346874898617e-02
-6.838771262647434790e-02
6.271099860537203696e-01
-6.535935172425560991e-01
1.136977451931160538e-01
1.264117567264925190e-01
1.257910594927824470e-02
1.101512321501268155e-01
2.951079801961560833e-01
-3.153081377494547644e-01
4.274242905003463044e-01
1.514084061010206317e-01
2.813313023678878921e-01
-4.697562936760649177e-02
-1.341143803647066590e-01
-7.514732202126815641e-02
2.220614511401585445e-01
2.371761957129826792e-01
1.850446653916246187e-01
-2.889357326069036391e-02
-1.727589457588795119e-01
2.169486035332545693e-01
4.874398646573380872e-02
-1.490535224796118718e-01
2.650117715024147835e-01
1.290544794336826451e-01
-1.113059584854775019e-01
-1.171738502281332861e-01
2.096139992759356308e-01
-3.045528526877313569e-01
1.490450875510521966e-01
-1.015438170068280049e-01
7.443714110564798869e-02
1.271226133516058926e-02
1.232900726232250832e-01
3.327451023620651704e-01
6.473428899371329592e-01
-3.588017559617673324e-02
4.767831574788539833e-03
-1.403325760729309465e-02
7.205262847813401206e-02
-3.232771577717956646e-01
5.171211559486152964e-01
3.319307835263946016e-01
1.461456617750139519e-01
-2.457184319046290880e-02
1.789703500243894074e-01
7.457432184443345269e-02
6.712128129940751753e-02
-3.844694783081696321e-01
7.652432231782447802e-01
6.612982525918444099e-03
3.903828645891841975e-01
-6.067276643731273067e-01
-1.852260139371181280e-01
2.862468415854468873e-01
-1.023059771072267615e-02
8.021892052101847748e-01
-6.491227631067575388e-01
2.991270161829061303e-02
-1.034728906235194701e-01
6.707176853484240198e-01
3.962467813673800077e-01
-1.365965126058549806e-01
3.365770122460507441e-01
1.187102012704258858e+00
-7.033503793466794329e-02
-1.910525914812519904e-02
1.281648087958042470e-01
-1.781616726719136845e-01
6.713010187552415076e-01
2.562459228519409216e-01
2.460527864754535610e-01
1.456780092714796970e-01
-4.707971762337477828e-01
3.159368927330745702e-01
-1.789451384030670555e-01
-9.312723630635981742e-01
-2.262777695728734884e-02
-6.384760823636753679e-01
4.297192490495389539e-01
-1.254498124010984039e+00
4.767440366529266949e-01
-6.736139997045762495e-01
-2.985320803318612382e-01
5.297129127387706360e-01
-1.544876905824361379e-01
3.336388577738556571e-01
-1.162253268312737620e-01
2.013272823890302210e-01
-9.112946803872820078e-01
4.953934061441655351e-02
6.017644479205563890e-01
1.520319912755675906e+00
-3.831327163907701783e-01
2.551765455231319590e-01
3.171230812213118311e-01
1.582834627254740834e-01
-3.298872294069794542e-01
-1.722646058702045624e-01
-2.904722618555927172e-01
1.277362960521620794e-01
1.922905651754222567e-01
6.740071360570246695e-01
-1.452042713781897532e-01
-2.159853896354671787e-01
4.154563397707056738e-01
3.745718397533572778e-03
-7.411628107042457503e-02
-1.931833678009295119e-01
4.763576109299990091e-01
1.229932712512749327e-01
-3.823166710115751266e-01
-3.656464319045970024e-01
1.803792560444174298e-01
-8.044778413332759337e-02
8.917601396933386160e-02
7.290052168159892598e-02
8.955296733597207792e-01
4.659707332945924319e-01
2.341577365863947713e-02
1.845292744710859134e-01
-1.849488046144115438e-01
3.402236510083953558e-01
6.384760974413061785e-02
-4.765848574123163206e-01
6.804289787389988797e-02
-1.911598347046672142e-01
2.531768447114752241e-01
3.523875126126363444e-01
-5.661853896230409910e-01
-8.874578991706930098e-02
-4.632752356395552495e-01
2.448454077204456070e-01
-3.304791847660779047e-01
-1.101501763074453841e-02
-1.442821661342353623e-01
-1.196831019419959397e-01
1.752360610679330466e-01
1.140726480639114339e-02
-3.870913101282202895e-02
-7.501817986491031431e-02
-2.838543955575756894e-01
1.335172180385448548e-01
5.434386352170252760e-02
3.824474560678354368e-02
1.998074527244182441e-01
5.079422508092215072e-01
-4.419575427186263616e-01
1.688751572714954352e-01
-3.929848719495052101e-01
-2.847978377810495565e-01
7.843175800979093615e-02
-1.178247180242634889e-01
1.957569966606148015e-01
-2.447193562421429436e-01
-2.722840204667774100e-01
1.789079742860466560e-01
3.932840071537551108e-01
2.208488301474642868e-01
1.476515822180044790e-01
7.692397770599951334e-02
-1.523380026510061103e-01
-1.830429504578295896e-02
6.293284033519843668e-01
4.911862484901349246e-01
-1.315313452512535397e-01
-4.136797457722157234e-01
-3.204481938086117809e-01
2.373536327623811670e-01
-1.202503607276116521e-01
-3.659659439743785658e-02
-2.414840357836608720e-01
-2.696778618232154590e-01
2.433451743564016834e-01
2.282414730397407943e-01
-2.284197018043024330e-01
-2.987775958836346168e-01
-2.287333830491247166e-01
-3.560962131145365972e-01
-5.339111808253247521e-02
9.530740906546114610e-02
-2.247546675462521459e-01
-3.521749196355664635e-01
2.632908856098049588e-01
4.731164659028398722e-02
-1.689421836078785766e-01
4.695154828735476071e-01
8.186021143419777713e-02
2.458540224946783107e-02
-7.122135271652735300e-02
-5.107634759057524398e-01
4.753840104449511689e-02
-6.297131900889309242e-02
9.409749856352130903e-01
4.228078958149804056e-01
3.793511381352087097e-01
-1.016013455478820410e-01
-6.807830506449320807e-02
5.044325353288471314e-01
2.990758765563567012e-01
5.637894694703487510e-03
4.600785236830494673e-01
6.627314378645744464e-01
1.946475062171374448e-01
-1.564715724064080493e-01
5.816519505315077554e-01
4.722981541528517568e-01
4.414095979528021019e-02
6.494490226111123699e-01
-3.078485146938621936e-02
-1.860742176337954745e-01
-3.477066997226426620e-02
8.762609443019684363e-01
-1.874268711032207602e-01
2.865439642302915479e-01
-3.300030469433442026e-01
6.072000042551686239e-01
2.363161216901538964e-01
-4.924195630971264087e-02
-1.916691698738662297e-02
-1.029776933439408237e+00
2.103430162658637137e-01
-3.060441683050012518e-01
3.058093152654087557e-02
-1.304058903866393559e-01
3.069593563940366532e-01
-4.791567641149575563e-01
-8.407703127285580669e-01
3.247963648156783345e-02
-5.049503997170771141e-01
1.627762737603949961e-01
-1.011013864308144994e+00
-2.909188814051404393e-01
1.470756782835678234e-01
3.078404655902691189e-01
5.235184463279124456e-01
-1.710625681167270706e-01
1.056221979986664838e-01
-4.437562568121759810e-02
1.698791287793572358e-01
3.849964701163857694e-01
1.287152654687071240e-01
6.168042884633485878e-02
-5.567482660765278590e-02
-5.150174327820798009e-02
-1.844488938424117264e-01
2.141082882474653337e-01
-1.774857097711773357e-01
-4.674592151892840164e-01
-8.877410248688032135e-02
1.724100928344993178e-02
3.228251662097825214e-01
8.314490006206215478e-01
1.081493903079231850e-01
-8.468563234207147072e-01
-5.431203773126636741e-02
-9.103588354739705624e-02
5.893185791293433645e-02
-2.108974963111457934e-01
-4.022490304179985321e-01
3.458435962729414781e-01
-3.242342252142862424e-01
-1.845886040453239285e-01
-1.596042094517883536e-01
-3.352961934497919461e-02
-4.932907008798183800e-03
-2.635387082026726113e-01
-5.577727098742451053e-03
-2.429905274787109992e-01
-7.340476317145934460e-02
2.719017390484493868e-01
4.941263018152617925e-01
2.829066046446698443e-02
8.867061447400154117e-02
3.794121324564957848e-02
2.112912881870420423e-01
-1.576474805410113533e-02
-6.406355599134503365e-01
5.468858863832425365e-01
1.883132194503032708e-01
3.611059634848781119e-01
4.633854136171807192e-01
4.052484675546460524e-01
4.908200715663541686e-02
-6.341232022236652222e-02
5.660295559808794508e-01
5.452615934131549436e-01
1.297749689195629164e-01
7.494224199588034319e-01
3.118283370971437485e-01
-1.212967106756801389e-01
-1.045292924817702862e-01
1.172846038899641785e+00
2.482487566187854822e-01
-4.385966562224679066e-01
-3.459325855608728212e-02
-5.321635670644916383e-01
-1.869683635062324711e-01
1.653744706161965061e-01
-9.739407978558127510e-02
-1.263513274083148674e-01
-5.093848941272263176e-01
-2.388209243983117069e-01
-3.649433620751875718e-01
-2.408416876168193999e-01
8.150739324281596962e-03
4.066902964797439179e-02
2.017273577263336837e-01
1.095599302064054481e-01
2.014809603137728000e-01
-2.777604451020941334e-01
3.244467338373400178e-01
2.268163777329111341e-01
3.407121825163430540e-01
-3.045745342092712193e-01
3.637513939532225349e-01
-1.424399669302333360e-01
-7.451927219697015992e-02
2.837851777057620040e-01
-2.046804804629850649e-01
6.914902367837462149e-01
-4.287261339645924152e-01
-1.407478470810659965e-01
-1.300071555193109407e-01
5.960548270690555449e-03
2.182307302045463915e-01
-3.446563060622318680e-02
1.293910644967999624e-01
4.346381321767153749e-01
3.677453941224918532e-01
-2.639541432344031935e-01
3.283476194478914256e-01
4.645071998848432360e-01
-5.179530269698352785e-02
-1.813754763419971223e-03
-2.275862904406270384e-02
4.093825455338300223e-01
3.587334126382163424e-01
-2.558949400774489513e-01
2.381289535136594804e-01
-2.322497642131925444e-01
-2.718162657015915640e-01
-4.126831796754141385e-02
1.759072950872777805e-02
5.131163922875422306e-02
-9.360332513608615734e-02
-4.140993823442398747e-01
2.111087487298747012e-01
5.042102486151785884e-02
-3.472772329800379865e-01
1.766569804173019620e-01
-2.679700588557178964e-01
4.113111753407485555e-02
8.123852760886015600e-01
1.075130606576123193e-01
-7.603542223815574763e-01
5.197688806777454040e-01
4.086666008977654085e-01
7.679620223979460869e-02
2.282173932443694875e-01
-5.120348302310841898e-02
2.479522823996221093e-01
1.645229463468502740e-01
4.490669499931607134e-01
-8.413442807240771593e-02
-4.044181984193369328e-02
6.141156841260627663e-01
-8.212697364090819352e-02
1.896219672215782581e-01
-5.208136587959779629e-01
6.012435716951002318e-01
-2.578527826531575307e-01
3.069296679537640293e-01
-7.837107065174746950e-03
2.391642436526166815e-01
2.640515654639259413e-01
-5.389755723112519270e-01
-2.503518307645018481e-01
3.111034453680765546e-02
-4.542204886927909691e-01
4.211336908107286836e-02
1.472697793874206407e-01
-3.094100521195641273e-01
8.779452471718207640e-02
-1.138492060068819339e-01
-5.330132682545240391e-02
3.046874685532924842e-01
1.113242636559926349e-02
-2.136749680652998487e-02
2.769275977506979181e-01
-2.914902802168037876e-01
9.517416918759528943e-02
5.529998448249737741e-01
1.913222531505806567e-01
-9.777930815942190157e-02
-2.230663284181632067e-01
-2.647448414788943771e-01
4.021080034953568583e-01
-1.773446788552688613e-01
-4.055082981172696832e-01
1.586734839672352890e-02
-1.261953664460131463e-01
-4.311154315282003657e-01
-1.711662419630829157e-01
3.427978276205518315e-01
-1.850477353894048604e-01
-7.558586322240340438e-01
-1.202486461265511869e-01
-3.769796500362674885e-01
-1.160052485950182621e-01
-9.352585183320287487e-02
-2.531955655422035364e-02
-1.583748870733807657e-01
5.682978088725859633e-02
-4.400356746770708316e-01
-1.967830568144226522e-01
-4.220666002468851929e-01
3.570195216650710879e-02
-3.478545405315178196e-01
-1.281371930114394986e-01
-1.875281750614199161e-01
4.892639020697800434e-02
-2.313505245342820094e-01
-8.233638286879359225e-02
2.366355030304535256e-01
-1.122010848245653669e-01
7.060043640177701696e-02
1.131817257308203283e-02
4.342867424265165477e-01
-4.510000741049245421e-01
8.697490264139380589e-02
-3.390995652746598976e-01
-1.259156590639685658e-01
-1.588026996899212506e-01
-4.970134405412370837e-01
-2.751142883544624995e-01
1.229901462936296846e-01
7.803134002069252173e-02
-4.759766317880728126e-01
-1.991870237932605314e-01
-2.791652161192197945e-01
-1.548049632202840309e-01
-3.354147069813765564e-02
1.183361439668675769e-01
-8.894444770222161012e-02
2.154242199082733594e-02
-3.709322214953617580e-01
6.995544680572798879e-02
3.057957212490424737e-01
-5.241475744196957137e-02
-5.565702373656254698e-02
-4.851472859241580116e-01
-5.719003156075013194e-01
1.447280783121165648e-01
1.008796469884175040e-01
-2.602252889526099899e-01
1.011588582473498116e-01
5.080707451230168648e-01
1.567932821874929994e-01
2.130889698753712924e-02
-2.664587206052794130e-02
6.374463086365589337e-02
-2.510292750740940049e-01
3.964934714169136148e-02
-3.262488980015820772e-01
1.260707810031643783e-01
-1.814350193332943048e-02
1.919036245796773843e-01
5.193593517278886074e-01
-2.678792172082721246e-01
2.496855094355179550e-01
-3.295478401660209000e-01
6.204209707195907329e-03
3.453749918463409063e-01
-3.072376380896292836e-01
-5.793068725869020968e-02
-1.714985905655039972e-02
-3.497399249501377538e-02
-5.197971339669368307e-01
-1.152394451003573017e-01
-2.144470369930107367e-01
-1.052030602144582300e-01
5.579646030804565754e-02
-2.284157880005308061e-01
7.243047797320895098e-02
-1.620438547269447416e-01
-2.257184369178787398e-01
-1.994418806289707524e-01
1.941198173999302001e-01
-1.560481906174287781e-01
3.997238572068260165e-01
-2.997710984056044525e-01
1.236292408192809222e-01
6.290755137740741687e-02
1.671006676219984610e-01
6.586912270086430210e-01
-6.808656677546545688e-02
3.963805459379494134e-01
-2.340172874294459138e-01
8.647025042658303129e-03
6.132533260869507119e-01
-3.240420373727638803e-01
-1.116772723565678666e-01
2.096197689727759828e-01
-2.265968621063237012e-03
5.877620136614759849e-02
9.600072126141673268e-02
1.960257117069644506e-01
-3.062883981627944063e-01
1.581149703736810241e-01
2.000589926414478026e-01
3.317726532709588949e-01
1.665203806318044377e-01
2.896860964426964391e-01
-2.138629539747717023e-01
-3.071021664112474348e-01
1.553562333705149623e-01
1.624955637869789637e-01
-3.287992544312895449e-01
-8.365292867777111008e-01
-2.798462959612339068e-02
-3.024442341875913098e-01
-1.881204603532893038e-01
-1.476415825367959900e-01
-3.476870747202850387e-01
-1.985923634882421351e-01
-5.271858000349244344e-01
4.028464542420947536e-01
-6.082412138036809024e-01
8.612988665984952497e-02
-1.644389365773356870e-01
-1.841393343361447388e-01
-7.527021945668128655e-01
2.094304645876693127e-01
-2.793427519915844814e-01
-1.111188729611251313e-01
4.173039758488492068e-01
2.482979422393329361e-01
-4.071324768434642083e-01
8.673621104099143997e-02
1.349960221306324704e-01
1.860483440860542792e-02
-5.795809676123623300e-01
-3.679329669230255867e-02
-3.076191848099455450e-01
3.897289949384066116e-02
5.149871452698855379e-01
-2.605958501851125542e-01
3.201158070918771470e-01
-2.001970834755348871e-01
-2.031445539561386182e-01
9.189001514095242185e-02
4.674283607528713080e-01
5.240310725829167016e-01
7.827929409042317932e-01
-2.440631285762057644e-03
-3.900863889932896234e-01
-5.345086945043949628e-02
7.755949890695905402e-02
-1.398664545265611014e-01
1.533924341813761305e-01
-3.713251883676118442e-02
-2.719139944815965326e-01
-4.435167023335454539e-01
-2.150991554002548711e-02
9.852335243813090115e-02
-1.493459420979114938e-01
-5.018846621262572638e-01
-6.757136217824635804e-02
3.409642517415986673e-02
2.457373266593014249e-01
-1.741608510898082218e-02
-2.605379906610689744e-01
3.681030933373509173e-01
-1.288948535172479148e-01
-3.333737824534609984e-01
-4.467942504849143487e-02
5.291077243988818735e-01
-7.865097400567203079e-02
1.301836321715937606e-01
-8.138057114269926784e-02
-1.151276305668740008e-01
5.134201714254774118e-02
4.512071886012776478e-02
1.163581670968068110e-01
6.920748427321583851e-02
2.301361031139232891e-02
-2.013199861913959610e-01
1.819923033776490173e-01
4.234453688324489595e-02
6.491536436999474635e-02
-4.778844430985944580e-01
-2.689337441576565846e-01
-5.628567321995193301e-02
-2.903121388000206582e-01
-1.426250658580890777e-02
-4.529581183880918016e-01
5.264157489201776174e-01
3.676353800569579500e-01
-1.392871490810183854e-01
8.898291953929061693e-01
-2.384965639546609839e-01
-1.819606604744639089e-01
-1.307659432873677363e-01
5.098804924432639440e-01
6.713917760194734741e-02
-2.971125026568278149e-01
-4.247678577575110803e-01
5.508259023397213960e-01
1.104472157721193282e-01
1.816333850760880331e-01
3.360381215262408516e-01
-4.421742581890542589e-01
-2.403738062362485439e-01
2.124185822652708278e-01
1.179049913639455410e-01
-1.406409560019232785e-01
-2.414401090167118125e-01
-9.980583512701499682e-01
-2.373730173928184917e-01
-4.083843475679856394e-01
-1.696477203288971891e-01
-9.156329292252436691e-02
-7.053936953884853978e-02
-2.509369182965200951e-01
-2.934220327047971644e-01
-1.368484999709330407e-01
1.086530130838777725e-01
-2.412431389422834138e-01
-2.207378968092219285e-01
-2.796009243707722192e-01
5.954711286286576977e-01
1.319904811704113445e-01
-2.627862181640892025e-01
-1.581899206611007414e-01
3.233220502055222934e-02
-2.091277666086002185e-01
-3.326996347453349268e-01
-3.499299563750806197e-01
-1.619446209167217376e-01
-6.207395786153950823e-01
4.349304858620722802e-01
-3.022201234939792674e-02
-1.676367441061409058e-01
-1.706583547332269635e-01
1.721833180698504884e-01
-3.659016125528052193e-02
4.255098522281448858e-02
8.676434061261341715e-03
-1.949971242370018010e-01
1.248307644735003746e-01
-6.391087451017338217e-02
1.146840851807511968e-01
-2.422057481047390493e-01
-5.332308967946280259e-02
1.063036673313142721e-01
3.284469322505444433e-01
7.549973047018232464e-02
2.141985742803323087e-02
4.544259098535733954e-01
-2.853593636583937609e-01
-5.917480412715907523e-01
-1.456651787490868474e-02
-1.789825054440510044e-01
-1.666108579172404791e-01
3.681669078642434423e-01
-1.488320492007988716e-01
1.338374747179276736e-01
-3.531106092970187071e-01
3.794879384597187322e-01
8.828122591722063761e-02
-3.821669186509045468e-02
1.057599205388288638e-01
-2.769496787261419568e-01
3.599077150802991176e-01
-4.499392861221591100e-01
7.673050444293941230e-02
5.838371701393176849e-01
-2.937581221019560651e-01
8.713708514018358997e-02
-2.096773691436349188e-02
-1.265989936178766317e-01
1.873390422071638250e-01
1.489366761632676395e-01
1.511772414116157592e-01
-1.906915231959626367e-01
2.814101405957900037e-01
2.117204396876717354e-01
-3.984371299324992455e-01
3.248190316748511552e-01
-2.086344952596737856e-01
1.864558274832691515e-02
1.397168226151340210e-02
3.809790831189272531e-01
3.936468345562625926e-01
-6.441715317224619430e-02
2.418882126431219082e-01
2.638794501816837945e-01
4.419775487859061713e-01
1.497503060113241635e-01
3.816733476654637913e-01
-5.315806912678701091e-01
1.577846439272616308e-01
-2.750598189979406444e-02
-4.154372881844190513e-01
1.391936866332999789e-01
-2.171387084622478647e-01
-1.537847686060112972e-03
-3.422085611200592625e-01
-2.041079094829390261e-01
1.952218685903757134e-01
1.702013297390506386e-01
8.313783963472645699e-02
-2.009774560850287675e-02
3.525470352364246107e-01
1.726622854880098534e-01
2.758701178955637046e-01
-7.659430328432187407e-02
-4.664159720323815539e-01
-2.873717872308099719e-01
4.283926338452351962e-02
-2.438945905941296011e-01
5.171530972025219913e-02
2.874251191870786926e-01
1.449441988426345973e-01
2.571912805725530826e-01
1.396568097535482722e-01
-1.224098246620461544e-01
-3.980872246129072978e-01
1.341544905527583542e-03
-1.296242644092871210e-01
-9.827430607738044110e-02
1.584508147896750499e-02
1.995994792916614552e-02
-1.274550979701042641e-01
-3.710653757520746693e-02
4.373873433642431197e-01
5.894372801850270571e-01
-9.235842148512686534e-02
2.764286252858722537e-01
1.466600735786702248e-01
5.077512237376703534e-03
-3.095850027875978738e-01
3.143022077483514365e-01
2.404842352582869103e-01
2.687542277369933119e-01
4.269759346914375753e-01
2.655339115277035034e-01
-2.288246590355279553e-01
1.086802463880955083e-01
-1.017019715678422059e-01
1.539326898095358109e-01
1.983838075175494708e-01
1.540068315951860500e-01
3.044665520946014392e-01
-1.904348054992326678e-01
1.287008541311932264e-01
2.253424614539079052e-01
-2.589746225562716830e-01
4.838970004756655563e-02
-1.337772638975524009e-01
4.493768908694149578e-01
6.516434685526376058e-02
2.993211892260246310e-01
-2.643290275081746077e-01
-1.575906832893838594e-01
2.644166520183107161e-01
3.738281741424694798e-02
-6.010344895166053192e-02
-4.503078507003758779e-01
-1.764286070838159415e-01
-1.391654039520230169e-03
-4.355658895964530097e-02
-3.953318853224818130e-01
-6.063309392147162719e-02
-4.153437082532990821e-01
3.391206808619444679e-01
1.820345787596383269e-01
-8.844007649550490735e-02
3.941746059727787577e-01
-1.600735368720011820e-01
9.690864988809588798e-02
4.328244329292769699e-01
-2.582764997367517634e-01
1.744629753644158510e-01
-2.565800364851160142e-01
-3.182387366090215219e-01
5.243447553627476054e-01
-1.944735569923352614e-01
2.753033116773677125e-01
2.318777107802010018e-01
3.006675977531546584e-01
1.202943183793233339e-01
1.906720082564251906e-01
-4.582341390238571788e-01
2.513310701658705293e-01
-1.225736685332261822e-01
2.121962757245839104e-01
-2.788677802791890148e-01
5.701083947589567769e-02
2.710136140734845656e-01
-5.460328695464775617e-01
1.414407742125078568e-02
1.304373594757515797e-01
7.363780969744694593e-02
1.302875579906572212e-01
2.638811145149204673e-01
3.763870200180058911e-01
-1.154292039551060578e-01
3.189228248772382757e-01
-3.187689530192472920e-01
6.465987770709990916e-03
6.445518035320569883e-01
2.422237156756669174e-01
5.191187618722062913e-01
6.783355623566433845e-02
-1.542857583792087428e-01
5.765846604469285763e-01
-5.357242826777102590e-02
1.486076025944366164e-01
1.795828055047357097e-01
-2.042120658626616903e-01
1.967177336489120409e-01
-2.728791605122376507e-01
-2.862888565700427712e-01
4.795848920734171461e-01
2.881555167820954999e-01
1.510031392097426206e-01
-4.150025919404597974e-01
1.860979672010354136e-01
3.927300363326363120e-01
-4.701868647082514674e-02
-6.049206853490313174e-01
-5.616907796510371975e-01
-3.157313945515475284e-01
1.486868605156620171e-01
-1.056939043236744813e-01
-1.534825282744334829e-01
2.874701367227208149e-01
-1.585982473549099880e-01
2.338245213725899940e-01
-2.241291297758237488e-01
1.899747627162898800e-01
6.259739190726369695e-02
-1.430367493717365768e-01
-1.230951937978720379e-01
3.290432902399683668e-01
2.424532981777685059e-01
1.205232416580876986e-01
2.717366127252097696e-01
-3.203297920872856253e-01
-4.662903510356775777e-02
-7.988236871407472517e-02
-1.440363171947308396e-01
1.716726174440400543e-01
-5.805729712115379609e-04
-2.766366714231899282e-01
2.540276387705437400e-01
-2.419466887197833371e-01
-6.941004849151343609e-03
-2.590280006223794618e-01
1.136194438657251414e-02
-5.987522832395125033e-02
1.087826766719250104e-01
-3.601068919706387761e-01
3.529296889937992288e-01
-8.932837579709038481e-03
1.071388706076956271e-01
-3.680863360503022208e-01
1.611841511219986034e-01
7.182897664416008909e-02
8.933517190608834813e-02
3.069688374526310937e-02
-2.088606393786243409e-01
8.541949323694182639e-02
-3.438728398245922691e-01
-7.054808933310684205e-02
-1.633793337029796344e-01
8.711689323378986050e-01
3.278847509338696231e-02
8.144888619847227007e-01
-2.114986027656212964e-01
3.201253789127091881e-02
-2.793240465267931572e-01
3.636034397881902913e-02
-3.920149415196517717e-01
2.256701888407578946e-02
2.685154334198264769e-01
2.155968348620287134e-01
-4.835994010730987336e-02
-1.266056529893713478e-01
-1.275335725958265110e-01
-1.069003637997947426e-01
-1.144825893688901086e-01
2.537519735955114930e-01
5.379071195594727073e-02
3.287554216305411253e-02
-2.518953459655367544e-01
-2.333472826540178846e-01
-5.648899705346097783e-02
-1.596711201605435088e-02
2.649118290786078300e-01
-2.802557568543816158e-02
-1.427058023825427541e-02
2.374076743988001448e-01
-1.639133080814387244e-01
-4.500840114556150032e-03
-3.376610493467039481e-02
-4.977882147683023173e-01
-3.033014635523839098e-01
-1.275640953969804092e-01
7.266354756892202671e-01
-2.676371145919472783e-01
-3.275789939208729740e-01
1.012819471110455449e-01
1.983119761148768312e-01
3.103321794468303918e-01
-2.805265224366315646e-01
2.814454659079097532e-01
6.913014587802088218e-02
9.256279830721518831e-01
3.019712488102728812e-02
2.417154384382467769e-01
-9.540368745765363812e-02
1.202357497665052233e-01
1.745846451722458947e-01
-3.189318422741576481e-02
2.343235359964263714e-02
2.630424896761406894e-01
2.707868938690534688e-01
-4.558446420363421875e-02
3.737450214478567623e-01
1.787001059708004380e-01
3.890846813603051069e-01
7.987635247078940237e-01
2.226602159820544602e-01
2.901213147110833224e-01
7.677486146558266666e-01
-3.314625360458193365e-02
6.040729135957761953e-01
9.825343626508885597e-01
5.590699094780024470e-02
-3.424472681949443653e-01
3.574936296633158400e-02
1.230431667264447332e-01
1.967535571673092176e-01
2.510296250193618239e-01
-2.774854039996104138e-01
4.402224900827959864e-02
-3.069172443140716355e-01
2.163575662592386040e-01
1.841020862726149843e-01
2.139108258708589394e-01
-4.655908123819547939e-02
4.637930882823377288e-01
1.229099422579941620e-01
-1.436444754478115315e-01
-2.508502044389771535e-01
-1.706204025852592066e-01
-4.684523261335506450e-01
2.430186042883804021e-01
-9.046160486286518310e-02
1.447018623069465208e-02
-5.031569913579487380e-02
-3.806500385022805744e-01
1.214584031630801114e-01
9.425171163044686676e-03
2.498595460849737868e-02
-1.327417270828523677e-02
2.522218397683663807e-02
-2.268473637229020956e-01
-6.053054443446097277e-02
-1.351993788042430700e-01
-6.586550962575443702e-01
3.650424377681364407e-01
-1.685876180647856437e-01
-3.937014016212868339e-02
-1.869189134731024382e-01
8.376746924377707071e-01
2.641302354854470069e-01
2.702275535019731945e-01
-4.285078148977461421e-01
1.426903289092722182e-01
-2.495001262570294420e-01
5.118908028048252401e-01
-4.002288220211576153e-01
2.265991221176708870e-01
-3.242090314142324070e-01
4.022994793305254557e-01
-3.240747010105802378e-02
-7.133795750985588713e-02
-3.849879967162518971e-03
4.662690847626542734e-01
3.700102911393468030e-01
