1.158587447049229002e+00
-1.409100044004280017e-01
1.519550608447752138e+00
4.409760057224179630e-01
6.451940719286937131e-01
3.087030950319400151e-03
2.150096292611316795e-01
-9.478840079881016845e-01
-4.562122621483314377e-01
-2.423008920073312367e-01
6.262817762415063827e-01
1.367668971461334149e+00
1.768468094156502968e+00
-9.901917063070575509e-01
-2.723961906743630923e+00
5.716775844825722208e-01
-2.628095674851058106e-01
-6.217660483278986128e-01
1.138538941703633567e+00
-1.046775547426297637e+00
3.359318940729977276e-01
3.211249735401633942e-01
-2.395435637211093649e+00
1.076688462875237784e+00
2.198788208886045759e+00
6.103341362850889240e-01
3.234544298638966087e+00
3.866750240233780556e-01
-2.741490529403078913e+00
1.402851482689458695e+00
-3.982224316030810174e-01
-1.341975135847075062e+00
2.005256646030471324e-01
-7.332347862612376144e-01
-7.053167231715899987e-01
5.008955740695965053e-01
8.969514873072270689e-01
4.436378961122208753e-01
-9.614337225188892555e-01
4.483455565722825331e-01
-1.870565781734457200e+00
3.539580577859141042e-01
-1.862628801615233476e+00
4.233841288423938476e-01
1.524526349777407308e+00
6.945115555287039166e-01
1.870545923332537663e+00
-1.165185418445724874e+00
-2.643392614023267750e+00
2.743020147514001472e+00
-2.232854145562936488e+00
-1.290543781533113554e+00
-1.458207817444357124e+00
-2.769854674627502789e+00
-2.522371244793131684e+00
-6.476544244563955943e-02
6.634888580539223257e-01
3.198598822568582634e+00
-3.145709185316438727e-01
1.842458117590995093e+00
-2.226810585868369274e-01
8.852151906509242441e-01
3.860473477883318294e-01
2.846968612755727546e-01
-7.250484793418614515e-01
2.017068067392198127e+00
4.254249864875092602e-01
-7.252696736163394275e-01
2.909144178167513695e-01
1.343209625502038262e+00
3.456037715409428501e-01
-1.408178367383674301e+00
8.982635055587090411e-01
-5.320442233195135096e-01
4.246633788368981421e-01
-1.031731598256704574e+00
3.817861327729351771e-04
-6.016324285393821469e-01
-2.381009246035504512e-01
1.288431067856165679e+00
-4.438961429151568328e-01
-3.695706699130611450e-01
-1.431320745661258664e-01
1.528117268181785615e-01
1.664868588215442369e-01
6.250731263305633334e-01
-4.333556358820140897e-01
-4.392038973109038125e-01
7.896021281398005742e-01
4.216649628663273752e-01
-3.182882864807988765e-01
-4.092491007871940784e-02
-3.220558814341376030e-01
-3.144798519124867298e-01
-2.220630958073709638e-01
-3.344722313468598274e-01
2.108969984420349386e-01
2.011066732793204137e-01
7.997646709143445554e-01
1.575666687835453328e-01
1.270700897063366530e-01
-6.896424654333431770e-01
1.482323975698117469e+00
-3.467040630894864250e-01
4.302415298041465386e-01
-8.003026808711835027e-01
-8.473607445457669307e-01
4.478312408446441517e-01
-2.091645505120948156e-01
-5.034281924784755891e-01
-9.427382908363985958e-01
6.269899558454854471e-01
-4.744544157990121525e-02
6.749663970884457465e-01
-6.662856385085181854e-01
5.542860515204187655e-01
-2.376083349973705239e-01
4.872509314609082542e-01
5.357153813278161536e-01
-8.592367370987430419e-02
-5.546502782702671108e-02
1.099123760839161301e+00
-4.846322356706275758e-02
5.540450797238058445e-02
-6.314611443409321456e-01
7.807165455933079423e-01
1.463773864952177650e+00
6.340373113868349453e-01
-4.415898651556705024e-01
2.333734201948763076e-01
1.526130093941307164e+00
-1.342568268880343973e+00
3.279203626856993514e-01
-9.904617553279640441e-02
6.112685268697021224e-01
-4.677687400730596856e-01
8.550899346767517617e-01
-2.766583079081542593e-02
-1.209916749507018885e+00
-1.485810967749681341e-02
1.602296483447990250e-01
1.151461132848425051e-01
-8.035286761227359298e-01
-4.979095298972280315e-01
-1.423906590112052895e-01
-1.937953675776523221e+00
2.788371575113161027e-01
9.450395796334263299e-01
-2.438236717014598265e-01
-8.117480791435260912e-02
3.453600276505064959e-01
6.560243127290094067e-01
-1.065324673051782467e+00
4.389013060478146322e-01
8.044129509056210936e-02
6.639460244990954552e-01
-3.106828693587330159e-01
6.012409821706062724e-02
-5.586296355343561837e-01
-6.876195751643323639e-01
5.309826711429537216e-01
1.374049863955910389e-01
-3.760482660931355747e-01
-5.248403013556824925e-01
2.218372802175352099e-01
-1.976496612330972846e+00
-3.493717672327285584e-01
6.779206718527984732e-01
1.777862782359008742e-01
-1.029734387776803262e+00
3.556439784533237808e-02
9.830525875145137427e-01
-1.223511826380952572e+00
6.008852732522570461e-01
-5.194948126335827698e-01
7.827400594481500606e-01
-4.201161046200684313e-01
1.769197864918123086e-01
-8.137715188632252405e-02
-1.035389160331211977e+00
1.484058149391005443e-01
6.215306598917225145e-01
-1.170757736807765514e+00
1.597997315937734475e-01
-1.010781737585965123e+00
-6.521442703175296327e-03
1.384003945115301892e+00
2.042310422690758187e-01
-2.308034804450476707e-01
4.355768935425098909e-01
6.383159505991790050e-01
-7.164413187256262194e-01
-8.203314240595599438e-01
3.461753791001790509e-02
5.671046546055481530e-01
-3.465614600226306630e-01
8.629886240152506716e-02
5.311485137365790088e-01
-3.862785088117706156e-01
-4.185827795687799280e-01
2.998544423768795819e-01
-6.750422979575579907e-01
3.497427739058228680e-01
4.767315990845308327e-01
5.041949074262020991e-01
8.101076387304321225e-01
-6.192020775161133361e-01
-5.391342112932177022e-01
-6.272825133728741898e-02
-3.984719124822663772e-01
-4.027031962077827765e-01
2.162942507311407803e-01
1.274135600804394419e-01
-1.053001293529844673e-01
5.892979621577835170e-01
-9.662089989061229955e-01
-1.137800666721893839e+00
7.761251912678490683e-01
8.544617147906955479e-01
-2.895747367665227334e-01
-2.418406914688757681e-01
-1.938824559717315266e+00
1.443645261106158983e+00
-2.855627085666281872e-01
1.094697148378540819e+00
-5.600500830563672761e-01
-2.087952399314728869e+00
-6.910989578980946124e-01
2.431790297631749587e-01
-5.650229012630215708e-01
-1.329607733035479411e+00
1.093364985426572122e+00
-2.991497274404913420e-01
1.888631280584098238e-01
-4.045712894298389428e-01
2.559703511322347635e-01
-5.077357646778067890e-01
-2.466846393569166185e-01
9.829566426359355180e-01
5.561291856951928736e-01
7.727300193766468463e-03
5.261028325706527120e-01
-1.620213567362095208e+00
2.262939027885884843e-03
-8.226733022754112445e-01
1.853721729650478489e-01
1.793211958584953525e+00
1.773044497598633418e-01
8.210452443536249423e-03
2.680607205451418507e-01
1.055607835242250214e+00
-9.739785013149460102e-01
-1.480060281411776923e-01
-3.115198191807053152e-01
3.739506462907253581e-02
7.699647417249702586e-02
6.897499279686959417e-01
2.057486986837014642e-01
-5.974835496833342807e-01
-2.657025940884212289e-01
2.343861693958767811e-01
1.948646291754823345e-01
5.717919506757972448e-01
1.473227235322741371e-02
-1.839197802703462781e-02
1.626338229077825270e-01
2.025632878044548724e-01
5.592002907895451402e-01
-2.706698514137385603e-01
-1.171370835338108735e-01
3.793699357636593494e-01
-7.108629247956863018e-02
3.029808314389207946e-01
1.512010414084128396e-01
-3.717727023800852099e-02
1.738628606639581187e-01
-6.293396993578669329e-01
4.682003430005532985e-01
-5.982764717970890933e-01
-2.081433442227325660e-03
9.513168641505416467e-02
-6.291364180750224078e-01
8.240431408534756308e-01
-2.097587860754613898e-01
1.640388239899275014e-01
-9.705075319543304824e-01
-8.157716002441701697e-01
3.933380572680861276e-01
1.105000706679210437e-01
-1.027173173674768236e+00
-6.148464689270000116e-01
7.204108248077319976e-01
-1.212752322738718247e-01
7.984913283654072602e-01
-8.781974092130737652e-01
1.082086225858137407e+00
-7.382532307867851751e-01
-5.466723341952150345e-02
9.303042295456272204e-02
-7.326139269077940330e-01
7.040133896397650082e-01
6.136848617252675664e-02
4.634184098310558664e-01
1.387366935986145966e-01
8.546289721830886699e-02
-2.776046128696585957e-01
4.268032353368249043e-01
5.232922554727560405e-01
-4.567150012684553784e-01
-2.114511618420105710e-01
3.857829885008133841e-01
-2.192085038296594512e-01
-4.372544748540296844e-01
-1.692569297934645445e-01
-2.938292307724543195e-01
4.409818778489079105e-01
-7.540947216369483508e-01
4.916161086864464895e-03
-6.433321963453734194e-01
-3.817279316932844502e-01
-2.761607825181358056e-01
2.116846175390822982e-01
1.423149800796360109e+00
6.024796448888544154e-01
2.611291866343886103e-01
3.063813145088691403e+00
2.324076033418171483e-01
-1.255200770085963535e+00
-1.518023436080442323e-01
1.428178877121776935e+00
-4.547233181008997760e-01
-1.462881065256239399e+00
2.102134040315883023e+00
-8.889943400355972969e-01
5.764658218979032966e-01
-1.285003636810154060e+00
1.599873678361873053e-01
-6.911087314436313855e-01
1.536356551483226279e-02
1.167461354605395796e+00
-2.028940285159356594e-01
-5.205532083089484674e-01
1.047551284799353333e+00
-5.087166819146205637e-02
2.377047119422733557e-01
1.615618509631452371e+00
2.657948215198188135e-01
1.117540849353315484e-02
-3.960712810032144260e-01
-1.664034745998859421e-01
-2.220508557551344464e-01
-4.265382797546793392e-01
8.406347639783352532e-01
-1.774827601266538435e-01
3.943808078731813604e-01
-1.702515808247227758e-01
-1.088402279704127285e+00
4.730421114815030470e-01
7.713302293146166722e-02
1.330226077274466734e-01
-4.801774771712872258e-01
5.747171640639434642e-01
-1.311689228545297736e-01
-1.439774186897957997e-01
-2.910909661379290081e-01
-1.381124550241237481e+00
6.409126700160874268e-01
7.830969542503705139e-01
-3.509868316127994770e-01
-5.748389520262863622e-02
5.061218496537969180e-01
-1.884292551928774540e-01
-3.272817122113103605e-01
5.832207919551748443e-01
-2.619417248963977762e-01
8.911478568385562404e-01
-1.797288141257860072e-01
-1.885518949374489772e-01
-8.033964467899566975e-01
3.417052311768601913e-01
1.642494936116743742e-01
1.258804363525003467e+00
-9.102456408479914218e-01
5.395668695556865568e-02
-2.494167409490488097e-01
8.362978485448324673e-01
7.950476718498692419e-01
3.746804559875756002e-01
6.604089642653528935e-01
6.842840230467498452e-01
4.175822025880476240e-01
-6.644785129953473257e-01
7.163598489617836740e-02
-8.671295832019623728e-02
4.758404714279126368e-01
-5.407289122675793536e-01
7.575607312399258442e-01
6.844019308998630646e-02
3.737064787829346563e-02
-4.131634802493637237e-01
-2.062880135002341242e-01
-6.466845259491563747e-01
-7.883262011428769922e-01
1.547505074953801629e-01
6.408383159097207071e-02
7.018517973929609965e-01
-2.096823107936619524e-01
-1.426866426880935679e+00
9.042850142744452979e-01
7.371951901735787072e-01
-3.057015434718485802e-01
7.040916004646620430e-02
-3.834077218352467398e-01
-9.731891212964800808e-02
-5.684985362236839868e-02
-5.431602353795150773e-01
1.031295640522739587e+00
1.486780780353150477e-01
1.300099904692689989e+00
7.529615016879445677e-02
-3.796534813600963565e-01
-3.368234933477985971e-01
4.684919902963978200e-01
2.000509456616577364e-01
-1.311045945099500176e-01
9.780200558184356519e-01
1.805730414677388929e-01
-4.937071239701967817e-01
-6.601887857463207832e-01
4.680733633823070394e-01
3.275153099557722158e-01
-7.418793029609707657e-02
7.669529336803152519e-01
-2.819960516275265006e-01
5.395521908923889276e-02
2.205918230455643225e-01
6.938138670782117989e-02
-1.497280804989813419e-01
-8.490483791240451827e-01
9.539897435453307262e-01
-9.271446618190340438e-02
-8.390950175740633510e-01
-3.891219092554144832e-02
-2.597836427873412291e-01
7.574937807580632843e-01
-1.020290454495926369e+00
-6.415943118436874260e-01
-9.382879599426923178e-01
-1.999037904775519126e-02
4.014250765005811794e-01
-7.821710646152510993e-01
8.492616562734662811e-01
-4.061653771274404412e-01
1.279178635557579324e-01
-4.783092078092597843e-01
1.039390183454872579e-01
2.697163120956523330e-01
7.993741091034555282e-03
7.944793372449425739e-01
-8.625428718121272431e-02
-4.719470492336806933e-01
1.261710079354990244e+00
1.267240366584121980e-01
2.848129016806004166e-01
-3.479659183838862968e-01
-2.399273183797774767e+00
-2.907008470572698955e-01
-7.138660423271849798e-01
9.709582018480591437e-01
1.168944897662875348e+00
-1.124420826556610520e-01
-1.586653702438883151e+00
-1.792334176706161519e-01
3.661828260284131359e-02
6.920854422337321399e-01
-3.217583754167506749e-01
3.051670395575401429e+00
-1.346046626835140758e+00
8.561115771736367563e-02
1.089963087486542692e+00
3.363333786571098272e-01
4.444820798661921479e-01
1.562022497265059748e-02
2.178586041237549620e-01
-8.844682812463803279e-01
2.036155008012009160e-01
6.107508192999409058e-01
3.064300734670923343e-01
-9.459005937747057002e-01
-1.028323106922586438e+00
1.263260328527024301e+00
-6.511585696419583402e-02
-3.478968310581920242e-01
1.334679814166947809e+00
-2.306748244243474188e-02
2.024976421096464918e-01
7.820425104070453104e-01
-1.568645846802002308e-01
-2.745083747263433183e-01
2.077256264119055063e-01
-3.832160486209633676e-01
8.706086355805220389e-01
-6.209600889691408998e-01
7.969165827161115434e-01
-1.559530337549835055e+00
-8.776283095698803050e-02
9.224430005005055389e-01
4.709342785553986555e-01
-1.579768044320727816e+00
-1.915065574171729068e+00
1.042792090149140760e+00
8.729227183136364573e-03
-1.730565610604354543e+00
1.362984372063868799e+00
1.104981463915824191e+00
-7.155062741571409646e-01
3.185643488454578676e-01
-6.533919603887838878e-01
-9.334598061839283201e-01
-1.048369407225711925e+00
-3.999442485263685620e-01
-5.413285428328766802e-01
-4.975782356263213080e-01
2.229788846839048932e-01
1.486096287077377731e+00
-9.955365981476035353e-01
-4.324842731154865949e-01
1.999247504308425752e-02
-4.445989791240032574e-01
9.722468318878593196e-01
1.454224376861205925e-01
4.060204874263801389e-01
-2.657672082886213816e-01
3.064513605631513093e-01
-2.470479515016753558e-01
5.605156808631779342e-01
-2.074587503539968014e-01
1.068773428433489880e-01
-4.996072515081542709e-02
-2.440312216306115833e-01
-1.870547173035543020e-01
-1.459802482188386485e-01
-4.960125921787812420e-01
-1.014193822384322069e-01
-2.205221209449599595e-02
-2.815089394215740670e-01
-2.278934685876113642e-01
-5.969137773506730804e-01
-9.662927290643434641e-02
7.249003822918333693e-03
3.754279626993066721e-01
-3.459646611773956049e-01
2.067634490797857494e-01
-5.622865710805612371e-01
-3.288712847350098306e-02
3.837374125900968602e-01
-4.122910386526912330e-01
5.266862831516717219e-02
6.734637868678200467e-02
1.309286879261887804e-01
-2.053367687226376748e-01
-8.694452689214385299e-02
-1.913925361708020412e-01
-2.166724222657878396e-01
1.335336299273533811e+00
-2.310949946882789596e-01
1.648880127649554050e-01
3.239264790734325827e-01
2.896174867894507066e-01
1.277995786111403964e+00
-6.121497858076510035e-01
-6.921773414052840856e-01
1.021351054239720613e+00
3.702080959399997595e-02
-2.656142708658708607e-01
-6.163763121230664450e-03
1.045827115020743436e+00
-2.163888845618782142e-01
2.920750033660337031e-01
5.205155401160417306e-01
-6.614230531540987723e-01
8.123020680264889659e-01
-1.729213562409118499e+00
3.251635532652751293e-01
6.303442649159777256e-01
-1.155632688667827646e+00
-1.821600231177814833e-01
-3.827014839757605369e-01
-9.281118595061881305e-01
9.152282840747867632e-02
5.997040130375347333e-01
9.879346736375048676e-01
-6.218388660376118482e-01
-1.862431580974676371e-01
6.248781226503993258e-01
-8.434816936881923688e-01
-4.674828512873692166e-01
-9.466274320650774898e-01
-1.837068459543952370e+00
-5.559987631961059718e-01
1.617064316177838990e-03
3.818230168924360846e-02
-3.330097956418449634e-01
3.541275188160339371e-01
-8.729527978656111131e-02
-3.778799150515171901e-02
5.138340479559323493e-01
-1.439055853279664898e-01
-4.427269049965865122e-01
-8.501824518480981530e-01
1.411128384599241947e+00
-8.018516769963791868e-02
-1.104769441548324529e-02
5.713279779061345431e-01
-2.738224421479044102e-01
-4.508293456920163811e-01
5.536391809720296875e-01
9.910928285218981171e-02
-2.663806508786492055e-01
-1.799899841349984209e-01
3.102082169861639649e-01
9.324270591464243196e-01
-1.299657290241523988e+00
-6.642088229397919985e-01
3.739465328342560929e-02
-1.613827778493429621e-01
1.655668315752077735e+00
1.127517788297226042e+00
-1.143964407928767857e+00
-6.465813380284677336e-01
-5.737744660242749539e-02
1.852218842328239301e-01
-8.060872698781987866e-01
1.617243388277599614e+00
2.847253849886972610e-01
-8.085756839307186583e-01
3.802696323728087524e-01
-8.036586892918738956e-01
-1.074353909707384425e+00
-5.757311546346174369e-01
4.867668726404242863e-01
-3.972172252813863103e-01
2.474097322956463341e+00
5.812875352552631103e-01
-7.564542318388328690e-01
6.901285913179612264e-01
-3.395354044943005301e-01
-7.239822437122372945e-01
-2.078891047668716130e-01
-6.517120566731173792e-01
-2.175747875593282699e-01
-3.843145413744093464e-01
5.674225460287318779e-01
7.692025098248176374e-01
-3.255061726014208956e-01
1.200293139854171187e+00
1.154978538110682518e-01
1.119246698131098006e+00
1.489675487096742801e+00
1.173011468654410860e+00
-1.612897709221707832e-01
-4.925053697408791065e-01
1.447412398964043279e+00
9.744473897494578818e-01
-6.764212238983332570e-01
-4.671720528280082219e-02
-3.220464630216679502e-01
-1.120573594594754807e+00
1.247639997295479919e+00
4.503550689448447830e-01
2.378810930429100523e-01
-3.345270568406801259e-01
8.013446582101408922e-01
-1.063519225264067281e+00
-2.417771987128478628e-01
3.612366108719812785e-01
-8.168781529959321386e-01
5.398547143999491427e-01
7.614836635656559993e-01
6.513221387101321147e-01
4.814784954157177999e-02
2.613397582847838962e-01
7.874260573742689617e-01
-3.177086060996742872e-02
-2.517758090737190479e-01
1.567659311739851014e-01
4.800536173827493203e-01
9.488740442460261160e-02
3.767842194886307228e-01
-6.589773127984692724e-01
4.773371088189800604e-01
1.336807627168878077e-01
1.847311608230434721e-01
-3.914545969977956119e-01
1.357591234436933691e-01
7.205147001322867450e-02
6.668772997587597839e-02
5.121476030208167440e-01
6.440201928442178536e-01
1.329523191349334665e-01
4.535259137660371254e-01
3.196790225703391997e-01
-1.126799285887154056e+00
-3.601081266430508632e-01
1.367878176302709248e+00
-1.372112112661922900e-01
4.311549363903439125e-01
1.726909541965886419e+00
-1.272448964422770168e-01
1.020584980024547006e+00
-1.294506994453760163e+00
2.553923971875245447e-01
5.783860170291329483e-01
8.033022371231723913e-01
-3.284602789007738388e-01
-3.304418949888373452e-02
7.643412235725149939e-01
-2.992855336140302636e-01
-4.486172952390630742e-01
3.425566729148377121e-01
-2.737894370454292403e-01
5.047061460166994973e-01
-1.869081017889001828e+00
-3.972054219353149951e-01
6.389954421577925814e-02
-4.806690083806471336e-01
1.975301828030285034e-01
3.783271682559685156e-01
-2.994944674508760452e-01
-2.860515235674200296e-01
-8.581399620211750678e-02
1.360597161582567383e-01
-1.042063403955184819e+00
-5.284031115619466368e-01
3.398447656312599818e-01
-1.008843948436505933e+00
-6.598456604912511514e-01
-1.058309030843176402e+00
-9.557534636836961806e-01
-8.776716577587067025e-01
3.400821195438894495e-01
-7.022002656610441818e-02
-3.599880847231159975e-02
-3.318237070069708639e-02
4.196322743017743551e-01
9.560505099352425333e-04
-7.245388742039551300e-01
-2.271043088074350680e-01
1.089472391295245535e+00
1.225256270822660865e+00
-1.441462394398987490e+00
-4.778107491570127707e-01
1.492552507892783709e+00
-1.359023820016897144e+00
-2.872701324015473068e-01
1.017072014129907442e+00
-2.014656650761899037e-01
6.123934439377044514e-01
1.151461131877805411e+00
1.108879537405090820e+00
-5.262917929466832678e-01
-6.156309968465693006e-01
-2.893249292323552546e-01
-2.076138376237606220e-01
2.441503994067774352e-02
-1.070198889564777517e-01
-1.583260757284518094e-01
-2.527982517551575770e-01
-3.679958291562516193e-01
-1.058755523138952492e+00
6.665415744785174734e-01
-2.227551361580822065e-01
-5.836162455950061334e-01
-3.413937017140120100e-01
-9.258632707790354077e-02
-8.797500790015982952e-01
-1.016526874945146847e-01
7.536427703772251296e-02
-1.398351330166598509e-02
-8.424636416716608789e-01
7.658235584902010062e-01
-5.664662889393247136e-01
9.462861622336525835e-01
6.228903706089615744e-01
4.214418109416340208e-01
7.010770585196395288e-01
-2.571341751480414328e-01
-6.321848101874975867e-02
8.506117139906108626e-01
1.281417173317996205e+00
-1.623131688073040646e+00
-3.083102956698683395e-01
1.369637466692422700e+00
7.419518601988176476e-01
-3.010814514138989706e-01
4.788387494137229528e-01
4.660093705822060395e-01
4.567897995014577606e-01
3.529302857158437279e-01
9.303159360116287635e-01
-1.965849007370205070e-01
-3.116424339582704595e-01
2.281576862253477334e+00
1.199270987723949133e+00
-1.234950778914449376e+00
5.229218200481891010e-01
-6.387793073669857380e-01
-1.948842455745172009e+00
1.526403704591583921e+00
-3.889349514277848918e-01
5.889443082496845783e-01
1.612783220127471662e-01
1.048652889503918662e+00
-2.359546836653832802e+00
2.176203932823039533e-01
1.154566380839305850e+00
-1.264002631271177846e+00
1.058299244866606426e+00
1.478231585617919341e+00
8.631267802044437776e-01
4.032195122559394385e-01
6.542863403015287682e-01
-2.807311501635068596e-01
-3.839566038564644068e-01
4.313582104519456811e-02
3.961977039669478673e-01
9.968674303477371712e-01
9.574454580796125658e-01
-9.212098057798826511e-01
-9.429243097070341140e-01
-7.833379180959450239e-02
1.920150773353131168e-01
-6.514920954159895139e-01
1.592687293087004408e+00
-8.630873632739181900e-02
-5.723420112669364013e-01
4.690046009135305782e-01
-5.790258886565409213e-01
-8.283406388695521150e-01
-4.671824526005293743e-01
-4.766388628019497808e-01
9.038731545168502413e-01
-1.852657322704027276e+00
-7.519278677850159687e-01
5.007652934202329043e-01
-6.576657109299386406e-01
5.566248044866393130e-01
3.829671607376121667e-01
-1.155462371909396158e+00
-4.155869202306203269e-01
-1.015319025702647870e+00
-1.534842246788505060e-01
-9.574522223591974690e-01
-1.691056271628000596e-01
4.229715281482946954e-01
-1.343928097751231121e+00
-1.034710740685660241e-01
-8.945017709438976006e-01
-9.667464310901060509e-01
-1.328424735387626843e+00
-2.028526531954069900e-01
-4.596799069179101638e-01
3.522432031668312202e-01
6.582685748227254940e-01
1.618634017240138390e-01
2.893521815445278256e-02
-1.565946181318705221e+00
-1.757813890522206934e+00
1.967010567404337218e+00
7.470758239353620933e-01
5.551873065419671294e-01
-2.656661381654373266e-01
1.699937108212908221e+00
-2.516442746451593049e+00
-4.948237536515366353e-01
1.461429607135924291e+00
-8.268591583076974061e-01
1.268427582180899238e+00
1.594625764011796898e+00
9.734587831266640068e-01
-3.126309575566612042e-01
5.361474644564802050e-01
-9.426694672219264604e-01
-1.626755767032800337e+00
5.899862538442529614e-01
3.764500814383401339e-01
-2.672691669385155247e-02
7.514310994934527699e-01
3.234256753200503431e-01
-2.812657760316318867e-01
-1.156195379631642428e+00
-8.958088781593191996e-01
-1.440392230755955794e-01
-1.848144542016746827e+00
-2.335246986096776722e-01
-5.912572181570151519e-01
3.358338812093153436e-01
-2.749241227747025729e-01
9.953216945645128044e-01
-5.012514609891552952e-01
-1.260395947702277475e-01
-6.524608368644879697e-01
9.801156154585799474e-01
5.269803874752215789e-01
9.058222899067121248e-02
-1.174772367677363816e+00
-2.961485774242565427e-01
-9.780360452871791899e-02
-5.974201177353924974e-01
9.058724439133314377e-02
-3.712653987449663490e-02
1.169708181107774081e+00
1.452848440359655324e-01
8.712569728944864478e-01
5.046178250693614808e-01
-2.959443607352698624e-01
-1.475391317249342971e-01
1.420448823099647595e-01
7.447379768733114469e-01
-4.966491260217441583e-01
-3.232049466182628783e-01
-5.744902970693940292e-01
9.040258184699619115e-02
2.121582467712385400e-01
-1.112336783923185135e-01
3.580065244355385978e-01
1.082106668239237457e-01
-8.848720683701609413e-02
6.033226878803508303e-02
2.730987825491793530e-01
-9.863989109416065881e-01
7.394805927088370368e-01
7.233592247495200800e-01
-8.061274952273510264e-02
1.699665807517501959e-01
6.745895290518245935e-02
-1.509839045298506377e-01
-3.636668163346693516e-01
-8.743477919629824013e-01
-7.446166782760645086e-02
5.513257493304943857e-01
-1.516089418493279072e-02
1.283586198367537290e-01
-2.227741323354677783e-01
5.123906825639069212e-02
-2.695103679354051707e-01
-1.011637152056084288e+00
-3.765931851634820027e-01
9.147631681457401021e-01
2.330512864983380061e-01
-3.641247224116503922e-01
-1.830616331644915107e+00
-2.276215400445230352e-01
3.847398057864245269e-01
4.954373041366873925e-02
-6.478741399758096708e-01
-4.300344795394004382e-01
2.399668496299316167e-01
3.864048001410330668e-02
1.115918113749680085e+00
-4.971289268649260462e-01
6.433917988568543800e-01
2.897958208637250732e-01
-7.449268549013112750e-01
-3.056773130275465267e-01
8.804769779273572405e-01
-1.140823919569831313e+00
2.619590028911771840e-01
6.206874910100661502e-01
-1.717780873167622235e-01
-1.037373459473250464e-01
-2.289694186438175905e+00
3.035664419682077009e-01
4.279861794511780615e-01
-3.414254658855055413e-01
2.096868142382915523e-01
-1.202305438228206569e+00
6.734388348132689384e-01
-6.909382654520455080e-01
1.534381225589779962e+00
-7.356864304941329591e-02
-1.656391711380756915e-01
-4.577918815497081240e-02
3.013592335389193508e-02
1.005389818061683371e+00
-8.232019074710545947e-01
2.754770303203331050e-01
-1.938267054278713097e-01
-1.539399264385206134e-01
4.435791065383856702e-01
2.825269014525420008e-01
3.391388732488472280e-01
2.524660009237376657e-01
-1.071024344833845898e+00
-8.121842912466011866e-01
-5.597777594599963047e-01
5.502979256663294017e-01
-1.776925716551054135e+00
7.656852339584295786e-01
-1.570301872188640813e+00
-3.456829296399270279e-01
-1.979541341524074793e+00
-3.990937861560956423e-01
3.782442846469907249e-01
-1.920524976084176105e-01
-6.850683060875294439e-01
-2.362784963332555666e-01
1.061520331135832329e+00
-1.199679065421685176e-01
-5.185056413742260562e-01
-1.710562538413031852e-01
8.077310515388078649e-01
1.568791281016523598e-01
-4.769148840392819361e-02
-8.140798585719624669e-02
-4.681544631789159028e-01
-2.181278712095582883e-02
-2.012005804478364523e-01
2.479598292730470499e-01
-1.068923820024022309e+00
-7.011291777780023771e-02
3.884497745168469240e-02
-2.364669956326157230e-01
1.099257111734417841e-01
2.157072425360045953e-01
-2.468225632164213271e-02
-1.671638623755323239e-01
5.665463539734673371e-02
2.057841857687443266e-01
7.989789190651010176e-02
-8.107497419875556166e-03
2.630971000114358249e-01
2.134853450508816808e-01
3.693740880991270292e-01
-3.752081098718622609e-01
-3.667444733654701694e-01
-8.100579803085937725e-01
1.309080197697684023e-01
-4.142327185886745533e-01
6.434188298900346270e-01
2.664625372847023166e-01
-2.830890738537480411e-01
-1.051286877632914146e-01
-1.433683471688494415e-01
1.209161472273624804e+00
-2.590578791251584301e-01
-6.873341584993672426e-02
-3.538416417201689645e-01
9.736015516348292542e-02
1.121509955651274065e-01
-9.240783400673160952e-02
-1.265874293591163546e+00
1.968330429816209093e-01
6.834056349482225956e-01
2.810060223244384425e-01
-1.262719183283566027e-01
-6.722251336592385274e-01
-3.281434215957598766e-01
1.809289224586407008e-01
7.403263268264573815e-01
-1.506468623377988855e-02
-1.755064527251822160e+00
-6.333847430556666103e-01
4.785920430751668397e-01
-1.561502960593518230e+00
-1.315857452931662230e+00
-8.440772649114325343e-02
-1.108003828158484264e-02
1.818800228481902079e-02
3.862446196479270011e-01
9.324051816950398308e-01
1.521731329767945562e+00
-7.460326280459925741e-01
-1.131431810560997731e+00
1.005385009385887513e-01
-4.310577173640371962e-01
8.634497131962202976e-02
-1.097161131320611549e+00
1.232809357426888797e+00
-1.503433214996510170e+00
2.780590905478008690e-01
-3.060190929400727344e-01
1.291304070800336490e-02
1.443267048090244031e-01
4.056026847620918807e-01
-1.437519591534256902e+00
-7.567014782878435375e-02
-5.277932799160656163e-01
7.146243512030118206e-01
3.590228949485908538e-01
1.280577995083544529e+00
-1.257890056973337334e+00
-1.279321721532827860e-01
3.364065859263697389e-01
9.362645912665056025e-02
5.810235342832845845e-02
-5.982017880460159809e-01
1.161438352896414727e+00
8.510262738849110331e-01
9.070586194856853357e-01
9.770158767090286744e-02
2.086862977834174071e+00
9.517332368269580678e-02
-6.328608802748399986e-01
5.572446968451707505e-01
2.714976500231245815e+00
1.826852746078382606e-01
4.487178195936773056e-02
1.026137898065563103e+00
-1.520587397235293736e-01
-4.259925708423142332e-01
-2.764951019915092179e+00
5.609765906741066566e-01
6.184622825478791608e-01
-1.093288823192780423e+00
7.962779274654773198e-01
-8.971154421312205196e-01
4.748328189320850656e-01
-1.680994303281384772e+00
1.485365548503515765e+00
-1.797367209313252001e-01
8.281045253054820643e-01
-6.339308064165788403e-02
1.495351652995656755e-01
1.413157201794952855e-01
3.437625182182698080e-01
8.991154455508587606e-01
-2.600775863833374446e-01
-4.032970413499836065e-02
1.611832720535889274e-01
3.633091141017725373e-02
4.829810068222586406e-01
3.132556808996084241e-01
3.737373092285594112e-01
-3.193094314658159183e-01
6.470337904968895826e-01
1.726572110279121219e-01
2.744246472254721625e-01
-3.162368146087444210e-01
-1.079877491395768718e-01
4.598979579321927913e-01
8.344730483505459206e-01
7.754293838182793053e-01
-2.945573376712243285e-01
-4.018157073063703399e-01
2.643894862005960467e-01
-3.769918440469213206e-01
-2.554932552716324690e-01
-2.390672909559954720e-02
-5.086666374835952659e-02
-2.114802891967783038e-01
-1.296486920731677817e+00
1.069479302438278295e-01
1.609329925751742107e-01
7.416565387279487886e-01
4.892716982010706372e-01
-4.092408256272331846e-01
7.922211881031518965e-01
2.852982661960277166e-01
1.100478963027393231e+00
-1.709265243088714248e-01
-1.004718262836891002e-01
-1.393854609663891242e-01
-1.000297405224825041e-02
1.077951066157728066e+00
6.084283836691929404e-01
9.522124811469383221e-02
2.112702233194298507e-01
1.077157456041384798e+00
3.386514591248558914e-01
-3.134059412079696627e-01
-1.739481916672252382e+00
-1.485506200683849899e-02
8.066072520306655225e-01
8.592348804922712857e-02
-1.048431872154125033e+00
-6.664916210775907457e-01
-1.305306230267877232e-01
-6.919270113325651783e-01
1.237337840457025218e+00
-3.794173862544903963e-01
1.030738597407696355e+00
7.125919988496497159e-02
-4.257038671301133226e-01
4.145429948876980797e-01
1.034151481357449942e+00
6.816112871945488871e-01
-2.119712406516409409e-01
-3.593118751187323046e-01
3.842611403187650709e-01
1.333908021798859977e-01
7.035162113515541771e-02
-1.339123612635824134e-01
-2.454152615488939815e-01
-7.376984308885889963e-01
1.637240193138430833e+00
-3.082238673732256781e-02
9.725017989855735956e-02
4.643315105609304577e-03
-4.387515395346828356e-02
-4.460889139225329703e-01
-1.715510745562774941e+00
-5.386122565932049966e-01
5.552592332984654933e-01
-2.852427286397696965e-02
-5.414254458223628497e-01
-6.642407637835945344e-01
4.018633042683611434e-01
6.491748520981097670e-01
2.294713380598554786e-01
-2.401279074874953234e-01
5.491757663598069161e-01
-2.819048684624228182e-02
-4.401055282308460326e-01
-4.328208763841162598e-01
-1.291848335753263743e+00
-3.724606481918787404e-01
-7.945058446554432718e-01
3.913884164065835614e-01
-1.612283687805352805e+00
6.519022773872975574e-01
1.301506272104841377e+00
5.024528023665250087e-01
-7.831962679948989425e-01
6.322429023689992711e-01
1.541351963599284502e+00
3.450905435862423182e-02
1.430775920722957006e-01
7.163863468882942787e-01
-7.771853822858887373e-02
-8.936811280646057565e-01
-2.297011287035901628e+00
4.125723326314035266e-01
8.382567556749337401e-01
4.303510625619569319e-02
-1.801087803262983456e-01
-6.624585163726804948e-01
-1.891323807945095858e-01
-1.335878848000628283e+00
1.489397683261655558e+00
5.277754751043142734e-02
2.218627376478655711e-01
6.041401726150216200e-01
6.228115177468959707e-02
5.154447171858033139e-01
2.436949845665353775e-01
-5.943705021228438135e-01
1.068770212496594346e-01
7.602597315859421778e-01
-2.821032533097217465e-01
2.257427900965415790e-01
-4.468103013631363196e-01
-8.779303808951459398e-02
4.024519275536083684e-01
-2.857471713826439941e-01
-7.849943716601506249e-01
-3.852536745775191340e-01
1.993662362342587258e-01
3.610349946739934701e-01
7.088987223449456643e-01
-1.345200082245561479e-01
-2.214921822105051785e-01
-5.215914803333805416e-01
8.301800172600114214e-02
-6.308356259340461847e-01
2.901518719275122948e-01
-5.159941896664512750e-01
5.269174540189719425e-01
3.673807304967940390e-01
-6.776692498380303409e-01
-9.002664155781070487e-02
-9.196572460411782390e-02
-3.418503299245916754e-02
-4.979164073046978695e-02
-4.095936280826783515e-01
-7.282785103634181745e-02
-6.397442043492630459e-01
-1.675571828744914366e-02
-3.573916846233158306e-01
-1.596354341893856388e-01
1.250091173107559517e-01
-6.089258535495193358e-01
-4.537472545605525931e-01
3.504885365585819201e-01
-2.740778892008269296e-01
-2.915623850398474937e-01
-5.214905781176955024e-01
4.695872549784125272e-01
1.053948100561681867e-01
-1.534074082052356014e-01
-9.155281789187032226e-02
-1.076923138003717417e+00
1.595222096788800059e-01
-1.152351165714112224e-01
3.554200322141795598e-02
-7.412438520452325763e-01
-1.045504966900763361e-01
-1.303385092443008764e-01
-2.238401602126261769e-01
4.970728622184226175e-01
6.096175239844791038e-01
1.143012928964929342e+00
4.224606458412358823e-01
6.612832587706923837e-02
-1.196434928878870707e+00
2.474435039802592995e-01
-3.677022122222166067e-01
3.195587255026682838e-01
-9.365984311610224822e-01
-9.913845559037366417e-01
4.419857804928351008e-02
-2.189906443318234697e-01
-4.367820056315439570e-01
-5.091842089570556285e-01
3.986555238204176899e-01
8.872796432913360176e-01
-4.047719087531330140e-01
7.421367937303590123e-01
-3.395537673949959312e-01
4.581934578024623450e-01
2.683233870030886647e-01
7.466507441988148863e-02
-2.482320283116819515e-01
-1.164624784528278001e+00
2.736142040175491008e-01
3.230866247953728676e-02
7.229518292465243468e-01
5.928751488483964271e-01
5.404544669358350983e-01
-3.442064215982009179e-01
2.731683052943387202e-01
-5.471888165987500718e-01
-6.586861207908044358e-02
-6.667935363293585604e-01
-1.014064462827430679e+00
-7.860127328054689055e-01
4.030931287989890643e-01
-9.103729016994008827e-01
-4.598508225136659355e-01
7.149908730771582788e-02
-3.126984202616823194e-01
7.864819857737012088e-01
3.471539694419196742e-01
-4.914844284621282533e-01
2.545268398835485724e-01
-5.819729096233908772e-01
1.085800796590559586e-01
-4.368035650688907867e-01
2.990347388161376241e-01
-3.483210671691585048e-01
3.853683890038689386e-01
2.065861481747582884e-01
1.318722389808951734e-01
-5.033000500948233702e-01
-1.386954410730621756e+00
-8.308624295065976106e-01
4.975190295994220691e-01
-4.968286755003770150e-02
2.671805377907283119e-01
-2.816561652810375960e-01
1.032691978892177898e-01
1.361498474174658968e+00
7.321291600923764964e-01
7.903015649137694609e-01
-9.031533185133225894e-01
6.153889594178786338e-01
-1.307687524350485742e+00
1.006526517091823648e-02
2.193683823353149154e-01
4.214097841262881561e-02
-1.060285496613008638e+00
1.022239618102362968e+00
3.106292340205756841e-01
2.865371518108555393e-01
-7.234250388138133703e-01
-1.461975748601718195e-02
-3.409089314059751130e-01
4.506980202920571887e-01
5.956580548059707825e-01
-5.613362266390937716e-01
1.146747887086925072e-01
-1.235234398115183874e+00
-2.231281922477061364e-01
6.209677343931206961e-01
-2.592408306909184668e-01
-1.148940861432710542e-01
2.999321800833561480e-01
2.680086774558122081e-02
3.836467837573960815e-01
3.377691940576711960e-01
-5.155126686846133177e-01
-1.822072466455633144e-01
-1.868380039398673531e-01
5.804483442489742906e-01
4.945368009782105667e-01
1.361512061250813310e-01
-1.859443598559617494e-01
6.458849530499636282e-01
4.999815942467298879e-01
4.300194110407323800e-01
-4.631569700304200010e-01
1.027065162591905140e-01
-1.102453435981997215e-01
1.422413345124482920e+00
-1.397029430342972001e-01
3.714945182812678381e-01
-1.553383980382209817e+00
-5.324520885189478608e-02
8.544836043473434950e-01
-3.066634889470566949e-01
-2.300395678820331913e+00
-6.513525588976715186e-01
7.180429734956079724e-01
1.696279760849267904e+00
-2.022582635021396680e+00
-1.717088247840201920e-01
-3.676726872541927205e-01
1.174786119259403794e+00
1.899507235441769470e+00
-3.069846596317666876e-01
5.644745467812163353e-01
2.792944850988881567e-01
-2.016244575449802623e-01
9.594626224829637673e-01
-9.421395489286495950e-01
3.258441496117945313e-01
-8.214245320618736024e-01
-4.574789168854222488e-01
-9.903038354178396174e-01
-3.210742052484422127e-01
-4.615716168847013301e-01
3.680174945678405529e-01
9.912339576777393635e-01
7.271889610704282969e-01
4.986143755826720203e-01
-3.270803026235763467e-01
-1.391747726325555323e+00
-3.267843991689701744e-01
9.812516390123733334e-01
3.740178974808164858e-01
-5.759378154057952504e-01
6.836624474255603712e-01
-1.069238488747138449e-01
7.150628079157907158e-02
-1.403727486841311600e-01
-2.846891352410906850e-01
-3.854556682750240881e-01
8.358143657766736734e-01
-1.683395713989878639e-01
-1.004845584071137665e+00
-1.020671333835428962e-01
3.200191132702650543e-01
3.715982001336029517e-01
6.842551539047800335e-02
-1.949204717890963001e-01
-3.111033838563069254e-01
-2.595486848212942843e-01
2.028547494490876291e-01
1.119940369802617935e-01
6.870508707058828879e-01
6.447840488679611459e-01
-1.495568658397182116e+00
-7.563516873997863099e-01
-2.491564205150848324e-02
3.221288953375451847e-01
-1.249512331468463494e-01
7.037627280879711622e-02
-3.923728026899879484e-02
8.147454217555216704e-02
1.053145399388066006e-01
-5.319468772362628828e-01
-3.941528151382315270e-01
2.191975660266621412e-02
-5.212888302612649072e-02
1.012569752088228053e-01
3.366464628095391931e-01
-7.284370438708173134e-01
2.880805414400909870e-01
-2.669584957772208611e-01
-2.724893301779089949e-01
3.614813236872818081e-01
8.274826382291449178e-01
-2.616016213384049771e-01
1.250612433975906823e+00
-4.105598975189117539e-01
2.916850620954673443e-02
-9.659656902730607841e-01
-2.761081289771252223e-01
-4.221597950690423318e-01
-2.038458684623216388e-01
-2.605306191918513870e-01
1.598962369119406590e-01
2.372421086759047837e-01
3.372760786502865260e-01
1.662146350233806302e-01
7.626729714224654740e-03
1.287018626210911267e-02
-1.334022878846664040e-01
2.151439556451117396e-01
1.608267946342819554e-01
-4.162758816034889953e-01
9.889632502456224827e-01
3.255578333873078711e-01
3.107881078392395469e-01
-4.990536509208388649e-01
1.835404012824054173e-02
-6.236127300503176984e-01
2.005458750501751264e-01
-1.575730369545470244e-01
-4.069637661324005395e-01
-4.837717591318375088e-01
5.464228006111179203e-01
4.960617152798326573e-02
7.012332719120684121e-02
6.735133886423004812e-01
1.008785526299082608e-01
4.436409115873040099e-01
1.817278395481508324e-01
5.142275342640708624e-01
3.059375298822807343e-01
4.223411044163228323e-01
-4.848409997362372326e-01
-1.710627961190595014e-01
7.006077802521117892e-01
-1.196148955646257062e-01
1.595709249591873158e-01
-3.879370937955262111e-01
1.392465555348799233e+00
-3.744862458417939632e-01
2.490769355603649760e-01
-6.976337616076986325e-01
3.928355253198495545e-01
-3.848962198030214110e-01
8.992362473139524359e-02
1.159232585073044719e+00
8.523565469255613980e-01
2.765509082970190047e-01
1.315694829430679835e+00
4.990379704659244631e-01
5.294282406835492116e-01
4.398316717859425684e-01
-4.959750063184670266e-01
-3.391363410693278291e-01
-1.130740002148121759e+00
-6.181382605042672340e-01
-1.723357015668933179e-01
9.686444106337011029e-01
-1.870871475373767634e-01
-1.062738572056906694e+00
3.168693667250711554e-01
1.657282722848726075e-01
7.593292029026247336e-01
-8.796372576978884750e-01
-5.818887677258176572e-01
2.004220867854318300e+00
3.297825752672542965e-01
1.834713695739228212e-01
5.534159749444477194e-01
-9.769851893762692141e-01
8.573101378247282023e-01
3.942310192914904032e-01
-6.404542690630471435e-01
-6.233105490165112839e-01
8.529503300782199926e-02
2.567858301191762727e-01
-3.111297238824913269e-01
-3.808330633596137549e-01
-4.844263141549394192e-01
4.272894935898542967e-01
6.029811829658422023e-02
-5.135099899689700154e-01
-1.599953405750276780e-01
5.513042859607844015e-01
2.525669618276550898e-01
-2.047474800069654377e-01
-4.663283424781030084e-01
-6.536336375392653997e-01
-4.917063205251472890e-01
-7.556008868453630532e-03
-4.845669772833431366e-01
-3.820083649032092188e-01
7.203905012374319794e-01
7.205662831895686127e-01
7.963946112008752909e-01
-2.959422916042850349e-01
4.172259347240787619e-01
-1.123163074794648608e+00
3.987670456337615299e-01
7.476283221998465400e-01
-2.031691768744524687e-02
-7.984499561530447043e-01
4.900272283617053137e-01
-8.515403090695623789e-02
2.527101548274239273e-01
-9.900890186776483137e-01
1.686804632886468314e-01
-5.518202439440249990e-02
3.347757886902800184e-01
1.040231792765593299e+00
3.791107211218694602e-03
-3.120879898165493382e-01
1.642128548795736831e-01
1.952865513581753809e-01
-2.022224787910818222e-01
3.656732534745168461e-01
4.084185165252943728e-01
2.991243928629757146e-02
-6.110233589394743481e-01
1.634446856361416178e-01
9.122645873441753706e-02
-1.327230450928012888e-02
-8.846710728804124679e-02
-1.352247809192530792e-01
-1.302164614938378095e-02
-5.899512030806968177e-01
-3.860849478003411384e-01
5.086571641260461130e-01
-1.364812922232515158e+00
-1.194632006446793016e+00
3.530508324235014095e-02
-7.180323762118894226e-01
1.410781714830479094e+00
3.685235787942137686e-01
-2.943272654665258226e-01
3.765075425244518992e-01
3.044849881046626794e-01
-1.450365324305376014e-01
-2.599790990302227045e-01
-7.857333159059667338e-01
1.342662938159429331e-01
1.414054655119058479e+00
8.494958932766794035e-01
-3.302381103240180638e-01
8.817755269966591480e-02
-4.610464087147501944e-02
2.293860752116621063e-02
4.064689241077178855e-03
-7.390110562329271771e-02
-6.757801531233801340e-01
2.035637396466443427e-01
7.246600511233643183e-02
-4.595619567098785940e-01
1.846001203507292576e-01
-1.128945233148780591e+00
-2.700739227366465434e-01
-2.458672119011429680e-01
1.432413271911101349e+00
-2.427668405620804493e-01
-5.361133122196606315e-01
-7.536108635181638926e-02
5.711536855531169632e-01
-2.767202433915863513e-01
-1.918096619155726379e-01
-1.829298429997364417e-01
1.231174299620075185e+00
-9.311138039953889556e-02
-1.534336446591036407e-01
-6.622549426981640952e-01
-7.963387984111038875e-01
3.680741972441079479e-01
4.136178790058426813e-01
4.753904087444650595e-02
3.285403256202722444e-01
-6.504405095302987286e-03
1.722130000265753580e-01
5.248366753208330016e-01
-2.579543048525592686e-01
4.875118977443055890e-01
-2.830837058729992473e-01
6.191994323968132152e-02
1.042596481344411519e+00
-2.259474032444986139e-02
-5.170382532459357611e-02
4.391732890026527059e-02
9.592755219599891081e-01
5.762535550797796002e-01
6.200904927687149737e-01
-6.417075576155950589e-01
-6.692817494228266995e-01
-2.163594837373619129e-01
-1.296842592349262691e-01
1.360716055036455263e-02
7.480721874713358241e-03
-1.358021058245331147e+00
-5.574391185146652106e-01
-1.676957244790734380e-01
1.323314828696239065e+00
1.009122074158509408e+00
1.706201579615318209e-01
-2.000157294359572110e-02
1.591427012349091008e+00
4.732548070486455871e-01
-9.957094795756215033e-01
-8.507574934056248983e-01
8.986157470072426989e-02
1.214774499995824875e-01
5.433117973060788142e-01
-2.049160152855009354e-01
-2.876601452504986556e-01
-3.174015723342141215e-01
-2.482819732329406281e-01
1.105606327154957658e+00
1.119906005974466545e+00
1.290804343819453859e+00
-6.023656039211440216e-01
5.291654835331540685e-01
-1.360525265628901304e+00
1.086165323022012658e-01
9.102737345188207652e-01
2.487837156911296976e-01
-8.652126952987869712e-01
5.477162593596581752e-01
1.840924648429762833e-01
5.913925505878069311e-01
-6.565141048114816469e-01
1.723377058714164189e-01
1.082992446963930711e-01
3.248655561322260077e-01
6.212059614326808088e-01
-3.939962009164056922e-01
4.940872411831107036e-01
-8.834519006521656115e-01
-9.630390319756929052e-02
3.917108474414636166e-01
-7.551214120016098708e-01
2.628404147880554764e-01
-2.707361676001961495e-02
4.362367015386237612e-01
-5.572266823197444818e-01
3.169761215828825751e-01
-4.885403500988773073e-01
4.629898529149479303e-01
-2.143028485177934928e-01
2.914434802409284209e-01
2.015126784268924443e+00
6.198332640984829389e-01
-2.379751086211747968e-01
4.773155604660195284e-01
-1.304776223669772139e-01
3.320120370187164549e-01
-3.104440154745630176e-01
-2.770949054326222738e-01
6.332800252136788766e-01
-1.766176503618416549e-01
-5.696762708781013540e-01
4.095276011553615758e-01
-3.815398434424229768e-01
-7.148573875342213724e-02
2.901991042127739506e-01
-3.360074754890388649e-01
2.262985978138413456e-01
-1.759015225970072260e-01
1.426413768098007129e-01
2.378725651366444815e-01
5.277839548472412767e-01
-5.887520788538864736e-01
5.357619458542218771e-01
3.699373716047875404e-02
-1.401518973841965332e-01
8.297573672812415951e-03
-5.142717568833213848e-01
-2.846100257225567809e-01
4.166540758209363315e-01
-2.922510931734088602e-01
5.754812072916931642e-01
-4.704744010426897827e-01
1.824999323979343072e-02
-4.656740104266274272e-02
-2.243920393069064045e-01
-8.855956916227109010e-02
6.889544334999661013e-01
2.300395978453035617e-01
1.367202882037880374e-01
-9.751427407366959343e-01
-3.163275555051281995e-01
-4.031407151061894290e-01
-4.330493005897481651e-01
-7.786312877670116261e-01
2.681603306558714636e-02
-3.773658938520089295e-02
-2.226132688894585654e-01
-3.161460724214131268e-01
-2.360357945859609397e-01
2.471657223040712448e-01
4.346801754486283587e-01
-6.723947933052829562e-01
2.573119429305682493e-01
5.264685246188251233e-02
2.526773969417877019e-01
6.403320326768466852e-01
-3.451865233288173851e-01
-7.265939569526294051e-01
5.269298704055586091e-01
3.854013803537070532e-03
5.460271378956303989e-01
2.038883264389799999e-01
-8.451837981037971792e-01
-7.384514822631985664e-01
2.179392885159463222e-01
2.777186572190014080e-01
-1.433517081821418238e-01
-5.916042939125609745e-01
7.596802742890994553e-01
-8.120243823214592371e-01
-3.067563264518012867e-01
1.523036697209131929e-01
-5.843305134504006570e-01
5.535607731117490049e-01
-4.657772006141374654e-01
-1.813330105988072982e-01
2.768668080001201320e-02
-1.731725491545983708e-01
-3.146134387899839902e-01
-5.103020819557970711e-01
7.370127097167190611e-01
-9.052931094061121842e-01
8.479828149173446183e-02
-7.065629472312034975e-01
5.407837964381467452e-03
1.241832583318171146e+00
-1.537747859342581888e-02
7.762881267487485859e-01
6.934374254047170894e-01
-6.629517782379210633e-01
-3.569481866576143525e-01
-2.537476103678775186e-01
3.437898250101952824e-01
1.908467314706758233e-01
2.546229490780787530e-01
9.271947321918928842e-02
-9.481559969933140986e-01
4.407992412425493223e-01
-3.865128810231052009e-02
2.662535654421727682e-01
6.627142018963206871e-01
-2.620943480228146161e-01
5.466995203761773059e-01
1.576393877172946878e-01
-1.769923102564800454e-01
4.934192085746223477e-01
-1.534168435612427439e-01
8.258058734272136214e-02
1.240457920010235471e+00
-4.496945736079567824e-01
-1.014615892825835725e-01
-3.884137910601490051e-01
-1.944696664895981253e-01
2.205912274596940337e-01
-8.052087951138148236e-01
-3.051685995903906656e-01
-4.769112881335042520e-01
-5.657404443190473531e-01
2.927793498910397640e-01
-6.569488241182581956e-02
3.253050737650415303e-01
-4.041136272638752858e-01
2.441561230409335093e-01
8.017373223863326348e-02
-3.167690795822740712e-01
3.391390119845584805e-01
-9.474103622252545709e-02
1.677971025712799713e-01
-1.163016835407523875e+00
5.437015420871341709e-01
2.951307015721894578e-01
-3.142783481545357027e-01
4.851329648849119769e-01
-1.453729839712036565e-01
-1.561497681738235055e-01
7.860323319523694341e-01
-3.173447389021894494e-01
-1.084628836210446562e-01
-2.501778509943110018e-01
-1.021542446145865812e-01
-9.090337350855562937e-01
8.898662069931123630e-01
-5.838215327306077729e-01
-3.327699887715645510e-01
6.857245980654089745e-01
-5.680831332247000542e-01
-3.011713285713094046e-01
2.298052891249054708e-01
1.521768151923181232e-02
8.245797740610839865e-02
-1.296527066449496557e-01
-4.159642105601866757e-01
2.508314540790368974e-01
5.629285921594161524e-01
7.246845696493448008e-01
1.073205934361251446e+00
-7.626568776829094620e-01
9.839923952966244114e-01
-2.113719385993784450e-01
1.819237379712763669e-01
-4.390058943768080681e-03
2.481091490574788005e-01
2.599081983235609350e-01
1.371871280587277475e+00
1.595405055878397829e-02
-1.044470761593160768e+00
6.444005529607769178e-01
-4.045728974230549668e-01
2.764204597908369657e-02
3.615095927208612503e-01
-5.055835183490152707e-01
3.754228252564009716e-01
-1.454438307432453170e+00
6.594575912704057075e-01
-1.513056149266837069e-01
7.939307894419674883e-01
8.698137647096958469e-01
-4.266170013224034885e-01
3.147577186212268119e-01
-2.859748035385296233e-02
9.041490045836351186e-01
-5.314355580364589215e-01
4.932127109266896126e-01
2.075198333077279272e-02
2.906386939837135031e-01
4.270670364883120684e-01
-1.023666480591478717e-01
-2.821951081785231130e-01
-9.463508185014790630e-01
2.516230872659049878e-01
-1.372120343679077148e-02
3.252371934719551771e-01
3.087180147107138617e-01
1.034230377344056429e-01
-2.135082223919420041e-01
-1.139404531502778289e-01
-3.531875982887600074e-01
-6.562977963754187405e-01
7.449474652465733985e-04
8.666932193653255345e-02
2.202515560170651698e-01
8.093645381951706241e-01
-6.797971942087944752e-01
-2.290134351282246128e-01
3.338203333056585231e-01
7.571423389088826061e-01
-9.515403215079508703e-01
7.524971206669772705e-01
-1.085490222456198639e+00
7.636296271661084933e-01
2.182610734837801825e-01
-5.505132251501541063e-01
1.192230237109570323e+00
-5.496145285503272193e-01
3.283010127149152968e-01
5.626915096506529546e-01
-7.607594282867792268e-01
4.344549660894941323e-01
-6.986944448712535394e-01
3.552896796448855032e-01
-7.360970253761286441e-01
1.294026903220922842e+00
-2.899157686414981505e-01
8.245558702777244786e-01
-7.673061538312561658e-02
-1.188613953169823878e+00
-3.888520335670805350e-01
-5.679369235496002366e-01
-6.129084008367883252e-01
7.474224736142207060e-02
4.665430460615619945e-01
-9.275469417396209337e-02
1.962396816643756647e-01
3.111399726403101806e-01
-3.476086769369327034e-01
1.423817191766524604e-01
5.170859208819064134e-01
-5.890077625173657516e-01
-4.557696475740222186e-01
-8.338955262742094865e-01
6.212410507035925900e-02
-1.615166607397927612e-01
-9.269962514219104444e-01
-7.487242770839218631e-01
-7.536257655997131988e-02
5.042875909306938631e-01
-1.725424546401452958e-02
1.064605327994916639e-01
5.838431305419763406e-01
-5.554795568050280297e-01
6.988158332139854205e-03
5.399458180737031210e-01
3.741625593584754217e-01
-5.349562351514065561e-01
-1.786552962567586611e-01
-8.459948445723751709e-01
2.209294146460338559e-01
3.367499953370755028e-01
8.786417723094125387e-02
2.725895873791587820e-01
4.089748360658147786e-02
-8.847973435264323561e-01
3.503153309284234851e-01
-4.042598700963221381e-01
-7.524191157982096367e-01
-2.150060269658667644e-01
2.226523896467492991e-01
-2.110224625083211569e-01
7.444843028825020026e-01
-2.425542002750494530e-01
-1.580018253947795825e-01
1.973661945081741920e-01
-5.715553667062953647e-01
-5.353323331590414957e-02
-5.083868229901872260e-01
-1.779731189083666454e-01
-1.216220760945780494e-01
-3.860165926317920548e-01
-1.957315707749712752e-01
1.135434939784511071e-01
6.691871761513140671e-01
-4.209541064951344974e-02
-1.350376347679543843e-01
-8.268932470822887293e-01
-8.214513080082817831e-02
1.483530528229172862e+00
-8.203755449760349316e-01
7.414191198878216094e-01
-5.161648333218418205e-01
3.863595662785752061e-01
4.079873144862228296e-01
-4.469429476197301354e-01
1.747194153190227750e+00
-4.776646242261775033e-01
5.619550099270900212e-01
3.588780510814418290e-01
-1.706282112348879165e+00
4.712172415029623473e-01
-3.677482630611031977e-01
5.823717923999466306e-01
-1.017885063900554776e+00
7.686648121380934562e-01
-1.074378441029728126e+00
8.944023221241598209e-02
4.732430054516727491e-01
-9.222226585058734827e-01
-2.490876483296496080e-01
-8.548806043362192075e-02
6.079461038207319146e-02
1.873731203570437320e-01
-1.922085328641025825e-01
-4.902356576640443109e-02
2.608216441259028628e-01
7.402846821898206864e-01
-2.930434944857877588e-01
3.617202709475140221e-01
-5.821545453327404696e-01
2.101083119631983742e-01
2.706277355003569585e-01
-5.579006648878223062e-01
7.536316202327848490e-01
3.351956140419587449e-01
9.816384714778408904e-02
2.931248225056596879e-01
-8.691112743252900341e-02
2.234332299852322123e-01
-1.139000077029685837e-01
-6.763172478827276235e-01
-4.885976833390594590e-03
5.275555398665903173e-01
5.940913896108815373e-02
-5.271496439736114148e-01
-2.705200846218679400e-01
3.413930416121207512e-01
-8.540081853371928045e-02
7.195665366311760902e-01
-1.496024170734120418e-01
-9.214569575647121313e-01
1.863143998972361381e-01
-5.449810325913211351e-01
3.849279229832093252e-01
4.140547077197344605e-01
-7.217259163942275901e-02
5.958267150480171803e-02
6.919510775176673789e-01
5.374971651216191582e-01
3.166692131969680024e-01
-5.408700113958072597e-01
7.996286317036494298e-03
-4.663371484494776009e-01
-5.596209493265947854e-01
1.276298868865465841e-01
-1.529857661757484388e+00
5.622808755676592662e-01
-2.363824858860648637e-01
1.527674688584658436e-01
1.221458049080839547e+00
-5.445842126878237544e-01
1.806898898404992737e-01
-1.341980053536123707e+00
2.757739137862730838e-01
-9.856564534350457096e-01
6.856603222689210408e-01
1.454934781368421304e-01
-1.754019708330936678e-01
7.010907607745746617e-01
4.028787821552102799e-01
-3.439306917941866160e-01
-4.884337233163750791e-01
5.450633765296916122e-01
3.620668303715872116e-01
2.709445819163638913e-01
-5.285676760149635722e-01
-8.614360708056506555e-02
1.694873345600725334e-01
-3.398553095172732186e-01
3.923581449753320571e-01
3.143909817000672402e-01
8.485122175077884910e-01
-2.998861967502051140e-01
2.725030834090608756e-01
-5.685829287281991551e-01
-8.451550051960800003e-01
-2.011518676098472957e-01
-6.648441868946111666e-02
5.598628669476664044e-01
6.703316366685683203e-01
-1.114415424901059049e-01
4.827017086275159352e-01
-4.522742634585215638e-01
-1.005244211797561432e-01
-1.438204638478282615e-01
1.168490886363407893e-01
-2.198705808170587361e-01
2.358519967670819756e-02
-4.800651582814180474e-01
2.938903949807943339e-01
4.599313512269032067e-01
-1.039617619437932516e-01
-1.625990089340938194e-01
2.739171709180033831e-01
-8.724100642445341558e-01
1.006319989524188330e+00
4.450066751620906230e-02
-1.390598457276322475e-01
-2.924301575471975334e-01
1.151046478096937886e-01
5.725849469618302656e-01
1.023323938473022165e+00
-2.873644612475620974e-01
-4.899202764814035160e-01
-4.133574548781817626e-01
3.325376681472855256e-01
1.809625432595296513e-01
1.513271469028598104e-01
-3.122039252620521510e-01
-6.442929870003423209e-01
3.630478370739964600e-01
-1.780863427376152275e-01
4.981004489299605820e-01
6.481318432442795263e-01
-4.925995272400060521e-01
1.733800694160949063e-01
5.199050360681394256e-01
-2.353790019385570420e-01
-4.333172832864073953e-01
7.733836906592805871e-02
-8.421168983082422121e-01
-9.849811494247541488e-02
-9.995765760720035087e-02
4.148278918583176433e-01
-6.110081712377294361e-01
-3.166988276118901102e-01
-1.301883672725575591e-01
-4.002737952366173246e-01
-4.774158504882433096e-01
3.289499876335938988e-01
2.288132754831647686e-01
5.602195548914654655e-01
-6.532755314739786545e-01
-4.902602935338527534e-01
5.119903371316313345e-01
4.392777421127517790e-01
-9.001180304394150455e-02
2.442198073637534550e-01
6.271371103912684042e-01
1.671922250905633067e-01
5.593694062492663432e-01
1.784216762142435408e-01
4.112334193704046958e-01
6.135155527439180023e-01
-4.027213626864971086e-01
5.456742710159150356e-01
-3.306394923593388713e-01
3.981745625286038370e-01
-1.851709619327268283e-02
7.702928904606617388e-01
-3.165541063093539331e-01
-3.044290719774660481e-01
3.691388749547058201e-01
7.077210553187500697e-01
-7.716280270318907064e-01
-2.789674498570106076e-01
1.144788462951970218e-02
1.282876896257936772e-01
3.272166714330830839e-01
-3.459303789260205764e-01
-1.347657094673699651e+00
-3.021220920906198537e-01
8.928607966608652358e-02
-4.496377950718983274e-01
5.664134860731016019e-01
-6.276777009838421240e-01
3.607801539011379899e-01
2.073228432035318924e-01
3.156930801256050412e-01
-6.456044531377542750e-01
1.779228661251868737e-01
6.563964823298303886e-01
-7.865219355422460312e-01
2.519687123025729850e-02
5.838362865824529013e-01
4.904427464489092836e-01
-3.345304424111106290e-01
-3.747595652489023044e-01
3.012640770190479489e-01
5.379572594338162261e-01
1.660079514293714809e+00
-1.318179271475385383e-01
-1.667147671702939593e-01
7.844649868879239873e-01
-3.611927644051234898e-01
8.176717131565476304e-01
3.417187176490418810e-01
5.908402040186608861e-01
-3.965794698183511269e-01
4.423936874346064141e-02
-2.027156171098296322e-01
-4.097868283746259332e-01
1.089911350060370099e+00
2.183971183378562997e-01
-5.110132164571390412e-01
-1.117915557789241232e+00
2.506031689630014991e-01
1.085283373544855934e+00
-5.267472039569401909e-01
8.830859006752749263e-01
2.268328816070056819e-01
2.791963817336374221e-01
4.404820069764133761e-01
8.561669000824400078e-01
-1.384811623763810617e+00
2.926607129974878596e-01
-4.690758852315501382e-01
-9.651024290289058616e-01
-1.041265759916804701e+00
-1.998921577615976608e-01
1.414307041437384005e-01
-5.669061068500178546e-01
5.157802567295348695e-01
3.718251789507485278e-02
-1.855019492067458420e-01
-1.229329459785620804e-01
5.208501078035994158e-01
-2.762035691648357938e-01
7.885145893335450407e-02
9.875741720903347121e-02
5.899066828257505390e-01
5.510511265150723481e-02
3.810120622897104070e-01
5.266691718005205719e-02
3.926132846399181808e-01
-1.281752391801417590e-01
-8.542027436009190788e-01
-2.584201077379545963e-01
-7.573775412896878445e-02
1.053233780529073543e-01
7.285731156877182091e-01
-5.051106231061963658e-01
7.701847278902523852e-02
3.090375562811132140e-02
-2.033976185806267989e-01
-1.951636782104400891e-01
3.340237795055113201e-01
-8.284306135643136892e-01
1.038889289700145324e-01
8.164681006920785356e-01
8.043805269084335352e-01
5.463831181227960521e-01
-4.333802150789927699e-01
1.762988355488319669e+00
-1.142624959973308485e+00
1.469357692206418875e+00
4.554121577654139941e-01
-2.175598030745532485e-01
1.239493484486238611e-01
-9.814338253599262929e-01
6.559188172054221388e-02
-9.457329243740639768e-01
9.696277022155587177e-01
5.654843338156949617e-01
-1.790653633949436108e-01
4.698493613816110970e-01
5.012052937636720662e-01
6.844723719547413099e-01
-1.332821995192637610e-01
-1.162612410855415446e+00
-3.267942414695508280e-01
-2.996346326048682229e-01
-5.075363369861327634e-01
-1.435685125330785405e+00
1.052403225953216781e+00
-5.697235873562451758e-01
5.687796262005657688e-01
2.086461480084269293e-01
2.078939228456155863e-01
3.887867077308737040e-01
-4.647143796562592383e-02
7.306669215148560159e-01
-2.551990404933880408e-01
2.766884876209020905e-01
2.167647543322493153e-01
-2.773315858592936833e-01
-5.715037212837373870e-01
-3.192168313712672595e-02
3.584518309722073970e-01
7.319886142700738896e-01
-4.425664496296447536e-01
3.508713651796824262e-01
9.497576040102179151e-01
1.227083629226054073e+00
-8.844771246001976728e-01
-1.292215405803572893e-02
-1.055736203116248023e-01
-4.207634601057245183e-01
-7.708272552954213985e-01
3.387343005234754179e-01
4.421819309164741196e-01
-4.331754324349280927e-02
-4.388474299487906682e-01
1.438179615337409518e-02
-1.331469568153172134e-01
-6.233995008665779158e-01
5.380839457885704391e-01
-2.956381536999319604e-01
5.549063296781572285e-01
-1.548643820903865959e-02
6.627417606276729822e-01
1.991494482206126182e-01
-8.310452115315405397e-01
-1.760720372214439611e-01
1.339558756530316933e-02
6.841690306953736311e-02
4.268082409720390102e-01
3.286486612961637133e-01
-7.201765040349143998e-01
2.778290151481029868e-01
-9.912995610442297822e-01
-8.591580910074578248e-02
3.657706251039932188e-01
1.566000397528600763e-01
5.642447554530060083e-01
-3.590050360658119111e-01
1.544906345484666765e-01
6.366579401975269725e-01
-4.500618651155612049e-02
-1.262563801452254442e+00
-1.403412561738919262e+00
-2.865347426555878707e-01
8.325935744929426896e-01
-1.562851764422439116e+00
1.251833673230862809e+00
-1.201580772961588606e+00
-8.098283830682024842e-01
-8.053962606974093275e-01
-2.343663969036306749e-01
-4.346256949659843549e-01
1.366339476152615529e+00
7.380882400380565089e-01
-1.545713607202800155e+00
-5.712390758231297161e-01
8.431433074945569039e-01
2.797023182999646904e-02
1.029488396055976640e+00
-2.059323609144845246e+00
1.121592276655335896e+00
9.224788396229192111e-01
-6.186494099530311930e-01
-2.900642456143702197e-01
3.208654098496107610e-01
3.199071550092412175e-01
-3.726151968729366493e-01
-2.409604433872689078e-01
-9.979029055591470687e-01
-2.912317740976574365e-01
-7.310752324775535715e-01
9.253243103182122731e-01
1.184314870945762793e-01
1.104350011671527548e-01
-3.205700235666100739e-01
-1.651465504359762582e-01
-4.664410500866024156e-01
-1.095419689546184072e+00
1.236254905997306863e-01
-2.117402458807714216e-02
5.162550579339275636e-01
3.093507323976761314e-01
-6.804880170044136367e-01
-6.037741950078866389e-03
-1.864678199281682158e-01
1.070840367317951625e+00
-7.169549761789605347e-01
-6.481508039903747243e-01
2.917932924304065742e-02
-5.541081141686163281e-02
-3.794620365808223234e-02
3.701505075469541106e-01
3.347247655041732939e-01
-4.353194257792494803e-02
-4.261940862790174478e-01
-7.904051273078480655e-01
4.539999740911122572e-01
7.884474800845158171e-01
-6.996032921606637478e-02
1.014859954776183154e-01
7.305231378457222036e-02
2.252586726526646099e-01
4.222666571460285123e-01
-1.609121268030119234e-01
4.194943079242664519e-01
1.164787469368796291e+00
-2.631454475332011267e-01
3.910212560406081117e-01
2.599021811429265139e-01
1.506900269184292818e-01
3.059043732252265252e-02
6.434961116616833010e-01
3.253294501436214126e-01
-1.063115966834473625e-01
2.643953543048450650e-01
6.652306472657135150e-02
-5.744627336975690612e-01
-2.791094509791984257e-01
2.579427206946409146e-01
-7.542382724548039874e-02
-1.248246272589392108e-01
-4.801541624336798098e-01
5.286898927441012822e-03
-1.746723843577821789e-01
-1.419290475965094833e-01
-3.242321942287038627e-01
3.914743627865709952e-01
-3.674122641774950626e-01
-3.094185218997630993e-01
-5.764849302062746011e-02
1.979826062847727108e-01
3.391920078734529387e-01
3.518702489898199448e-01
5.532500811867763213e-01
-2.464792517592278576e-01
9.115646317540178345e-02
-1.709245287291526194e-01
1.164114993731466541e-01
-1.759585071514067345e-01
-3.730492849522639709e-01
1.455779340722785364e-01
-4.447213441030734571e-01
1.022890997032374294e+00
1.269024916564191058e-02
1.278897798542649733e-01
-2.765352214712392120e-01
7.575656987591002922e-01
1.114725750986786057e+00
4.158126793725827608e-01
2.223227603417329001e-01
1.867642630846039209e-02
-5.907383039320269341e-02
-5.346798803007525303e-01
-2.223666049668928946e-01
6.093648630904239250e-01
2.035675660927789843e-01
3.464771132842529855e-02
-7.152595093833251649e-01
-7.375492949675833965e-02
4.377975783524784004e-01
-8.624269908637605120e-02
-7.559042485681144452e-01
-6.048976798314998904e-01
5.084728765377841131e-02
4.019003091236394987e-01
-8.245856819885069022e-01
1.304778389613016731e+00
-6.104863629806344116e-01
9.418527724948197455e-02
2.860766230003701227e-01
3.420005841683656511e-01
7.353206174707836718e-02
1.554774110932270748e-01
7.388674269350160584e-01
-1.383635380607515675e+00
7.024735550561147721e-03
6.552712136427630840e-01
-1.261546769877859228e-02
-2.791966649142691437e-01
-1.489014352755224091e-01
-5.783210399134147001e-02
-9.956746691050535891e-02
-9.432310841228268294e-02
-3.107312398866809988e-01
4.835754129942415047e-01
-3.441897813417250651e-01
5.551293661656885314e-01
-1.631535950307470284e-01
-2.412995306307147425e-01
2.900227703417644354e-01
-1.044859170679276916e+00
9.327632084689282399e-01
-4.585736023993902677e-01
6.530069597414640548e-01
-5.403405077439945442e-02
8.991659680455374448e-02
2.820675105832805285e-02
-1.763238562114239905e+00
5.105559319137049634e-01
-1.357801581852352904e-02
6.252395800474350729e-01
9.174387937588085462e-02
-1.377298518610779732e-01
5.091756889759813109e-01
-4.233634767500481511e-01
8.422542006287399019e-01
-8.916351497375559765e-01
3.735631154588234248e-01
2.141326645707551657e-01
1.515902647728475938e-01
-9.065979793799149311e-01
-1.795751591141580561e-01
-4.079534844225132240e-01
6.341465867992631678e-01
2.810935225228438084e-01
-3.441774349759985085e-01
1.695272322414971833e-01
4.521152945067959394e-01
-1.975359582227907973e-01
7.031028179370301112e-01
8.918776197294289720e-02
-1.867894936293920671e-02
-7.826956298322675087e-02
4.368262317153555618e-01
-9.292986026383514009e-01
6.444912048982492925e-01
-7.348362984978821233e-01
5.009597239900703824e-01
-1.844889232451133732e-01
1.613408464024042310e-02
1.017683214311249085e+00
-7.345323698547956415e-01
-8.356973572527351402e-02
-7.162488437932576502e-02
2.843293176834723046e-01
-1.853187241394889939e-01
4.426781191477452415e-01
1.761612722435269340e+00
-1.584058636534222964e-01
8.769289952241950958e-01
-1.096444262721779500e-01
3.738092579642710578e-01
-7.320046823412196257e-01
2.413238269891404275e-01
1.386651638982722423e-01
4.175268875772422117e-01
-1.469633023995988275e+00
-7.652214747959764640e-01
2.803136172502032272e-02
-5.680812322061213893e-01
-4.357856868520160187e-01
2.405270261829061673e-01
-4.671739532846768128e-01
7.891473045754270332e-01
-5.396794606023296303e-01
-1.596213692103227277e+00
-1.656113835208694596e-01
4.373922058759934783e-01
3.492592942575318826e-01
-3.281104737448879427e-01
2.460568340959740918e-01
1.944857589644754803e-01
4.187269849381566877e-01
-1.743902536543603388e-01
4.229499818753806178e-02
-9.298784906804155037e-01
-2.308677011965594161e-01
-3.418142241877691334e-01
-5.013534260844471763e-02
-5.542634289644557954e-01
-9.416318779563099747e-03
-3.470399507985503784e-01
-1.299599096363534434e+00
-1.763285798219718092e-01
-1.544240974806055267e+00
-6.916312336407587358e-02
7.156565707232768192e-01
5.086148776778589564e-01
1.043873999028774452e-01
-4.367467040101100095e-01
-7.352266820309278916e-01
6.211737118534675639e-02
3.696827416806457481e-04
3.746210546203405656e-01
1.192668472992589913e-02
-9.865048604208129235e-02
1.500527286381876137e-02
-5.994244599259272999e-01
1.069689840559618910e-01
-2.441392000447357435e-01
-6.831487647486592651e-01
3.315798813979718429e-01
-1.509848835053288596e+00
1.043609485608281567e-02
-8.312983548222635521e-01
1.075474049908715785e-01
2.280466492407978940e+00
2.948950212469475529e-01
6.871154018014907772e-02
-7.714414786878797115e-01
-1.087375711029983094e+00
-4.385373632965405832e-01
-5.561069804578505638e-01
-1.360347001006697365e+00
-2.809153399526634898e-01
2.933965314186241513e-01
-6.022775158062344814e-02
8.984364263236133130e-01
-4.262844259927878743e-01
-3.034995942337890273e-01
-4.389946645259391045e-01
-4.034346262426088958e-01
9.658133626296488972e-01
1.764293934051348045e-01
6.381406218547827081e-01
1.577781142067737896e-01
-1.194326296505606511e+00
-2.903750416358227837e-01
-1.334411377808085962e-02
1.119966679457362474e-01
-4.223619130717017750e-02
-2.966902575573661660e-01
-5.489779811336278348e-01
-2.968080851259469743e-01
1.046516710228997671e-01
-7.569679470456230908e-01
1.480368677357579710e-01
4.174874704577346551e-01
3.185289016773177884e-01
3.252943651574374262e-01
1.433388483041686312e+00
3.354573339977511837e-01
-1.145463530915389994e+00
-1.008101152735806083e-01
-1.014938622312883565e+00
2.396460892239085649e-01
-1.798690406211761461e+00
1.337470512848814685e+00
-3.888017926076703379e-01
3.236949702995611799e-02
8.602937703395254765e-01
3.099582536388759690e-01
1.880182137708178436e-01
-2.128163220829309699e-01
3.851557302775284741e-01
3.703384067559259418e-02
-4.157545103607509368e-02
-3.840559381544993989e-01
-3.948049985875261014e-01
2.425725418509142028e-01
-5.015461754349204160e-01
2.350381966247325205e-01
-6.412090710881283018e-01
-7.324900285237084807e-01
-3.372693967425377526e-01
-4.305333383231240152e-01
-1.746266119651288529e-01
9.844140171691086183e-03
3.082748758529025301e-01
-7.999354236414840669e-01
-1.802908025340224096e-01
-4.279676842865665076e-02
-3.503622294796985837e-01
3.098995250440805815e-01
-4.647112469648084221e-01
4.570778938088109755e-01
7.744017912491882316e-02
8.535777140114962913e-01
3.847649362412943197e-01
-2.833742067248256058e-01
1.427919217662267037e+00
4.979278664352954770e-02
7.747355824806476665e-01
4.003050915621825800e-01
5.317277734632143149e-01
-4.571918708798369813e-02
-2.180112162208555304e+00
-1.149916258286923787e-01
-1.130446107401009426e-01
1.599639730575932006e+00
2.374543915634013125e+00
5.126830149725483121e-01
5.984410242287258042e-01
2.750604831976416476e-01
1.039240686725181884e-01
-1.969712553810706313e-01
2.366626029143464177e-02
-5.103131424089473178e-01
-5.146522264525674878e-02
3.081679539286287239e-01
-1.134402458666989411e+00
-2.020341414471357733e-01
2.498885151940982985e-01
5.054094421273893634e-01
6.469024297438347171e-02
2.352669757503505488e-01
9.799514163224855023e-01
-2.048469568608111135e-01
4.017824759338429197e-01
-9.158943917958808356e-01
-1.396012209623610500e+00
6.487433985283318216e-02
2.283227545859649044e-01
5.026061312653828939e-01
8.213801341088798613e-02
3.333283616674541372e-02
-2.113842333944423724e-01
-6.138240631717980511e-01
4.581630181687510600e-02
2.140388144341840160e-01
-4.504842538853552902e-01
6.896073453927568930e-02
-4.629694197019357804e-01
-3.369307089102435704e-01
6.003110153554207518e-01
-1.950657810925747748e-01
8.878991807251611634e-01
-5.260869716551602737e-01
-4.265539764011878898e-02
-3.340626730292013957e-01
-5.021003633486847972e-01
3.182312076788331584e-02
4.059348187925916895e-01
-1.275141026392877242e-01
-1.679743998883189704e-01
6.620718846935226554e-02
-4.640007166459594878e-01
-3.315126415479802691e-01
1.722422952155886477e-01
4.434063993160348993e-02
-3.351337780927184373e-01
1.706002684157258698e-01
-1.881679953940846584e-01
-1.798852038175591805e-01
-1.248944714932654632e-01
8.026955642469997543e-02
9.180884590878518603e-02
-4.640322618343964423e-01
-7.805304435302862220e-02
1.132776573316606611e-01
3.708547710033399114e-01
1.670681700395280078e-01
3.982377227839317690e-01
1.021707444448745505e+00
1.091916123857473164e-01
1.174206545146956104e+00
-6.965774888400822623e-03
-3.104028235277926928e-01
2.770052268379738503e-02
1.765454805124494764e-01
-7.649478980565865838e-01
5.163787735571396809e-01
9.724701495705884158e-01
3.325931277270279818e-01
1.753567522653765476e+00
-1.496634596489547220e-01
2.414366820934099322e-01
-1.252689319294270520e+00
5.474298840696047996e-01
-6.157434270285565558e-01
-1.166592530668284944e+00
-6.004341946245388417e-01
-3.158475675600228572e-01
-1.271982200232962379e+00
1.954570795737471112e-01
-1.242786154656062791e+00
3.132985921143299074e-02
7.592613081944386000e-01
-6.456597249886800727e-01
-2.162017701798104319e-01
-2.719523692735632478e-02
3.004336611862170117e-02
-1.189930345284737623e+00
-5.370716048613913829e-01
-9.783791638981679251e-01
1.434697991801793526e-01
5.397992403804954265e-01
6.866069769528917455e-01
3.272774476536461363e-01
6.158195497192597845e-02
-5.128466537115955459e-02
1.277056701835066754e-01
7.749212734668661229e-01
1.452364761488280864e+00
-3.055670356038960866e-01
5.591095921143924424e-02
5.657517392871645734e-02
-2.669656430265973657e-01
6.042654505681477328e-01
1.963242325321367665e-01
2.201108566433765956e-01
3.191612602934773557e-01
-3.898084028674016488e-01
4.271776227407160231e-01
9.152544602745729674e-02
8.757068814910506926e-02
-8.061845432358997199e-01
-3.799205410378449221e-02
-3.308397373146623743e-01
-3.333251724193973115e-02
6.614978035048018068e-01
-9.951665771625090029e-01
-3.132958463513074721e-01
-7.034207205659064321e-01
2.376303155362090025e-01
-1.938469393756097336e-01
-2.708848256810063582e-01
5.408304042150527957e-01
-6.472184499529239077e-02
1.570261357197811902e-01
1.460162265919649816e+00
2.139569687384588470e-01
2.189127481984457502e-01
-7.375409509637497196e-01
6.635133166505487179e-02
1.975055264061745808e-01
-1.627531495595660127e+00
8.740557244876612231e-01
-1.441431448345286380e-02
6.954980351475704703e-01
1.429956771563327900e+00
1.541697451543977693e-01
2.897677801775249140e-01
-4.867027454900526018e-01
5.113124304093650575e-03
4.749847995770458131e-01
-3.283252017652599219e-02
-2.827270877207666011e-01
-4.052723858835511339e-01
-1.398598942636629372e-01
-1.143468218746685139e+00
-6.298089881458044381e-01
-2.253883053275503590e-01
-4.075454350337144593e-02
4.612064034688038716e-01
-3.523184654167406671e-01
1.532328120940714244e+00
-3.450038333744854246e-01
4.717611546420367175e-01
-4.532930957967807872e-01
-1.059426140574514008e+00
-5.931209158151635741e-01
-2.393160071399954847e-01
-6.764124871181965704e-01
3.920812305853840773e-01
-7.198308244301652170e-01
-1.081557267331216127e-01
2.769581520851159828e-01
3.159582302241115137e-02
-4.765534922781534677e-01
2.653157827260846924e-01
2.881791924608856914e-01
-1.318815266788848917e-02
1.363156788789530727e-01
-3.467590723506180361e-01
5.570560473232216703e-01
-7.007873290214540196e-01
1.484308001980156333e-01
-2.107879732076512191e-01
-1.823372727591827669e-01
-1.619144331838687223e-02
-1.176986991157481614e-02
-2.805879851790331059e-01
5.022801754248207295e-01
2.620349000330435274e-01
1.058974940689991096e+00
7.828806731980078593e-02
6.677466996974438240e-01
-9.437375179500297195e-02
4.873283965398340634e-01
-5.661210383500149546e-02
-1.173421587486072060e-01
1.052721008632092614e+00
-1.229854635769259408e-01
1.356564124716922004e+00
-1.555064468061457747e-02
-2.407086648442612553e+00
-5.900510607756139780e-01
1.958548188481132324e-01
7.135674670779259543e-01
8.838992359056007109e-01
-1.968105484084995138e-01
2.087236543676519729e-01
-5.306800812044727700e-02
-3.972255030216073624e-02
9.713211425635051022e-01
-4.516798962142801882e-02
3.173632559462018499e-01
1.766063055216923472e-01
2.075835062525077102e-01
9.482488709102664393e-01
3.803915861894942574e-01
1.728872214770173166e+00
6.754912120443374857e-01
1.107686925292801661e+00
-1.134769276462645610e-01
-2.281817715598287055e+00
-6.495381181782188262e-01
4.088056866429781722e-01
3.251086712940497447e-01
4.867937124319864362e-01
2.137466838553354342e-01
-2.108879076106084660e-01
-3.016684764838059585e-02
1.886820756031893087e-01
-4.152263743275499963e-02
1.487533434346926531e-01
1.527922001909299554e-01
-1.079921309587736911e-01
1.363158977228075275e-01
2.320389095074179564e-01
2.078815003738582468e-01
-5.555451710208999527e-01
-2.078572651757598921e-01
-3.402299628870539272e-01
2.959021056937670147e-01
-1.845681241432056419e-01
2.190625220412623642e-01
-1.002854376982530160e-01
-4.572278248994976479e-02
3.270751806176487864e-01
-3.863187124418381857e-01
-3.428543814967598968e-01
-1.404248390581136707e+00
2.122519704651462946e-01
2.346674593806489517e-01
4.320719502589550481e-02
8.651231919205134568e-01
-6.842528644838004048e-01
-3.657254278535347902e-01
-4.676452427562087788e-01
-5.033941465943377880e-01
-5.407816594021472856e-01
-5.416037066151960788e-01
8.483673481982760556e-02
7.444905043962565805e-02
6.772115113318953883e-01
-6.535059804608416290e-01
-1.699738589879411579e-02
-6.103897528431841135e-02
-5.224496040492068172e-01
2.740157898950511539e-01
4.875688202810032901e-02
6.127480396491855608e-01
2.335432613461426166e-01
3.368854546801669514e-01
1.280280123784234341e-03
-3.113916869703033941e-01
3.004011481338283440e-01
5.185190702402416862e-01
2.681554921508475520e-01
3.020277529877152256e-01
4.323436912128997833e-01
-4.418639057650490254e-01
1.566746674286129959e-01
-5.691753242705550886e-02
-6.631788040772154114e-01
-1.385745098649143921e-02
1.711658797890963923e-01
1.108722742183004123e-01
6.784026781764684877e-01
-5.084160966576862783e-01
-2.985120152399766691e-01
6.990040946993768441e-03
-3.354543114012232263e-01
4.097777288039232413e-02
2.489798413588926451e-01
4.500686816800169576e-01
-6.436868881146984300e-02
1.640295945998470895e-01
-2.161134315984753473e-01
-1.337510878466459552e+00
-4.961327857416875098e-01
-5.190200964789761784e-01
3.464517813415440850e-01
-8.633268009681434318e-02
5.646031556481125868e-01
5.889787805142439048e-01
2.264177304842473759e-01
4.391536157046972977e-01
2.141786301762377831e-01
4.218451528962006702e-01
5.436202656263191546e-01
2.520359346781915200e+00
-1.118530976778392416e+00
1.803489395459708211e+00
-3.130833047785842038e-01
1.042049359161027200e-01
7.029757929740654276e-01
-8.163297112596981098e-01
-4.012585354427366191e+00
-7.905989434211558864e-01
6.692573850995064966e+00
1.069647245202528740e+00
2.895927110491245848e+00
-9.762315486567031408e-01
6.107612244196146456e+00
-2.070443595148156568e+00
6.465696410968443386e-01
-1.553426993208900875e+00
-4.679244499132994228e+00
-2.166951950569972585e+00
