5.391151438012243419e-02
-2.712469675925727186e-01
2.240370847185765846e-01
6.199838495384315529e-01
3.254526295547329751e-01
2.133919761653591429e+00
1.534065257747872169e+00
1.951077395899976752e+00
7.674068342198515635e-01
3.807919600106710045e-01
2.329943536342994892e-01
3.677147501502868177e-01
2.188176367399009281e-01
-1.138627390240548598e+00
-3.412685949079265479e-01
-3.537269834804551705e-01
7.758578221277988296e-02
-4.825786962216039311e-01
-3.974513168717772604e-01
-9.254743970705195388e-02
6.561652877481484181e-01
2.475261510524823794e-01
1.663638698120467330e-01
9.729476154171087243e-01
3.562822781050744014e-01
-5.546619933357708199e-01
1.936524926130020807e+00
-7.867919937652763096e-01
5.890094660495198697e-01
1.688312193507882197e+00
6.579173686376955654e-01
4.611565038780658377e-01
5.616524495511128201e-01
4.204906412573007901e-01
-2.309013855557847661e-01
3.255206398479058849e-02
-1.853801250238487297e+00
-2.880453446789633665e-01
-9.958560715969895227e-01
3.684134048476544465e-01
2.429971463137764465e-01
-4.016241036957485799e-01
-5.666127272165528798e-03
-1.919591495193167519e-01
-1.187489741015120837e-01
-2.272976429364935047e+00
9.698069626549223887e-01
-1.973723360743786515e+00
-4.088471896766013858e-01
6.681833672957596670e-01
6.207539733905766965e-01
-1.121382798243738266e-01
-1.096514370401853455e-01
1.431901297179947408e+00
-4.060033044859768792e-01
-2.565010903679770110e-02
-9.917953766642775282e-01
2.388998183236937245e-01
-2.426833490407856175e-01
3.792258840878690584e-01
2.686302020983808436e-01
-3.587994576725532792e-01
3.459640794339234326e-01
-1.012826282959042729e-01
-1.184382794069384626e-01
2.559738008732425074e-01
2.058781265831728657e-01
-6.796050056655164595e-02
1.081019608283644712e-02
1.522472848233505892e-02
4.184770193728863941e-01
-5.056419788779396157e-02
1.196215268891355488e-01
1.552500924190234333e-01
1.572469890387794911e-03
-8.069327990890577673e-02
3.533095264607903907e-01
3.310539739073216081e-01
-4.649246962468469579e-01
9.695225641014339202e-02
-7.658782401559340036e-02
9.393175179157971233e-02
2.022783706664225134e-01
4.040486875656285580e-03
5.462596111821004241e-01
2.031614166050671189e-01
-1.282822986996852432e-01
-3.488669498436593464e-01
1.413987029084499969e-02
1.834536197181007022e-01
-2.555759202226297044e-01
-4.628594234087136106e-01
-2.452886219230092368e-01
-2.110366774148192681e-01
9.026669050939939432e-01
3.403698005253187886e-01
-4.448848969536373099e-01
9.998753203484343766e-02
4.436511975423057530e-01
-4.133404244211585921e-01
4.185509893716654606e-01
-2.308185507719436591e-01
6.481700475323995620e-04
-3.634533836601343548e-01
-1.124638544846388311e-01
9.273315281208630023e-02
-6.947667104665597448e-02
2.046820634837671626e-01
2.997868252073486173e-01
-8.941888707570008754e-02
6.492043386550886419e-01
-1.584247600928602617e+00
-2.595312910904225556e-01
-3.656987532363566856e-02
-2.606941844959139928e-02
1.286187989419615985e+00
4.593885769096835159e-02
6.539664230738664874e-02
-1.279409900703719627e-01
-7.720438895546840596e-01
-1.872695199429782464e-01
-2.989736628857285750e-01
-2.589095764544163333e-02
-1.260006265993793839e-01
1.107469657979918365e+00
-5.883200597579265612e-01
7.737213093905961903e-02
-5.866598766628640105e-01
2.641220909886718426e-01
-1.032075614112199164e-03
3.430435615723070875e-01
-1.635535217174684253e-02
5.452530362680712006e-01
1.112005519566581016e-02
1.235563027079572773e+00
4.751313632185933944e-01
-1.269467022799002087e-01
5.077839187677164468e-01
-1.680901759449625332e-02
1.427363777366506548e-01
4.064824069945344731e-01
-7.294942004742173136e-01
-1.743668851103057083e-01
6.218005167200815753e-02
4.109311580679426701e-01
4.121189401224918392e-01
-3.736312504830345271e-01
-3.209373451966645585e-01
7.010399478771272251e-03
-2.670276532267791270e-01
9.666346225125638236e-01
-8.276434570838782090e-01
7.909543247819199319e-02
-5.251740751569502486e-01
-3.467379163223501259e-01
9.942345988851172267e-01
-8.212032691826945952e-01
-2.374932577592513139e-01
2.401463566623608936e-01
3.117841894466834018e-01
-6.505468175294505662e-02
-5.616236876640564590e-01
-4.058604765369362016e-02
-3.812652150256864991e-01
1.256341651091814338e-01
-2.331042244250865203e-01
3.003375729899117677e-02
8.173814753151142920e-02
6.274659031996497882e-01
-4.278762778873397843e-01
3.149896920010429313e-01
-2.852395226350692425e-01
-3.365315576865336722e-02
1.838929296720517165e-02
-2.515646906891774032e-02
-3.289576694757476716e-01
1.224325716718867169e-01
-3.818057148273903967e-01
-3.210784534051592254e-01
-6.440653925674643121e-01
3.627081930016940459e-01
-3.791278817003721491e-01
-5.013560666538878496e-02
2.758174636290967596e-01
-5.489668996508425755e-03
-3.205719112173907592e-01
2.746070326829038732e-01
8.288255385779685902e-02
1.660138469012893414e-01
-3.606191578531303676e-01
-7.785557969997158878e-02
4.325036775151255286e-01
3.649296026131438886e-01
-5.582515142823544219e-01
-4.856075774233063747e-02
-1.224576206217744767e+00
4.007727644499110009e-01
-2.867678233420249412e-01
-4.425671361310407614e-01
-1.095528918020826671e-02
5.090992883390261792e-01
2.266099980449894358e-01
-3.708880828097503857e-01
7.437076110550872032e-01
-1.536444478382366641e-01
-4.841509197099685968e-01
2.487786538860228824e-01
-2.738357560943108782e-01
9.310620748461685692e-02
2.173790439604563196e-01
-2.800926328282081768e-01
-1.051909910073960813e-01
-1.944983866727756638e-01
-1.678739338927961455e-01
4.354804526242905816e-02
-2.850731803239890949e-01
1.552773090471148698e-01
2.525737279036579519e-01
-5.716529190846928454e-01
4.015486308887935007e-01
-4.714700507911532279e-01
-9.389321298428218721e-02
-1.317858445039563897e-01
2.400766079203810466e-01
-3.462048154384260723e-01
-1.257082970462748417e+00
-2.929888298942077626e-02
3.991243042070652947e-01
1.016136910993379466e-01
4.490364616102222595e-01
-6.641550367625430606e-01
3.006815602015839306e-01
-3.250536389610201443e-02
-9.951495071699895112e-02
-4.762693916473889066e-01
2.205687642110304991e-01
1.825140087455208171e-01
-3.717601085212360879e-01
-1.203180544031766039e-02
-3.361475521237336506e-01
-2.134452431083483093e-01
-4.450591399426497841e-01
1.058846522405911816e-01
3.963265104243854364e-01
-8.662467704739394980e-01
-1.399612180927884753e+00
5.297583875925053476e-02
-3.256078086446698716e-01
1.483999238091073813e-01
3.675878741676129602e-01
-9.232776295297405456e-02
-4.568219287284993047e-01
5.085957274573994491e-01
-2.866116218825446871e-01
-3.874350389414360496e-01
2.133125009740998723e-01
-1.655345257443413542e-01
2.405848138107815892e-01
-2.790924878320304447e-01
-2.711483017397824926e-04
-5.176458391790270674e-01
-2.962763903845156421e-01
1.521039722040485320e-01
-5.420961225256979571e-02
-6.396061145669804660e-01
-4.719271256396088965e-02
-1.566552240135634863e-02
-2.143897000650633877e-01
-1.103786365390342222e-01
-1.814244323903782541e-01
1.073526318002077790e-01
-1.318443931773686462e+00
-4.054877858462478946e-01
-1.485553536703098365e-01
-1.086009368409241116e+00
-1.905803367345041965e-01
-1.014389382132554918e+00
-1.115566768173393841e-01
-2.998640064911415881e-01
9.243559060637223102e-01
8.656948113666358691e-02
