1.856023223313597592e+00
4.621313793707607642e-01
1.069850101361754513e+00
1.386760715190548665e-01
-9.918281697194349100e-02
1.306607147331038776e+00
4.687142110194652544e-01
-1.871933631419629984e+00
-8.026321959833314645e-01
-5.694981512196871654e-01
-2.178220256645376773e-01
-8.782833804247921483e-01
-1.199234653825221208e+00
6.873701270255788698e-01
-2.743909679700380910e-01
-8.904973753616796106e-01
-1.069213457402082845e-01
6.798315579283988885e-01
5.573219114067626823e-01
3.378395877530191993e-01
1.098124331726897523e-01
-1.704398869086211831e-04
-1.782838321952509020e-01
-1.971952896211396355e-01
1.612564903596386545e-01
9.027494305420324938e-02
3.182444936949445358e-02
-1.462914319096735027e-01
9.902076136622316171e-02
4.795479033123566798e-02
1.863981641535153999e-01
-9.523154790745107234e-03
1.127290135709540370e-03
-2.099626060775722780e-01
2.230079929955448015e-01
-8.166801443159028839e-02
-1.052328191699090643e-01
1.628717721531299789e-01
-2.266844909269054298e-01
-2.690957069090379669e-02
-8.929330542302841289e-01
-2.513924976000863065e-01
-1.175067369375867088e+00
-3.630630495739762265e-01
-2.678264635354954404e-02
-3.790206704395720494e-01
-4.356957093081783028e-01
7.128543364441212171e-01
7.446250684723654256e-01
5.337311354631972815e-01
-4.187957176347116561e-02
3.555215664183019597e-01
5.211897789102019063e-01
1.953583491446294340e-01
3.681823521670237742e-01
2.006898284268842925e-01
-1.337183800364217801e-01
7.477190083448896629e-02
-2.889711600360900245e-01
2.508597094388758109e-01
9.098380022267857359e-02
7.085637197029401313e-02
1.479168996075901132e+00
7.426918725802983921e-03
-2.816392520044965625e-02
-3.491751880450262857e-01
-4.005639545604446350e-01
-8.117734652943381368e-02
-6.176922748864473178e-02
-1.244718077087022673e-01
3.371494467660676037e-02
-1.491572939214022009e-01
-1.204192358225802395e-01
3.414618754280410173e-01
3.744480140920813382e-01
-3.034413741227471022e-03
2.997508090773968736e-01
-3.755758720434243525e-01
-4.529293929438854560e-01
1.285544025307649996e-01
6.568327649159309833e-02
2.238659157871926153e-01
6.475384523621814381e-01
1.121027077358704993e-01
-3.367280763026707091e-01
2.511699490275763336e-01
6.199668168554512554e-02
2.513359919694709843e-01
-6.871397366544497454e-02
3.339928823855509155e-02
-3.734389833179185270e-01
2.578937719398444184e-01
-1.338841012082886139e-01
-1.990532609678330733e-01
-9.617303567829108002e-02
4.149742573217957697e-01
9.405502463292066129e-02
-3.122153485260479866e-01
8.678900647089635156e-02
7.393026651432901830e-02
-3.883426934450183443e-02
-8.486500582663258907e-02
8.137053220638882367e-01
-3.144746413853451161e-02
-1.055885019485086340e-01
2.551473742954890045e-01
-9.672072704288987854e-02
5.966464456026901453e-02
2.058639771269839269e-01
-3.100082604154648369e-02
-1.683369616419279069e-01
1.525563117389839608e-02
-1.742842220795970953e-01
-5.023104399706227463e-01
-3.332954659249640073e-01
2.849672786136685509e-01
1.438310219504398968e-01
-5.304109966373710128e-01
-8.019409494970243524e-02
-5.019021756822533709e-01
-1.438259674855117964e-01
2.635009238284959920e-01
-4.007651392437340809e-01
6.072842641441009714e-01
-1.589525288707684114e-01
1.135183847064817758e-01
1.404479794603581862e-02
-5.191308301437687345e-02
-1.023882382806855507e-01
-1.846640142443322363e-01
2.253076972567072400e-01
-2.733272738005110836e-01
-1.386810647500823501e-01
1.047814876754604302e-01
4.140151049705410036e-01
6.038669820617267696e-03
3.693905038329626245e-01
5.009921161455577199e-01
-5.043987348444403662e-02
-1.514637183285800492e-01
-2.750552427740343142e-01
1.106955898848080849e-01
2.320674231991902425e-01
2.676774802780148566e-01
-3.348043614699319076e-02
-1.844766155041976663e-01
-7.603403399925483849e-05
-4.523639172258853702e-01
-6.478412544804014461e-02
-4.141720628747647126e-01
-2.077171361574964847e-01
6.280934265273634132e-02
-3.520407919549555786e-01
-1.996184880557281272e-01
1.656873170153679298e-01
2.195564979375315418e-01
-1.848440856186780445e-01
3.038821768483824237e-01
1.827386078114381363e-01
-5.098236600203907322e-03
-3.525160164397262985e-01
-1.018398949315139634e-01
-4.036774145857751073e-01
4.223487359423953869e-02
3.166999008731487542e-01
-1.464437552764186468e-01
7.382973880706745762e-01
-2.012998376361392616e-01
1.430143980221157685e-01
2.160400001886136900e-01
1.282828474763632320e-01
-3.010915565252296200e-01
1.449122922903245680e-01
3.138340433507696425e-01
-3.343927424529615777e-01
-3.589667075533007345e-01
-2.024648347387044134e-01
3.564745345156554168e-01
-2.036635718666052475e-01
2.079121507078193209e-01
-2.710876310184631155e-01
5.472921632471227510e-02
6.852919350435532353e-01
6.122243897041417665e-02
9.277130563952185049e-02
-3.285295586918835498e-01
1.961949069475465990e-01
7.732830423421507837e-02
-9.555221567651607517e-02
-5.723974037754121086e-02
2.249443078096629856e-01
-1.498369220619495956e-01
1.190731712413324872e-01
-1.329879066440093072e-01
-7.099462463817678426e-01
-2.501380895757121525e-01
1.300468793396235556e-01
-2.789367697915128841e-01
4.723366213146845682e-02
-9.189256860507098723e-02
7.602079908214962045e-02
-5.449966412810736127e-01
-9.225950618331708597e-01
-5.922029547805308936e-02
-9.146926889921866421e-02
-4.732866396331463221e-01
4.629735395139731313e-01
6.673417007321802430e-02
5.774561035820388044e-01
-2.219814375044040222e-01
-2.683062121249955578e-01
1.916320790656138029e-01
-7.800840796681411948e-01
5.946225817643197367e-03
1.101107418125345239e-01
5.122943297948343577e-01
-3.308266410432184057e-01
-1.335440747326468655e-02
-1.025284153284606176e-01
4.422206833694768136e-02
5.588312479827415441e-02
3.657853116466296406e-01
-1.423134378325552563e+00
6.951535343285253354e-01
-1.698440949100528119e-01
1.832682501898278415e-01
6.708201202780746941e-01
1.092598022492799359e+00
3.512957526160251365e-01
7.653503837398805132e-01
-3.634509121632076289e-01
4.810527167009434057e-01
-1.213621641326164402e-01
-4.643504560448722396e-01
-7.396303796411713982e-01
4.349603409503608464e-01
-7.299701760981341936e-02
-7.366449332590974119e-01
-2.822361729273589748e-01
-6.440100536664820075e-01
-3.013806439429153050e-01
2.867061854143486133e-01
-4.827764275147466422e-01
-6.135552809002597918e-02
-1.280970090747500234e-01
1.574538331775608146e-01
-4.191337298792824351e-02
2.836676343623452667e-01
1.553641722782146684e-01
1.040511192133584256e-01
-1.498117966095410258e-01
1.265399644962862669e-01
-6.901388609259330453e-02
-1.817910674255537873e-01
3.281880470066252942e-01
-6.255630715389878249e-01
-9.669787501217021186e-02
-3.380948010549666427e-01
-1.586524903922806873e-01
-5.127982968011398635e-01
-2.995370297035050422e-01
-1.219512952528301608e-01
-1.199924688373945336e-01
1.302518682954542928e-01
-1.024146524835928690e-01
2.034387840377917811e-01
5.339747821429827873e-02
-2.872534596773421850e-02
-7.044968315026925443e-02
-3.677184984083717301e-01
-2.002284217898930019e-01
2.726467625353155566e-01
-2.844039641083337747e-02
-1.287190627175673063e-01
-8.691707535919139527e-02
-1.918874273088329308e-01
-7.723012103661706929e-02
-1.149531337167114114e-01
-9.537434750336955258e-02
3.165615184901780788e-02
1.190279131099497983e-01
-3.051962418591461224e-01
2.256213712376843872e-01
3.858532264663156429e-03
-4.154522395132663470e-02
-1.859586430615883246e-01
-1.591496106060771576e-01
3.696564399376972010e-01
2.168034141029866746e-01
3.314411297600949324e-01
2.315346833100190571e-01
3.068184187128561446e-01
4.182897412019304095e-02
-9.175615710810035297e-02
-3.175725222587083008e-01
-1.320177625219916551e-01
-2.125108314887435013e-01
2.625573770732426704e-01
1.166379904879631529e-01
6.409594025048716281e-02
1.601730251017093876e-01
-6.880587075370190632e-04
-8.062101802563879926e-02
-3.737233405498726069e-01
2.067423568613451224e-01
2.298026934571640797e-02
7.559484654605667098e-01
-4.904848849254961340e-01
3.633945930242569733e-01
-9.857141324990525977e-02
3.385866068188291278e-01
-2.145866309564394003e-01
-1.134698463592190010e-01
3.429331916143825154e-01
9.585161392048904827e-02
-2.261760912685917002e-01
4.452699804711995890e-01
7.311616122980054699e-01
6.075817065114618165e-01
1.924747496129489144e-01
-3.278785258923077456e-02
4.502409862077404006e-03
3.222578846227466265e-01
-2.172833101950385759e-01
-1.883183210708607724e-01
1.744152903872351473e-02
-4.111894652429189390e-01
-1.456711614838175350e-01
1.922924532938800335e-01
5.607485309925129835e-01
1.339746105583698721e-01
-6.936067705908334491e-02
1.272421112630589268e-01
6.984924255878575960e-02
-2.305784062263400158e-01
2.635419539864040095e-01
-3.513032696346286843e-02
-6.690826112299965711e-01
-1.308943802992484640e-01
1.355013453296945170e-01
-1.673649310789031563e-01
-1.630549391388132485e-01
-1.065865556515130028e-02
6.391040098390234070e-02
-1.723596184447392099e-01
6.335306591458250702e-02
-1.695125338297689133e-01
1.622127800136748677e-01
2.805096696137051593e-01
-4.063950032852741145e-01
1.753854573931816208e-01
-3.816933133421134272e-01
-2.000839527686940345e-01
9.057251653183219509e-02
6.619613750211812697e-02
-1.801286589422004536e-01
-1.211251243210732520e-01
-6.385261211172696405e-02
5.515718900601489401e-03
3.598238796019442159e-02
-6.913875122231280534e-02
-6.236629625753568190e-02
-6.424005813266510101e-01
-1.600992464369252466e-02
1.069462088096796160e-01
-1.985449475778297834e-01
1.811149207138164630e-01
-1.190737460744099863e-01
3.859147519493784095e-01
-3.875633049596665103e-01
1.438473421670460710e-02
1.073819804255704696e-01
-4.459567482586277998e-01
-7.819848808637086535e-02
-4.553134710891768022e-02
-4.717351232800878758e-01
-5.332383200780588944e-02
3.917795157717394172e-01
2.881247528507783207e-01
3.716238768137914983e-01
5.866109577269634778e-02
-2.173007207289078327e-02
-1.231903822650187025e-01
-9.408771966191807612e-02
-1.549025693900171231e-02
-1.415023977905663366e-01
1.081465521663393659e-01
3.200556266268907990e-01
1.352821496304655313e-01
4.401643984288918648e-02
2.216107568000710293e-01
1.364019668452742529e-01
6.286078759841437491e-02
-2.112568686981926014e-01
1.263338429454453349e-01
3.723254433540838793e-02
6.263804751591665887e-02
-1.843121036857373329e-01
3.792255674128205273e-02
-3.219488831732243705e-02
-3.046971672483585192e-02
-2.561870794353244274e-01
4.727975682313326211e-01
6.590419986702837629e-03
1.146023835951244518e-01
1.499261492791446049e-01
-1.792597620680108916e-01
2.178254792309731666e-02
1.997548403702014419e-01
2.072498421365328303e-01
-5.533354959054070238e-02
-5.596549225790870691e-02
-1.437001728517363075e-01
-4.263451116008196706e-01
-2.019171633018826684e-01
4.730767048679874742e-01
-1.936176782097273619e-01
3.462173032568141018e-01
-1.724742240036699070e-01
1.377678384313154036e-01
-2.154801022603221872e-01
7.096517568471448489e-02
5.848799969479870908e-01
-1.930020150547681890e-01
8.173416675280893717e-02
2.641339234943214098e-01
-2.604241482648005368e-01
1.676767627181757481e-01
-7.920978625789927563e-02
-1.238388715557472985e-01
-2.004503757691597221e-01
2.788191012655496723e-02
3.977259660629722249e-01
1.508181802249413950e-01
-1.680206141288928534e-01
5.068853854755412947e-01
-1.886094450489793350e-01
-3.985642788486265520e-01
1.333080344176356367e-02
-3.115956055519865653e-01
3.063278570071172879e-01
3.779723849236528155e-01
6.871967330718735389e-02
-4.351451400948292553e-02
3.730088300349637120e-01
3.590297771654833991e-01
-2.245863783044194928e-01
-5.407794775686518562e-01
-1.075170389625734468e-01
2.715877782278634106e-02
3.180973392160089674e-01
8.204508213305868047e-02
-1.510889120464594670e-01
-4.329971693807397881e-01
-8.057481430793573818e-01
5.367268934521441937e-01
3.743294145562647834e-01
3.022101245742485620e-01
3.243585040314496681e-01
-2.259391520803956110e-01
1.212869999412406752e-01
-1.412388057466632263e-01
-6.314610283275033931e-01
4.332243413906989304e-01
-1.715898351580377734e-01
8.365903778720362727e-02
1.816838987423324281e-01
-1.661625784223479951e-01
1.228022876871954910e-01
7.538874537244272256e-02
-2.463409286793789010e-01
-2.350910582819168426e-01
-4.392222165084616603e-01
6.247560291002259847e-01
-4.185051505615973964e-03
-1.714388712011187255e-01
-3.662124715862153934e-01
4.682102571328499718e-01
1.370002780310108359e-01
3.661994966091445813e-01
-1.750052219499974304e-01
1.841092065557240753e-01
1.767335693162123619e-02
-4.214269329604882763e-01
1.344711560470391865e+00
-4.756072459400750851e-01
-2.854750350547803905e-01
-7.617807018760172078e-01
-3.866256858800803942e-01
-9.503090240866107763e-02
4.868787607937477557e-01
-4.580983439044368777e-01
1.669424044623678827e-01
-1.976567429581344293e-01
4.824996471257069208e-01
1.418824780211428715e-01
-2.495134036166717639e-01
9.201046126420923121e-01
1.200595953703646801e+00
8.053961615111223660e-01
3.127875187956945524e-01
