-2.268270747866771991e-02
1.946353432198965949e+00
-6.174944947368762871e-02
1.486091762250587145e+00
5.447968713955066988e-01
-3.909607374681824121e-02
5.967060142836440040e-01
-4.174672193350547067e-01
1.163647021852560748e+00
-2.529977478678054892e-01
-2.835517217290264846e-01
-5.039133343703235124e-02
6.809116250865581144e-01
4.838565612629009971e-01
4.733391807356758796e-01
-4.451782403985375391e-01
2.898301264476518257e-01
7.543090462427733955e-01
1.428996581137411369e-02
3.540176261496332244e-01
-7.199490742358377604e-02
-2.190427945137854698e-03
-5.275819514292826029e-02
-1.524644990193030347e-01
8.653836740566397956e-02
-1.357899550274815903e-01
2.252831316714755394e-01
-3.993888118087365879e-01
-4.581409722729187090e-02
-2.230573931809576305e-01
-2.958225481454943573e-01
1.170929203291094511e-01
1.846620242662863343e-01
8.482609164993738793e-02
-5.979916542230546278e-02
-2.472946838953993948e-02
2.280755268444386030e-01
-6.443448449444838522e-02
-1.875417522354488702e-04
1.031495166200736141e-01
-9.533968594853851897e-02
-3.639701227246419091e-01
1.118786369361782912e-01
-6.084107202645137047e-01
-1.787517489394181425e-01
-2.140946966149536422e-04
-2.525074798055379141e-02
2.900473369996048878e-01
-9.757711764641056884e-02
-2.760716899936977234e-02
-3.158823330420879039e-02
-3.374586837337776313e-01
-1.309550079944878931e-01
-1.298142880107720255e-02
1.034119123868589007e-01
-2.535473264492042744e-03
-2.557483308386764714e-02
4.537163191114660515e-02
-6.627985758123486337e-02
-2.865937375408820001e-02
-1.253030241887810592e-01
-2.451418885238562939e-01
1.783805061751484455e-01
-1.943388197000525952e-01
1.432008854126897712e-01
1.026799696549419993e-01
4.098649353643458310e-02
6.673645749663299764e-02
-8.643492872832971019e-02
1.499235837900703139e-02
-9.003885034317320180e-02
-1.489562529840636196e-01
-2.490826154926970293e-01
-1.579609675204995123e-01
-7.322240551223013760e-02
2.465246322594652484e-02
5.236912282980188404e-02
2.252926791595766531e-01
-2.379771721083233094e-01
2.135010905456408703e-01
-3.213618733708306086e-01
9.970581052959661683e-01
-3.949992795698177295e-01
-1.804794404791092155e-01
-5.012436368018537147e-02
9.469706965482094230e-02
2.455933275483557221e-01
4.990944728401569552e-01
-9.785156220304155883e-02
-1.597421808581722946e-01
2.840023145633030488e-01
3.149725181669157936e-01
-1.691120926547415027e-01
7.547576224185085225e-01
2.637032052653736636e-01
-2.484045940634656835e-01
-2.052705790988199053e-01
-4.749196202182875276e-02
-5.940348486510127479e-01
1.728968637083413695e-01
2.586193827590937411e-01
-1.244219341834850029e-01
2.925869459806299672e-02
-6.393950683887340836e-02
-3.604532167086134109e-01
2.988721707410089620e-02
9.489759549365042735e-02
-5.598742135818887133e-01
-3.156770244796834324e-01
-9.760791836217408424e-02
-2.565654074117920125e-01
9.772275725670043212e-02
-8.535802054915284445e-03
-1.791184493841616043e-01
-5.440408755080003989e-01
3.762945881301927309e-01
-1.688530589926925118e-01
1.029662712181215328e-01
2.853489175485079011e-03
1.862275911157117436e-01
1.225392239534358330e-01
9.999398705344032523e-01
-4.581116920287317540e-01
6.058062915014155586e-02
1.352636939021390483e-01
-5.804837118076523750e-02
-1.762486593282065472e-01
3.008809693040049305e-01
-4.756289123851561301e-02
-2.427959295242279256e-02
5.901314056415848386e-01
-1.504051828935310808e-01
3.807367280151597450e-02
1.024386791168785948e-01
3.122423534649443333e-01
-1.025056964501349227e-01
2.068043624738024611e-01
1.613001544460771972e-02
-1.889256347732441443e-01
5.712912467085176083e-01
3.082069497375901634e-01
3.948095968716816562e-01
-3.152548541951978867e-01
-6.586273972477306449e-02
-2.631135222563011911e-01
3.016170636081682566e-01
-1.847121034874407430e-01
1.503499506767155998e-02
-2.506223536222513815e-01
-4.706044007625372755e-02
2.749374165125233471e-01
-3.713101280549872540e-01
-1.341979579035673109e-01
-1.153317364257281930e-01
8.596303034221622341e-02
5.746167811998189601e-01
6.973058626707987449e-03
-1.845575619012078117e-01
-4.557388671788067946e-01
-8.316623382413877719e-02
3.329531057928613036e-01
3.994657472506071144e-02
3.421030434155934441e-01
-2.069616486343893447e-01
2.440230921186200275e-01
-7.623456129022422589e-02
2.004565299887350188e-02
3.625102566895811451e-01
-2.016712253340799399e-01
-8.957807283812051213e-02
1.876296156530454229e-01
-4.056242119355410458e-02
-1.592175530282590457e-01
4.731463404678322160e-01
2.541187151732611782e-01
3.929419056351834416e-01
8.838607713926067977e-02
4.221901405949204378e-01
-4.067976418919081461e-01
-1.189070714001465023e-01
2.324360534407663437e-01
4.416090481967236414e-01
-4.836230675008186819e-01
3.589953447454308916e-02
-3.640738728730386498e-03
3.268572826572926915e-01
7.458065489321745456e-02
6.019368450351825217e-02
6.829994225862928703e-02
2.157958985020078102e-01
6.888724773737549441e-03
4.982232098112467367e-01
9.559696418416162300e-02
-1.429842622666883389e-01
-2.853806304661533622e-01
2.349202617994212705e-01
6.466743833397896324e-02
-3.461479951752795547e-01
-2.867114164467126497e-02
1.927822733400514632e-01
-1.117922318742303189e-01
-6.316603244137810602e-01
3.420720197955756103e-01
6.370159349309711949e-02
9.151342536732011423e-02
-1.216651223903083695e-01
-3.552295957342012644e-01
-1.247472450760648416e-02
-2.696573884564643087e-01
-2.615447113185582761e-01
9.510899874573321144e-02
-1.768651258743245136e-01
1.194583715862551077e-01
-1.439286842250309117e-03
1.094585484943434023e-01
1.804503124799522809e-02
-1.947059203384308435e-01
-5.160287723927867165e-02
-8.151470959620560341e-02
-1.050903038253783311e-01
-1.161327250941310701e-01
7.435187423529867612e-01
-1.597920977143651167e-01
-3.643355530582502722e-01
-4.261561915070340989e-01
1.321688636037839371e-01
-1.973695355232730209e-01
-2.397658771694357038e-01
4.123641372946022510e-01
-4.590985120776842066e-01
4.302348031546578966e-01
1.108017702695220097e-01
-2.989666088902288577e-01
-8.457257953684524376e-02
4.203329111251113415e-01
4.878241207250448574e-02
-8.429634080337362889e-02
3.091204893832024195e-02
-6.515015367963038206e-02
1.815467993753199505e-01
2.866787151391889665e-01
-1.211674828200738629e-01
1.266795004015672521e-01
-2.695081216422015591e-01
-1.335693003310204352e-01
8.947090960504039403e-02
1.913871832508026449e-01
-2.530663588911391537e-01
8.410571515866550885e-02
-5.992821919441770895e-01
2.188533171002366440e-01
8.021180784952731957e-02
4.350636677654179940e-01
-2.268689919333172489e-01
-1.874298507330675045e-01
2.617926401676092807e-01
1.860155454636168437e-01
-2.055255107886422017e-01
-8.391363862422129838e-02
-2.311142407483517680e-01
-2.366669162429375917e-01
-3.223203676707898091e-01
-3.457212654133801771e-02
-1.574836799047494018e-01
3.512411007981408040e-01
-1.317559324019194900e-01
-2.233509068018502131e-01
1.851702855361260155e-02
1.055340003096945367e-01
8.342374433049621826e-03
-4.165809913473049464e-02
3.462952585921872523e-02
1.160033053803393582e-01
-2.158676692142398323e-01
2.930241001614415919e-01
3.876401693514749947e-01
7.808006780827789206e-02
2.953838543670959660e-01
1.222810431656769503e-01
-1.810031912172979929e-01
1.419330026940561762e-01
1.651252573443597049e-01
-1.099492132917863907e-01
9.306207838142556421e-02
-2.741498646530550753e-01
5.624947722181042886e-01
-4.838321976680217684e-01
1.895793511482393723e-01
5.385618531563754474e-02
-1.124171754617491192e-01
1.512133364611246422e-01
3.716953894091827304e-01
2.113262525328360730e-01
5.341996834104948549e-02
3.853624234457716513e-01
1.447767225990574114e-01
1.164398313903872717e-01
2.831390287228354730e-01
9.418430219188250740e-02
4.559398378155065101e-01
3.190156353023843039e-01
-5.366213401860667458e-04
-4.827712316593059660e-01
2.458818179811828042e-01
-2.091834298320434382e-02
-3.626836349124805681e-01
2.992826326798906367e-01
-1.522601460994949321e-02
-8.855588909878295712e-04
2.623115590990088286e-01
-3.035816169253826580e-01
2.918475018215236361e-01
-3.309121171965039854e-01
1.161475327500498533e-01
-7.939881276318352943e-02
-2.697754600047678752e-01
-1.555568256681378325e-01
-1.768484484351134922e-01
-3.366170918154816061e-01
3.244695279694929657e-01
1.299215515900618290e-01
4.013611648533382814e-01
1.377001052316930152e-01
-5.312121369486880185e-02
-4.243042189658428609e-01
-2.475823081194111416e-02
5.314411715007930775e-02
4.281905751619808354e-01
1.316724429643619521e-01
2.473342779397003921e-01
4.497410609660590364e-02
-7.654894927388286585e-02
-3.229170215285936951e-01
3.336721213150091181e-01
3.917974725255895380e-02
-3.171699061242742035e-01
1.954789026857024770e-01
-1.689029109487648894e-01
8.717218649659705387e-02
2.554367071346825835e-01
-3.237915958138599670e-01
4.203641427959627364e-01
1.125429489874078814e-02
-2.445715044385085302e-01
-2.954574661848632378e-01
2.045306913533494753e-01
7.216641796601935832e-01
-1.247077227324157192e-03
1.575121164074183289e-01
-1.726170484774399161e-01
-1.276049349329947680e-01
-1.231188668723960933e-01
-6.329828222430926299e-02
2.061317988225630227e-01
-1.215600910977818021e-02
1.457156792939600931e-01
1.802984226394679090e-01
-6.363224873548198844e-03
-6.140093967448570500e-02
2.057615441870064010e-01
-1.223359267008463230e-01
-3.147817323043072824e-01
-8.046853218258384621e-02
1.846024893004230838e-01
-1.292230805188487042e-01
8.649530127243476585e-02
-4.142644821429445345e-01
-2.802918368001156013e-01
-1.543872021652299975e-01
5.742986407540782295e-02
4.427896816973841965e-01
3.984403719816224237e-02
-3.688127353494522476e-01
-5.008276741707503449e-02
-9.763955081309429185e-02
-3.215391246758736998e-01
-4.087084203347445821e-01
-5.499786677367244359e-01
2.975370262547291089e-01
-1.137932065010622829e-01
-1.129022567166419466e-01
3.353082245751639046e-01
-3.053883282935462296e-01
-1.901576604738395015e-01
1.225721863376835891e-01
2.194536916559071960e-01
5.851387839098028468e-03
-7.313573245142379609e-02
-2.662312091621327759e-01
-3.490551400880167465e-01
8.410390006616075970e-03
-8.160584076613060234e-02
-7.726508267283080378e-02
1.504618576905385474e-01
-4.131584026710474200e-01
-1.955677721932865543e-01
5.601862118922450451e-01
3.021034918098698396e-01
-1.671303803955320189e-01
1.354272063426093659e-02
-1.613091943051799260e-01
9.505258495491927251e-01
3.129406812151322437e-01
-5.886459680377471859e-02
1.078867848807299468e-01
-3.067586953518957604e-01
1.692339530416600568e-02
-1.015180409789076393e-01
-1.514409266002279264e-01
-2.148876077572561827e-01
7.544778524795120456e-02
3.790655911344726903e-01
-1.431055058277053427e-01
1.294113731321421545e-01
1.649826906050556874e-01
3.402158685672727056e-01
-3.367442274783304379e-01
2.582399158568181030e-01
1.425111167031252735e-01
4.024746183229235830e-01
3.130585458798872400e-01
-1.249373253949974116e-01
1.576001175221693196e-01
3.442105888264306301e-01
-1.744216496771597014e-01
1.435073148445013269e-01
-1.720219658968259735e-01
6.167453623841303439e-02
3.486217953189930108e-01
-9.152741479058404406e-02
-8.865537713229543204e-02
4.026342483342339879e-02
-8.854576748589018664e-02
-1.659277389374524958e-01
-1.258357200723435321e-01
1.221870710446274107e-02
-7.421424080493443931e-02
-1.593898327384584424e-01
-1.598319298882050488e-01
-3.929784574121165247e-02
2.877920749917506349e-02
-1.893250338952610079e-01
-5.766638564559400937e-02
4.086922741468967391e-01
-2.061321988025835716e-01
-2.889017385576012065e-01
-4.987942377605208422e-01
-2.212894409014171115e-02
-2.505727462629836477e-01
-1.833460806615807570e-01
-3.696153502077245134e-01
6.198874751293784180e-02
-2.032690524354200945e-01
-6.569417205743670329e-02
1.563743531238861173e-01
-2.398721278341423568e-01
2.623713444694963925e-02
-3.930189800991235605e-01
-6.466758857074820371e-03
2.055909058861780381e-01
-5.982714852743382938e-02
-3.509613960833403712e-01
2.346753080937829805e-01
1.289368347729496489e-01
-1.156564818493852065e-01
-8.723899681091041441e-03
2.566068659144440933e-01
-1.637681356808914912e-01
-6.863122069290074345e-02
2.114510810663347284e-01
-1.846484571182854528e-01
-1.488527386409151387e-01
6.130841923085509487e-02
6.403466797153156698e-02
-2.206968629292379580e-01
8.506489162335165166e-02
7.545511826253663290e-02
-1.172989402784237883e-02
1.596676852607091801e-01
2.759303120449960872e-02
2.861356716921618637e-01
5.812093819486867374e-02
4.087261089384776058e-01
1.112944179900662439e-01
1.339030929682953064e-01
1.294727440763956405e-01
-2.196014856432692008e-01
-1.217196557193987588e-01
-1.708342073954722054e-02
-4.199309044777869981e-02
-4.160787885934317254e-01
6.738967628772402074e-02
3.490381853541592028e-01
-7.455901381140310480e-02
-1.755491970099685717e-01
2.576025448184772748e-01
-3.064989972858373490e-01
-1.105916965301937532e-01
-1.732787991258318352e-02
-2.453537495417319053e-02
7.028518654483637551e-01
2.550397426459489192e-01
3.902755083870528829e-01
2.426703322314062716e-01
1.631513672580581220e-01
4.026891599093962437e-01
3.920155406666974707e-01
1.068392739457426494e-02
2.589409598967520321e-01
-2.935753222299408716e-01
-2.307516839427632138e-01
-2.488078045148726380e-01
3.347136052892074054e-01
9.936886047489793539e-01
-2.321859675694499248e-01
1.836522360579870838e-01
5.505613131289717188e-01
2.468065097081372991e-02
-2.693665061576699382e-01
-2.609296961279636839e-01
-5.680530832993802709e-02
-3.383658486859719150e-01
-2.555912794966320734e-01
-4.391476482845793061e-01
-7.354715238193784699e-02
-2.997487399448693357e-01
2.244557599377618867e-02
-1.238808171045665679e-01
-4.014182181189121512e-01
-7.375535497806630369e-02
-3.973608020487889858e-01
-3.542696602409646789e-01
2.876639354180128283e-01
-5.036833174522767909e-01
2.391756427183587830e-01
-4.036709582954053910e-01
2.820963783118928259e-01
-1.545878768002776626e-01
-2.428212348048362501e-01
-3.225733101700949956e-01
1.877654899218547946e-01
-2.643173527455615623e-01
1.241889247183341760e-01
-4.708154424449008668e-01
2.328285555613064106e-01
-4.283112298086477754e-01
-2.249664926079769298e-02
-6.217481875643302569e-01
-1.817363561692576235e-01
4.897250823500267497e-02
6.058465109884906153e-04
-1.312101134457460856e-02
1.067385789970342613e-01
5.587507737325672630e-02
9.545412418256076989e-03
-1.186480844623684222e-01
-1.764688372362629709e-01
-1.181108898916009564e-01
3.123677952309432682e-01
2.511694974325123231e-01
-1.198653459956152967e-01
-1.756198140675844233e-01
-1.131429227987838654e-01
-4.335678478658133161e-01
4.247614335124301477e-02
-2.080035813015681245e-01
-3.071206449617762124e-01
1.006767910860359577e-01
5.211028721199688352e-02
1.467022665712769958e-01
-2.073451406101016747e-01
6.114002701838765902e-02
-2.722240125571759317e-01
1.380196440746371822e-01
1.390488809895582267e-01
7.595556435841412102e-02
3.294300826727676323e-01
4.542955935701137316e-01
-1.594998974602266639e-01
-1.120820733880736192e-01
-1.806232948936108140e-01
3.476410160251756643e-01
3.126361483792357010e-01
2.444979950273223901e-01
9.471758733751671488e-02
2.947996728128202473e-02
4.261782821790403575e-01
3.533540450806869904e-02
2.106855356325456896e-01
1.803367883879051503e-01
3.455491249052934644e-02
4.927978642621978489e-01
-1.732381629835315004e-02
-4.120295602463378559e-01
1.926357072957949890e-01
-3.963966579799388934e-01
4.338962838395327148e-01
-1.995845456128453044e-01
-4.789783264165698579e-02
3.087370054983598622e-01
-5.042325752053721244e-01
3.372834493595889827e-01
-3.335952162837476642e-01
5.767300857565490352e-02
1.622058392232022250e-01
2.960792514836883549e-01
2.185526457039829729e-01
-2.124149459576976651e-01
1.529737817190685717e-02
4.510557919776639335e-01
7.263075095771691359e-02
-2.814534366813466471e-01
-1.700733083439273929e-01
-6.449623827151482747e-01
-1.847069482231627688e-02
-1.750288459505625754e-02
1.654126996898379054e-01
7.308165530078337968e-02
4.572356110775229604e-02
1.896855520292996533e-01
6.764166417282192756e-02
5.777125620431725755e-02
1.188264584169751725e-01
3.536488128261177644e-01
-1.145094157593960355e-01
-1.761665643953252147e-01
-7.813541522971173547e-03
-1.612480915940960741e-02
1.283078427871055804e-01
-1.030383970184909070e-01
1.066072915065116034e-01
5.540981409768797744e-02
5.973326669707960251e-03
2.532286370597979230e-01
7.888855750895229502e-02
1.765072624830358594e-01
-1.198405856256721524e-01
2.006214738714446055e-01
-2.618956598108890255e-01
-2.016871666492520143e-02
1.082650164166293894e-01
-2.317297903253924193e-02
1.425137890232173847e-02
1.508684894423760990e-02
1.246318291704222175e-01
7.297765402039466109e-02
1.372048341969880070e-01
7.661534760127723664e-02
4.844982789963311193e-02
-4.961394187085044899e-02
1.346046765899930053e-01
-2.020734134892021583e-01
1.729278660336010243e-01
-3.705877256489578109e-01
-1.613755814880707962e-01
-6.975069484544964282e-02
-9.650736682302497871e-02
7.582823487432839571e-02
4.445346472297639906e-01
-1.911293444201885572e-01
2.945052189700085310e-01
-1.433059883722969940e-01
-2.318738283963248659e-01
-1.038577929080698320e-01
-2.042441640869086528e-01
5.158758822284103401e-02
2.668176265435365790e-01
-3.934413079816680425e-01
3.333333494533206875e-02
1.429118934861961232e-01
4.409609642679821612e-02
2.273302147679044372e-01
-2.165799635993222727e-01
-3.887984261791935237e-01
-8.121897268840676254e-02
1.511164836781191956e-01
1.651340723095974516e-01
2.130373394741834625e-01
6.060286825158086449e-02
-7.636090231501417580e-02
3.920353339197566456e-01
1.131830752683357505e-01
-2.409502756773096166e-01
6.844508451691350137e-02
-8.675778781770011883e-02
-1.883191503152716884e-01
-1.527068517997739183e-01
-2.210947222801288303e-01
-3.233283901144839434e-01
-1.356804796244789196e-02
-2.622930690102550089e-01
-1.613455388308933924e-01
6.716740224851425189e-01
3.454216579469565618e-01
5.800128327138781570e-02
4.211573646650464964e-01
1.023497942213593553e-01
-1.348459825659806544e-01
8.284310205304740160e-02
2.151284467403193068e-01
1.519699059583667564e-02
-5.775384986891572009e-02
2.094015190308594065e-01
2.691712146167685726e-01
-9.459599865814430353e-02
-8.897553581149997282e-02
6.276038550272360073e-02
3.027599351548972417e-01
-4.330528936242581534e-02
-3.133535732114572370e-01
1.386253111135065177e-03
-1.465994815435154863e-01
1.191468688670678094e-01
6.801920583753050253e-02
-2.033967466987810502e-01
-3.881696067612948609e-01
1.187681202333555480e-01
-7.031903976242735721e-02
-3.142144925421415380e-02
2.713314323961507069e-01
-1.057139537182904959e-01
1.760851718797457888e-01
-1.379824117261420902e-01
-6.087765855327801345e-01
4.883680681173122040e-01
-1.594507424705610688e-01
3.703591621644926335e-02
-1.576545317897538601e-01
-6.823129439273878383e-02
2.034057731249072076e-01
-1.143112253128414080e-01
-9.056461741752825853e-03
-4.736604816668477103e-01
-8.312665911837473220e-02
-1.662072563027653174e-02
-5.217292627330359644e-02
-4.321597123491528469e-01
4.671185967245718995e-01
3.106996037638080632e-01
3.446301045245291350e-01
2.834745142311947963e-01
1.859936789691689629e-01
6.721038865714062949e-02
1.864043706667633249e-01
-7.077564096230345991e-02
6.326419437018445530e-03
3.209139587433625929e-01
2.138365492658424460e-01
-3.318303960773531514e-01
1.471218904561177043e-01
2.898447071835510633e-02
1.510999223834079697e-01
1.463861857290907342e-01
-3.783801513395858990e-02
-5.027344334312051910e-02
8.232975050642082904e-02
4.678937244208612456e-01
-5.526229792935705154e-02
-3.909986908683006912e-01
-4.578453067750573036e-01
-1.313751682429526446e-01
2.913091506766466998e-01
1.941989965995336020e-01
-1.146002752314162661e-02
1.934953141071810850e-02
-1.053110344472741738e-01
9.253402443671961131e-02
3.557504011417420703e-02
-7.386296463043856564e-02
5.539712520964761369e-03
3.600193826725557600e-02
-5.143341869956861157e-01
1.144329706899185062e-01
5.164478465238092619e-01
1.992978076305958468e-01
2.594889253804008034e-01
1.836085814696349419e-02
-2.111868425658587067e-01
-1.984730404114436186e-01
-3.669041291725125969e-02
-1.217928342313115558e-01
3.533831244312289344e-01
-2.154387475929277485e-01
1.338902861252397880e-01
2.277616471545587662e-01
4.485497073913440325e-01
-2.879843012662680612e-01
-8.256584496666073691e-02
-1.967484116195506727e-01
2.069344518553906664e-01
-4.200463077379699706e-01
-3.820431282765171521e-02
-1.021664191347297634e-01
-4.816140224226130723e-02
1.820293265226266832e-01
1.861773018773971444e-01
1.442850999257006550e-01
-5.348705516997736414e-02
1.969671848399881797e-01
1.821021650015293702e-01
3.631467771559631630e-01
-7.585412337445440745e-02
3.535752742451573338e-01
9.669486819612528594e-02
3.011053524558358618e-01
-1.664371702583558946e-02
1.743932762853422913e-01
-2.061615177256491682e-01
-4.905152665460545403e-01
1.953307866799229298e-01
2.388955095880495871e-01
1.353525604528131934e-02
-3.051976980107235504e-01
-1.435692657777052905e-01
2.812894005713367437e-02
2.278902120913875728e-01
-2.513659743873011831e-02
-1.537404277163515465e-01
3.594081229734675254e-01
1.330289825984615204e-01
2.516384513378131307e-02
-1.572797957520873646e-01
1.867240599488780295e-01
5.615060016187283648e-02
6.697825921392840109e-02
4.199040768788415146e-01
2.259798035845206887e-01
-1.487063544154631350e-02
-2.287813563951237028e-01
-2.668585788842697121e-02
-1.380882981665045861e-01
2.088787996461396405e-03
-1.522407141341350079e-01
-8.233674139508258272e-02
-5.826595013832776282e-02
-1.705095364875039987e-01
-2.435593259220932283e-01
-2.183945227035622438e-01
-4.194295165875620152e-02
2.062294209006425572e-01
-5.476953801593488491e-02
2.211328328306527702e-01
-1.725411219410373231e-01
-6.131253540739389774e-01
-4.591733526470401228e-01
-9.845450376608645693e-02
-1.140630179088953089e-01
5.672677852598215914e-02
9.028009958392532730e-02
3.436788062092905327e-01
-5.927773943134849455e-02
1.364018152505434567e-01
-1.271344387304971235e-01
6.385865705570691053e-02
3.056856391004547091e-01
3.876291267493548603e-02
-6.662331853711053742e-02
1.893020377620628636e-02
3.013468940325765913e-02
4.549234324668547935e-01
-2.353969603443501271e-02
-1.629686588150333904e-01
3.479618865814120693e-02
3.295330624759851279e-01
-4.634246832825403839e-01
-1.505426677305366501e-01
-5.666973326380659107e-03
8.535901821656725896e-02
-1.629311378218071260e-01
1.824577087488527816e-01
4.110168972198814941e-01
-3.036678874809735640e-01
-6.797090080232247311e-02
4.802313487438044648e-01
-2.180589135245400434e-02
-1.725605476580583664e-01
-3.691598862081279381e-02
5.875483566753797460e-01
1.906595094664799428e-01
-1.764905645627893871e-01
1.755590339120162713e-01
-2.093595235228629722e-03
-3.411701276480847977e-01
-2.508510606124814690e-01
3.388954573944328447e-02
-1.882414801997156148e-02
2.619945404469316633e-02
3.295990786117008239e-03
-2.043347355001106924e-01
-1.001925529773503402e-02
-9.264311270285667532e-02
3.453247059289993315e-02
-7.476815231566813491e-02
-3.128608583184721015e-01
-1.376940170133390644e-02
-7.212175996671825462e-02
-7.812427875285345331e-03
-1.090598458520687236e-01
5.388326868454981766e-02
-2.064880761966460948e-02
4.252312580512765394e-01
-3.937645777404227831e-03
-1.549858788788333330e-01
-1.710082948510467937e-01
-1.631758800978827806e-01
-2.005795992908939174e-01
-2.001295498518566307e-01
1.887457407025531497e-01
-1.912005015294870602e-01
-4.941421870646034442e-02
5.044762201602974727e-01
3.547108876933644517e-01
-3.193681942377130101e-01
-9.851598063124814009e-02
3.687874638867914556e-01
2.856459469012046504e-01
6.207066627767048733e-02
1.857864163523917922e-01
2.646664395590916374e-01
-1.711357276965456281e-02
2.540638684232569555e-01
2.843552786899867790e-01
-1.973026477645358212e-01
1.678971483718404711e-01
4.189110542886153032e-01
-5.226691664065093862e-02
3.206694780837938130e-01
1.766841811282819641e-01
-5.111086909813388618e-02
-5.312616436715608126e-01
1.614243987100310029e-01
1.325587838289878639e-01
-2.987664596481900414e-01
2.671942287120516180e-01
3.517278579731024368e-02
-3.140430098822112881e-01
-9.959753974191423720e-02
1.724436564724949883e-01
2.889378647177321957e-01
4.379154550154190639e-01
1.132722776593508562e-01
7.364510383658354198e-02
4.973748898760606552e-01
-2.241614721654370257e-01
2.911683621381043197e-01
-1.261315707758124405e-01
-9.168515970874215049e-02
-1.951709260351150166e-01
2.090914346067033747e-01
-3.153515374303870744e-01
-3.787152037324584830e-01
-1.354396470149262510e-01
1.056935117303611366e-01
6.927012536210673532e-02
-3.629942935981877311e-02
-1.330308899647227689e-03
-2.678434134551822554e-01
3.086245653421902380e-01
-5.324267198426978209e-02
3.045024296739963221e-01
-2.602686534805018770e-01
-7.240129758484102618e-02
3.868472274287849347e-03
-7.714385815326273155e-02
6.177295536432824141e-01
-1.983264227238970556e-01
1.210072026764057347e-02
4.910453554759688227e-02
1.382209735289567643e-01
-4.814332043757466040e-01
3.199635754106961993e-01
3.817830553788169601e-01
-1.895300496067308521e-02
5.922015472486416021e-01
6.725741151157572928e-02
6.013441561380152844e-01
2.405923745422459681e-01
-1.601425006866578904e-01
5.989840706492153416e-02
1.532543915526450307e-01
6.014662470259595634e-02
8.064548648908805017e-02
1.486914479991766763e-02
1.721040942086123071e-01
7.890013397645251336e-02
2.414932332894579869e-01
-1.062706474658868701e-02
7.961674187371486910e-02
1.954746418633729055e-01
-2.604830578954046016e-01
-7.161718633889166408e-02
-4.429426175310337555e-01
-2.461592901765177754e-01
-2.580603744330938754e-01
-3.651249576007157827e-01
1.123613788446907319e-01
-2.645759414686071898e-01
-2.412803916086062317e-01
-1.126336547936341304e-01
-1.441131774747448357e-01
6.999883025627966215e-02
-3.466258845553174539e-01
-3.267547703561069494e-01
3.122307480857783868e-01
3.734974890174445061e-01
1.737804335134437994e-01
-1.354763965661127945e-01
-2.897999631020393707e-01
2.451318949406774694e-01
7.788525756679355594e-02
9.788332496475815603e-02
-1.025370995939374613e-01
-1.222384014045804213e-01
1.230382946467956512e-01
2.176267240558196481e-01
-1.398784998405727398e-01
-1.943118189639312906e-03
-3.866349664443782114e-02
6.846840515505131508e-02
2.998266818830017666e-01
6.138065840085304981e-01
-1.165312427088410763e-01
-1.469917518260009659e-01
-1.605191332768725887e-01
2.636996032468070239e-01
1.866639441516393938e-01
-2.787120421693167760e-02
1.690773926272390870e-01
1.449992370148907306e-01
-1.142870373422274904e-01
1.955318276201673255e-01
2.060036028236236494e-01
1.182249195102428041e-01
2.427568007625636737e-01
-1.450408943728422884e-01
-4.085541580227552982e-01
-4.428376276462689942e-01
-1.813066276100464350e-02
-9.243789202634875024e-02
1.876011970436148035e-01
-2.184225691837295424e-01
-1.844364977893858115e-01
-1.536884230286649500e-01
1.020919674229876228e-01
1.085148347847854355e-01
-2.490460711510146807e-01
-5.602862608626866386e-02
1.052983807484744044e-02
-1.139413818167100689e-01
4.386124556008879627e-01
5.067616578499992697e-01
-2.958629332599398490e-02
1.009683084705700479e-01
-1.948920755748467515e-01
2.202992527146389323e-01
-3.976916312414921495e-02
-2.486700271751051960e-01
-6.069529775431652396e-01
2.489353406250779943e-01
-9.498721029527246174e-02
8.757213662471199228e-03
-1.150257602169366990e-02
-6.530741214848049259e-01
3.183503611004090961e-01
3.451154437050531903e-02
-3.363314003689142906e-01
7.742488882351342139e-02
-3.341186601854075899e-01
-1.745913258457510719e-01
-1.094513560369902161e-01
2.450355910651674241e-01
1.027086358221577927e-01
4.667495145485455188e-01
-7.984664517221989888e-02
-1.477765240331311569e-01
-1.671600251012784685e-02
1.079627661359912200e-01
4.411538454560847700e-01
-2.313755268544631094e-01
1.786586509252201527e-01
3.152116981123925243e-01
-2.088700001475461421e-01
-1.831652500318458054e-01
-3.184066967664474744e-03
-2.973506302643100230e-01
3.488383161428998402e-02
4.200698759759888268e-01
-1.155613363713025449e-01
7.490474366380167615e-02
-1.418175010473157749e-01
-1.758199635586288612e-01
1.310223337649304154e-01
1.638059623800140752e-01
8.202348537815976059e-02
-2.767476118199228563e-01
3.586554836585600925e-01
1.947176432374448374e-01
5.421462395313582372e-03
1.346943157112741041e-01
-3.358575972609788574e-01
-1.081156520694435963e-02
5.731925826591280915e-01
-3.469880801640614076e-01
-1.031433714684864278e-01
9.311368313485592074e-03
-2.900789848313218081e-02
2.528933508536529984e-01
2.835175368206856450e-01
-7.439300772010341845e-02
1.465081936564217036e-01
-4.006170846245396544e-03
1.979107515121822647e-01
4.473500675233900437e-02
-5.961584814652896858e-02
3.350630186501819541e-01
-5.467307485586853089e-01
3.893177745569498943e-02
1.244705281232694055e-01
-4.602076518316904896e-01
1.853304520588328064e-01
5.663059668771442540e-02
1.844521379203851313e-02
2.282902602847269868e-01
-6.365580490791153401e-02
-2.828455809156070755e-01
3.001130767489169071e-01
-8.215017439342398031e-02
-3.010710673312933516e-01
-4.139552133390775324e-02
1.869311989179487654e-01
-1.175062941795669419e-01
-1.688076322297397611e-02
-4.855048290396357658e-02
-1.258299991010446151e-01
-8.911109363048828891e-02
-2.285143016448899500e-01
2.485560670405460026e-01
-1.491329574474822561e-01
2.435328594036024683e-02
-9.522127266497486253e-02
4.738892444140802018e-01
-1.998155412571266110e-02
5.284284590438836915e-02
-3.169678306607678908e-01
9.640445677816114611e-02
-2.788234038635383216e-01
-2.336278314179528748e-01
1.236148776691463891e-01
1.935429955734006280e-01
-1.535890751206442639e-01
-2.732528278062068550e-01
4.899706585895833855e-01
-2.921266424138730389e-01
1.447246461809028328e-01
-8.738684614334971817e-03
1.149337925059681353e-01
-6.454915008720518536e-03
-5.155756997877999209e-02
-7.194132133215996872e-02
-4.014496000764491979e-01
4.183630270238948290e-01
1.497373079359362591e-01
3.798572978160136282e-03
-1.654483630626883695e-02
-1.373957472070884145e-01
-3.548761801132944704e-01
-1.544473534473043697e-01
-2.363669564144721957e-01
6.066012044448318985e-01
1.653217405723098887e-01
-2.680862670033507533e-01
2.718709654276133536e-01
-1.107015521785311152e-01
-2.650570451097881697e-01
1.876890927503999662e-01
6.847917739621633970e-02
-2.336665834812959031e-01
-2.245052321183440835e-01
6.160155268626602565e-01
1.681484320915649089e-01
-4.250736419733906479e-01
-2.179592836087100027e-01
-1.169609931143997944e-01
1.990336371415856453e-01
-1.212055326992398790e-01
-1.613192726974470581e-01
2.433275291542977004e-01
-1.137651848079839802e-02
-2.548662498549088551e-01
5.228396395671910390e-01
-5.837315937018024148e-02
-4.563831377041686205e-02
2.184498461207158293e-01
1.632567553588040732e-01
1.463430081614014791e-02
1.458563850150121632e-01
4.174620833291115551e-01
2.639235961910689765e-01
8.184795447984584416e-02
1.875163159125080026e-01
4.489426765660840535e-01
-2.640653237680978260e-01
-9.279412555203858659e-02
2.416778549407113119e-01
1.255188676631502354e-01
3.624020465883755898e-02
3.379615486328126361e-01
-1.423517794873526907e-02
-2.303764276353456597e-02
2.937536293564756845e-02
-8.338981969650180459e-02
2.226723693599716170e-01
-7.810512658664894858e-02
-2.056750297724502519e-01
1.199799070658123107e-01
-3.835471383583629601e-01
9.511997366038740798e-02
-5.581215109423101617e-02
2.438172282459926399e-01
-1.888891416890361996e-01
2.323334413295331802e-01
-2.869765077252461882e-02
-2.348877426282195147e-01
6.617680913264568920e-02
8.418746918229488840e-02
-1.357882359037550501e-01
-1.750704079938930069e-01
-3.932822167398461466e-01
-1.654688038047795740e-01
-1.295154977710001043e-01
-1.718226063575122309e-01
1.439532962304792552e-01
-1.121635669229908983e-01
-4.411315988530923882e-01
7.301450311092019807e-02
-1.152657355677599582e-01
-1.181255883773260629e-01
1.201564900932556024e-01
5.531250626933112979e-01
5.367525634994786410e-01
2.027616087170049375e-01
3.454732962395846985e-02
3.121664582918918032e-02
-2.511770581786721412e-01
8.073438610096557444e-02
9.189953571792869313e-02
9.779170479440296715e-02
9.107228973569574115e-02
1.675619821061643255e-01
-1.418872775548943865e-01
-1.504998898088516501e-01
1.949963559092576793e-01
5.882069653100938100e-02
6.340178394194846689e-02
1.368285760444562515e-01
6.492274785374035906e-02
-9.663471491267683344e-02
-1.000928764696321083e-01
2.400702708277684672e-01
-1.648730282842120198e-01
-1.871893329050275667e-01
4.789872812003276303e-01
-1.000384477151135092e-02
-1.013316818752889037e-01
8.940610459526762699e-02
-6.960461484468914717e-02
4.019211688242263492e-01
-1.382134796157194825e-02
3.839469731141974540e-01
4.566448065446136739e-02
-4.145154471664364570e-01
-3.196354381905495701e-01
-1.071579530294995523e-02
1.357858342992036560e-01
-1.198519276096689512e-01
3.165053579388931171e-01
4.816660103464889819e-02
-1.806843264606299848e-01
2.891853551035670697e-02
-1.009380502954143471e-01
-1.916517350169321399e-01
3.167057404484415611e-02
2.305934921000495769e-02
6.374565951753980997e-01
4.695105339820433016e-02
1.785639003873895070e-01
-1.361136850528700815e-01
2.363398467509347789e-01
1.553601424587155444e-01
-2.003179530609964371e-02
-2.000579210236807515e-01
-3.717439373992605933e-01
1.713958647875217511e-01
-1.232271117840598312e-01
-2.273339342536977725e-01
2.818812031382651392e-02
1.091932752873241291e-01
-4.963066912630473282e-01
1.308154413900045887e-01
-5.913157509613176793e-02
6.795435113506492764e-02
9.685833205788309253e-02
2.960455454694131596e-03
-2.474821482114606397e-01
-1.810791878031152713e-01
1.928931748210264141e-01
5.438810009221725639e-02
-7.896148898205541944e-02
-8.810340150516267690e-03
2.544669359735105552e-01
1.870529103015051153e-01
-2.071707601053034697e-01
-2.056893338679355310e-01
-8.335719560482462986e-02
-6.173616322328916856e-02
-3.515552791302003349e-02
8.434092574743709547e-02
-7.502686357106332082e-02
6.368859100100442150e-02
1.862903105800212122e-02
-5.391850759155599748e-01
3.626866182256563431e-01
-2.511096820975882750e-03
-1.534467677198311786e-01
-1.456151066060329125e-01
-2.367308470245478580e-01
5.262385228792877678e-02
-1.348780458578481278e-01
-3.463704108643190782e-01
-8.429684937764466701e-01
6.247565741806782730e-02
2.067988837457809259e-01
-1.358227377792813051e-01
-7.560990954579771550e-02
1.450974155034627233e-01
-2.101595025499459687e-02
-2.564705022781363919e-01
1.534764463725039885e-01
-3.496545531156676767e-01
-2.735671191893769283e-01
-3.580823057205141935e-01
1.138703386960365632e-01
-3.148593112183904474e-01
-2.650152347028270627e-01
1.317097523458283792e-01
1.968413888291277447e-01
-3.265247843607864686e-01
-2.704537817544712675e-01
-3.392039260182355132e-01
-1.003211819440624070e-01
5.104793277615793899e-03
7.418008390380238792e-02
-1.832545996251387643e-02
-2.562862953591669157e-01
3.211183933930037981e-01
-4.020470259611341919e-03
-2.468781287902661603e-01
-2.314199756366322192e-01
5.310170040095700539e-02
-1.554107029111864713e-01
2.547477674143270310e-01
-3.657663865732686120e-02
-5.894617584821250367e-02
-2.456676186321692934e-01
1.011225789113056051e-01
1.519275860502831699e-01
4.726605307239793025e-02
7.670018850199450400e-02
-4.773729185105165529e-01
1.181336733486593703e-02
-2.134152799032826009e-01
-8.482436664651239744e-02
1.690532558753426728e-01
3.998131229315983193e-01
-2.852755417531899207e-01
1.772563957032519677e-01
6.354691705529164070e-01
3.058259354942472474e-01
-4.946627286316666178e-02
2.606545783653194115e-01
3.944354097553309235e-01
2.656729203224680314e-01
-2.114228877513182059e-01
1.094344625282687444e-01
-4.467989548070298023e-01
1.492588465808459275e-01
-9.847601378642427405e-02
-6.054542006596363990e-02
5.755782514001738653e-02
9.947247490940751280e-02
1.001048126865794474e-01
4.134673595037107741e-01
1.908349218739414099e-01
2.192025268662941562e-01
-1.570475146718493253e-01
-1.868739101152525617e-01
-1.776423345397346309e-01
-3.039900191689963171e-01
-1.145233814816730006e-01
3.803696992674685529e-01
4.272352772519143471e-01
1.730669343781368330e-01
6.831777743834663297e-02
-4.655470125551926519e-01
2.219321602799292081e-01
-5.013169924906195618e-01
-7.427111632895783133e-02
-3.313671985601388675e-02
2.198875736619893828e-01
-3.098191791552319940e-01
1.734721316009280034e-01
-1.890450381174604150e-02
-3.686187590922680030e-02
-8.920025127948205679e-03
2.309217562169443502e-02
-3.894173881995439124e-01
1.765376235423848639e-01
-3.230887435198551150e-01
3.550791312201269090e-01
-9.190355648163404945e-02
3.009651577953535023e-02
1.370484679171722342e-01
-5.177548651432860305e-02
-4.597520061670266889e-02
-1.738375508248304890e-02
3.956972767793034279e-02
-1.769874885786328067e-01
-4.954045268482238501e-02
-4.362458337374770095e-02
-1.327858375159836901e-01
1.982931104787069854e-01
-4.617612777897711629e-01
-4.347147810329109185e-02
-4.097872919358216404e-01
3.618483582879124527e-01
1.444060047692745097e-01
-8.464829837214302155e-02
-1.013030611599658459e-01
1.331989445605540889e-01
-9.438003268158656756e-02
-3.405436734766225104e-01
1.297841209634405246e-01
-4.540735581176721936e-01
4.946884002887189102e-01
-1.951504389818769225e-01
9.529960498695357052e-02
1.321514971337703070e-01
-1.563000037520663743e-01
8.800039294516265320e-02
9.699741914460735526e-02
2.487592381926139462e-01
1.864256111949043615e-01
-1.699844452992109733e-01
-7.123322858351912590e-01
-1.441047137698249318e-02
-2.815159024184439862e-01
-1.262164009969320433e-01
-4.044970441585677423e-01
8.428204408161568684e-02
2.250444956776232741e-01
-2.097768384640705808e-01
2.706673784313067821e-01
1.587799127475785221e-01
1.341323728181858521e-01
1.917316004327066781e-01
5.479297016206315096e-02
-8.387524922254484261e-02
4.886907184856817410e-02
-2.940615228910090639e-01
3.889272698750621537e-01
-1.161121223951186304e-01
4.581353255250156797e-01
2.754762010580585341e-01
2.405226466428166676e-01
-3.318163424383916427e-01
-9.003925424572652159e-02
-2.681991196522011678e-01
-2.666611489235741206e-01
-5.622033369477980047e-01
-8.618030788892280247e-01
-3.461479554472359221e-01
2.842969556775409301e-01
-3.242692358076009751e-01
-1.252622121053798554e-01
2.199474946297096389e-01
-4.766291799335640317e-02
-4.316531028966537620e-01
-2.722877960310362763e-02
1.579482723968088365e-01
1.500788373479475246e-01
-1.587905097959305956e-01
4.377748164649103990e-01
1.413587908638128110e-01
-2.723819698886051910e-01
-9.851899051876057689e-02
1.659635011786684544e-01
-3.832091662821064393e-01
2.686374652977430166e-01
-9.766567741373316514e-02
-6.895294884698745241e-02
2.993883237665489680e-02
-9.046170322755085758e-02
3.671976327102728990e-03
4.249227141333537100e-02
-1.505276219513241864e-01
2.013838066610934840e-01
-1.688530032392605018e-01
-5.081029713298184092e-01
-4.461825055072889956e-01
-6.986172526167176711e-02
-1.248959808913953917e-01
-5.444774000162638794e-01
-2.352529127957737609e-01
-2.882491243641450984e-02
-2.216571733746583728e-01
2.754162185949790009e-01
3.195980743039762983e-01
-5.225945553149944495e-02
3.617023373729049696e-01
5.275656787257004821e-02
1.980003786176944280e-01
-7.227044257982304098e-02
1.925268998895867945e-01
2.922528737035610946e-02
1.238108288566513171e-01
1.196994329427031600e-01
3.893270180755925014e-01
3.452114713391705725e-01
8.315440472089964674e-02
-5.589707076859767865e-02
-1.523943426470764917e-01
-3.477462932030083165e-01
1.214451121406451145e-01
-2.988498837230845438e-03
3.425308669606961232e-01
2.887217340322131842e-01
6.248974122887005628e-02
2.256557080836392448e-01
-4.349342322052827114e-01
1.774834346209620828e-01
-2.265128609740612031e-01
-2.685961706969822727e-01
-1.030839134665968299e-01
-7.749522514677406049e-01
-3.279102380924327903e-02
-4.316407615844030654e-01
7.605483025952280984e-02
-5.834321740089963571e-02
4.112839704392943219e-01
3.066552548975329806e-01
-2.202063394936000784e-01
2.708931644621005441e-01
-1.888742515226565222e-01
2.923664718251038908e-01
-3.211200279583580341e-01
-3.368114920750490959e-02
-1.415870245137444139e-01
2.676444140880619438e-01
-1.234976677815891877e-01
2.941312603106870371e-01
-2.405623954872796941e-02
1.056891913763855356e-01
-2.203117460945375888e-02
-1.711154396021256074e-01
2.133646684954699710e-02
3.069162957343678499e-01
9.493157471102746381e-02
2.387719199369475048e-02
6.653956338214134583e-03
-1.847411759578109769e-01
3.771845987004095457e-01
3.886845507808453504e-01
-5.548733704680373913e-02
1.844793080350520531e-01
2.155700479905708344e-01
-3.470297077541718567e-01
6.891248189037094130e-02
-5.236320528827130838e-01
-3.210819046192913556e-02
3.111976132034836584e-01
-3.428378266174891137e-02
5.336460701260535566e-02
-2.899055426514032807e-01
-1.679863009432469578e-01
3.332482958965758968e-01
1.405991992595757023e-01
1.108569193298170746e-01
1.541639784255401935e-01
1.071360174003155724e-01
3.036766104436696145e-01
7.775159576227791414e-02
1.158910215125922433e-01
2.020272133354906463e-01
2.047353106370773945e-01
2.506284803850000187e-01
2.375481190525034203e-01
1.700128425928875420e-01
-4.802739803295909965e-02
6.548035352000085296e-02
-1.118039526967048308e-01
1.716548826747007761e-01
-3.484250291326407289e-02
2.091759825012773633e-01
-2.987908886700239020e-01
-1.967584123002442675e-01
-2.736827453996623083e-01
2.195028727629977638e-01
-2.413360646869166515e-01
7.242452632935419965e-02
1.669332184605007152e-01
-3.982353912841007926e-01
1.371601016985348198e-01
2.040453184449657897e-01
2.637959486581057389e-01
1.912809865829242784e-01
2.039615726262663797e-01
-6.775835300812099726e-02
8.962786241911248342e-02
-3.742486386727361669e-01
-2.330072949191308584e-01
2.368096992110343135e-01
-6.537435971178216787e-02
4.499829962889887597e-02
1.449202053900233433e-01
-1.214161658594222482e-01
-3.397023900292669985e-02
4.160190386813366475e-02
-3.916376563207308870e-01
-2.070549093232685808e-02
-9.953874837148800336e-02
-3.190979683574801662e-01
8.488019966353813669e-04
-1.496006529131756191e-01
4.924812053412349483e-02
-7.543168335586274316e-03
-1.454477228364566173e-02
-4.873271890897758890e-02
9.606900841180977813e-02
-8.182938899141244116e-02
-6.137982466203456555e-02
-1.895073988825343725e-01
1.445031938670948961e-03
-1.417233227248068939e-01
1.177449640485959265e-01
4.011514295662754193e-01
-2.000326217421566702e-02
-1.668063412327045192e-01
-4.159882925743426663e-01
-5.793605726495547614e-01
2.508985076399690151e-01
8.166628992605501347e-02
-1.040135621621897516e-01
2.840343199058839585e-01
3.626710289962323808e-01
-2.958634849792032839e-01
3.165746111098065030e-01
-9.068841881564002061e-02
6.488180590738461262e-02
-7.545109303233120401e-02
2.704125859882445249e-01
4.040363620446647125e-02
-3.524074991154261816e-01
3.234336254668572774e-01
-9.082831819421999242e-02
-2.620683287084209501e-01
2.054115737236345829e-01
3.911071569644405388e-01
-1.026420525536949346e-01
1.887179765179489432e-01
-3.480088967711182923e-01
1.925445189381931044e-01
1.860939774914541212e-01
-3.059585024620494961e-02
1.267142558290503263e-01
-1.136874407350970256e-01
7.605724806224871404e-02
1.952315554368776740e-01
-2.030306711288965005e-01
-1.727182483281172742e-01
-1.734387496186305389e-01
-1.509219370885136191e-01
-7.037114173192743349e-02
2.844682327006272105e-01
7.644211847312856745e-02
-5.733737536269296609e-01
-5.617793578066784116e-02
2.438881331474835601e-01
-3.968979458883125089e-01
6.204417787966376441e-02
-1.551046490384385690e-01
-1.423731322715864611e-01
-5.227515535829148352e-02
2.233537544210522086e-01
-2.394245679556974704e-01
-7.854868734862001378e-02
-6.187153216749768925e-02
5.131795539191896793e-02
2.865811182916850330e-01
6.440548633794347666e-02
-4.591869502961956062e-01
2.556853547885168387e-01
1.496005054344826113e-01
-5.097332862020248490e-01
-2.690798132609816262e-01
2.974735585998820042e-01
3.282393127818048623e-02
-5.077427766185774183e-02
-2.484608945687160342e-01
-4.756724117045466049e-02
1.602344036932885074e-01
-1.726197795484462477e-02
-3.123203620944452474e-01
4.296575874118160193e-02
-9.230746052106909849e-02
1.510279617570204902e-01
-3.774072542174940481e-01
-3.481764272925686465e-01
6.223555304947116923e-02
-2.542208851271086090e-01
1.025507942839709169e-01
-9.607016118813585179e-03
5.795596497744655989e-02
1.208939323918374886e-01
7.981098945301141889e-02
1.463654794948033855e-01
7.964492360814086347e-02
4.806788307525737547e-02
-1.554595530188322416e-01
-2.926214501355388631e-01
-1.177728345840930724e-01
-9.943888314282050590e-04
-3.180596345146527448e-01
6.563675738863518350e-02
-3.071625251564966685e-01
1.267181309206843742e-01
9.952465529761637952e-02
-6.988531452300808522e-02
1.541436741167882263e-01
-4.250520846910921247e-02
-5.634130297029990575e-02
-1.815187616775876256e-02
-1.365067014064590134e-01
-3.129930918753057734e-01
-5.180459399008996435e-02
-5.547781752369237984e-02
1.600177113527001815e-01
-2.963655284975418372e-02
-2.578065598788497614e-01
1.139555725784731771e-01
-5.756268403998715533e-01
5.110590735691671049e-02
-2.673241244998236232e-01
3.808242883833858339e-01
6.019394651358415116e-01
-1.655893776927599981e-01
9.742369959870332552e-02
1.194629784754783763e-01
-4.638203143971333930e-02
3.048302554315753324e-02
-3.327317922058319333e-01
-2.577190871380318216e-01
-2.061487739091647509e-01
-8.244333383203393539e-02
3.267636032928191575e-02
3.990094531269129385e-01
1.446262304935818088e-01
2.848128083558809087e-01
-2.136600230447762983e-01
-4.724316807910382554e-01
-5.503709326025100351e-02
1.711702797324925196e-01
4.166253676244156129e-03
7.238211844543829439e-03
2.464734981750363665e-02
3.767420403681863705e-01
-3.755909259059470040e-01
-2.414629014878326707e-01
-1.203453356252157797e-01
5.060982592196977548e-02
-2.540339571965367915e-02
6.072296600257031524e-02
-1.048383661462161526e-01
-9.176878736013831250e-02
-1.310289632283286043e-01
-1.537439233421344642e-01
-4.798781408326128761e-01
5.466487438309080432e-02
-2.441785490855846452e-01
-8.484844924462051075e-02
-8.238686061294508978e-02
1.639538029740002928e-02
5.167947004044098902e-01
1.614961751978390980e-01
1.142205357081010203e-01
-2.964474374428417366e-02
5.586781136316484320e-01
6.752349494006580632e-02
-2.965735217910466792e-01
7.053781116183188704e-02
4.382009504446315318e-01
1.039952160797640857e-01
-3.932256162781149200e-01
1.219961508495639030e-01
4.313766148937094730e-02
3.905005584508334376e-02
4.301870357008014678e-01
-6.065046973497954796e-02
4.149197742369007402e-01
-1.962346608388746139e-01
5.230242358908222811e-02
2.280300316832717909e-03
2.583772721381587534e-01
-1.706966287851153785e-01
1.540051670122057625e-01
2.795482331889602712e-01
2.007522427377344820e-01
-1.507013144653560066e-01
4.168154134361800461e-02
8.831422962793349096e-02
9.018032463794281584e-02
-1.334358241006965429e-01
-8.002099525897460319e-02
-3.218206725063193496e-01
-2.746923794761737536e-01
-1.628076112430401623e-01
4.277470383962120870e-01
1.879561985638290161e-02
-1.401740037716948661e-01
-2.915104517572472687e-01
-2.947159528656021280e-02
-3.165966232396724145e-01
-4.285373064048768055e-01
7.046283663457188207e-02
2.572886663283416864e-01
4.548855203652104051e-01
-5.095652150843917871e-01
-4.818891834494027498e-02
-4.017656147869006489e-01
1.092064972901797132e-01
-1.668687236811918981e-02
-5.021136122746175934e-01
9.235935341155913914e-02
3.630161412105802760e-02
2.433685664973904150e-01
1.250264859426298836e-01
-2.080387040118084618e-01
-3.588490015130642308e-02
-6.973569457041405295e-01
2.688149940520401238e-01
-1.219814521817330771e-01
-6.771313484518631798e-01
3.800378685024412284e-03
1.512602712607629685e-01
1.602950325592800151e-01
4.558999369300881233e-02
1.773738115315738884e-01
5.274842471703489882e-02
9.327417428068586480e-02
2.202700542575935366e-02
-2.917122128066689801e-01
3.956481161035234617e-01
1.485669229113265599e-01
-3.799238841648247544e-01
-2.548038830885276940e-01
-2.325702248096788726e-05
-7.262637661879516038e-02
-8.855478408452700789e-02
1.147040903215960084e-01
-4.464713083389866832e-01
4.470549359628085972e-01
-3.673433251433569913e-01
5.610242146536763980e-02
-1.110164600314850342e-01
-8.877516231097469512e-02
3.623149286969391536e-01
-1.673345154583045225e-01
-7.007205978765196352e-03
9.037137975852036105e-04
1.373493647451030919e-01
-3.949374794004082423e-01
-4.239326027050518281e-02
-1.402438541688947604e-01
-4.724690788129921881e-02
-1.229052913107381156e-01
-8.451252923830995800e-02
9.029646981367581149e-02
-9.360900154306864285e-02
3.005226697720442264e-01
1.328947938964185164e-02
-7.644018009888189913e-02
2.318157814179652443e-01
3.806881335684613732e-01
-7.907173617544199784e-02
-5.823808836548486495e-02
4.159204992475299956e-01
-3.130306624654070613e-01
1.427255667593212429e-01
1.418135736425759352e-01
-3.769818725586999153e-01
-1.884969192703565000e-01
2.216916935613048034e-01
7.645279282877272264e-02
-7.333450986937437022e-02
-2.459774254405841173e-02
2.306007204569127944e-01
-3.810772054212067661e-01
8.031551900462083338e-02
-7.749939150696250056e-02
3.945921362379200409e-02
-4.768784230620389808e-01
6.795757783475818437e-02
8.456327330650099949e-02
1.908662811573969345e-02
5.257509889300140959e-02
-2.947114334288771231e-01
-4.367527321742961655e-01
-1.354897776910825857e-01
-2.942746676994653088e-01
-3.756266951667516785e-02
1.501854213703965601e-01
2.197154003257248758e-02
4.165900115834347273e-01
-9.445265692490524556e-02
-1.596409859508768694e-02
1.955331933836282621e-01
1.496020285315924070e-01
3.695828591112021999e-01
3.001189158994514994e-01
2.659820906525869888e-01
1.021647216103265948e-01
5.280786515505037949e-03
7.391947130930012766e-02
-5.217051729378231056e-02
6.455115344616016992e-01
-3.149509473571104889e-01
5.125751285143529401e-01
-7.601939056225782976e-02
3.080250103479286183e-01
9.010152216736481978e-02
-2.566574053546074041e-01
-2.250940017674206983e-01
9.162981538442845075e-02
5.683806569138129955e-02
1.779221708637285931e-02
-5.632213704481672106e-02
-3.632558841669172867e-01
7.387352521359091817e-02
1.216852996890935984e-01
1.176941480265432244e-01
2.549810393583120671e-01
-1.404858742004456151e-01
-1.347292284490098913e-01
3.107491502892835156e-01
2.036631061083868932e-01
-3.707658666974076450e-02
-1.194510334939676705e-01
-6.012220324260119514e-02
-5.230694430922200322e-02
-3.286480640476395487e-02
-2.830227412383328200e-01
-8.244821057931882302e-02
9.958651232678751575e-02
3.257529125196592101e-01
-1.689297697322489078e-01
-2.218709230103192431e-01
-5.333959076177399034e-02
-3.452906109676763813e-01
-1.195482675248847049e-01
1.986179827717667323e-01
2.324451515750270703e-01
-5.143266605167707423e-02
1.894861887027076697e-01
3.308984475194860497e-01
5.420939925387666721e-04
5.377807323307450676e-02
-4.516843986338224259e-01
-2.078735637767822886e-01
-1.036572061315652396e-02
1.204048979222504395e-01
2.262330463000406799e-01
1.234495731609351610e-01
4.491739700624976239e-03
-1.546973622367624479e-01
-1.575958069460321187e-01
-2.379215305749539933e-01
8.598847928124865592e-02
-6.908128138178334932e-02
-1.272328541475120645e-01
1.718344807903836313e-01
-3.529815002380300160e-02
-2.544664391965489880e-01
-6.434298863424237069e-02
1.268913445391443018e-01
2.344886416307332411e-01
-1.100788506935208300e-01
-1.839372085289206760e-01
-2.289410607071205514e-02
-2.949286828669728938e-02
1.960562753404861969e-01
-7.104986105027358279e-02
4.378329468690225074e-02
-1.468626549521110658e-01
2.158996266885832571e-01
8.669315708134801846e-02
3.522937095769558824e-01
-1.788369877079963588e-02
1.870639823918534284e-01
-1.710074936622080211e-02
2.899357464546787333e-01
8.218563393079116042e-02
1.153755760521389256e-01
4.537569020199873071e-01
-2.712128400256967609e-02
1.124808890346486040e-01
-3.148322301495420916e-02
1.554557462463562467e-01
-1.117321160487353207e-02
1.545991536039078851e-01
1.675362306259405576e-01
9.510714247042668934e-02
3.013285129722916705e-02
-2.554967537930334376e-01
-6.020215709895277573e-02
1.262580240531037401e-01
2.517844915297826058e-02
-1.006975961564044592e-01
2.880159953120163541e-02
6.330847530044250715e-02
-2.235202725948137181e-01
-2.605784836524612236e-01
3.250970129275378429e-01
3.772092208254564927e-01
4.358625740385334291e-02
-1.272149491200036120e-01
1.372337134025647040e-02
3.410597839994859437e-01
5.393769526504949008e-02
-1.993770358726248693e-01
3.859843598414670202e-02
8.024436511582477838e-02
-1.400679401103974674e-02
-1.600132591714247543e-01
7.527380210065706678e-02
3.737199586728873896e-02
-4.841943380038589428e-02
-3.312199233076316696e-01
-3.392377241472103178e-01
-1.806199782965947354e-01
-8.094574636699064518e-02
-3.855027286658931351e-01
-4.028525656692495405e-01
-3.349087187103029217e-01
-2.017055598793834337e-01
2.951547333736294076e-01
-3.649268808559243821e-02
-9.406845470730626491e-02
1.683179067325222267e-01
4.095157632359791577e-01
-1.241783751776343592e-01
2.492701347669303846e-01
-6.213992638692740489e-02
-2.190914408345244757e-01
-2.106414012412249556e-02
-1.122207919929183034e-01
-1.344020993510125495e-01
-2.815042296332427862e-01
-6.114145790201277464e-01
2.638957962624290388e-01
-2.548141613717886528e-02
-1.179990740359116164e-01
1.991452189450469146e-01
4.289235251741995575e-02
1.005394488381375351e-01
2.036181948089742233e-01
2.091848211047530326e-01
4.235220074700077886e-01
-5.558154503199668611e-02
-2.329499249344609349e-02
-6.513888565340641978e-01
1.040698432293303555e-01
-2.390735740436997908e-02
5.509431987066011338e-01
4.680996611008647612e-02
7.351421406247502129e-03
-1.337217997559116411e-01
2.100946750805885721e-01
3.198148607500444496e-01
9.703693359972517807e-02
1.265969444662028709e-01
-1.078078100714474769e-01
3.374893045055056551e-02
1.262994748725764504e-01
-5.318895691423292105e-01
1.606839424300064711e-01
-5.391020893311678774e-01
1.504254389533971892e-01
7.450084421640125465e-02
2.529536251632703570e-01
-6.545353987885740854e-02
2.663223010772552968e-01
-2.242753512520756776e-01
-2.838953897046888122e-03
1.988188758263270128e-01
1.964901978597072968e-02
2.213053072950229017e-01
4.816536807094433104e-01
-1.463838069361702854e-01
-5.181736256090891946e-01
2.799062322922639123e-01
-4.763264046054748735e-01
-2.796547538952489087e-01
-1.836174650249426665e-02
-1.144018397867489628e-01
2.628015324600339597e-01
-2.354279179997030014e-01
-1.354628494167420434e-02
1.208939834664755041e-02
-2.155355288277271131e-01
5.002366941484204937e-02
-3.980011727819539324e-02
2.383922973243900525e-02
-9.660418854353827744e-02
1.258545904629699841e-01
1.877864602718136086e-02
-2.899213733010685967e-01
-2.041157452378673798e-02
-2.894772904650975281e-02
1.417519883476768897e-02
-1.268615778566299090e-01
-3.495317783683132284e-01
1.226355502423383120e-01
8.245215973747167804e-02
-2.062603179839209988e-01
4.048566293754066181e-01
-1.905882649430558906e-01
4.905359718317389706e-02
4.339856402366579213e-02
-2.992196908438594649e-01
3.159662443251772257e-01
3.366902665653561666e-01
-9.740654499879837502e-02
-1.424557656501601044e-01
-9.286989108478779786e-02
8.223921691482302329e-03
-7.430638001526150560e-02
-5.979500178097683916e-02
4.504707727218237867e-02
3.565023894206455213e-02
-3.846149354962981604e-01
-2.357513875573274131e-01
-2.822467909092211680e-01
-4.150279672744276727e-02
-1.076694894178875095e-01
4.801625504082841084e-02
-5.364258435721100393e-02
8.176476647023186994e-02
7.245619752022539745e-03
-3.689771390812938978e-02
4.196938800745697606e-04
-7.549689337080701945e-02
-7.582210883631285148e-02
-3.433924566349778607e-01
1.577185331255310796e-01
-7.671718359868831896e-03
2.327525959695354862e-01
-1.866030114228267311e-01
1.294245354419773231e-01
5.045214650410220769e-02
-1.931057977994104502e-01
2.717962748988008714e-01
4.858980464265186781e-04
3.949926762503784827e-01
1.023367010989257864e-01
3.292752222723633326e-01
-1.230372004038989137e-01
-3.063375561451131546e-01
5.131105846463265147e-02
3.278968632871523403e-01
-2.197528786393314337e-01
1.326168007704418839e-01
6.783665415898397499e-02
