,epoch,Total loss,BC loss,f loss,Pr loss
0,2,0.6824360290336748,0.3664625309663071,0.002768745985077401,0.3132047520822903
1,3,0.5134036583769339,0.29069105848135324,0.0018411437504775596,0.22087145614510306
2,4,0.4036838106256455,0.3900628133208339,0.013620997304811602,0.0
3,5,0.1007672415128245,0.09789814067270503,0.0028691008401194673,0.0
4,6,0.059978978198501835,0.05848395689507352,0.001495021303428316,0.0
5,7,0.035941804312602174,0.035271766916754786,0.0006700373958473867,0.0
6,8,0.03278088752075855,0.03222031190148705,0.0005605756192714976,0.0
7,9,0.030228218945483776,0.029755810715320755,0.0004724082301630197,0.0
8,10,0.028903209695068235,0.028476111242705788,0.0004270984523624466,0.0
9,11,0.028329468880237577,0.027921686159294513,0.0004077827209430657,0.0
10,12,0.028308833206574426,0.027901284826604852,0.00040708454731785526,4.638326517188672e-07
11,13,0.02822979154361393,0.027825292175989905,0.00040449936762402584,0.0
12,14,0.028181305180468564,0.027779317157208154,0.0004019880232604094,0.0
13,15,0.02807003370692255,0.027552254618034882,0.0003952629794207158,0.0001225161094669516
14,16,0.026350677191668684,0.02519625143147126,0.0003475260402250757,0.000806899719972348
15,17,0.022478461539451017,0.01765785534300903,0.0002409532723925611,0.004579652924049422
16,18,0.02071505545333121,0.017757518383961723,0.0002771305724694383,0.0026804064969000473
17,19,0.018530272147943623,0.018178091466294743,0.00035218068164887976,0.0
18,20,0.016357901967615954,0.015391554565533443,0.0002942111970020675,0.0006721362050804407
19,21,0.015415987983889497,0.014961116933354968,0.0002914043311862938,0.0001634667193482339
20,22,0.01276748445604425,0.012479659716910554,0.00024754134354657345,4.028339558712155e-05
21,23,0.008698846025616663,0.008525437952941762,0.00017340807267490093,0.0
22,24,0.007018136481658246,0.005867690552826875,0.00010187066588600386,0.0010485752629453672
23,25,0.0052868581226985885,0.005204413316496423,8.244480620216621e-05,0.0
24,26,0.005091935448587741,0.00501137065438559,8.056479420215118e-05,0.0
25,27,0.004487690259952397,0.004401000391363491,8.668986858890648e-05,0.0
26,28,0.0042605509235894975,0.004179778148873852,8.077277471564537e-05,0.0
27,29,0.003543827273151247,0.003470189579811141,7.363769334010579e-05,0.0
28,30,0.0027860929864776266,0.0027079860661707515,7.810692030687497e-05,0.0
29,31,0.002222119609931249,0.002132474896223279,8.964471370796996e-05,0.0
30,32,0.001912702820130486,0.0018139755713835052,9.872724874698084e-05,0.0
31,33,0.0018015999915632303,0.001697695319019056,0.00010390467254417428,0.0
32,34,0.0017940325813845066,0.0016905833670534675,0.00010344921433103914,0.0
33,35,0.001785761531878507,0.001683213399627453,0.00010254813225105416,0.0
34,36,0.0017695993518750805,0.0016681300398301766,0.00010146931204490385,0.0
35,37,0.0017169687121444724,0.001617934472494124,9.903423965034837e-05,0.0
36,38,0.0015999867314978476,0.0015047156871161923,9.52710443816554e-05,0.0
37,39,0.0013412594127565917,0.0012517507467365786,8.950866602001306e-05,0.0
38,40,0.0009551023446570969,0.0008709082583520406,8.419408630505631e-05,0.0
39,41,0.0006231267134553827,0.0005509982516629005,7.212846179248218e-05,0.0
40,42,0.0005124587973923573,0.0004365225323388787,7.593626505347855e-05,0.0
41,43,0.0004723645560931508,0.0003938872760580872,7.847728003506365e-05,0.0
42,44,0.00046955839721464206,0.0003910063185955035,7.855207861913859e-05,0.0
43,45,0.0004657150058734336,0.00038792074525751877,7.77942606159148e-05,0.0
44,46,0.0004563707931031095,0.00038158425978431035,7.478653331879914e-05,0.0
45,47,0.00044070256068492715,0.0003725535509134329,6.814900977149427e-05,0.0
46,48,0.0004242467645654722,0.00036466209533314017,5.958466923233206e-05,0.0
47,49,0.00040801231813402967,0.0003550972645703915,5.291505356363816e-05,0.0
48,50,0.00038134347675011565,0.00033769879150763715,4.3644685242478494e-05,0.0
49,51,0.0003553546711757655,0.0003188477949958158,3.6506876179949726e-05,0.0
50,52,0.00031861685259558265,0.0002902330280939353,2.8383824501647318e-05,0.0
51,53,0.0002660970814963174,0.0002461800304281612,1.9917051068156227e-05,0.0
52,54,0.00025932342976232875,0.00023956893999857391,1.9304006155356776e-05,4.5048360839804874e-07
53,55,0.0002529669808710904,0.00023391290548924938,1.9054075381841e-05,0.0
54,56,0.00019616448420363476,0.0001797465145290049,1.6417969674629866e-05,0.0
55,57,0.00018592148456016602,0.0001691583042997648,1.6763180260401212e-05,0.0
56,58,0.00017943759570243542,0.00016251387083314126,1.6923724869294157e-05,0.0
57,59,0.00017309293408164595,0.00015602434165402148,1.706859242762448e-05,0.0
58,60,0.00016867630056142043,0.00015150369251521988,1.7172608046200552e-05,0.0
59,61,0.00016836373650839882,0.00015118361404727165,1.7180122461127178e-05,0.0
60,62,0.0001683533556767685,0.0001511729875985966,1.7180368078171883e-05,0.0
61,63,0.00016835264048475755,0.0001511722556094792,1.7180384875278357e-05,0.0
62,64,0.0001683526023635663,0.00015117221530118715,1.718038579771544e-05,1.2646637209678957e-12
63,65,0.0001652596572417599,0.0001480058656640129,1.7253791577746987e-05,0.0
64,66,0.0001525156600007595,0.00013462307686654712,1.7892583134212363e-05,0.0
65,67,0.00015249119816392238,0.000134595326809711,1.7895871354211377e-05,0.0
66,68,0.0001524898018344811,0.00013459385120595136,1.7895950628529722e-05,0.0
67,69,0.00015248975207806276,0.00013459380011019695,1.789595196786582e-05,0.0
68,70,0.0001524897507634984,0.00013459379877143866,1.7895951992059735e-05,0.0
69,71,0.00015248975069205264,0.00013459379869894643,1.789595199310621e-05,0.0
70,72,0.00015248975068938848,0.00013459379869624864,1.7895951993139827e-05,0.0
71,73,0.0001524897506873299,0.00013459379869416773,1.7895951993162165e-05,0.0
72,74,0.00015248975068731131,0.00013459379869414957,1.7895951993161735e-05,0.0
